SPECIES: e / A
PROCESS: E + A -> E + A, Elastic
PARAM.:  m/M = 0.0000195921, complete set
COMMENT: [e + A(gnd) -> e + A(gnd), Elastic]
UPDATED: 2018-06-05 11:00:00
COLUMNS: Energy (eV) | Cross section (m2)
-----------------------------
0.00000000e+00 5.185260769476403e-17
3.53478261e-03 2.835913282677965e-17
7.06956522e-03 2.005293513038592e-17
1.06043478e-02 1.637315297152559e-17
1.41391304e-02 1.417956641338983e-17
1.76739130e-02 1.268258975672502e-17
2.12086957e-02 1.157756749557041e-17
2.47434783e-02 1.071874469387245e-17
2.82782609e-02 1.002646756519296e-17
3.18130435e-02 9.453044275593220e-18
3.53478261e-02 8.967945219987306e-18
3.88826087e-02 8.550600269661729e-18
4.24173913e-02 8.186576485762793e-18
4.59521739e-02 7.865408271896006e-18
4.94869565e-02 7.579297058844533e-18
5.30217391e-02 7.322296610066779e-18
5.65565217e-02 7.089783206694914e-18
6.00913043e-02 6.878100005631393e-18
6.36260870e-02 6.684311710128640e-18
6.71608696e-02 6.506031269388394e-18
7.06956522e-02 6.341294878362509e-18
7.42304348e-02 6.188470134382132e-18
7.77652174e-02 6.046187433893331e-18
8.13000000e-02 5.913287964542715e-18
8.48347826e-02 5.788783747785207e-18
8.83695652e-02 5.671826565355931e-18
9.19043478e-02 5.561683525858431e-18
9.54391304e-02 5.457717657175196e-18
9.89739130e-02 5.359372346936224e-18
1.02508696e-01 5.266158760676782e-18
1.06043478e-01 5.177645586837489e-18
1.09578261e-01 5.093450616571186e-18
1.13113043e-01 5.013233782596480e-18
1.16647826e-01 4.936691367422086e-18
1.20182609e-01 4.863551155661189e-18
1.23717391e-01 4.793568353792794e-18
1.27252174e-01 4.726522137796610e-18
1.30786957e-01 4.662212717580690e-18
1.34321739e-01 4.600458829196255e-18
1.37856522e-01 4.541095583065469e-18
1.41391304e-01 4.483972609993653e-18
1.44926087e-01 4.428952457456838e-18
1.48460870e-01 4.375909197192031e-18
1.51995652e-01 4.324727211956335e-18
1.55530435e-01 4.275300134830865e-18
1.59065217e-01 4.227529918908338e-18
1.62600000e-01 4.181326018836951e-18
1.66134783e-01 4.136604668665877e-18
1.69669565e-01 4.093288242881397e-18
1.73204348e-01 4.051304689539951e-18
1.76739130e-01 4.010587026077184e-18
1.80273913e-01 3.971072889764451e-18
1.83808696e-01 3.932704135948003e-18
1.87343478e-01 3.895426478182234e-18
1.90878261e-01 3.859189165190138e-18
1.94413043e-01 3.823944690278332e-18
1.97947826e-01 3.789648529422267e-18
2.01482609e-01 3.756258904737512e-18
2.05017391e-01 3.723736570479497e-18
2.08552174e-01 3.692044619078977e-18
2.12086957e-01 3.661148305033389e-18
2.15621739e-01 3.631014884743436e-18
2.19156522e-01 3.601613470616288e-18
2.22691304e-01 3.572914897957483e-18
2.26226087e-01 3.544891603347457e-18
2.29760870e-01 3.517517513349724e-18
2.33295652e-01 3.490767942529247e-18
2.36830435e-01 3.464619499874327e-18
2.40365217e-01 3.439050002815696e-18
2.43900000e-01 3.414038398124511e-18
2.47434783e-01 3.389564689048121e-18
2.50969565e-01 3.365609868110530e-18
2.54504348e-01 3.342155855064320e-18
2.58039130e-01 3.319185439533737e-18
2.61573913e-01 3.296682227935468e-18
2.65108696e-01 3.274630594305118e-18
2.68643478e-01 3.253015634694197e-18
2.72178261e-01 3.231823124835252e-18
2.75713043e-01 3.211039480801872e-18
2.79247826e-01 3.190651722416382e-18
2.82782609e-01 3.170647439181255e-18
2.86317391e-01 3.151014758531073e-18
2.89852174e-01 3.131742316220555e-18
2.93386957e-01 3.112819228680804e-18
2.96921739e-01 3.094235067191066e-18
3.00456522e-01 3.075979833726697e-18
3.03991304e-01 3.058043938356316e-18
3.07526087e-01 3.040418178072046e-18
3.11060870e-01 3.023093716946665e-18
3.14595652e-01 3.006062067520521e-18
3.18130435e-01 2.989315073329102e-18
3.21665217e-01 2.972844892489591e-18
3.25200000e-01 2.956643982271357e-18
3.28734783e-01 2.940705084581440e-18
3.32269565e-01 2.925021212301574e-18
3.35804348e-01 2.909585636418339e-18
3.39339130e-01 2.894391873892603e-18
3.42873913e-01 2.879433676218566e-18
3.46408696e-01 2.864705018626560e-18
3.49943478e-01 2.850200089887243e-18
3.53478261e-01 2.835913282677966e-18
3.57013043e-01 2.821839184475070e-18
3.60547826e-01 2.807972568938503e-18
3.64082609e-01 2.794308387757611e-18
3.67617391e-01 2.780841762929216e-18
3.71152174e-01 2.767567979441141e-18
3.74686957e-01 2.754482478336288e-18
3.78221739e-01 2.741580850134059e-18
3.81756522e-01 2.728858828587598e-18
3.85291304e-01 2.716312284756757e-18
3.88826087e-01 2.703937221378101e-18
3.92360870e-01 2.691729767514508e-18
3.95895652e-01 2.679686173468112e-18
3.99430435e-01 2.667802805941394e-18
4.02965217e-01 2.656076143432249e-18
4.06500000e-01 2.644502771849775e-18
4.10034783e-01 2.633079380338391e-18
4.13569565e-01 2.621802757298669e-18
4.17104348e-01 2.610669786594048e-18
4.20639130e-01 2.599677443933232e-18
4.24173913e-01 2.588822793418744e-18
4.27708696e-01 2.578102984252696e-18
4.31243478e-01 2.567515247591374e-18
4.34778261e-01 2.557056893540760e-18
4.38313043e-01 2.546725308285593e-18
4.41847826e-01 2.536517951345003e-18
4.45382609e-01 2.526432352948178e-18
4.48917391e-01 2.516466111523912e-18
4.52452174e-01 2.506616891298240e-18
4.55986957e-01 2.496882419994690e-18
4.59521739e-01 2.487260486632032e-18
4.63056522e-01 2.477748939414660e-18
4.66591304e-01 2.468345683711043e-18
4.70126087e-01 2.459048680115938e-18
4.73660870e-01 2.449855942592281e-18
4.77195652e-01 2.440765536688926e-18
4.80730435e-01 2.431775577830595e-18
4.84265217e-01 2.422884229676598e-18
4.87800000e-01 2.414089702545099e-18
4.91334783e-01 2.405390251899837e-18
4.94869565e-01 2.396784176896397e-18
4.98404348e-01 2.388269818985307e-18
5.01939130e-01 2.379845560569318e-18
5.05473913e-01 2.371509823712429e-18
5.09008696e-01 2.363261068898305e-18
5.12543478e-01 2.355097793835866e-18
5.16078261e-01 2.347018532309956e-18
5.19613043e-01 2.339021853075084e-18
5.23147826e-01 2.331106358790345e-18
5.26682609e-01 2.323270684993727e-18
5.30217391e-01 2.315513499114083e-18
5.33752174e-01 2.307833499519162e-18
5.37286957e-01 2.300229414598128e-18
5.40821739e-01 2.292700001877131e-18
5.44356522e-01 2.285244047166505e-18
5.47891304e-01 2.277860363738278e-18
5.51426087e-01 2.270547791532734e-18
5.54960870e-01 2.263305196392805e-18
5.58495652e-01 2.256131469325162e-18
5.62030435e-01 2.249025525786909e-18
5.65565217e-01 2.241986304996826e-18
5.69100000e-01 2.235012769270193e-18
5.72634783e-01 2.228103903376214e-18
5.76169565e-01 2.221258713917169e-18
5.79704348e-01 2.214476228728419e-18
5.83239130e-01 2.207755496298435e-18
5.86773913e-01 2.201095585208075e-18
5.90308696e-01 2.194495583588359e-18
5.93843478e-01 2.187954598596015e-18
5.97378261e-01 2.181471755906128e-18
6.00913043e-01 2.175046199221215e-18
6.04447826e-01 2.168677089796132e-18
6.07982609e-01 2.162363605978168e-18
6.11517391e-01 2.156104942761812e-18
6.15052174e-01 2.149900311357591e-18
6.18586957e-01 2.143748938774490e-18
6.22121739e-01 2.137650067415432e-18
6.25656522e-01 2.131602954685357e-18
6.29191304e-01 2.125606872611414e-18
6.32726087e-01 2.119661107474852e-18
6.36260870e-01 2.113764959454169e-18
6.39795652e-01 2.107917742279117e-18
6.43330435e-01 2.102118782895182e-18
6.46865217e-01 2.096367421138161e-18
6.50400000e-01 2.090663009418475e-18
6.53934783e-01 2.085004912414890e-18
6.57469565e-01 2.079392506777296e-18
6.61004348e-01 2.073825180838245e-18
6.64539130e-01 2.068302334332939e-18
6.68073913e-01 2.062823378127377e-18
6.71608696e-01 2.057387733954384e-18
6.75143478e-01 2.051994834157245e-18
6.78678261e-01 2.046644121440698e-18
6.82213043e-01 2.041335048629035e-18
6.85747826e-01 2.036067078431057e-18
6.89282609e-01 2.030839683211686e-18
6.92817391e-01 2.025652344769976e-18
6.96352174e-01 2.020504554123339e-18
6.99886957e-01 2.015395811297777e-18
7.03421739e-01 2.010325625123902e-18
7.06956522e-01 2.005293513038592e-18
7.10491304e-01 2.000299000892069e-18
7.14026087e-01 1.995341622760239e-18
7.17560870e-01 1.990420920762125e-18
7.21095652e-01 1.985536444882226e-18
7.24630435e-01 1.980687752797647e-18
7.28165217e-01 1.975874409709856e-18
7.31700000e-01 1.971095988180905e-18
7.35234783e-01 1.966352067974002e-18
7.38769565e-01 1.961642235898269e-18
7.42304348e-01 1.956966085657582e-18
7.45839130e-01 1.952323217703350e-18
7.49373913e-01 1.947713239091117e-18
7.52908696e-01 1.943135763340875e-18
7.56443478e-01 1.938590410300973e-18
7.59978261e-01 1.934076806015502e-18
7.63513043e-01 1.929594582595069e-18
7.67047826e-01 1.925143378090852e-18
7.70582609e-01 1.920722836371828e-18
7.74117391e-01 1.916332607005089e-18
7.77652174e-01 1.911972345139166e-18
7.81186957e-01 1.907641711390242e-18
7.84721739e-01 1.903340371731198e-18
7.88256522e-01 1.899067997383398e-18
7.91791304e-01 1.894824264711133e-18
7.95326087e-01 1.890608855118644e-18
7.98860870e-01 1.886421454949659e-18
8.02395652e-01 1.882261755389367e-18
8.05930435e-01 1.878129452368756e-18
8.09465217e-01 1.874024246471253e-18
8.13000000e-01 1.869945842841597e-18
8.16534783e-01 1.865893951096890e-18
8.20069565e-01 1.861868285239748e-18
8.23604348e-01 1.857868563573518e-18
8.27139130e-01 1.853894508619477e-18
8.30673913e-01 1.849945847035979e-18
8.34208696e-01 1.846022309539489e-18
8.37743478e-01 1.842123630827442e-18
8.41278261e-01 1.838249549502899e-18
8.44813043e-01 1.834399808000932e-18
8.48347826e-01 1.830574152516695e-18
8.51882609e-01 1.826772332935144e-18
8.55417391e-01 1.822994102762356e-18
8.58952174e-01 1.819239219058399e-18
8.62486957e-01 1.815507442371718e-18
8.66021739e-01 1.811798536675003e-18
8.69556522e-01 1.808112269302479e-18
8.73091304e-01 1.804448410888609e-18
8.76626087e-01 1.800806735308144e-18
8.80160870e-01 1.797187019617506e-18
8.83695652e-01 1.793589043997461e-18
8.87230435e-01 1.790012591697050e-18
8.90765217e-01 1.786457448978742e-18
8.94300000e-01 1.782923405064781e-18
8.97834783e-01 1.779410252084701e-18
9.01369565e-01 1.775917785023969e-18
9.04904348e-01 1.772445801673728e-18
9.08439130e-01 1.768994102581635e-18
9.11973913e-01 1.765562491003723e-18
9.15508696e-01 1.762150772857303e-18
9.19043478e-01 1.758758756674862e-18
9.22578261e-01 1.755386253558927e-18
9.26113043e-01 1.752033077137882e-18
9.29647826e-01 1.748699043522707e-18
9.33182609e-01 1.745383971264623e-18
9.36717391e-01 1.742087681313615e-18
9.40252174e-01 1.738809996977809e-18
9.43786957e-01 1.735550743883696e-18
9.47321739e-01 1.732309749937163e-18
9.50856522e-01 1.729086845285331e-18
9.54391304e-01 1.725881862279163e-18
9.57926087e-01 1.722694635436835e-18
9.61460870e-01 1.719525001407848e-18
9.64995652e-01 1.716372798937869e-18
9.68530435e-01 1.713237868834266e-18
9.72065217e-01 1.710120053932346e-18
9.75600000e-01 1.707019199062255e-18
9.79134783e-01 1.703935151016549e-18
9.82669565e-01 1.700867758518392e-18
9.86204348e-01 1.697816872190396e-18
9.89739130e-01 1.694782344524060e-18
9.93273913e-01 1.691764029849821e-18
9.96808696e-01 1.688761784307679e-18
1.00034348e+00 1.685775465818397e-18
1.00387826e+00 1.682804934055265e-18
1.00741304e+00 1.679850050416397e-18
1.01094783e+00 1.676910677997573e-18
1.01448261e+00 1.673986681565595e-18
1.01801739e+00 1.671077927532160e-18
1.02155217e+00 1.668184283928215e-18
1.02508696e+00 1.665305620378819e-18
1.02862174e+00 1.662441808078463e-18
1.03215652e+00 1.659592719766868e-18
1.03569130e+00 1.656758229705232e-18
1.03922609e+00 1.653938213652917e-18
1.04276087e+00 1.651132548844582e-18
1.04629565e+00 1.648341113967734e-18
1.04983043e+00 1.645563789140696e-18
1.05336522e+00 1.642800455890979e-18
1.05690000e+00 1.640050997134065e-18
1.06043478e+00 1.637315297152559e-18
1.06396957e+00 1.634593241575741e-18
1.06750435e+00 1.631884717359480e-18
1.07103913e+00 1.629189612766516e-18
1.07457391e+00 1.626507817347099e-18
1.07810870e+00 1.623839221919977e-18
1.08164348e+00 1.621183718553730e-18
1.08517826e+00 1.618541200548426e-18
1.08871304e+00 1.615911562417626e-18
1.09224783e+00 1.613294699870686e-18
1.09578261e+00 1.610690509795392e-18
1.09931739e+00 1.608098890240893e-18
1.10285217e+00 1.605519740400936e-18
1.10638696e+00 1.602952960597397e-18
1.10992174e+00 1.600398452264103e-18
1.11345652e+00 1.597856117930931e-18
1.11699130e+00 1.595325861208191e-18
1.12052609e+00 1.592807586771273e-18
1.12406087e+00 1.590301200345564e-18
1.12759565e+00 1.587806608691626e-18
1.13113043e+00 1.585323719590627e-18
1.13466522e+00 1.582852441830022e-18
1.13820000e+00 1.580392685189478e-18
1.14173478e+00 1.577944360427041e-18
1.14526957e+00 1.575507379265536e-18
1.14880435e+00 1.573081654379201e-18
1.15233913e+00 1.570667099380539e-18
1.15587391e+00 1.568263628807401e-18
1.15940870e+00 1.565871158110277e-18
1.16294348e+00 1.563489603639807e-18
1.16647826e+00 1.561118882634495e-18
1.17001304e+00 1.558758913208629e-18
1.17354783e+00 1.556409614340402e-18
1.17708261e+00 1.554070905860230e-18
1.18061739e+00 1.551742708439259e-18
1.18415217e+00 1.549424943578064e-18
1.18768696e+00 1.547117533595533e-18
1.19122174e+00 1.544820401617933e-18
1.19475652e+00 1.542533471568148e-18
1.19829130e+00 1.540256668155103e-18
1.20182609e+00 1.537989916863348e-18
1.20536087e+00 1.535733143942818e-18
1.20889565e+00 1.533486276398752e-18
1.21243043e+00 1.531249241981779e-18
1.21596522e+00 1.529021969178158e-18
1.21950000e+00 1.526804387200179e-18
1.22303478e+00 1.524596425976710e-18
1.22656957e+00 1.522398016143899e-18
1.23010435e+00 1.520209089036023e-18
1.23363913e+00 1.518029576676476e-18
1.23717391e+00 1.515859411768907e-18
1.24070870e+00 1.513698527688490e-18
1.24424348e+00 1.511546858473333e-18
1.24777826e+00 1.509404338816022e-18
1.25131304e+00 1.507270904055297e-18
1.25484783e+00 1.505146490167850e-18
1.25838261e+00 1.503031033760261e-18
1.26191739e+00 1.500924472061050e-18
1.26545217e+00 1.498826742912855e-18
1.26898696e+00 1.496737784764729e-18
1.27252174e+00 1.494657536664551e-18
1.27605652e+00 1.492585938251561e-18
1.27959130e+00 1.490522929749001e-18
1.28312609e+00 1.488468451956872e-18
1.28666087e+00 1.486422446244795e-18
1.29019565e+00 1.484384854544990e-18
1.29373043e+00 1.482355619345348e-18
1.29726522e+00 1.480334683682616e-18
1.30080000e+00 1.478321991135679e-18
1.30433478e+00 1.476317485818946e-18
1.30786957e+00 1.474321112375833e-18
1.31140435e+00 1.472332815972338e-18
1.31493913e+00 1.470352542290720e-18
1.31847391e+00 1.468380237523264e-18
1.32200870e+00 1.466415848366141e-18
1.32554348e+00 1.464459322013356e-18
1.32907826e+00 1.462510606150787e-18
1.33261304e+00 1.460569648950310e-18
1.33614783e+00 1.458636399064010e-18
1.33968261e+00 1.456710805618474e-18
1.34321739e+00 1.454792818209170e-18
1.34675217e+00 1.452882386894902e-18
1.35028696e+00 1.450979462192353e-18
1.35382174e+00 1.449083995070699e-18
1.35735652e+00 1.447195936946302e-18
1.36089130e+00 1.445315239677482e-18
1.36442609e+00 1.443441855559361e-18
1.36796087e+00 1.441575737318778e-18
1.37149565e+00 1.439716838109283e-18
1.37503043e+00 1.437865111506192e-18
1.37856522e+00 1.436020511501723e-18
1.38210000e+00 1.434182992500193e-18
1.38563478e+00 1.432352509313280e-18
1.38916957e+00 1.430529017155363e-18
1.39270435e+00 1.428712471638915e-18
1.39623913e+00 1.426902828769964e-18
1.39977391e+00 1.425100044943622e-18
1.40330870e+00 1.423304076939667e-18
1.40684348e+00 1.421514881918196e-18
1.41037826e+00 1.419732417415331e-18
1.41391304e+00 1.417956641338983e-18
1.41744783e+00 1.416187511964682e-18
1.42098261e+00 1.414424987931458e-18
1.42451739e+00 1.412669028237776e-18
1.42805217e+00 1.410919592237535e-18
1.43158696e+00 1.409176639636113e-18
1.43512174e+00 1.407440130486470e-18
1.43865652e+00 1.405710025185303e-18
1.44219130e+00 1.403986284469251e-18
1.44572609e+00 1.402268869411154e-18
1.44926087e+00 1.400557741416361e-18
1.45279565e+00 1.398852862219082e-18
1.45633043e+00 1.397154193878806e-18
1.45986522e+00 1.395461698776739e-18
1.46340000e+00 1.393775339612317e-18
1.46693478e+00 1.392095079399749e-18
1.47046957e+00 1.390420881464608e-18
1.47400435e+00 1.388752709440472e-18
1.47753913e+00 1.387090527265607e-18
1.48107391e+00 1.385434299179688e-18
1.48460870e+00 1.383783989720570e-18
1.48814348e+00 1.382139563721104e-18
1.49167826e+00 1.380500986305979e-18
1.49521304e+00 1.378868222888626e-18
1.49874783e+00 1.377241239168144e-18
1.50228261e+00 1.375620001126279e-18
1.50581739e+00 1.374004475024432e-18
1.50935217e+00 1.372394627400713e-18
1.51288696e+00 1.370790425067030e-18
1.51642174e+00 1.369191835106213e-18
1.51995652e+00 1.367598824869180e-18
1.52349130e+00 1.366011361972134e-18
1.52702609e+00 1.364429414293799e-18
1.53056087e+00 1.362852949972690e-18
1.53409565e+00 1.361281937404419e-18
1.53763043e+00 1.359716345239031e-18
1.54116522e+00 1.358156142378379e-18
1.54470000e+00 1.356601297973527e-18
1.54823478e+00 1.355051781422194e-18
1.55176957e+00 1.353507562366215e-18
1.55530435e+00 1.351968610689050e-18
1.55883913e+00 1.350434896513317e-18
1.56237391e+00 1.348906390198351e-18
1.56590870e+00 1.347383062337800e-18
1.56944348e+00 1.345864883757254e-18
1.57297826e+00 1.344351825511890e-18
1.57651304e+00 1.342843858884158e-18
1.58004783e+00 1.341340955381494e-18
1.58358261e+00 1.339843086734056e-18
1.58711739e+00 1.338350224892491e-18
1.59065217e+00 1.336862342025728e-18
1.59418696e+00 1.335379410518802e-18
1.59772174e+00 1.333901402970697e-18
1.60125652e+00 1.332428292192224e-18
1.60479130e+00 1.330960051203916e-18
1.60832609e+00 1.329496653233956e-18
1.61186087e+00 1.328038071716124e-18
1.61539565e+00 1.326584280287775e-18
1.61893043e+00 1.325135252787833e-18
1.62246522e+00 1.323690963254817e-18
1.62600000e+00 1.322251385924887e-18
1.62953478e+00 1.320816495229915e-18
1.63306957e+00 1.319386265795571e-18
1.63660435e+00 1.317960672439449e-18
1.64013913e+00 1.316539690169195e-18
1.64367391e+00 1.315123294180674e-18
1.64720870e+00 1.313711459856145e-18
1.65074348e+00 1.312304162762470e-18
1.65427826e+00 1.310901378649334e-18
1.65781304e+00 1.309503083447492e-18
1.66134783e+00 1.308109253267032e-18
1.66488261e+00 1.306719864395665e-18
1.66841739e+00 1.305334893297024e-18
1.67195217e+00 1.303954316608998e-18
1.67548696e+00 1.302578111142068e-18
1.67902174e+00 1.301206253877679e-18
1.68255652e+00 1.299838721966616e-18
1.68609130e+00 1.298475492727411e-18
1.68962609e+00 1.297116543644760e-18
1.69316087e+00 1.295761852367961e-18
1.69669565e+00 1.294411396709372e-18
1.70023043e+00 1.293065154642884e-18
1.70376522e+00 1.291723104302410e-18
1.70730000e+00 1.290385223980397e-18
1.71083478e+00 1.289051492126348e-18
1.71436957e+00 1.287721887345367e-18
1.71790435e+00 1.286396388396713e-18
1.72143913e+00 1.285074974192381e-18
1.72497391e+00 1.283757623795687e-18
1.72850870e+00 1.282444316419879e-18
1.73204348e+00 1.281135031426758e-18
1.73557826e+00 1.279829748325313e-18
1.73911304e+00 1.278528446770380e-18
1.74264783e+00 1.277231106561304e-18
1.74618261e+00 1.275937707640625e-18
1.74971739e+00 1.274648230092777e-18
1.75325217e+00 1.273362654142797e-18
1.75678696e+00 1.272080960155051e-18
1.76032174e+00 1.270803128631979e-18
1.76385652e+00 1.269529140212844e-18
1.76739130e+00 1.268258975672502e-18
1.77092609e+00 1.266992615920184e-18
1.77446087e+00 1.265730041998291e-18
1.77799565e+00 1.264471235081201e-18
1.78153043e+00 1.263216176474089e-18
1.78506522e+00 1.261964847611765e-18
1.78860000e+00 1.260717230057516e-18
1.79213478e+00 1.259473305501968e-18
1.79566957e+00 1.258233055761956e-18
1.79920435e+00 1.256996462779408e-18
1.80273913e+00 1.255763508620241e-18
1.80627391e+00 1.254534175473269e-18
1.80980870e+00 1.253308445649120e-18
1.81334348e+00 1.252086301579171e-18
1.81687826e+00 1.250867725814485e-18
1.82041304e+00 1.249652701024772e-18
1.82394783e+00 1.248441209997345e-18
1.82748261e+00 1.247233235636103e-18
1.83101739e+00 1.246028760960514e-18
1.83455217e+00 1.244827769104615e-18
1.83808696e+00 1.243630243316016e-18
1.84162174e+00 1.242436166954923e-18
1.84515652e+00 1.241245523493166e-18
1.84869130e+00 1.240058296513234e-18
1.85222609e+00 1.238874469707330e-18
1.85576087e+00 1.237694026876426e-18
1.85929565e+00 1.236516951929336e-18
1.86283043e+00 1.235343228881789e-18
1.86636522e+00 1.234172841855522e-18
1.86990000e+00 1.233005775077376e-18
1.87343478e+00 1.231842012878406e-18
1.87696957e+00 1.230681539692992e-18
1.88050435e+00 1.229524340057969e-18
1.88403913e+00 1.228370398611760e-18
1.88757391e+00 1.227219700093518e-18
1.89110870e+00 1.226072229342284e-18
1.89464348e+00 1.224927971296141e-18
1.89817826e+00 1.223786910991386e-18
1.90171304e+00 1.222649033561713e-18
1.90524783e+00 1.221514324237390e-18
1.90878261e+00 1.220382768344463e-18
1.91231739e+00 1.219254351303954e-18
1.91585217e+00 1.218129058631073e-18
1.91938696e+00 1.217006875934437e-18
1.92292174e+00 1.215887788915297e-18
1.92645652e+00 1.214771783366775e-18
1.92999130e+00 1.213658845173102e-18
1.93352609e+00 1.212548960308872e-18
1.93706087e+00 1.211442114838299e-18
1.94059565e+00 1.210338294914479e-18
1.94413043e+00 1.209237486778666e-18
1.94766522e+00 1.208139676759552e-18
1.95120000e+00 1.207044851272550e-18
1.95473478e+00 1.205952996819091e-18
1.95826957e+00 1.204864099985926e-18
1.96180435e+00 1.203778147444429e-18
1.96533913e+00 1.202695125949918e-18
1.96887391e+00 1.201615022340973e-18
1.97240870e+00 1.200537823538763e-18
1.97594348e+00 1.199463516546384e-18
1.97947826e+00 1.198392088448199e-18
1.98301304e+00 1.197323526409185e-18
1.98654783e+00 1.196257817674290e-18
1.99008261e+00 1.195194949567788e-18
1.99361739e+00 1.194134909492653e-18
1.99715217e+00 1.193077684929927e-18
2.00068696e+00 1.192023263438100e-18
2.00422174e+00 1.190971632652495e-18
2.00775652e+00 1.189922780284659e-18
2.01129130e+00 1.188876694121762e-18
2.01482609e+00 1.187833362025998e-18
2.01836087e+00 1.186792771933991e-18
2.02189565e+00 1.185754911856215e-18
2.02543043e+00 1.184719769876407e-18
2.02896522e+00 1.183687334150998e-18
2.03250000e+00 1.182657592908543e-18
2.03603478e+00 1.181630534449153e-18
2.03956957e+00 1.180606147143940e-18
2.04310435e+00 1.179584419434466e-18
2.04663913e+00 1.178565339832191e-18
2.05017391e+00 1.177548896917933e-18
2.05370870e+00 1.176535079341329e-18
2.05724348e+00 1.175523875820306e-18
2.06077826e+00 1.174515275140547e-18
2.06431304e+00 1.173509266154978e-18
2.06784783e+00 1.172505837783241e-18
2.07138261e+00 1.171504979011189e-18
2.07491739e+00 1.170506678890373e-18
2.07845217e+00 1.169510926537542e-18
2.08198696e+00 1.168517711134144e-18
2.08552174e+00 1.167527021925832e-18
2.08905652e+00 1.166538848221975e-18
2.09259130e+00 1.165553179395173e-18
2.09612609e+00 1.164570004880777e-18
2.09966087e+00 1.163589314176416e-18
2.10319565e+00 1.162611096841521e-18
2.10673043e+00 1.161635342496863e-18
2.11026522e+00 1.160662040824088e-18
2.11380000e+00 1.159691181565256e-18
2.11733478e+00 1.158722754522395e-18
2.12086957e+00 1.157756749557041e-18
2.12440435e+00 1.156793156589802e-18
2.12793913e+00 1.155831965599907e-18
2.13147391e+00 1.154873166624775e-18
2.13500870e+00 1.153916749759581e-18
2.13854348e+00 1.152962705156820e-18
2.14207826e+00 1.152011023025889e-18
2.14561304e+00 1.151061693632660e-18
2.14914783e+00 1.150114707299064e-18
2.15268261e+00 1.149170054402676e-18
2.15621739e+00 1.148227725376303e-18
2.15975217e+00 1.147287710707580e-18
2.16328696e+00 1.146350000938565e-18
2.16682174e+00 1.145414586665339e-18
2.17035652e+00 1.144481458537608e-18
2.17389130e+00 1.143550607258316e-18
2.17742609e+00 1.142622023583252e-18
2.18096087e+00 1.141695698320664e-18
2.18449565e+00 1.140771622330878e-18
2.18803043e+00 1.139849786525920e-18
2.19156522e+00 1.138930181869139e-18
2.19510000e+00 1.138012799374837e-18
2.19863478e+00 1.137097630107897e-18
2.20216957e+00 1.136184665183422e-18
2.20570435e+00 1.135273895766367e-18
2.20923913e+00 1.134365313071186e-18
2.21277391e+00 1.133458908361472e-18
2.21630870e+00 1.132554672949605e-18
2.21984348e+00 1.131652598196402e-18
2.22337826e+00 1.130752675510773e-18
2.22691304e+00 1.129854896349374e-18
2.23044783e+00 1.128959252216266e-18
2.23398261e+00 1.128065734662581e-18
2.23751739e+00 1.127174335286185e-18
2.24105217e+00 1.126285045731347e-18
2.24458696e+00 1.125397857688407e-18
2.24812174e+00 1.124512762893454e-18
2.25165652e+00 1.123629753128001e-18
2.25519130e+00 1.122748820218663e-18
2.25872609e+00 1.121869956036843e-18
2.26226087e+00 1.120993152498413e-18
2.26579565e+00 1.120118401563404e-18
2.26933043e+00 1.119245695235694e-18
2.27286522e+00 1.118375025562705e-18
2.27640000e+00 1.117506384635097e-18
2.27993478e+00 1.116639764586461e-18
2.28346957e+00 1.115775157593030e-18
2.28700435e+00 1.114912555873374e-18
2.29053913e+00 1.114051951688107e-18
2.29407391e+00 1.113193337339599e-18
2.29760870e+00 1.112336705171686e-18
2.30114348e+00 1.111482047569379e-18
2.30467826e+00 1.110629356958584e-18
2.30821304e+00 1.109778625805820e-18
2.31174783e+00 1.108929846617936e-18
2.31528261e+00 1.108083011941837e-18
2.31881739e+00 1.107238114364209e-18
2.32235217e+00 1.106395146511245e-18
2.32588696e+00 1.105554101048375e-18
2.32942174e+00 1.104714970679998e-18
2.33295652e+00 1.103877748149218e-18
2.33649130e+00 1.103042426237576e-18
2.34002609e+00 1.102208997764795e-18
2.34356087e+00 1.101377455588514e-18
2.34709565e+00 1.100547792604038e-18
2.35063043e+00 1.099720001744075e-18
2.35416522e+00 1.098894075978489e-18
2.35770000e+00 1.098070008314050e-18
2.36123478e+00 1.097247791794179e-18
2.36476957e+00 1.096427419498709e-18
2.36830435e+00 1.095608884543633e-18
2.37183913e+00 1.094792180080867e-18
2.37537391e+00 1.093977299298008e-18
2.37890870e+00 1.093164235418093e-18
2.38244348e+00 1.092352981699366e-18
2.38597826e+00 1.091543531435039e-18
2.38951304e+00 1.090735877953064e-18
2.39304783e+00 1.089930014615896e-18
2.39658261e+00 1.089125934820271e-18
2.40011739e+00 1.088323631996972e-18
2.40365217e+00 1.087523099610608e-18
2.40718696e+00 1.086724331159388e-18
2.41072174e+00 1.085927320174903e-18
2.41425652e+00 1.085132060221899e-18
2.41779130e+00 1.084338544898066e-18
2.42132609e+00 1.083546767833817e-18
2.42486087e+00 1.082756722692076e-18
2.42839565e+00 1.081968403168063e-18
2.43193043e+00 1.081181802989084e-18
2.43546522e+00 1.080396915914319e-18
2.43900000e+00 1.079613735734618e-18
2.44253478e+00 1.078832256272291e-18
2.44606957e+00 1.078052471380906e-18
2.44960435e+00 1.077274374945084e-18
2.45313913e+00 1.076497960880298e-18
2.45667391e+00 1.075723223132676e-18
2.46020870e+00 1.074950155678796e-18
2.46374348e+00 1.074178752525497e-18
2.46727826e+00 1.073409007709680e-18
2.47081304e+00 1.072640915298114e-18
2.47434783e+00 1.071874469387245e-18
2.47788261e+00 1.071109664103005e-18
2.48141739e+00 1.070346493600624e-18
2.48495217e+00 1.069584952064440e-18
2.48848696e+00 1.068825033707716e-18
2.49202174e+00 1.068066732772453e-18
2.49555652e+00 1.067310043529206e-18
2.49909130e+00 1.066554960276907e-18
2.50262609e+00 1.065801477342678e-18
2.50616087e+00 1.065049589081657e-18
2.50969565e+00 1.064299289876818e-18
2.51323043e+00 1.063550574138794e-18
2.51676522e+00 1.062803436305707e-18
2.52030000e+00 1.062057870842987e-18
2.52383478e+00 1.061313872243207e-18
2.52736957e+00 1.060571435025907e-18
2.53090435e+00 1.059830553737426e-18
2.53443913e+00 1.059091222950736e-18
2.53797391e+00 1.058353437265271e-18
2.54150870e+00 1.057617191306765e-18
2.54504348e+00 1.056882479727085e-18
2.54857826e+00 1.056149297204069e-18
2.55211304e+00 1.055417638441364e-18
2.55564783e+00 1.054687498168266e-18
2.55918261e+00 1.053958871139559e-18
2.56271739e+00 1.053231752135356e-18
2.56625217e+00 1.052506135960947e-18
2.56978696e+00 1.051782017446636e-18
2.57332174e+00 1.051059391447591e-18
2.57685652e+00 1.050338252843691e-18
2.58039130e+00 1.049618596539370e-18
2.58392609e+00 1.048900417463468e-18
2.58746087e+00 1.048183710569080e-18
2.59099565e+00 1.047468470833411e-18
2.59453043e+00 1.046754693257620e-18
2.59806522e+00 1.046042372866683e-18
2.60160000e+00 1.045331504709238e-18
2.60513478e+00 1.044622083857447e-18
2.60866957e+00 1.043914105406852e-18
2.61220435e+00 1.043207564476227e-18
2.61573913e+00 1.042502456207445e-18
2.61927391e+00 1.041798775765331e-18
2.62280870e+00 1.041096518337525e-18
2.62634348e+00 1.040395679134345e-18
2.62987826e+00 1.039696253388648e-18
2.63341304e+00 1.038998236355695e-18
2.63694783e+00 1.038301623313014e-18
2.64048261e+00 1.037606409560268e-18
2.64401739e+00 1.036912590419122e-18
2.64755217e+00 1.036220161233109e-18
2.65108696e+00 1.035529117367498e-18
2.65462174e+00 1.034839454209166e-18
2.65815652e+00 1.034151167166469e-18
2.66169130e+00 1.033464251669112e-18
2.66522609e+00 1.032778703168019e-18
2.66876087e+00 1.032094517135214e-18
2.67229565e+00 1.031411689063689e-18
2.67583043e+00 1.030730214467278e-18
2.67936522e+00 1.030050088880542e-18
2.68290000e+00 1.029371307858635e-18
2.68643478e+00 1.028693866977192e-18
2.68996957e+00 1.028017761832200e-18
2.69350435e+00 1.027342988039882e-18
2.69703913e+00 1.026669541236577e-18
2.70057391e+00 1.025997417078623e-18
2.70410870e+00 1.025326611242232e-18
2.70764348e+00 1.024657119423385e-18
2.71117826e+00 1.023988937337705e-18
2.71471304e+00 1.023322060720349e-18
2.71824783e+00 1.022656485325891e-18
2.72178261e+00 1.021992206928208e-18
2.72531739e+00 1.021329221320368e-18
2.72885217e+00 1.020667524314517e-18
2.73238696e+00 1.020007111741772e-18
2.73592174e+00 1.019347979452105e-18
2.73945652e+00 1.018690123314238e-18
2.74299130e+00 1.018033539215529e-18
2.74652609e+00 1.017378223061871e-18
2.75006087e+00 1.016724170777580e-18
2.75359565e+00 1.016071378305289e-18
2.75713043e+00 1.015419841605843e-18
2.76066522e+00 1.014769556658196e-18
2.76420000e+00 1.014120519459302e-18
2.76773478e+00 1.013472726024015e-18
2.77126957e+00 1.012826172384988e-18
2.77480435e+00 1.012180854592565e-18
2.77833913e+00 1.011536768714684e-18
2.78187391e+00 1.010893910836778e-18
2.78540870e+00 1.010252277061670e-18
2.78894348e+00 1.009611863509476e-18
2.79247826e+00 1.008972666317509e-18
2.79601304e+00 1.008334681640177e-18
2.79954783e+00 1.007697905648889e-18
2.80308261e+00 1.007062334531956e-18
2.80661739e+00 1.006427964494498e-18
2.81015217e+00 1.005794791758347e-18
2.81368696e+00 1.005162812561951e-18
2.81722174e+00 1.004532023160284e-18
2.82075652e+00 1.003902419824751e-18
2.82429130e+00 1.003273998843092e-18
2.82782609e+00 1.002646756519296e-18
2.83136087e+00 1.002020689173507e-18
2.83489565e+00 1.001395793141932e-18
2.83843043e+00 1.000772064776752e-18
2.84196522e+00 1.000149500446034e-18
2.84550000e+00 9.995280965336408e-19
2.84903478e+00 9.989078494391417e-19
2.85256957e+00 9.982887555777269e-19
2.85610435e+00 9.976708113801195e-19
2.85963913e+00 9.970540132924894e-19
2.86317391e+00 9.964383577763674e-19
2.86670870e+00 9.958238413085593e-19
2.87024348e+00 9.952104603810624e-19
2.87377826e+00 9.945982115009805e-19
2.87731304e+00 9.939870911904402e-19
2.88084783e+00 9.933770959865095e-19
2.88438261e+00 9.927682224411128e-19
2.88791739e+00 9.921604671209512e-19
2.89145217e+00 9.915538266074204e-19
2.89498696e+00 9.909482974965303e-19
2.89852174e+00 9.903438763988237e-19
2.90205652e+00 9.897405599392978e-19
2.90559130e+00 9.891383447573244e-19
2.90912609e+00 9.885372275065724e-19
2.91266087e+00 9.879372048549278e-19
2.91619565e+00 9.873382734844172e-19
2.91973043e+00 9.867404300911313e-19
2.92326522e+00 9.861436713851470e-19
2.92680000e+00 9.855479940904524e-19
2.93033478e+00 9.849533949448714e-19
2.93386957e+00 9.843598706999873e-19
2.93740435e+00 9.837674181210702e-19
2.94093913e+00 9.831760339870008e-19
2.94447391e+00 9.825857150901991e-19
2.94800870e+00 9.819964582365491e-19
2.95154348e+00 9.814082602453284e-19
2.95507826e+00 9.808211179491346e-19
2.95861304e+00 9.802350281938133e-19
2.96214783e+00 9.796499878383893e-19
2.96568261e+00 9.790659937549927e-19
2.96921739e+00 9.784830428287912e-19
2.97275217e+00 9.779011319579192e-19
2.97628696e+00 9.773202580534087e-19
2.97982174e+00 9.767404180391204e-19
2.98335652e+00 9.761616088516749e-19
2.98689130e+00 9.755838274403859e-19
2.99042609e+00 9.750070707671912e-19
2.99396087e+00 9.744313358065865e-19
2.99749565e+00 9.738566195455585e-19
3.00103043e+00 9.732829189835186e-19
3.00456522e+00 9.727102311322377e-19
3.00810000e+00 9.721385530157797e-19
3.01163478e+00 9.715678816704377e-19
3.01516957e+00 9.709982141446685e-19
3.01870435e+00 9.704295474990293e-19
3.02223913e+00 9.698618788061130e-19
3.02577391e+00 9.692952051504866e-19
3.02930870e+00 9.687295236286260e-19
3.03284348e+00 9.681648313488563e-19
3.03637826e+00 9.676011254312868e-19
3.03991304e+00 9.670384030077508e-19
3.04344783e+00 9.664766612217451e-19
3.04698261e+00 9.659158972283675e-19
3.05051739e+00 9.653561081942574e-19
3.05405217e+00 9.647972912975346e-19
3.05758696e+00 9.642394437277411e-19
3.06112174e+00 9.636825626857801e-19
3.06465652e+00 9.631266453838580e-19
3.06819130e+00 9.625716890454261e-19
3.07172609e+00 9.620176909051209e-19
3.07526087e+00 9.614646482087075e-19
3.07879565e+00 9.609125582130220e-19
3.08233043e+00 9.603614181859138e-19
3.08586522e+00 9.598112254061885e-19
3.08940000e+00 9.592619771635532e-19
3.09293478e+00 9.587136707585590e-19
3.09646957e+00 9.581663035025445e-19
3.10000435e+00 9.576198727175827e-19
3.10353913e+00 9.570743757364243e-19
3.10707391e+00 9.565298099024435e-19
3.11060870e+00 9.559861725695831e-19
3.11414348e+00 9.554434611023019e-19
3.11767826e+00 9.549016728755200e-19
3.12121304e+00 9.543608052745652e-19
3.12474783e+00 9.538208556951208e-19
3.12828261e+00 9.532818215431724e-19
3.13181739e+00 9.527437002349555e-19
3.13535217e+00 9.522064891969042e-19
3.13888696e+00 9.516701858655990e-19
3.14242174e+00 9.511347876877148e-19
3.14595652e+00 9.506002921199714e-19
3.14949130e+00 9.500666966290811e-19
3.15302609e+00 9.495339986916992e-19
3.15656087e+00 9.490021957943743e-19
3.16009565e+00 9.484712854334969e-19
3.16363043e+00 9.479412651152516e-19
3.16716522e+00 9.474121323555666e-19
3.17070000e+00 9.468838846800664e-19
3.17423478e+00 9.463565196240212e-19
3.17776957e+00 9.458300347323000e-19
3.18130435e+00 9.453044275593220e-19
3.18483913e+00 9.447796956690092e-19
3.18837391e+00 9.442558366347391e-19
3.19190870e+00 9.437328480392969e-19
3.19544348e+00 9.432107274748296e-19
3.19897826e+00 9.426894725427979e-19
3.20251304e+00 9.421690808539320e-19
3.20604783e+00 9.416495500281842e-19
3.20958261e+00 9.411308776946835e-19
3.21311739e+00 9.406130614916901e-19
3.21665217e+00 9.400960990665501e-19
3.22018696e+00 9.395799880756513e-19
3.22372174e+00 9.390647261843780e-19
3.22725652e+00 9.385503110670664e-19
3.23079130e+00 9.380367404069613e-19
3.23432609e+00 9.375240118961714e-19
3.23786087e+00 9.370121232356265e-19
3.24139565e+00 9.365010721350336e-19
3.24493043e+00 9.359908563128342e-19
3.24846522e+00 9.354814734961619e-19
3.25200000e+00 9.349729214207986e-19
3.25553478e+00 9.344651978311341e-19
3.25906957e+00 9.339583004801218e-19
3.26260435e+00 9.334522271292394e-19
3.26613913e+00 9.329469755484451e-19
3.26967391e+00 9.324425435161381e-19
3.27320870e+00 9.319389288191165e-19
3.27674348e+00 9.314361292525371e-19
3.28027826e+00 9.309341426198742e-19
3.28381304e+00 9.304329667328807e-19
3.28734783e+00 9.299325994115453e-19
3.29088261e+00 9.294330384840563e-19
3.29441739e+00 9.289342817867592e-19
3.29795217e+00 9.284363271641181e-19
3.30148696e+00 9.279391724686773e-19
3.30502174e+00 9.274428155610218e-19
3.30855652e+00 9.269472543097385e-19
3.31209130e+00 9.264524865913775e-19
3.31562609e+00 9.259585102904151e-19
3.31916087e+00 9.254653232992149e-19
3.32269565e+00 9.249729235179894e-19
3.32623043e+00 9.244813088547648e-19
3.32976522e+00 9.239904772253404e-19
3.33330000e+00 9.235004265532540e-19
3.33683478e+00 9.230111547697443e-19
3.34036957e+00 9.225226598137137e-19
3.34390435e+00 9.220349396316926e-19
3.34743913e+00 9.215479921778027e-19
3.35097391e+00 9.210618154137208e-19
3.35450870e+00 9.205764073086436e-19
3.35804348e+00 9.200917658392510e-19
3.36157826e+00 9.196078889896725e-19
3.36511304e+00 9.191247747514496e-19
3.36864783e+00 9.186424211235028e-19
3.37218261e+00 9.181608261120960e-19
3.37571739e+00 9.176799877308013e-19
3.37925217e+00 9.171999040004660e-19
3.38278696e+00 9.167205729491768e-19
3.38632174e+00 9.162419926122272e-19
3.38985652e+00 9.157641610320827e-19
3.39339130e+00 9.152870762583473e-19
3.39692609e+00 9.148107363477310e-19
3.40046087e+00 9.143351393640148e-19
3.40399565e+00 9.138602833780197e-19
3.40753043e+00 9.133861664675722e-19
3.41106522e+00 9.129127867174722e-19
3.41460000e+00 9.124401422194607e-19
3.41813478e+00 9.119682310721873e-19
3.42166957e+00 9.114970513811782e-19
3.42520435e+00 9.110266012588040e-19
3.42873913e+00 9.105568788242481e-19
3.43227391e+00 9.100878822034751e-19
3.43580870e+00 9.096196095291993e-19
3.43934348e+00 9.091520589408541e-19
3.44287826e+00 9.086852285845599e-19
3.44641304e+00 9.082191166130938e-19
3.44994783e+00 9.077537211858589e-19
3.45348261e+00 9.072890404688542e-19
3.45701739e+00 9.068250726346432e-19
3.46055217e+00 9.063618158623244e-19
3.46408696e+00 9.058992683375013e-19
3.46762174e+00 9.054374282522525e-19
3.47115652e+00 9.049762938051016e-19
3.47469130e+00 9.045158632009886e-19
3.47822609e+00 9.040561346512397e-19
3.48176087e+00 9.035971063735380e-19
3.48529565e+00 9.031387765918958e-19
3.48883043e+00 9.026811435366241e-19
3.49236522e+00 9.022242054443047e-19
3.49590000e+00 9.017679605577618e-19
3.49943478e+00 9.013124071260336e-19
3.50296957e+00 9.008575434043433e-19
3.50650435e+00 9.004033676540719e-19
3.51003913e+00 8.999498781427306e-19
3.51357391e+00 8.994970731439312e-19
3.51710870e+00 8.990449509373609e-19
3.52064348e+00 8.985935098087530e-19
3.52417826e+00 8.981427480498605e-19
3.52771304e+00 8.976926639584291e-19
3.53124783e+00 8.972432558381695e-19
3.53478261e+00 8.967945219987305e-19
3.53831739e+00 8.963464607556738e-19
3.54185217e+00 8.958990704304450e-19
3.54538696e+00 8.954523493503496e-19
3.54892174e+00 8.950062958485250e-19
3.55245652e+00 8.945609082639158e-19
3.55599130e+00 8.941161849412459e-19
3.55952609e+00 8.936721242309949e-19
3.56306087e+00 8.932287244893708e-19
3.56659565e+00 8.927859840782852e-19
3.57013043e+00 8.923439013653271e-19
3.57366522e+00 8.919024747237391e-19
3.57720000e+00 8.914617025323905e-19
3.58073478e+00 8.910215831757536e-19
3.58426957e+00 8.905821150438780e-19
3.58780435e+00 8.901432965323667e-19
3.59133913e+00 8.897051260423506e-19
3.59487391e+00 8.892676019804646e-19
3.59840870e+00 8.888307227588234e-19
3.60194348e+00 8.883944867949962e-19
3.60547826e+00 8.879588925119843e-19
3.60901304e+00 8.875239383381958e-19
3.61254783e+00 8.870896227074226e-19
3.61608261e+00 8.866559440588162e-19
3.61961739e+00 8.862229008368642e-19
3.62315217e+00 8.857904914913676e-19
3.62668696e+00 8.853587144774161e-19
3.63022174e+00 8.849275682553664e-19
3.63375652e+00 8.844970512908177e-19
3.63729130e+00 8.840671620545904e-19
3.64082609e+00 8.836378990227015e-19
3.64436087e+00 8.832092606763437e-19
3.64789565e+00 8.827812455018613e-19
3.65143043e+00 8.823538519907287e-19
3.65496522e+00 8.819270786395276e-19
3.65850000e+00 8.815009239499251e-19
3.66203478e+00 8.810753864286514e-19
3.66556957e+00 8.806504645874777e-19
3.66910435e+00 8.802261569431951e-19
3.67263913e+00 8.798024620175912e-19
3.67617391e+00 8.793793783374309e-19
3.67970870e+00 8.789569044344326e-19
3.68324348e+00 8.785350388452478e-19
3.68677826e+00 8.781137801114401e-19
3.69031304e+00 8.776931267794636e-19
3.69384783e+00 8.772730774006416e-19
3.69738261e+00 8.768536305311460e-19
3.70091739e+00 8.764347847319770e-19
3.70445217e+00 8.760165385689410e-19
3.70798696e+00 8.755988906126310e-19
3.71152174e+00 8.751818394384061e-19
3.71505652e+00 8.747653836263705e-19
3.71859130e+00 8.743495217613536e-19
3.72212609e+00 8.739342524328897e-19
3.72566087e+00 8.735195742351979e-19
3.72919565e+00 8.731054857671622e-19
3.73273043e+00 8.726919856323117e-19
3.73626522e+00 8.722790724388005e-19
3.73980000e+00 8.718667447993879e-19
3.74333478e+00 8.714550013314198e-19
3.74686957e+00 8.710438406568076e-19
3.75040435e+00 8.706332614020108e-19
3.75393913e+00 8.702232621980162e-19
3.75747391e+00 8.698138416803190e-19
3.76100870e+00 8.694049984889046e-19
3.76454348e+00 8.689967312682284e-19
3.76807826e+00 8.685890386671976e-19
3.77161304e+00 8.681819193391526e-19
3.77514783e+00 8.677753719418478e-19
3.77868261e+00 8.673693951374336e-19
3.78221739e+00 8.669639875924370e-19
3.78575217e+00 8.665591479777441e-19
3.78928696e+00 8.661548749685817e-19
3.79282174e+00 8.657511672444983e-19
3.79635652e+00 8.653480234893472e-19
3.79989130e+00 8.649454423912671e-19
3.80342609e+00 8.645434226426656e-19
3.80696087e+00 8.641419629402004e-19
3.81049565e+00 8.637410619847615e-19
3.81403043e+00 8.633407184814545e-19
3.81756522e+00 8.629409311395813e-19
3.82110000e+00 8.625416986726253e-19
3.82463478e+00 8.621430197982310e-19
3.82816957e+00 8.617448932381889e-19
3.83170435e+00 8.613473177184173e-19
3.83523913e+00 8.609502919689449e-19
3.83877391e+00 8.605538147238956e-19
3.84230870e+00 8.601578847214685e-19
3.84584348e+00 8.597625007039241e-19
3.84937826e+00 8.593676614175654e-19
3.85291304e+00 8.589733656127222e-19
3.85644783e+00 8.585796120437343e-19
3.85998261e+00 8.581863994689346e-19
3.86351739e+00 8.577937266506336e-19
3.86705217e+00 8.574015923551015e-19
3.87058696e+00 8.570099953525536e-19
3.87412174e+00 8.566189344171332e-19
3.87765652e+00 8.562284083268954e-19
3.88119130e+00 8.558384158637912e-19
3.88472609e+00 8.554489558136520e-19
3.88826087e+00 8.550600269661730e-19
3.89179565e+00 8.546716281148977e-19
3.89533043e+00 8.542837580572027e-19
3.89886522e+00 8.538964155942810e-19
3.90240000e+00 8.535095995311277e-19
3.90593478e+00 8.531233086765229e-19
3.90946957e+00 8.527375418430183e-19
3.91300435e+00 8.523522978469200e-19
3.91653913e+00 8.519675755082745e-19
3.92007391e+00 8.515833736508527e-19
3.92360870e+00 8.511996911021354e-19
3.92714348e+00 8.508165266932984e-19
3.93067826e+00 8.504338792591961e-19
3.93421304e+00 8.500517476383490e-19
3.93774783e+00 8.496701306729266e-19
3.94128261e+00 8.492890272087344e-19
3.94481739e+00 8.489084360951978e-19
3.94835217e+00 8.485283561853489e-19
3.95188696e+00 8.481487863358107e-19
3.95542174e+00 8.477697254067833e-19
3.95895652e+00 8.473911722620301e-19
3.96249130e+00 8.470131257688621e-19
3.96602609e+00 8.466355847981250e-19
3.96956087e+00 8.462585482241840e-19
3.97309565e+00 8.458820149249107e-19
3.97663043e+00 8.455059837816678e-19
3.98016522e+00 8.451304536792966e-19
3.98370000e+00 8.447554235061020e-19
3.98723478e+00 8.443808921538394e-19
3.99076957e+00 8.440068585177003e-19
3.99430435e+00 8.436333214962988e-19
3.99783913e+00 8.432602799916588e-19
4.00137391e+00 8.428877329091987e-19
4.00490870e+00 8.425156791577202e-19
4.00844348e+00 8.421441176493927e-19
4.01197826e+00 8.417730472997411e-19
4.01551304e+00 8.414024670276326e-19
4.01904783e+00 8.410323757552628e-19
4.02258261e+00 8.406627724081431e-19
4.02611739e+00 8.402936559150872e-19
4.02965217e+00 8.399250252081984e-19
4.03318696e+00 8.395568792228565e-19
4.03672174e+00 8.391892168977049e-19
4.04025652e+00 8.388220371746376e-19
4.04379130e+00 8.384553389987863e-19
4.04732609e+00 8.380891213185083e-19
4.05086087e+00 8.377233830853733e-19
4.05439565e+00 8.373581232541508e-19
4.05793043e+00 8.369933407827977e-19
4.06146522e+00 8.366290346324462e-19
4.06500000e+00 8.362652037673901e-19
4.06853478e+00 8.359018471550741e-19
4.07206957e+00 8.355389637660800e-19
4.07560435e+00 8.351765525741159e-19
4.07913913e+00 8.348146125560029e-19
4.08267391e+00 8.344531426916629e-19
4.08620870e+00 8.340921419641076e-19
4.08974348e+00 8.337316093594255e-19
4.09327826e+00 8.333715438667701e-19
4.09681304e+00 8.330119444783487e-19
4.10034783e+00 8.326528101894093e-19
4.10388261e+00 8.322941399982301e-19
4.10741739e+00 8.319359329061067e-19
4.11095217e+00 8.315781879173416e-19
4.11448696e+00 8.312209040392313e-19
4.11802174e+00 8.308640802820554e-19
4.12155652e+00 8.305077156590649e-19
4.12509130e+00 8.301518091864712e-19
4.12862609e+00 8.297963598834342e-19
4.13216087e+00 8.294413667720507e-19
4.13569565e+00 8.290868288773440e-19
4.13923043e+00 8.287327452272520e-19
4.14276522e+00 8.283791148526158e-19
4.14630000e+00 8.280259367871691e-19
4.14983478e+00 8.276732100675274e-19
4.15336957e+00 8.273209337331753e-19
4.15690435e+00 8.269691068264583e-19
4.16043913e+00 8.266177283925685e-19
4.16397391e+00 8.262667974795367e-19
4.16750870e+00 8.259163131382199e-19
4.17104348e+00 8.255662744222909e-19
4.17457826e+00 8.252166803882279e-19
4.17811304e+00 8.248675300953032e-19
4.18164783e+00 8.245188226055732e-19
4.18518261e+00 8.241705569838670e-19
4.18871739e+00 8.238227322977773e-19
4.19225217e+00 8.234753476176481e-19
4.19578696e+00 8.231284020165657e-19
4.19932174e+00 8.227818945703478e-19
4.20285652e+00 8.224358243575324e-19
4.20639130e+00 8.220901904593696e-19
4.20992609e+00 8.217449919598085e-19
4.21346087e+00 8.214002279454897e-19
4.21699565e+00 8.210558975057333e-19
4.22053043e+00 8.207119997325297e-19
4.22406522e+00 8.203685337205294e-19
4.22760000e+00 8.200254985670325e-19
4.23113478e+00 8.196828933719794e-19
4.23466957e+00 8.193407172379406e-19
4.23820435e+00 8.189989692701069e-19
4.24173913e+00 8.186576485762794e-19
4.24527391e+00 8.183167542668598e-19
4.24880870e+00 8.179762854548405e-19
4.25234348e+00 8.176362412557957e-19
4.25587826e+00 8.172966207878705e-19
4.25941304e+00 8.169574231717721e-19
4.26294783e+00 8.166186475307604e-19
4.26648261e+00 8.162802929906376e-19
4.27001739e+00 8.159423586797399e-19
4.27355217e+00 8.156048437289270e-19
4.27708696e+00 8.152677472715732e-19
4.28062174e+00 8.149310684435584e-19
4.28415652e+00 8.145948063832578e-19
4.28769130e+00 8.142589602315338e-19
4.29122609e+00 8.139235291317260e-19
4.29476087e+00 8.135885122296421e-19
4.29829565e+00 8.132539086735493e-19
4.30183043e+00 8.129197176141646e-19
4.30536522e+00 8.125859382046457e-19
4.30890000e+00 8.122525696005827e-19
4.31243478e+00 8.119196109599887e-19
4.31596957e+00 8.115870614432904e-19
4.31950435e+00 8.112549202133202e-19
4.32303913e+00 8.109231864353063e-19
4.32657391e+00 8.105918592768648e-19
4.33010870e+00 8.102609379079902e-19
4.33364348e+00 8.099304215010474e-19
4.33717826e+00 8.096003092307623e-19
4.34071304e+00 8.092706002742132e-19
4.34424783e+00 8.089412938108232e-19
4.34778261e+00 8.086123890223500e-19
4.35131739e+00 8.082838850928788e-19
4.35485217e+00 8.079557812088130e-19
4.35838696e+00 8.076280765588659e-19
4.36192174e+00 8.073007703340525e-19
4.36545652e+00 8.069738617276805e-19
4.36899130e+00 8.066473499353430e-19
4.37252609e+00 8.063212341549092e-19
4.37606087e+00 8.059955135865166e-19
4.37959565e+00 8.056701874325624e-19
4.38313043e+00 8.053452548976961e-19
4.38666522e+00 8.050207151888103e-19
4.39020000e+00 8.046965675150333e-19
4.39373478e+00 8.043728110877204e-19
4.39726957e+00 8.040494451204467e-19
4.40080435e+00 8.037264688289982e-19
4.40433913e+00 8.034038814313645e-19
4.40787391e+00 8.030816821477304e-19
4.41140870e+00 8.027598702004680e-19
4.41494348e+00 8.024384448141290e-19
4.41847826e+00 8.021174052154368e-19
4.42201304e+00 8.017967506332788e-19
4.42554783e+00 8.014764802986986e-19
4.42908261e+00 8.011565934448876e-19
4.43261739e+00 8.008370893071783e-19
4.43615217e+00 8.005179671230360e-19
4.43968696e+00 8.001992261320516e-19
4.44322174e+00 7.998808655759332e-19
4.44675652e+00 7.995628846984995e-19
4.45029130e+00 7.992452827456717e-19
4.45382609e+00 7.989280589654657e-19
4.45736087e+00 7.986112126079857e-19
4.46089565e+00 7.982947429254152e-19
4.46443043e+00 7.979786491720112e-19
4.46796522e+00 7.976629306040955e-19
4.47150000e+00 7.973475864800486e-19
4.47503478e+00 7.970326160603008e-19
4.47856957e+00 7.967180186073267e-19
4.48210435e+00 7.964037933856364e-19
4.48563913e+00 7.960899396617691e-19
4.48917391e+00 7.957764567042858e-19
4.49270870e+00 7.954633437837624e-19
4.49624348e+00 7.951506001727818e-19
4.49977826e+00 7.948382251459272e-19
4.50331304e+00 7.945262179797758e-19
4.50684783e+00 7.942145779528902e-19
4.51038261e+00 7.939033043458128e-19
4.51391739e+00 7.935923964410582e-19
4.51745217e+00 7.932818535231059e-19
4.52098696e+00 7.929716748783944e-19
4.52452174e+00 7.926618597953136e-19
4.52805652e+00 7.923524075641977e-19
4.53159130e+00 7.920433174773191e-19
4.53512609e+00 7.917345888288810e-19
4.53866087e+00 7.914262209150110e-19
4.54219565e+00 7.911182130337546e-19
4.54573043e+00 7.908105644850675e-19
4.54926522e+00 7.905032745708098e-19
4.55280000e+00 7.901963425947392e-19
4.55633478e+00 7.898897678625039e-19
4.55986957e+00 7.895835496816369e-19
4.56340435e+00 7.892776873615487e-19
4.56693913e+00 7.889721802135205e-19
4.57047391e+00 7.886670275506989e-19
4.57400870e+00 7.883622286880881e-19
4.57754348e+00 7.880577829425441e-19
4.58107826e+00 7.877536896327682e-19
4.58461304e+00 7.874499480793010e-19
4.58814783e+00 7.871465576045146e-19
4.59168261e+00 7.868435175326084e-19
4.59521739e+00 7.865408271896007e-19
4.59875217e+00 7.862384859033236e-19
4.60228696e+00 7.859364930034168e-19
4.60582174e+00 7.856348478213203e-19
4.60935652e+00 7.853335496902697e-19
4.61289130e+00 7.850325979452887e-19
4.61642609e+00 7.847319919231835e-19
4.61996087e+00 7.844317309625364e-19
4.62349565e+00 7.841318144037006e-19
4.62703043e+00 7.838322415887925e-19
4.63056522e+00 7.835330118616873e-19
4.63410000e+00 7.832341245680118e-19
4.63763478e+00 7.829355790551386e-19
4.64116957e+00 7.826373746721809e-19
4.64470435e+00 7.823395107699854e-19
4.64823913e+00 7.820419867011274e-19
4.65177391e+00 7.817448018199036e-19
4.65530870e+00 7.814479554823281e-19
4.65884348e+00 7.811514470461248e-19
4.66237826e+00 7.808552758707221e-19
4.66591304e+00 7.805594413172476e-19
4.66944783e+00 7.802639427485216e-19
4.67298261e+00 7.799687795290520e-19
4.67651739e+00 7.796739510250280e-19
4.68005217e+00 7.793794566043145e-19
4.68358696e+00 7.790852956364467e-19
4.68712174e+00 7.787914674926241e-19
4.69065652e+00 7.784979715457051e-19
4.69419130e+00 7.782048071702011e-19
4.69772609e+00 7.779119737422715e-19
4.70126087e+00 7.776194706397171e-19
4.70479565e+00 7.773272972419755e-19
4.70833043e+00 7.770354529301150e-19
4.71186522e+00 7.767439370868299e-19
4.71540000e+00 7.764527490964334e-19
4.71893478e+00 7.761618883448542e-19
4.72246957e+00 7.758713542196294e-19
4.72600435e+00 7.755811461098997e-19
4.72953913e+00 7.752912634064045e-19
4.73307391e+00 7.750017055014753e-19
4.73660870e+00 7.747124717890318e-19
4.74014348e+00 7.744235616645755e-19
4.74367826e+00 7.741349745251848e-19
4.74721304e+00 7.738467097695098e-19
4.75074783e+00 7.735587667977665e-19
4.75428261e+00 7.732711450117325e-19
4.75781739e+00 7.729838438147411e-19
4.76135217e+00 7.726968626116758e-19
4.76488696e+00 7.724102008089663e-19
4.76842174e+00 7.721238578145819e-19
4.77195652e+00 7.718378330380276e-19
4.77549130e+00 7.715521258903384e-19
4.77902609e+00 7.712667357840739e-19
4.78256087e+00 7.709816621333140e-19
4.78609565e+00 7.706969043536532e-19
4.78963043e+00 7.704124618621958e-19
4.79316522e+00 7.701283340775515e-19
4.79670000e+00 7.698445204198286e-19
4.80023478e+00 7.695610203106316e-19
4.80376957e+00 7.692778331730537e-19
4.80730435e+00 7.689949584316741e-19
4.81083913e+00 7.687123955125512e-19
4.81437391e+00 7.684301438432190e-19
4.81790870e+00 7.681482028526818e-19
4.82144348e+00 7.678665719714089e-19
4.82497826e+00 7.675852506313309e-19
4.82851304e+00 7.673042382658337e-19
4.83204783e+00 7.670235343097542e-19
4.83558261e+00 7.667431381993760e-19
4.83911739e+00 7.664630493724232e-19
4.84265217e+00 7.661832672680578e-19
4.84618696e+00 7.659037913268727e-19
4.84972174e+00 7.656246209908894e-19
4.85325652e+00 7.653457557035506e-19
4.85679130e+00 7.650671949097180e-19
4.86032609e+00 7.647889380556664e-19
4.86386087e+00 7.645109845890791e-19
4.86739565e+00 7.642333339590436e-19
4.87093043e+00 7.639559856160471e-19
4.87446522e+00 7.636789390119716e-19
4.87800000e+00 7.634021936000897e-19
4.88153478e+00 7.631257488350592e-19
4.88506957e+00 7.628496041729203e-19
4.88860435e+00 7.625737590710894e-19
4.89213913e+00 7.622982129883551e-19
4.89567391e+00 7.620229653848748e-19
4.89920870e+00 7.617480157221682e-19
4.90274348e+00 7.614733634631152e-19
4.90627826e+00 7.611990080719497e-19
4.90981304e+00 7.609249490142560e-19
4.91334783e+00 7.606511857569644e-19
4.91688261e+00 7.603777177683465e-19
4.92041739e+00 7.601045445180115e-19
4.92395217e+00 7.598316654769008e-19
4.92748696e+00 7.595590801172852e-19
4.93102174e+00 7.592867879127595e-19
4.93455652e+00 7.590147883382379e-19
4.93809130e+00 7.587430808699514e-19
4.94162609e+00 7.584716649854417e-19
4.94516087e+00 7.582005401635582e-19
4.94869565e+00 7.579297058844534e-19
4.95223043e+00 7.576591616295787e-19
4.95576522e+00 7.573889068816801e-19
4.95930000e+00 7.571189411247944e-19
4.96283478e+00 7.568492638442448e-19
4.96636957e+00 7.565798745266367e-19
4.96990435e+00 7.563107726598540e-19
4.97343913e+00 7.560419577330545e-19
4.97697391e+00 7.557734292366663e-19
4.98050870e+00 7.555051866623833e-19
4.98404348e+00 7.552372295031617e-19
4.98757826e+00 7.549695572532149e-19
4.99111304e+00 7.547021694080112e-19
4.99464783e+00 7.544350654642683e-19
4.99818261e+00 7.541682449199500e-19
5.00171739e+00 7.539017072742620e-19
5.00525217e+00 7.536354520276484e-19
5.00878696e+00 7.533694786817868e-19
5.01232174e+00 7.531037867395857e-19
5.01585652e+00 7.528383757051792e-19
5.01939130e+00 7.525732450839248e-19
5.02292609e+00 7.523083943823974e-19
5.02646087e+00 7.520438231083873e-19
5.02999565e+00 7.517795307708956e-19
5.03353043e+00 7.515155168801303e-19
5.03706522e+00 7.512517809475025e-19
5.04060000e+00 7.509883224856228e-19
5.04413478e+00 7.507251410082977e-19
5.04766957e+00 7.504622360305249e-19
5.05120435e+00 7.501996070684911e-19
5.05473913e+00 7.499372536395665e-19
5.05827391e+00 7.496751752623029e-19
5.06180870e+00 7.494133714564277e-19
5.06534348e+00 7.491518417428429e-19
5.06887826e+00 7.488905856436191e-19
5.07241304e+00 7.486296026819933e-19
5.07594783e+00 7.483688923823646e-19
5.07948261e+00 7.481084542702904e-19
5.08301739e+00 7.478482878724836e-19
5.08655217e+00 7.475883927168081e-19
5.09008696e+00 7.473287683322754e-19
5.09362174e+00 7.470694142490418e-19
5.09715652e+00 7.468103299984035e-19
5.10069130e+00 7.465515151127941e-19
5.10422609e+00 7.462929691257805e-19
5.10776087e+00 7.460346915720599e-19
5.11129565e+00 7.457766819874555e-19
5.11483043e+00 7.455189399089138e-19
5.11836522e+00 7.452614648745006e-19
5.12190000e+00 7.450042564233977e-19
5.12543478e+00 7.447473140958994e-19
5.12896957e+00 7.444906374334091e-19
5.13250435e+00 7.442342259784359e-19
5.13603913e+00 7.439780792745907e-19
5.13957391e+00 7.437221968665839e-19
5.14310870e+00 7.434665783002202e-19
5.14664348e+00 7.432112231223977e-19
5.15017826e+00 7.429561308811020e-19
5.15371304e+00 7.427013011254044e-19
5.15724783e+00 7.424467334054583e-19
5.16078261e+00 7.421924272724952e-19
5.16431739e+00 7.419383822788223e-19
5.16785217e+00 7.416845979778185e-19
5.17138696e+00 7.414310739239315e-19
5.17492174e+00 7.411778096726742e-19
5.17845652e+00 7.409248047806218e-19
5.18199130e+00 7.406720588054082e-19
5.18552609e+00 7.404195713057229e-19
5.18906087e+00 7.401673418413078e-19
5.19259565e+00 7.399153699729540e-19
5.19613043e+00 7.396636552624983e-19
5.19966522e+00 7.394121972728204e-19
5.20320000e+00 7.391609955678394e-19
5.20673478e+00 7.389100497125107e-19
5.21026957e+00 7.386593592728231e-19
5.21380435e+00 7.384089238157953e-19
5.21733913e+00 7.381587429094731e-19
5.22087391e+00 7.379088161229255e-19
5.22440870e+00 7.376591430262427e-19
5.22794348e+00 7.374097231905324e-19
5.23147826e+00 7.371605561879164e-19
5.23501304e+00 7.369116415915281e-19
5.23854783e+00 7.366629789755091e-19
5.24208261e+00 7.364145679150064e-19
5.24561739e+00 7.361664079861689e-19
5.24915217e+00 7.359184987661451e-19
5.25268696e+00 7.356708398330790e-19
5.25622174e+00 7.354234307661081e-19
5.25975652e+00 7.351762711453601e-19
5.26329130e+00 7.349293605519495e-19
5.26682609e+00 7.346826985679749e-19
5.27036087e+00 7.344362847765165e-19
5.27389565e+00 7.341901187616322e-19
5.27743043e+00 7.339442001083554e-19
5.28096522e+00 7.336985284026919e-19
5.28450000e+00 7.334531032316163e-19
5.28803478e+00 7.332079241830706e-19
5.29156957e+00 7.329629908459596e-19
5.29510435e+00 7.327183028101489e-19
5.29863913e+00 7.324738596664622e-19
5.30217391e+00 7.322296610066778e-19
5.30570870e+00 7.319857064235264e-19
5.30924348e+00 7.317419955106871e-19
5.31277826e+00 7.314985278627863e-19
5.31631304e+00 7.312553030753934e-19
5.31984783e+00 7.310123207450183e-19
5.32338261e+00 7.307695804691097e-19
5.32691739e+00 7.305270818460499e-19
5.33045217e+00 7.302848244751550e-19
5.33398696e+00 7.300428079566697e-19
5.33752174e+00 7.298010318917656e-19
5.34105652e+00 7.295594958825385e-19
5.34459130e+00 7.293181995320051e-19
5.34812609e+00 7.290771424441010e-19
5.35166087e+00 7.288363242236770e-19
5.35519565e+00 7.285957444764976e-19
5.35873043e+00 7.283554028092371e-19
5.36226522e+00 7.281152988294777e-19
5.36580000e+00 7.278754321457063e-19
5.36933478e+00 7.276358023673124e-19
5.37286957e+00 7.273964091045848e-19
5.37640435e+00 7.271572519687091e-19
5.37993913e+00 7.269183305717657e-19
5.38347391e+00 7.266796445267261e-19
5.38700870e+00 7.264411934474509e-19
5.39054348e+00 7.262029769486872e-19
5.39407826e+00 7.259649946460659e-19
5.39761304e+00 7.257272461560987e-19
5.40114783e+00 7.254897310961765e-19
5.40468261e+00 7.252524490845654e-19
5.40821739e+00 7.250153997404053e-19
5.41175217e+00 7.247785826837070e-19
5.41528696e+00 7.245419975353493e-19
5.41882174e+00 7.243056439170771e-19
5.42235652e+00 7.240695214514978e-19
5.42589130e+00 7.238336297620804e-19
5.42942609e+00 7.235979684731509e-19
5.43296087e+00 7.233625372098920e-19
5.43649565e+00 7.231273355983388e-19
5.44003043e+00 7.228923632653772e-19
5.44356522e+00 7.226576198387412e-19
5.44710000e+00 7.224231049470106e-19
5.45063478e+00 7.221888182196082e-19
5.45416957e+00 7.219547592867975e-19
5.45770435e+00 7.217209277796807e-19
5.46123913e+00 7.214873233301950e-19
5.46477391e+00 7.212539455711117e-19
5.46830870e+00 7.210207941360330e-19
5.47184348e+00 7.207878686593892e-19
5.47537826e+00 7.205551687764373e-19
5.47891304e+00 7.203226941232575e-19
5.48244783e+00 7.200904443367521e-19
5.48598261e+00 7.198584190546414e-19
5.48951739e+00 7.196266179154630e-19
5.49305217e+00 7.193950405585689e-19
5.49658696e+00 7.191636866241220e-19
5.50012174e+00 7.189325557530960e-19
5.50365652e+00 7.187016475872706e-19
5.50719130e+00 7.184709617692313e-19
5.51072609e+00 7.182404979423657e-19
5.51426087e+00 7.180102557508616e-19
5.51779565e+00 7.177802348397049e-19
5.52133043e+00 7.175504348546766e-19
5.52486522e+00 7.173208554423520e-19
5.52840000e+00 7.170914962500963e-19
5.53193478e+00 7.168623569260644e-19
5.53546957e+00 7.166334371191971e-19
5.53900435e+00 7.164047364792201e-19
5.54253913e+00 7.161762546566400e-19
5.54607391e+00 7.159479913027444e-19
5.54960870e+00 7.157199460695973e-19
5.55314348e+00 7.154921186100388e-19
5.55667826e+00 7.152645085776817e-19
5.56021304e+00 7.150371156269097e-19
5.56374783e+00 7.148099394128751e-19
5.56728261e+00 7.145829795914967e-19
5.57081739e+00 7.143562358194577e-19
5.57435217e+00 7.141297077542029e-19
5.57788696e+00 7.139033950539377e-19
5.58142174e+00 7.136772973776246e-19
5.58495652e+00 7.134514143849821e-19
5.58849130e+00 7.132257457364821e-19
5.59202609e+00 7.130002910933474e-19
5.59556087e+00 7.127750501175506e-19
5.59909565e+00 7.125500224718108e-19
5.60263043e+00 7.123252078195920e-19
5.60616522e+00 7.121006058251014e-19
5.60970000e+00 7.118762161532865e-19
5.61323478e+00 7.116520384698334e-19
5.61676957e+00 7.114280724411650e-19
5.62030435e+00 7.112043177344384e-19
5.62383913e+00 7.109807740175429e-19
5.62737391e+00 7.107574409590981e-19
5.63090870e+00 7.105343182284521e-19
5.63444348e+00 7.103114054956790e-19
5.63797826e+00 7.100887024315767e-19
5.64151304e+00 7.098662087076653e-19
5.64504783e+00 7.096439239961853e-19
5.64858261e+00 7.094218479700945e-19
5.65211739e+00 7.091999803030672e-19
5.65565217e+00 7.089783206694914e-19
5.65918696e+00 7.087568687444674e-19
5.66272174e+00 7.085356242038045e-19
5.66625652e+00 7.083145867240212e-19
5.66979130e+00 7.080937559823412e-19
5.67332609e+00 7.078731316566922e-19
5.67686087e+00 7.076527134257043e-19
5.68039565e+00 7.074325009687071e-19
5.68393043e+00 7.072124939657289e-19
5.68746522e+00 7.069926920974936e-19
5.69100000e+00 7.067730950454195e-19
5.69453478e+00 7.065537024916174e-19
5.69806957e+00 7.063345141188879e-19
5.70160435e+00 7.061155296107205e-19
5.70513913e+00 7.058967486512905e-19
5.70867391e+00 7.056781709254585e-19
5.71220870e+00 7.054597961187675e-19
5.71574348e+00 7.052416239174410e-19
5.71927826e+00 7.050236540083813e-19
5.72281304e+00 7.048058860791684e-19
5.72634783e+00 7.045883198180566e-19
5.72988261e+00 7.043709549139736e-19
5.73341739e+00 7.041537910565187e-19
5.73695217e+00 7.039368279359604e-19
5.74048696e+00 7.037200652432351e-19
5.74402174e+00 7.035035026699447e-19
5.74755652e+00 7.032871399083554e-19
5.75109130e+00 7.030709766513948e-19
5.75462609e+00 7.028550125926516e-19
5.75816087e+00 7.026392474263726e-19
5.76169565e+00 7.024236808474609e-19
5.76523043e+00 7.022083125514749e-19
5.76876522e+00 7.019931422346257e-19
5.77230000e+00 7.017781695937759e-19
5.77583478e+00 7.015633943264372e-19
5.77936957e+00 7.013488161307693e-19
5.78290435e+00 7.011344347055772e-19
5.78643913e+00 7.009202497503106e-19
5.78997391e+00 7.007062609650609e-19
5.79350870e+00 7.004924680505604e-19
5.79704348e+00 7.002788707081803e-19
5.80057826e+00 7.000654686399283e-19
5.80411304e+00 6.998522615484480e-19
5.80764783e+00 6.996392491370160e-19
5.81118261e+00 6.994264311095412e-19
5.81471739e+00 6.992138071705623e-19
5.81825217e+00 6.990013770252464e-19
5.82178696e+00 6.987891403793869e-19
5.82532174e+00 6.985770969394028e-19
5.82885652e+00 6.983652464123358e-19
5.83239130e+00 6.981535885058494e-19
5.83592609e+00 6.979421229282268e-19
5.83946087e+00 6.977308493883693e-19
5.84299565e+00 6.975197675957947e-19
5.84653043e+00 6.973088772606357e-19
5.85006522e+00 6.970981780936379e-19
5.85360000e+00 6.968876698061584e-19
5.85713478e+00 6.966773521101643e-19
5.86066957e+00 6.964672247182303e-19
5.86420435e+00 6.962572873435381e-19
5.86773913e+00 6.960475396998743e-19
5.87127391e+00 6.958379815016279e-19
5.87480870e+00 6.956286124637903e-19
5.87834348e+00 6.954194323019526e-19
5.88187826e+00 6.952104407323039e-19
5.88541304e+00 6.950016374716302e-19
5.88894783e+00 6.947930222373126e-19
5.89248261e+00 6.945845947473259e-19
5.89601739e+00 6.943763547202362e-19
5.89955217e+00 6.941683018752004e-19
5.90308696e+00 6.939604359319638e-19
5.90662174e+00 6.937527566108588e-19
5.91015652e+00 6.935452636328037e-19
5.91369130e+00 6.933379567192998e-19
5.91722609e+00 6.931308355924320e-19
5.92076087e+00 6.929238999748652e-19
5.92429565e+00 6.927171495898439e-19
5.92783043e+00 6.925105841611899e-19
5.93136522e+00 6.923042034133013e-19
5.93490000e+00 6.920980070711512e-19
5.93843478e+00 6.918919948602852e-19
5.94196957e+00 6.916861665068209e-19
5.94550435e+00 6.914805217374456e-19
5.94903913e+00 6.912750602794150e-19
5.95257391e+00 6.910697818605520e-19
5.95610870e+00 6.908646862092446e-19
5.95964348e+00 6.906597730544452e-19
5.96317826e+00 6.904550421256684e-19
5.96671304e+00 6.902504931529895e-19
5.97024783e+00 6.900461258670436e-19
5.97378261e+00 6.898419399990235e-19
5.97731739e+00 6.896379352806785e-19
5.98085217e+00 6.894341114443129e-19
5.98438696e+00 6.892304682227844e-19
5.98792174e+00 6.890270053495031e-19
5.99145652e+00 6.888237225584291e-19
5.99499130e+00 6.886206195840720e-19
5.99852609e+00 6.884176961614889e-19
6.00206087e+00 6.882149520262831e-19
6.00559565e+00 6.880123869146028e-19
6.00913043e+00 6.878100005631394e-19
6.01266522e+00 6.876077927091258e-19
6.01620000e+00 6.874057630903359e-19
6.01973478e+00 6.872039114450825e-19
6.02326957e+00 6.870022375122159e-19
6.02680435e+00 6.868007410311221e-19
6.03033913e+00 6.865994217417226e-19
6.03387391e+00 6.863982793844719e-19
6.03740870e+00 6.861973137003564e-19
6.04094348e+00 6.859965244308930e-19
6.04447826e+00 6.857959113181280e-19
6.04801304e+00 6.855954741046353e-19
6.05154783e+00 6.853952125335148e-19
6.05508261e+00 6.851951263483920e-19
6.05861739e+00 6.849952152934154e-19
6.06215217e+00 6.847954791132563e-19
6.06568696e+00 6.845959175531065e-19
6.06922174e+00 6.843965303586771e-19
6.07275652e+00 6.841973172761979e-19
6.07629130e+00 6.839982780524149e-19
6.07982609e+00 6.837994124345901e-19
6.08336087e+00 6.836007201704987e-19
6.08689565e+00 6.834022010084294e-19
6.09043043e+00 6.832038546971823e-19
6.09396522e+00 6.830056809860670e-19
6.09750000e+00 6.828076796249021e-19
6.10103478e+00 6.826098503640139e-19
6.10456957e+00 6.824121929542339e-19
6.10810435e+00 6.822147071468996e-19
6.11163913e+00 6.820173926938508e-19
6.11517391e+00 6.818202493474301e-19
6.11870870e+00 6.816232768604806e-19
6.12224348e+00 6.814264749863452e-19
6.12577826e+00 6.812298434788649e-19
6.12931304e+00 6.810333820923774e-19
6.13284783e+00 6.808370905817162e-19
6.13638261e+00 6.806409687022096e-19
6.13991739e+00 6.804450162096782e-19
6.14345217e+00 6.802492328604351e-19
6.14698696e+00 6.800536184112833e-19
6.15052174e+00 6.798581726195155e-19
6.15405652e+00 6.796628952429125e-19
6.15759130e+00 6.794677860397410e-19
6.16112609e+00 6.792728447687543e-19
6.16466087e+00 6.790780711891893e-19
6.16819565e+00 6.788834650607660e-19
6.17173043e+00 6.786890261436858e-19
6.17526522e+00 6.784947541986313e-19
6.17880000e+00 6.783006489867637e-19
6.18233478e+00 6.781067102697225e-19
6.18586957e+00 6.779129378096241e-19
6.18940435e+00 6.777193313690602e-19
6.19293913e+00 6.775258907110968e-19
6.19647391e+00 6.773326155992734e-19
6.20000870e+00 6.771395057976012e-19
6.20354348e+00 6.769465610705621e-19
6.20707826e+00 6.767537811831073e-19
6.21061304e+00 6.765611659006566e-19
6.21414783e+00 6.763687149890969e-19
6.21768261e+00 6.761764282147805e-19
6.22121739e+00 6.759843053445252e-19
6.22475217e+00 6.757923461456116e-19
6.22828696e+00 6.756005503857831e-19
6.23182174e+00 6.754089178332439e-19
6.23535652e+00 6.752174482566586e-19
6.23889130e+00 6.750261414251500e-19
6.24242609e+00 6.748349971082994e-19
6.24596087e+00 6.746440150761434e-19
6.24949565e+00 6.744531950991753e-19
6.25303043e+00 6.742625369483414e-19
6.25656522e+00 6.740720403950413e-19
6.26010000e+00 6.738817052111269e-19
6.26363478e+00 6.736915311689002e-19
6.26716957e+00 6.735015180411133e-19
6.27070435e+00 6.733116656009660e-19
6.27423913e+00 6.731219736221060e-19
6.27777391e+00 6.729324418786270e-19
6.28130870e+00 6.727430701450676e-19
6.28484348e+00 6.725538581964103e-19
6.28837826e+00 6.723648058080803e-19
6.29191304e+00 6.721759127559448e-19
6.29544783e+00 6.719871788163109e-19
6.29898261e+00 6.717986037659256e-19
6.30251739e+00 6.716101873819742e-19
6.30605217e+00 6.714219294420789e-19
6.30958696e+00 6.712338297242983e-19
6.31312174e+00 6.710458880071258e-19
6.31665652e+00 6.708581040694887e-19
6.32019130e+00 6.706704776907471e-19
6.32372609e+00 6.704830086506931e-19
6.32726087e+00 6.702956967295491e-19
6.33079565e+00 6.701085417079673e-19
6.33433043e+00 6.699215433670280e-19
6.33786522e+00 6.697347014882396e-19
6.34140000e+00 6.695480158535359e-19
6.34493478e+00 6.693614862452766e-19
6.34846957e+00 6.691751124462454e-19
6.35200435e+00 6.689888942396494e-19
6.35553913e+00 6.688028314091171e-19
6.35907391e+00 6.686169237386987e-19
6.36260870e+00 6.684311710128641e-19
6.36614348e+00 6.682455730165020e-19
6.36967826e+00 6.680601295349191e-19
6.37321304e+00 6.678748403538389e-19
6.37674783e+00 6.676897052594008e-19
6.38028261e+00 6.675047240381588e-19
6.38381739e+00 6.673198964770805e-19
6.38735217e+00 6.671352223635464e-19
6.39088696e+00 6.669507014853485e-19
6.39442174e+00 6.667663336306897e-19
6.39795652e+00 6.665821185881821e-19
6.40149130e+00 6.663980561468466e-19
6.40502609e+00 6.662141460961119e-19
6.40856087e+00 6.660303882258129e-19
6.41209565e+00 6.658467823261903e-19
6.41563043e+00 6.656633281878890e-19
6.41916522e+00 6.654800256019579e-19
6.42270000e+00 6.652968743598484e-19
6.42623478e+00 6.651138742534130e-19
6.42976957e+00 6.649310250749052e-19
6.43330435e+00 6.647483266169780e-19
6.43683913e+00 6.645657786726826e-19
6.44037391e+00 6.643833810354685e-19
6.44390870e+00 6.642011334991813e-19
6.44744348e+00 6.640190358580622e-19
6.45097826e+00 6.638370879067473e-19
6.45451304e+00 6.636552894402662e-19
6.45804783e+00 6.634736402540417e-19
6.46158261e+00 6.632921401438876e-19
6.46511739e+00 6.631107889060087e-19
6.46865217e+00 6.629295863370003e-19
6.47218696e+00 6.627485322338455e-19
6.47572174e+00 6.625676263939164e-19
6.47925652e+00 6.623868686149711e-19
6.48279130e+00 6.622062586951544e-19
6.48632609e+00 6.620257964329955e-19
6.48986087e+00 6.618454816274085e-19
6.49339565e+00 6.616653140776902e-19
6.49693043e+00 6.614852935835196e-19
6.50046522e+00 6.613054199449573e-19
6.50400000e+00 6.611256929624437e-19
6.50753478e+00 6.609461124367996e-19
6.51106957e+00 6.607666781692236e-19
6.51460435e+00 6.605873899612917e-19
6.51813913e+00 6.604082476149573e-19
6.52167391e+00 6.602292509325490e-19
6.52520870e+00 6.600503997167705e-19
6.52874348e+00 6.598716937706992e-19
6.53227826e+00 6.596931328977857e-19
6.53581304e+00 6.595147169018526e-19
6.53934783e+00 6.593364455870937e-19
6.54288261e+00 6.591583187580732e-19
6.54641739e+00 6.589803362197245e-19
6.54995217e+00 6.588024977773498e-19
6.55348696e+00 6.586248032366185e-19
6.55702174e+00 6.584472524035672e-19
6.56055652e+00 6.582698450845977e-19
6.56409130e+00 6.580925810864774e-19
6.56762609e+00 6.579154602163372e-19
6.57116087e+00 6.577384822816716e-19
6.57469565e+00 6.575616470903369e-19
6.57823043e+00 6.573849544505514e-19
6.58176522e+00 6.572084041708936e-19
6.58530000e+00 6.570319960603016e-19
6.58883478e+00 6.568557299280726e-19
6.59236957e+00 6.566796055838613e-19
6.59590435e+00 6.565036228376799e-19
6.59943913e+00 6.563277814998966e-19
6.60297391e+00 6.561520813812351e-19
6.60650870e+00 6.559765222927734e-19
6.61004348e+00 6.558011040459431e-19
6.61357826e+00 6.556258264525289e-19
6.61711304e+00 6.554506893246672e-19
6.62064783e+00 6.552756924748457e-19
6.62418261e+00 6.551008357159020e-19
6.62771739e+00 6.549261188610235e-19
6.63125217e+00 6.547515417237462e-19
6.63478696e+00 6.545771041179532e-19
6.63832174e+00 6.544028058578753e-19
6.64185652e+00 6.542286467580891e-19
6.64539130e+00 6.540546266335162e-19
6.64892609e+00 6.538807452994229e-19
6.65246087e+00 6.537070025714192e-19
6.65599565e+00 6.535333982654575e-19
6.65953043e+00 6.533599321978324e-19
6.66306522e+00 6.531866041851795e-19
6.66660000e+00 6.530134140444751e-19
6.67013478e+00 6.528403615930345e-19
6.67366957e+00 6.526674466485121e-19
6.67720435e+00 6.524946690289001e-19
6.68073913e+00 6.523220285525275e-19
6.68427391e+00 6.521495250380601e-19
6.68780870e+00 6.519771583044988e-19
6.69134348e+00 6.518049281711794e-19
6.69487826e+00 6.516328344577716e-19
6.69841304e+00 6.514608769842782e-19
6.70194783e+00 6.512890555710342e-19
6.70548261e+00 6.511173700387059e-19
6.70901739e+00 6.509458202082910e-19
6.71255217e+00 6.507744059011167e-19
6.71608696e+00 6.506031269388394e-19
6.71962174e+00 6.504319831434441e-19
6.72315652e+00 6.502609743372432e-19
6.72669130e+00 6.500901003428761e-19
6.73022609e+00 6.499193609833080e-19
6.73376087e+00 6.497487560818298e-19
6.73729565e+00 6.495782854620570e-19
6.74083043e+00 6.494079489479282e-19
6.74436522e+00 6.492377463637055e-19
6.74790000e+00 6.490676775339734e-19
6.75143478e+00 6.488977422836375e-19
6.75496957e+00 6.487279404379241e-19
6.75850435e+00 6.485582718223799e-19
6.76203913e+00 6.483887362628705e-19
6.76557391e+00 6.482193335855801e-19
6.76910870e+00 6.480500636170104e-19
6.77264348e+00 6.478809261839804e-19
6.77617826e+00 6.477119211136253e-19
6.77971304e+00 6.475430482333951e-19
6.78324783e+00 6.473743073710557e-19
6.78678261e+00 6.472056983546861e-19
6.79031739e+00 6.470372210126790e-19
6.79385217e+00 6.468688751737395e-19
6.79738696e+00 6.467006606668844e-19
6.80092174e+00 6.465325773214418e-19
6.80445652e+00 6.463646249670503e-19
6.80799130e+00 6.461968034336578e-19
6.81152609e+00 6.460291125515209e-19
6.81506087e+00 6.458615521512050e-19
6.81859565e+00 6.456941220635826e-19
6.82213043e+00 6.455268221198329e-19
6.82566522e+00 6.453596521514412e-19
6.82920000e+00 6.451926119901985e-19
6.83273478e+00 6.450257014681997e-19
6.83626957e+00 6.448589204178440e-19
6.83980435e+00 6.446922686718339e-19
6.84333913e+00 6.445257460631741e-19
6.84687391e+00 6.443593524251713e-19
6.85040870e+00 6.441930875914333e-19
6.85394348e+00 6.440269513958680e-19
6.85747826e+00 6.438609436726833e-19
6.86101304e+00 6.436950642563859e-19
6.86454783e+00 6.435293129817810e-19
6.86808261e+00 6.433636896839713e-19
6.87161739e+00 6.431981941983563e-19
6.87515217e+00 6.430328263606319e-19
6.87868696e+00 6.428675860067896e-19
6.88222174e+00 6.427024729731157e-19
6.88575652e+00 6.425374870961903e-19
6.88929130e+00 6.423726282128877e-19
6.89282609e+00 6.422078961603743e-19
6.89636087e+00 6.420432907761096e-19
6.89989565e+00 6.418788118978434e-19
6.90343043e+00 6.417144593636174e-19
6.90696522e+00 6.415502330117628e-19
6.91050000e+00 6.413861326809002e-19
6.91403478e+00 6.412221582099397e-19
6.91756957e+00 6.410583094380786e-19
6.92110435e+00 6.408945862048024e-19
6.92463913e+00 6.407309883498831e-19
6.92817391e+00 6.405675157133791e-19
6.93170870e+00 6.404041681356337e-19
6.93524348e+00 6.402409454572758e-19
6.93877826e+00 6.400778475192180e-19
6.94231304e+00 6.399148741626567e-19
6.94584783e+00 6.397520252290712e-19
6.94938261e+00 6.395893005602226e-19
6.95291739e+00 6.394266999981543e-19
6.95645217e+00 6.392642233851900e-19
6.95998696e+00 6.391018705639343e-19
6.96352174e+00 6.389396413772709e-19
6.96705652e+00 6.387775356683630e-19
6.97059130e+00 6.386155532806520e-19
6.97412609e+00 6.384536940578568e-19
6.97766087e+00 6.382919578439741e-19
6.98119565e+00 6.381303444832765e-19
6.98473043e+00 6.379688538203127e-19
6.98826522e+00 6.378074856999065e-19
6.99180000e+00 6.376462399671566e-19
6.99533478e+00 6.374851164674353e-19
6.99886957e+00 6.373241150463887e-19
7.00240435e+00 6.371632355499352e-19
7.00593913e+00 6.370024778242657e-19
7.00947391e+00 6.368418417158424e-19
7.01300870e+00 6.366813270713983e-19
7.01654348e+00 6.365209337379372e-19
7.02007826e+00 6.363606615627319e-19
7.02361304e+00 6.362005103933245e-19
7.02714783e+00 6.360404800775256e-19
7.03068261e+00 6.358805704634139e-19
7.03421739e+00 6.357207813993347e-19
7.03775217e+00 6.355611127339005e-19
7.04128696e+00 6.354015643159896e-19
7.04482174e+00 6.352421359947456e-19
7.04835652e+00 6.350828276195772e-19
7.05189130e+00 6.349236390401571e-19
7.05542609e+00 6.347645701064219e-19
7.05896087e+00 6.346056206685708e-19
7.06249565e+00 6.344467905770660e-19
7.06603043e+00 6.342880796826310e-19
7.06956522e+00 6.341294878362509e-19
7.07310000e+00 6.339710148891714e-19
7.07663478e+00 6.338126606928985e-19
7.08016957e+00 6.336544250991972e-19
7.08370435e+00 6.334963079600919e-19
7.08723913e+00 6.333383091278653e-19
7.09077391e+00 6.331804284550576e-19
7.09430870e+00 6.330226657944662e-19
7.09784348e+00 6.328650209991454e-19
7.10137826e+00 6.327074939224055e-19
7.10491304e+00 6.325500844178119e-19
7.10844783e+00 6.323927923391852e-19
7.11198261e+00 6.322356175406003e-19
7.11551739e+00 6.320785598763857e-19
7.11905217e+00 6.319216192011233e-19
7.12258696e+00 6.317647953696474e-19
7.12612174e+00 6.316080882370445e-19
7.12965652e+00 6.314514976586525e-19
7.13319130e+00 6.312950234900604e-19
7.13672609e+00 6.311386655871075e-19
7.14026087e+00 6.309824238058825e-19
7.14379565e+00 6.308262980027241e-19
7.14733043e+00 6.306702880342192e-19
7.15086522e+00 6.305143937572029e-19
7.15440000e+00 6.303586150287582e-19
7.15793478e+00 6.302029517062146e-19
7.16146957e+00 6.300474036471488e-19
7.16500435e+00 6.298919707093826e-19
7.16853913e+00 6.297366527509842e-19
7.17207391e+00 6.295814496302658e-19
7.17560870e+00 6.294263612057844e-19
7.17914348e+00 6.292713873363405e-19
7.18267826e+00 6.291165278809781e-19
7.18621304e+00 6.289617826989839e-19
7.18974783e+00 6.288071516498863e-19
7.19328261e+00 6.286526345934559e-19
7.19681739e+00 6.284982313897042e-19
7.20035217e+00 6.283439418988830e-19
7.20388696e+00 6.281897659814845e-19
7.20742174e+00 6.280357034982402e-19
7.21095652e+00 6.278817543101207e-19
7.21449130e+00 6.277279182783347e-19
7.21802609e+00 6.275741952643295e-19
7.22156087e+00 6.274205851297889e-19
7.22509565e+00 6.272670877366344e-19
7.22863043e+00 6.271137029470235e-19
7.23216522e+00 6.269604306233490e-19
7.23570000e+00 6.268072706282401e-19
7.23923478e+00 6.266542228245600e-19
7.24276957e+00 6.265012870754064e-19
7.24630435e+00 6.263484632441109e-19
7.24983913e+00 6.261957511942381e-19
7.25337391e+00 6.260431507895853e-19
7.25690870e+00 6.258906618941825e-19
7.26044348e+00 6.257382843722910e-19
7.26397826e+00 6.255860180884032e-19
7.26751304e+00 6.254338629072427e-19
7.27104783e+00 6.252818186937630e-19
7.27458261e+00 6.251298853131472e-19
7.27811739e+00 6.249780626308079e-19
7.28165217e+00 6.248263505123859e-19
7.28518696e+00 6.246747488237509e-19
7.28872174e+00 6.245232574309998e-19
7.29225652e+00 6.243718762004567e-19
7.29579130e+00 6.242206049986725e-19
7.29932609e+00 6.240694436924246e-19
7.30286087e+00 6.239183921487156e-19
7.30639565e+00 6.237674502347736e-19
7.30993043e+00 6.236166178180516e-19
7.31346522e+00 6.234658947662264e-19
7.31700000e+00 6.233152809471991e-19
7.32053478e+00 6.231647762290938e-19
7.32406957e+00 6.230143804802571e-19
7.32760435e+00 6.228640935692586e-19
7.33113913e+00 6.227139153648891e-19
7.33467391e+00 6.225638457361609e-19
7.33820870e+00 6.224138845523074e-19
7.34174348e+00 6.222640316827821e-19
7.34527826e+00 6.221142869972588e-19
7.34881304e+00 6.219646503656302e-19
7.35234783e+00 6.218151216580081e-19
7.35588261e+00 6.216657007447230e-19
7.35941739e+00 6.215163874963236e-19
7.36295217e+00 6.213671817835754e-19
7.36648696e+00 6.212180834774617e-19
7.37002174e+00 6.210690924491821e-19
7.37355652e+00 6.209202085701523e-19
7.37709130e+00 6.207714317120037e-19
7.38062609e+00 6.206227617465829e-19
7.38416087e+00 6.204741985459513e-19
7.38769565e+00 6.203257419823847e-19
7.39123043e+00 6.201773919283722e-19
7.39476522e+00 6.200291482566168e-19
7.39830000e+00 6.198810108400345e-19
7.40183478e+00 6.197329795517530e-19
7.40536957e+00 6.195850542651125e-19
7.40890435e+00 6.194372348536649e-19
7.41243913e+00 6.192895211911727e-19
7.41597391e+00 6.191419131516095e-19
7.41950870e+00 6.189944106091585e-19
7.42304348e+00 6.188470134382132e-19
7.42657826e+00 6.186997215133760e-19
7.43011304e+00 6.185525347094583e-19
7.43364783e+00 6.184054529014796e-19
7.43718261e+00 6.182584759646679e-19
7.44071739e+00 6.181116037744581e-19
7.44425217e+00 6.179648362064923e-19
7.44778696e+00 6.178181731366194e-19
7.45132174e+00 6.176716144408943e-19
7.45485652e+00 6.175251599955775e-19
7.45839130e+00 6.173788096771350e-19
7.46192609e+00 6.172325633622378e-19
7.46546087e+00 6.170864209277608e-19
7.46899565e+00 6.169403822507830e-19
7.47253043e+00 6.167944472085875e-19
7.47606522e+00 6.166486156786597e-19
7.47960000e+00 6.165028875386882e-19
7.48313478e+00 6.163572626665636e-19
7.48666957e+00 6.162117409403786e-19
7.49020435e+00 6.160663222384268e-19
7.49373913e+00 6.159210064392032e-19
7.49727391e+00 6.157757934214030e-19
7.50080870e+00 6.156306830639218e-19
7.50434348e+00 6.154856752458548e-19
7.50787826e+00 6.153407698464962e-19
7.51141304e+00 6.151959667453393e-19
7.51494783e+00 6.150512658220756e-19
7.51848261e+00 6.149066669565951e-19
7.52201739e+00 6.147621700289845e-19
7.52555217e+00 6.146177749195286e-19
7.52908696e+00 6.144734815087082e-19
7.53262174e+00 6.143292896772007e-19
7.53615652e+00 6.141851993058798e-19
7.53969130e+00 6.140412102758139e-19
7.54322609e+00 6.138973224682670e-19
7.54676087e+00 6.137535357646978e-19
7.55029565e+00 6.136098500467591e-19
7.55383043e+00 6.134662651962975e-19
7.55736522e+00 6.133227810953534e-19
7.56090000e+00 6.131793976261595e-19
7.56443478e+00 6.130361146711420e-19
7.56796957e+00 6.128929321129188e-19
7.57150435e+00 6.127498498342998e-19
7.57503913e+00 6.126068677182862e-19
7.57857391e+00 6.124639856480703e-19
7.58210870e+00 6.123212035070351e-19
7.58564348e+00 6.121785211787535e-19
7.58917826e+00 6.120359385469888e-19
7.59271304e+00 6.118934554956932e-19
7.59624783e+00 6.117510719090079e-19
7.59978261e+00 6.116087876712633e-19
7.60331739e+00 6.114666026669773e-19
7.60685217e+00 6.113245167808563e-19
7.61038696e+00 6.111825298977936e-19
7.61392174e+00 6.110406419028700e-19
7.61745652e+00 6.108988526813526e-19
7.62099130e+00 6.107571621186949e-19
7.62452609e+00 6.106155701005366e-19
7.62806087e+00 6.104740765127025e-19
7.63159565e+00 6.103326812412026e-19
7.63513043e+00 6.101913841722315e-19
7.63866522e+00 6.100501851921688e-19
7.64220000e+00 6.099090841875770e-19
7.64573478e+00 6.097680810452032e-19
7.64926957e+00 6.096271756519771e-19
7.65280435e+00 6.094863678950112e-19
7.65633913e+00 6.093456576616007e-19
7.65987391e+00 6.092050448392228e-19
7.66340870e+00 6.090645293155365e-19
7.66694348e+00 6.089241109783815e-19
7.67047826e+00 6.087837897157790e-19
7.67401304e+00 6.086435654159307e-19
7.67754783e+00 6.085034379672184e-19
7.68108261e+00 6.083634072582035e-19
7.68461739e+00 6.082234731776270e-19
7.68815217e+00 6.080836356144092e-19
7.69168696e+00 6.079438944576487e-19
7.69522174e+00 6.078042495966223e-19
7.69875652e+00 6.076647009207856e-19
7.70229130e+00 6.075252483197706e-19
7.70582609e+00 6.073858916833875e-19
7.70936087e+00 6.072466309016228e-19
7.71289565e+00 6.071074658646396e-19
7.71643043e+00 6.069683964627775e-19
7.71996522e+00 6.068294225865510e-19
7.72350000e+00 6.066905441266510e-19
7.72703478e+00 6.065517609739427e-19
7.73056957e+00 6.064130730194662e-19
7.73410435e+00 6.062744801544361e-19
7.73763913e+00 6.061359822702408e-19
7.74117391e+00 6.059975792584424e-19
7.74470870e+00 6.058592710107758e-19
7.74824348e+00 6.057210574191494e-19
7.75177826e+00 6.055829383756439e-19
7.75531304e+00 6.054449137725120e-19
7.75884783e+00 6.053069835021784e-19
7.76238261e+00 6.051691474572393e-19
7.76591739e+00 6.050314055304622e-19
7.76945217e+00 6.048937576147846e-19
7.77298696e+00 6.047562036033154e-19
7.77652174e+00 6.046187433893331e-19
7.78005652e+00 6.044813768662858e-19
7.78359130e+00 6.043441039277913e-19
7.78712609e+00 6.042069244676361e-19
7.79066087e+00 6.040698383797759e-19
7.79419565e+00 6.039328455583342e-19
7.79773043e+00 6.037959458976026e-19
7.80126522e+00 6.036591392920406e-19
7.80480000e+00 6.035224256362748e-19
7.80833478e+00 6.033858048250992e-19
7.81186957e+00 6.032492767534736e-19
7.81540435e+00 6.031128413165250e-19
7.81893913e+00 6.029764984095456e-19
7.82247391e+00 6.028402479279938e-19
7.82600870e+00 6.027040897674931e-19
7.82954348e+00 6.025680238238318e-19
7.83307826e+00 6.024320499929628e-19
7.83661304e+00 6.022961681710037e-19
7.84014783e+00 6.021603782542354e-19
7.84368261e+00 6.020246801391030e-19
7.84721739e+00 6.018890737222146e-19
7.85075217e+00 6.017535589003410e-19
7.85428696e+00 6.016181355704165e-19
7.85782174e+00 6.014828036295364e-19
7.86135652e+00 6.013475629749592e-19
7.86489130e+00 6.012124135041042e-19
7.86842609e+00 6.010773551145524e-19
7.87196087e+00 6.009423877040456e-19
7.87549565e+00 6.008075111704864e-19
7.87903043e+00 6.006727254119377e-19
7.88256522e+00 6.005380303266224e-19
7.88610000e+00 6.004034258129230e-19
7.88963478e+00 6.002689117693813e-19
7.89316957e+00 6.001344880946986e-19
7.89670435e+00 6.000001546877344e-19
7.90023913e+00 5.998659114475067e-19
7.90377391e+00 5.997317582731919e-19
7.90730870e+00 5.995976950641238e-19
7.91084348e+00 5.994637217197938e-19
7.91437826e+00 5.993298381398505e-19
7.91791304e+00 5.991960442240993e-19
7.92144783e+00 5.990623398725019e-19
7.92498261e+00 5.989287249851765e-19
7.92851739e+00 5.987951994623969e-19
7.93205217e+00 5.986617632045925e-19
7.93558696e+00 5.985284161123482e-19
7.93912174e+00 5.983951580864034e-19
7.94265652e+00 5.982619890276529e-19
7.94619130e+00 5.981289088371448e-19
7.94972609e+00 5.979959174160818e-19
7.95326087e+00 5.978630146658204e-19
7.95679565e+00 5.977302004878702e-19
7.96033043e+00 5.975974747838940e-19
7.96386522e+00 5.974648374557074e-19
7.96740000e+00 5.973322884052787e-19
7.97093478e+00 5.971998275347276e-19
7.97446957e+00 5.970674547463267e-19
7.97800435e+00 5.969351699424996e-19
7.98153913e+00 5.968029730258208e-19
7.98507391e+00 5.966708638990168e-19
7.98860870e+00 5.965388424649637e-19
7.99214348e+00 5.964069086266888e-19
7.99567826e+00 5.962750622873687e-19
7.99921304e+00 5.961433033503303e-19
8.00274783e+00 5.960116317190500e-19
8.00628261e+00 5.958800472971529e-19
8.00981739e+00 5.957485499884136e-19
8.01335217e+00 5.956171396967545e-19
8.01688696e+00 5.954858163262473e-19
8.02042174e+00 5.953545797811105e-19
8.02395652e+00 5.952234299657113e-19
8.02749130e+00 5.950923667845638e-19
8.03102609e+00 5.949613901423294e-19
8.03456087e+00 5.948304999438162e-19
8.03809565e+00 5.946996960939787e-19
8.04163043e+00 5.945689784979182e-19
8.04516522e+00 5.944383470608812e-19
8.04870000e+00 5.943078016882604e-19
8.05223478e+00 5.941773422855936e-19
8.05576957e+00 5.940469687585640e-19
8.05930435e+00 5.939166810129990e-19
8.06283913e+00 5.937864789548711e-19
8.06637391e+00 5.936563624902971e-19
8.06990870e+00 5.935263315255373e-19
8.07344348e+00 5.933963859669956e-19
8.07697826e+00 5.932665257212198e-19
8.08051304e+00 5.931367506949005e-19
8.08404783e+00 5.930070607948711e-19
8.08758261e+00 5.928774559281073e-19
8.09111739e+00 5.927479360017277e-19
8.09465217e+00 5.926185009229923e-19
8.09818696e+00 5.924891505993032e-19
8.10172174e+00 5.923598849382034e-19
8.10525652e+00 5.922307038473776e-19
8.10879130e+00 5.921016072346509e-19
8.11232609e+00 5.919725950079895e-19
8.11586087e+00 5.918436670754992e-19
8.11939565e+00 5.917148233454267e-19
8.12293043e+00 5.915860637261577e-19
8.12646522e+00 5.914573881262176e-19
8.13000000e+00 5.913287964542715e-19
8.13353478e+00 5.912002886191228e-19
-----------------------------
