SPECIES: e / A
PROCESS: E + A -> E + A, Elastic
PARAM.:  m/M = 0.0000195921, complete set
COMMENT: [e + A(gnd) -> e + A(gnd), Elastic]
UPDATED: 2018-06-05 11:00:00
COLUMNS: Energy (eV) | Cross section (m2)
-----------------------------
0.00000000e+00 1.908711322602851e-17
2.60869565e-02 1.043908885823276e-17
5.21739130e-02 7.381550521065316e-18
7.82608696e-02 6.027010762395104e-18
1.04347826e-01 5.219544429116378e-18
1.30434783e-01 4.668502462033822e-18
1.56521739e-01 4.261740180373882e-18
1.82608696e-01 3.945604718998439e-18
2.08695652e-01 3.690775260532658e-18
2.34782609e-01 3.479696286077585e-18
2.60869565e-01 3.301129748890208e-18
2.86956522e-01 3.147503717812509e-18
3.13043478e-01 3.013505381197552e-18
3.39130435e-01 2.895282319037156e-18
3.65217391e-01 2.789963852685439e-18
3.91304348e-01 2.695361153167657e-18
4.17391304e-01 2.609772214558189e-18
4.43478261e-01 2.531850941041301e-18
4.69565217e-01 2.460516840355105e-18
4.95652174e-01 2.394891231351472e-18
5.21739130e-01 2.334251231016911e-18
5.47826087e-01 2.277995946629607e-18
5.73913043e-01 2.225621222675095e-18
6.00000000e-01 2.176700496564141e-18
6.26086957e-01 2.130870090186941e-18
6.52173913e-01 2.087817771646551e-18
6.78260870e-01 2.047273761240686e-18
7.04347826e-01 2.009003587465035e-18
7.30434783e-01 1.972802359499219e-18
7.56521739e-01 1.938490135789826e-18
7.82608696e-01 1.905908149151643e-18
8.08695652e-01 1.874915707267235e-18
8.34782609e-01 1.845387630266329e-18
8.60869565e-01 1.817212118754400e-18
8.86956522e-01 1.790288969363845e-18
9.13043478e-01 1.764528072804893e-18
9.39130435e-01 1.739848143038793e-18
9.65217391e-01 1.716175636684103e-18
9.91304348e-01 1.693443829892827e-18
1.01739130e+00 1.671592026276066e-18
1.04347826e+00 1.650564874445104e-18
1.06956522e+00 1.630311777679643e-18
1.09565217e+00 1.610786381377263e-18
1.12173913e+00 1.591946126455518e-18
1.14782609e+00 1.573751858906255e-18
1.17391304e+00 1.556167487344607e-18
1.20000000e+00 1.539159681732629e-18
1.22608696e+00 1.522697607551886e-18
1.25217391e+00 1.506752690598776e-18
1.27826087e+00 1.491298408318965e-18
1.30434783e+00 1.476310104213063e-18
1.33043478e+00 1.461764822358202e-18
1.35652174e+00 1.447641159518578e-18
1.38260870e+00 1.433919132677327e-18
1.40869565e+00 1.420580060124627e-18
1.43478261e+00 1.407606454492417e-18
1.46086957e+00 1.394981926342719e-18
1.48695652e+00 1.382691097100647e-18
1.51304348e+00 1.370719520280217e-18
1.53913043e+00 1.359053610085374e-18
1.56521739e+00 1.347680576583829e-18
1.59130435e+00 1.336588366750379e-18
1.61739130e+00 1.325765610761833e-18
1.64347826e+00 1.315201572999480e-18
1.66956522e+00 1.304886107279094e-18
1.69565217e+00 1.294809615884063e-18
1.72173913e+00 1.284963012025610e-18
1.74782609e+00 1.275337685396392e-18
1.77391304e+00 1.265925470520650e-18
1.80000000e+00 1.256718617636499e-18
1.82608696e+00 1.247709765874370e-18
1.85217391e+00 1.238891918520645e-18
1.87826087e+00 1.230258420177553e-18
1.90434783e+00 1.221802935649906e-18
1.93043478e+00 1.213519430406470e-18
1.95652174e+00 1.205402152479021e-18
1.98260870e+00 1.197445615675736e-18
2.00869565e+00 1.189644583997589e-18
2.03478261e+00 1.181994057157168e-18
2.06086957e+00 1.174489257108933e-18
2.08695652e+00 1.167125615508455e-18
2.11304348e+00 1.159898762025862e-18
2.13913043e+00 1.152804513445571e-18
2.16521739e+00 1.145838863490540e-18
2.19130435e+00 1.138997973314803e-18
2.21739130e+00 1.132278162613032e-18
2.24347826e+00 1.125675901300354e-18
2.26956522e+00 1.119187801719690e-18
2.29565217e+00 1.112810611337547e-18
2.32173913e+00 1.106541205892473e-18
2.34782609e+00 1.100376582963402e-18
2.37391304e+00 1.094313855927812e-18
2.40000000e+00 1.088350248282070e-18
2.42608696e+00 1.082483088298596e-18
2.45217391e+00 1.076709803996471e-18
2.47826087e+00 1.071027918404014e-18
2.50434783e+00 1.065435045093470e-18
2.53043478e+00 1.059928883969572e-18
2.55652174e+00 1.054507217295045e-18
2.58260870e+00 1.049167905937503e-18
2.60869565e+00 1.043908885823276e-18
2.63478261e+00 1.038728164584832e-18
2.66086957e+00 1.033623818389434e-18
2.68695652e+00 1.028593988937540e-18
2.71304348e+00 1.023636880620343e-18
2.73913043e+00 1.018750757826557e-18
2.76521739e+00 1.013933942389271e-18
2.79130435e+00 1.009184811164364e-18
2.81739130e+00 1.004501793732517e-18
2.84347826e+00 9.998833702174589e-19
2.86956522e+00 9.953280692135417e-19
2.89565217e+00 9.908344658162444e-19
2.92173913e+00 9.864011797496096e-19
2.94782609e+00 9.820268735850253e-19
2.97391304e+00 9.777102510461343e-19
3.00000000e+00 9.734500553949932e-19
3.02608696e+00 9.692450678949129e-19
3.05217391e+00 9.650941063457187e-19
3.07826087e+00 9.609960236874264e-19
3.10434783e+00 9.569497066685914e-19
3.13043478e+00 9.529540745758215e-19
3.15652174e+00 9.490080780211595e-19
3.18260870e+00 9.451106977842455e-19
3.20869565e+00 9.412609437063592e-19
3.23478261e+00 9.374578536336174e-19
3.26086957e+00 9.337004924067643e-19
3.28695652e+00 9.299879508951462e-19
3.31304348e+00 9.263193450726064e-19
3.33913043e+00 9.226938151331645e-19
3.36521739e+00 9.191105246444750e-19
3.39130435e+00 9.155686597371697e-19
3.41739130e+00 9.120674283283002e-19
3.44347826e+00 9.086060593772001e-19
3.46956522e+00 9.051838021721784e-19
3.49565217e+00 9.017999256465449e-19
3.52173913e+00 8.984537177225525e-19
3.54782609e+00 8.951444846819226e-19
3.57391304e+00 8.918715505616874e-19
3.60000000e+00 8.886342565741521e-19
3.62608696e+00 8.854319605498551e-19
3.65217391e+00 8.822640364024465e-19
3.67826087e+00 8.791298736144809e-19
3.70434783e+00 8.760288767431597e-19
3.73043478e+00 8.729604649451184e-19
3.75652174e+00 8.699240715193963e-19
3.78260870e+00 8.669191434677697e-19
3.80869565e+00 8.639451410716798e-19
3.83478261e+00 8.610015374850149e-19
3.86086957e+00 8.580878183420517e-19
3.88695652e+00 8.552034813798937e-19
3.91304348e+00 8.523480360747764e-19
3.93913043e+00 8.495210032916418e-19
3.96521739e+00 8.467219149464134e-19
3.99130435e+00 8.439503136804336e-19
4.01739130e+00 8.412057525465442e-19
4.04347826e+00 8.384877947063267e-19
4.06956522e+00 8.357960131380330e-19
4.09565217e+00 8.331299903547647e-19
4.12173913e+00 8.304893181324773e-19
4.14782609e+00 8.278735972474098e-19
4.17391304e+00 8.252824372225519e-19
4.20000000e+00 8.227154560827886e-19
4.22608696e+00 8.201722801183684e-19
4.25217391e+00 8.176525436563660e-19
4.27826087e+00 8.151558888398214e-19
4.30434783e+00 8.126819654142519e-19
4.33043478e+00 8.102304305212476e-19
4.35652174e+00 8.078009484988763e-19
4.38260870e+00 8.053931906886316e-19
4.40869565e+00 8.030068352486735e-19
4.43478261e+00 8.006415669731194e-19
4.46086957e+00 7.982970771171574e-19
4.48695652e+00 7.959730632277588e-19
4.51304348e+00 7.936692289797809e-19
4.53913043e+00 7.913852840172580e-19
4.56521739e+00 7.891209437996878e-19
4.59130435e+00 7.868759294531273e-19
4.61739130e+00 7.846499676259236e-19
4.64347826e+00 7.824427903489076e-19
4.66956522e+00 7.802541348998899e-19
4.69565217e+00 7.780837436723035e-19
4.72173913e+00 7.759313640478422e-19
4.74782609e+00 7.737967482729545e-19
4.77391304e+00 7.716796533390537e-19
4.80000000e+00 7.695798408663145e-19
4.82608696e+00 7.674970769909275e-19
4.85217391e+00 7.654311322556931e-19
4.87826087e+00 7.633817815038387e-19
4.90434783e+00 7.613488037759432e-19
4.93043478e+00 7.593319822098688e-19
4.95652174e+00 7.573311039435902e-19
4.98260870e+00 7.553459600208282e-19
5.00869565e+00 7.533763452993880e-19
5.03478261e+00 7.514220583621143e-19
5.06086957e+00 7.494829014303735e-19
5.08695652e+00 7.475586802799796e-19
5.11304348e+00 7.456492041594825e-19
5.13913043e+00 7.437542857107398e-19
5.16521739e+00 7.418737408916982e-19
5.19130435e+00 7.400073889013129e-19
5.21739130e+00 7.381550521065315e-19
5.24347826e+00 7.363165559712814e-19
5.26956522e+00 7.344917289873912e-19
5.29565217e+00 7.326804026073869e-19
5.32173913e+00 7.308824111791010e-19
5.34782609e+00 7.290975918820412e-19
5.37391304e+00 7.273257846654548e-19
5.40000000e+00 7.255668321880468e-19
5.42608696e+00 7.238205797592891e-19
5.45217391e+00 7.220868752822783e-19
5.47826087e+00 7.203655691980924e-19
5.50434783e+00 7.186565144315974e-19
5.53043478e+00 7.169595663386637e-19
5.55652174e+00 7.152745826547463e-19
5.58260870e+00 7.136014234447871e-19
5.60869565e+00 7.119399510544028e-19
5.63478261e+00 7.102900300623136e-19
5.66086957e+00 7.086515272339829e-19
5.68695652e+00 7.070243114764244e-19
5.71304348e+00 7.054082537941485e-19
5.73913043e+00 7.038032272462086e-19
5.76521739e+00 7.022091069043203e-19
5.79130435e+00 7.006257698120169e-19
5.81739130e+00 6.990530949448153e-19
5.84347826e+00 6.974909631713597e-19
5.86956522e+00 6.959392572155170e-19
5.89565217e+00 6.943978616193958e-19
5.92173913e+00 6.928666627072615e-19
5.94782609e+00 6.913455485503233e-19
5.97391304e+00 6.898344089323691e-19
6.00000000e+00 6.883331353162199e-19
6.02608696e+00 6.868416208109880e-19
6.05217391e+00 6.853597601401085e-19
6.07826087e+00 6.838874496101282e-19
6.10434783e+00 6.824245870802288e-19
6.13043478e+00 6.809710719324631e-19
6.15652174e+00 6.795268050426872e-19
6.18260870e+00 6.780916887521663e-19
6.20869565e+00 6.766656268398385e-19
6.23478261e+00 6.752485244952169e-19
6.26086957e+00 6.738402882919143e-19
6.28695652e+00 6.724408261617713e-19
6.31304348e+00 6.710500473695741e-19
6.33913043e+00 6.696678624883449e-19
6.36521739e+00 6.682941833751897e-19
6.39130435e+00 6.669289231476888e-19
6.41739130e+00 6.655719961608158e-19
6.44347826e+00 6.642233179843712e-19
6.46956522e+00 6.628828053809167e-19
6.49565217e+00 6.615503762841980e-19
6.52173913e+00 6.602259497780415e-19
6.54782609e+00 6.589094460757151e-19
6.57391304e+00 6.576007864997398e-19
6.60000000e+00 6.562998934621398e-19
6.62608696e+00 6.550066904451214e-19
6.65217391e+00 6.537211019821689e-19
6.67826087e+00 6.524430536395472e-19
6.70434783e+00 6.511724719981997e-19
6.73043478e+00 6.499092846360336e-19
6.75652174e+00 6.486534201105822e-19
6.78260870e+00 6.474048079420315e-19
6.80869565e+00 6.461633785966085e-19
6.83478261e+00 6.449290634703164e-19
6.86086957e+00 6.437017948730101e-19
6.88695652e+00 6.424815060128050e-19
6.91304348e+00 6.412681309808089e-19
6.93913043e+00 6.400616047361697e-19
6.96521739e+00 6.388618630914326e-19
6.99130435e+00 6.376688426981962e-19
7.01739130e+00 6.364824810330641e-19
7.04347826e+00 6.353027163838810e-19
7.06956522e+00 6.341294878362510e-19
7.09565217e+00 6.329627352603252e-19
7.12173913e+00 6.318023992978596e-19
7.14782609e+00 6.306484213495299e-19
7.17391304e+00 6.295007435625019e-19
7.20000000e+00 6.283593088182493e-19
7.22608696e+00 6.272240607206141e-19
7.25217391e+00 6.260949435841022e-19
7.27826087e+00 6.249719024224116e-19
7.30434783e+00 6.238548829371849e-19
7.33043478e+00 6.227438315069828e-19
7.35652174e+00 6.216386951764718e-19
7.38260870e+00 6.205394216458246e-19
7.40869565e+00 6.194459592603224e-19
7.43478261e+00 6.183582570001618e-19
7.46086957e+00 6.172762644704547e-19
7.48695652e+00 6.161999318914226e-19
7.51304348e+00 6.151292100887763e-19
7.53913043e+00 6.140640504842797e-19
7.56521739e+00 6.130044050864934e-19
7.59130435e+00 6.119502264816919e-19
7.61739130e+00 6.109014678249532e-19
7.64347826e+00 6.098580828314155e-19
7.66956522e+00 6.088200257676974e-19
7.69565217e+00 6.077872514434783e-19
7.72173913e+00 6.067597152032351e-19
7.74782609e+00 6.057373729181334e-19
7.77391304e+00 6.047201809780661e-19
7.80000000e+00 6.037080962838412e-19
7.82608696e+00 6.027010762395105e-19
7.85217391e+00 6.016990787448403e-19
7.87826087e+00 6.007020621879192e-19
7.90434783e+00 5.997099854378989e-19
7.93043478e+00 5.987228078378680e-19
7.95652174e+00 5.977404891978535e-19
7.98260870e+00 5.967629897879485e-19
8.00869565e+00 5.957902703315626e-19
8.03478261e+00 5.948222919987943e-19
8.06086957e+00 5.938590163999195e-19
8.08695652e+00 5.929004055789972e-19
8.11304348e+00 5.919464220075884e-19
8.13913043e+00 5.909970285785839e-19
8.16521739e+00 5.900521886001430e-19
8.19130435e+00 5.891118657897370e-19
8.21739130e+00 5.881760242682977e-19
8.24347826e+00 5.872446285544667e-19
8.26956522e+00 5.863176435589458e-19
8.29565217e+00 5.853950345789441e-19
8.32173913e+00 5.844767672927219e-19
8.34782609e+00 5.835628077542277e-19
8.37391304e+00 5.826531223878271e-19
8.40000000e+00 5.817476779831230e-19
8.42608696e+00 5.808464416898624e-19
8.45217391e+00 5.799493810129308e-19
8.47826087e+00 5.790564638074313e-19
8.50434783e+00 5.781676582738459e-19
8.53043478e+00 5.772829329532803e-19
8.55652174e+00 5.764022567227853e-19
8.58260870e+00 5.755255987907600e-19
8.60869565e+00 5.746529286924288e-19
8.63478261e+00 5.737842162853955e-19
8.66086957e+00 5.729194317452700e-19
8.68695652e+00 5.720585455613678e-19
8.71304348e+00 5.712015285324805e-19
8.73913043e+00 5.703483517627148e-19
8.76521739e+00 5.694989866574017e-19
8.79130435e+00 5.686534049190695e-19
8.81739130e+00 5.678115785434857e-19
8.84347826e+00 5.669734798157608e-19
8.86956522e+00 5.661390813065161e-19
8.89565217e+00 5.653083558681125e-19
8.92173913e+00 5.644812766309423e-19
8.94782609e+00 5.636578169997770e-19
8.97391304e+00 5.628379506501768e-19
9.00000000e+00 5.620216515249554e-19
9.02608696e+00 5.612088938307018e-19
9.05217391e+00 5.603996520343570e-19
9.07826087e+00 5.595939008598451e-19
9.10434783e+00 5.587916152847571e-19
9.13043478e+00 5.579927705370877e-19
9.15652174e+00 5.571973420920220e-19
9.18260870e+00 5.564053056687737e-19
9.20869565e+00 5.556166372274716e-19
9.23478261e+00 5.548313129660955e-19
9.26086957e+00 5.540493093174585e-19
9.28695652e+00 5.532706029462367e-19
9.31304348e+00 5.524951707460447e-19
9.33913043e+00 5.517229898365555e-19
9.36521739e+00 5.509540375606653e-19
9.39130435e+00 5.501882914817012e-19
9.41739130e+00 5.494257293806713e-19
9.44347826e+00 5.486663292535569e-19
9.46956522e+00 5.479100693086458e-19
9.49565217e+00 5.471569279639060e-19
9.52173913e+00 5.464068838443984e-19
9.54782609e+00 5.456599157797292e-19
9.57391304e+00 5.449160028015398e-19
9.60000000e+00 5.441751241410352e-19
9.62608696e+00 5.434372592265476e-19
9.65217391e+00 5.427023876811386e-19
9.67826087e+00 5.419704893202342e-19
9.70434783e+00 5.412415441492978e-19
9.73043478e+00 5.405155323615346e-19
9.75652174e+00 5.397924343356318e-19
9.78260870e+00 5.390722306335316e-19
9.80869565e+00 5.383549019982357e-19
9.83478261e+00 5.376404293516437e-19
9.86086957e+00 5.369287937924210e-19
9.88695652e+00 5.362199765938996e-19
9.91304348e+00 5.355139592020068e-19
9.93913043e+00 5.348107232332270e-19
9.96521739e+00 5.341102504725905e-19
9.99130435e+00 5.334125228716914e-19
1.00173913e+01 5.327175225467352e-19
1.00434783e+01 5.320252317766133e-19
1.00695652e+01 5.313356330010047e-19
1.00956522e+01 5.306487088185059e-19
1.01217391e+01 5.299644419847859e-19
1.01478261e+01 5.292828154107686e-19
1.01739130e+01 5.286038121608398e-19
1.02000000e+01 5.279274154510803e-19
1.02260870e+01 5.272536086475224e-19
1.02521739e+01 5.265823752644338e-19
1.02782609e+01 5.259136989626210e-19
1.03043478e+01 5.252475635477607e-19
1.03304348e+01 5.245839529687515e-19
1.03565217e+01 5.239228513160903e-19
1.03826087e+01 5.232642428202690e-19
1.04086957e+01 5.226081118501962e-19
1.04347826e+01 5.219544429116378e-19
1.04608696e+01 5.213032206456806e-19
1.04869565e+01 5.206544298272172e-19
1.05130435e+01 5.200080553634498e-19
1.05391304e+01 5.193640822924162e-19
1.05652174e+01 5.187224957815357e-19
1.05913043e+01 5.180832811261729e-19
1.06173913e+01 5.174464237482236e-19
1.06434783e+01 5.168119091947170e-19
1.06695652e+01 5.161797231364390e-19
1.06956522e+01 5.155498513665732e-19
1.07217391e+01 5.149222797993591e-19
1.07478261e+01 5.142969944687698e-19
1.07739130e+01 5.136739815272063e-19
1.08000000e+01 5.130532272442097e-19
1.08260870e+01 5.124347180051898e-19
1.08521739e+01 5.118184403101716e-19
1.08782609e+01 5.112043807725569e-19
1.09043478e+01 5.105925261179038e-19
1.09304348e+01 5.099828631827211e-19
1.09565217e+01 5.093753789132783e-19
1.09826087e+01 5.087700603644329e-19
1.10086957e+01 5.081668946984705e-19
1.10347826e+01 5.075658691839623e-19
1.10608696e+01 5.069669711946354e-19
1.10869565e+01 5.063701882082600e-19
1.11130435e+01 5.057755078055488e-19
1.11391304e+01 5.051829176690709e-19
1.11652174e+01 5.045924055821820e-19
1.11913043e+01 5.040039594279650e-19
1.12173913e+01 5.034175671881869e-19
1.12434783e+01 5.028332169422667e-19
1.12695652e+01 5.022508968662587e-19
1.12956522e+01 5.016705952318468e-19
1.13217391e+01 5.010923004053527e-19
1.13478261e+01 5.005160008467566e-19
1.13739130e+01 4.999416851087295e-19
1.14000000e+01 4.993693418356786e-19
1.14260870e+01 4.987989597628035e-19
1.14521739e+01 4.982305277151663e-19
1.14782609e+01 4.976640346067708e-19
1.15043478e+01 4.970994694396551e-19
1.15304348e+01 4.965368213029941e-19
1.15565217e+01 4.959760793722152e-19
1.15826087e+01 4.954172329081222e-19
1.16086957e+01 4.948602712560324e-19
1.16347826e+01 4.943051838449223e-19
1.16608696e+01 4.937519601865868e-19
1.16869565e+01 4.932005898748048e-19
1.17130435e+01 4.926510625845187e-19
1.17391304e+01 4.921033680710210e-19
1.17652174e+01 4.915574961691533e-19
1.17913043e+01 4.910134367925126e-19
1.18173913e+01 4.904711799326703e-19
1.18434783e+01 4.899307156583970e-19
1.18695652e+01 4.893920341148997e-19
1.18956522e+01 4.888551255230672e-19
1.19217391e+01 4.883199801787235e-19
1.19478261e+01 4.877865884518921e-19
1.19739130e+01 4.872549407860676e-19
1.20000000e+01 4.867250276974966e-19
1.20260870e+01 4.861968397744678e-19
1.20521739e+01 4.856703676766090e-19
1.20782609e+01 4.851456021341939e-19
1.21043478e+01 4.846225339474565e-19
1.21304348e+01 4.841011539859134e-19
1.21565217e+01 4.835814531876950e-19
1.21826087e+01 4.830634225588835e-19
1.22086957e+01 4.825470531728593e-19
1.22347826e+01 4.820323361696551e-19
1.22608696e+01 4.815192627553169e-19
1.22869565e+01 4.810078242012737e-19
1.23130435e+01 4.804980118437132e-19
1.23391304e+01 4.799898170829655e-19
1.23652174e+01 4.794832313828945e-19
1.23913043e+01 4.789782462702945e-19
1.24173913e+01 4.784748533342957e-19
1.24434783e+01 4.779730442257758e-19
1.24695652e+01 4.774728106567785e-19
1.24956522e+01 4.769741443999377e-19
1.25217391e+01 4.764770372879108e-19
1.25478261e+01 4.759814812128148e-19
1.25739130e+01 4.754874681256728e-19
1.26000000e+01 4.749949900358637e-19
1.26260870e+01 4.745040390105797e-19
1.26521739e+01 4.740146071742899e-19
1.26782609e+01 4.735266867082092e-19
1.27043478e+01 4.730402698497737e-19
1.27304348e+01 4.725553488921228e-19
1.27565217e+01 4.720719161835851e-19
1.27826087e+01 4.715899641271725e-19
1.28086957e+01 4.711094851800778e-19
1.28347826e+01 4.706304718531796e-19
1.28608696e+01 4.701529167105513e-19
1.28869565e+01 4.696768123689773e-19
1.29130435e+01 4.692021514974724e-19
1.29391304e+01 4.687289268168087e-19
1.29652174e+01 4.682571310990460e-19
1.29913043e+01 4.677867571670686e-19
1.30173913e+01 4.673177978941266e-19
1.30434783e+01 4.668502462033822e-19
1.30695652e+01 4.663840950674613e-19
1.30956522e+01 4.659193375080099e-19
1.31217391e+01 4.654559665952557e-19
1.31478261e+01 4.649939754475731e-19
1.31739130e+01 4.645333572310550e-19
1.32000000e+01 4.640741051590877e-19
1.32260870e+01 4.636162124919311e-19
1.32521739e+01 4.631596725363032e-19
1.32782609e+01 4.627044786449689e-19
1.33043478e+01 4.622506242163343e-19
1.33304348e+01 4.617981026940436e-19
1.33565217e+01 4.613469075665822e-19
1.33826087e+01 4.608970323668823e-19
1.34086957e+01 4.604484706719342e-19
1.34347826e+01 4.600012161024011e-19
1.34608696e+01 4.595552623222375e-19
1.34869565e+01 4.591106030383132e-19
1.35130435e+01 4.586672320000391e-19
1.35391304e+01 4.582251429989993e-19
1.35652174e+01 4.577843298685849e-19
1.35913043e+01 4.573447864836337e-19
1.36173913e+01 4.569065067600723e-19
1.36434783e+01 4.564694846545622e-19
1.36695652e+01 4.560337141641501e-19
1.36956522e+01 4.555991893259212e-19
1.37217391e+01 4.551659042166574e-19
1.37478261e+01 4.547338529524971e-19
1.37739130e+01 4.543030296886000e-19
1.38000000e+01 4.538734286188155e-19
1.38260870e+01 4.534450439753532e-19
1.38521739e+01 4.530178700284582e-19
1.38782609e+01 4.525919010860892e-19
1.39043478e+01 4.521671314936000e-19
1.39304348e+01 4.517435556334238e-19
1.39565217e+01 4.513211679247613e-19
1.39826087e+01 4.508999628232724e-19
1.40086957e+01 4.504799348207700e-19
1.40347826e+01 4.500610784449177e-19
1.40608696e+01 4.496433882589299e-19
1.40869565e+01 4.492268588612762e-19
1.41130435e+01 4.488114848853874e-19
1.41391304e+01 4.483972609993654e-19
1.41652174e+01 4.479841819056952e-19
1.41913043e+01 4.475722423409613e-19
1.42173913e+01 4.471614370755655e-19
1.42434783e+01 4.467517609134473e-19
1.42695652e+01 4.463432086918095e-19
1.42956522e+01 4.459357752808437e-19
1.43217391e+01 4.455294555834598e-19
1.43478261e+01 4.451242445350190e-19
1.43739130e+01 4.447201371030677e-19
1.44000000e+01 4.443171282870761e-19
1.44260870e+01 4.439152131181768e-19
1.44521739e+01 4.435143866589090e-19
1.44782609e+01 4.431146440029628e-19
1.45043478e+01 4.427159802749275e-19
1.45304348e+01 4.423183906300413e-19
1.45565217e+01 4.419218702539446e-19
1.45826087e+01 4.415264143624345e-19
1.46086957e+01 4.411320182012233e-19
1.46347826e+01 4.407386770456974e-19
1.46608696e+01 4.403463862006803e-19
1.46869565e+01 4.399551410001969e-19
1.47130435e+01 4.395649368072404e-19
1.47391304e+01 4.391757690135419e-19
1.47652174e+01 4.387876330393409e-19
1.47913043e+01 4.384005243331598e-19
1.48173913e+01 4.380144383715799e-19
1.48434783e+01 4.376293706590180e-19
1.48695652e+01 4.372453167275083e-19
1.48956522e+01 4.368622721364834e-19
1.49217391e+01 4.364802324725592e-19
1.49478261e+01 4.360991933493215e-19
1.49739130e+01 4.357191504071136e-19
1.50000000e+01 4.353400993128281e-19
1.50260870e+01 4.349620357596981e-19
1.50521739e+01 4.345849554670926e-19
1.50782609e+01 4.342088541803127e-19
1.51043478e+01 4.338337276703893e-19
1.51304348e+01 4.334595717338848e-19
1.51565217e+01 4.330863821926938e-19
1.51826087e+01 4.327141548938478e-19
1.52086957e+01 4.323428857093216e-19
1.52347826e+01 4.319725705358399e-19
1.52608696e+01 4.316032052946876e-19
1.52869565e+01 4.312347859315211e-19
1.53130435e+01 4.308673084161811e-19
1.53391304e+01 4.305007687425075e-19
1.53652174e+01 4.301351629281560e-19
1.53913043e+01 4.297704870144167e-19
1.54173913e+01 4.294067370660334e-19
1.54434783e+01 4.290439091710259e-19
1.54695652e+01 4.286819994405127e-19
1.54956522e+01 4.283210040085367e-19
1.55217391e+01 4.279609190318907e-19
1.55478261e+01 4.276017406899468e-19
1.55739130e+01 4.272434651844851e-19
1.56000000e+01 4.268860887395253e-19
1.56260870e+01 4.265296076011598e-19
1.56521739e+01 4.261740180373882e-19
1.56782609e+01 4.258193163379524e-19
1.57043478e+01 4.254654988141750e-19
1.57304348e+01 4.251125617987975e-19
1.57565217e+01 4.247605016458209e-19
1.57826087e+01 4.244093147303474e-19
1.58086957e+01 4.240589974484240e-19
1.58347826e+01 4.237095462168867e-19
1.58608696e+01 4.233609574732067e-19
1.58869565e+01 4.230132276753382e-19
1.59130435e+01 4.226663533015665e-19
1.59391304e+01 4.223203308503593e-19
1.59652174e+01 4.219751568402168e-19
1.59913043e+01 4.216308278095261e-19
1.60173913e+01 4.212873403164142e-19
1.60434783e+01 4.209446909386044e-19
1.60695652e+01 4.206028762732721e-19
1.60956522e+01 4.202618929369038e-19
1.61217391e+01 4.199217375651562e-19
1.61478261e+01 4.195824068127161e-19
1.61739130e+01 4.192438973531633e-19
1.62000000e+01 4.189062058788329e-19
1.62260870e+01 4.185693291006796e-19
1.62521739e+01 4.182332637481435e-19
1.62782609e+01 4.178980065690165e-19
1.63043478e+01 4.175635543293102e-19
1.63304348e+01 4.172299038131248e-19
1.63565217e+01 4.168970518225192e-19
1.63826087e+01 4.165649951773824e-19
1.64086957e+01 4.162337307153057e-19
1.64347826e+01 4.159032552914566e-19
1.64608696e+01 4.155735657784529e-19
1.64869565e+01 4.152446590662387e-19
1.65130435e+01 4.149165320619609e-19
1.65391304e+01 4.145891816898476e-19
1.65652174e+01 4.142626048910865e-19
1.65913043e+01 4.139367986237049e-19
1.66173913e+01 4.136117598624509e-19
1.66434783e+01 4.132874855986754e-19
1.66695652e+01 4.129639728402149e-19
1.66956522e+01 4.126412186112760e-19
1.67217391e+01 4.123192199523196e-19
1.67478261e+01 4.119979739199480e-19
1.67739130e+01 4.116774775867910e-19
1.68000000e+01 4.113577280413943e-19
1.68260870e+01 4.110387223881084e-19
1.68521739e+01 4.107204577469783e-19
1.68782609e+01 4.104029312536344e-19
1.69043478e+01 4.100861400591842e-19
1.69304348e+01 4.097700813301049e-19
1.69565217e+01 4.094547522481373e-19
1.69826087e+01 4.091401500101795e-19
1.70086957e+01 4.088262718281830e-19
1.70347826e+01 4.085131149290486e-19
1.70608696e+01 4.082006765545235e-19
1.70869565e+01 4.078889539610993e-19
1.71130435e+01 4.075779444199107e-19
1.71391304e+01 4.072676452166355e-19
1.71652174e+01 4.069580536513946e-19
1.71913043e+01 4.066491670386538e-19
1.72173913e+01 4.063409827071259e-19
1.72434783e+01 4.060334979996732e-19
1.72695652e+01 4.057267102732118e-19
1.72956522e+01 4.054206168986160e-19
1.73217391e+01 4.051152152606238e-19
1.73478261e+01 4.048105027577425e-19
1.73739130e+01 4.045064768021567e-19
1.74000000e+01 4.042031348196348e-19
1.74260870e+01 4.039004742494382e-19
1.74521739e+01 4.035984925442301e-19
1.74782609e+01 4.032971871699861e-19
1.75043478e+01 4.029965556059040e-19
1.75304348e+01 4.026965953443158e-19
1.75565217e+01 4.023973038906000e-19
1.75826087e+01 4.020986787630937e-19
1.76086957e+01 4.018007174930070e-19
1.76347826e+01 4.015034176243368e-19
1.76608696e+01 4.012067767137818e-19
1.76869565e+01 4.009107923306587e-19
1.77130435e+01 4.006154620568176e-19
1.77391304e+01 4.003207834865597e-19
1.77652174e+01 4.000267542265551e-19
1.77913043e+01 3.997333718957605e-19
1.78173913e+01 3.994406341253388e-19
1.78434783e+01 3.991485385585787e-19
1.78695652e+01 3.988570828508147e-19
1.78956522e+01 3.985662646693483e-19
1.79217391e+01 3.982760816933696e-19
1.79478261e+01 3.979865316138794e-19
1.79739130e+01 3.976976121336119e-19
1.80000000e+01 3.974093209669587e-19
1.80260870e+01 3.971216558398922e-19
1.80521739e+01 3.968346144898904e-19
1.80782609e+01 3.965481946658629e-19
1.81043478e+01 3.962623941280754e-19
1.81304348e+01 3.959772106480776e-19
1.81565217e+01 3.956926420086290e-19
1.81826087e+01 3.954086860036273e-19
1.82086957e+01 3.951253404380362e-19
1.82347826e+01 3.948426031278142e-19
1.82608696e+01 3.945604718998439e-19
1.82869565e+01 3.942789445918619e-19
1.83130435e+01 3.939980190523893e-19
1.83391304e+01 3.937176931406622e-19
1.83652174e+01 3.934379647265636e-19
1.83913043e+01 3.931588316905556e-19
1.84173913e+01 3.928802919236112e-19
1.84434783e+01 3.926023433271480e-19
1.84695652e+01 3.923249838129618e-19
1.84956522e+01 3.920482113031603e-19
1.85217391e+01 3.917720237300979e-19
1.85478261e+01 3.914964190363111e-19
1.85739130e+01 3.912213951744538e-19
1.86000000e+01 3.909469501072334e-19
1.86260870e+01 3.906730818073476e-19
1.86521739e+01 3.903997882574214e-19
1.86782609e+01 3.901270674499450e-19
1.87043478e+01 3.898549173872111e-19
1.87304348e+01 3.895833360812543e-19
1.87565217e+01 3.893123215537895e-19
1.87826087e+01 3.890418718361517e-19
1.88086957e+01 3.887719849692360e-19
1.88347826e+01 3.885026590034377e-19
1.88608696e+01 3.882338919985931e-19
1.88869565e+01 3.879656820239211e-19
1.89130435e+01 3.876980271579651e-19
1.89391304e+01 3.874309254885348e-19
1.89652174e+01 3.871643751126485e-19
1.89913043e+01 3.868983741364773e-19
1.90173913e+01 3.866329206752872e-19
1.90434783e+01 3.863680128533843e-19
1.90695652e+01 3.861036488040582e-19
1.90956522e+01 3.858398266695269e-19
1.91217391e+01 3.855765446008826e-19
1.91478261e+01 3.853138007580365e-19
1.91739130e+01 3.850515933096653e-19
1.92000000e+01 3.847899204331573e-19
1.92260870e+01 3.845287803145592e-19
1.92521739e+01 3.842681711485235e-19
1.92782609e+01 3.840080911382561e-19
1.93043478e+01 3.837485384954637e-19
1.93304348e+01 3.834895114403030e-19
1.93565217e+01 3.832310082013289e-19
1.93826087e+01 3.829730270154437e-19
1.94086957e+01 3.827155661278466e-19
1.94347826e+01 3.824586237919836e-19
1.94608696e+01 3.822021982694979e-19
1.94869565e+01 3.819462878301800e-19
1.95130435e+01 3.816908907519194e-19
1.95391304e+01 3.814360053206553e-19
1.95652174e+01 3.811816298303286e-19
1.95913043e+01 3.809277625828339e-19
1.96173913e+01 3.806744018879716e-19
1.96434783e+01 3.804215460634013e-19
1.96695652e+01 3.801691934345942e-19
1.96956522e+01 3.799173423347867e-19
1.97217391e+01 3.796659911049344e-19
1.97478261e+01 3.794151380936661e-19
1.97739130e+01 3.791647816572382e-19
1.98000000e+01 3.789149201594891e-19
1.98260870e+01 3.786655519717951e-19
1.98521739e+01 3.784166754730251e-19
1.98782609e+01 3.781682890494967e-19
1.99043478e+01 3.779203910949320e-19
1.99304348e+01 3.776729800104141e-19
1.99565217e+01 3.774260542043440e-19
1.99826087e+01 3.771796120923973e-19
2.00086957e+01 3.769336520974816e-19
2.00347826e+01 3.766881726496940e-19
2.00608696e+01 3.764431721862793e-19
2.00869565e+01 3.761986491515879e-19
2.01130435e+01 3.759546019970346e-19
2.01391304e+01 3.757110291810572e-19
2.01652174e+01 3.754679291690755e-19
2.01913043e+01 3.752253004334511e-19
2.02173913e+01 3.749831414534470e-19
2.02434783e+01 3.747414507151867e-19
2.02695652e+01 3.745002267116160e-19
2.02956522e+01 3.742594679424622e-19
2.03217391e+01 3.740191729141954e-19
2.03478261e+01 3.737793401399898e-19
2.03739130e+01 3.735399681396848e-19
2.04000000e+01 3.733010554397466e-19
2.04260870e+01 3.730626005732300e-19
2.04521739e+01 3.728246020797413e-19
2.04782609e+01 3.725870585053996e-19
2.05043478e+01 3.723499684028004e-19
2.05304348e+01 3.721133303309783e-19
2.05565217e+01 3.718771428553699e-19
2.05826087e+01 3.716414045477777e-19
2.06086957e+01 3.714061139863336e-19
2.06347826e+01 3.711712697554631e-19
2.06608696e+01 3.709368704458491e-19
2.06869565e+01 3.707029146543970e-19
2.07130435e+01 3.704694009841987e-19
2.07391304e+01 3.702363280444982e-19
2.07652174e+01 3.700036944506565e-19
2.07913043e+01 3.697714988241170e-19
2.08173913e+01 3.695397397923714e-19
2.08434783e+01 3.693084159889257e-19
2.08695652e+01 3.690775260532657e-19
2.08956522e+01 3.688470686308245e-19
2.09217391e+01 3.686170423729478e-19
2.09478261e+01 3.683874459368621e-19
2.09739130e+01 3.681582779856407e-19
2.10000000e+01 3.679295371881716e-19
2.10260870e+01 3.677012222191249e-19
2.10521739e+01 3.674733317589203e-19
2.10782609e+01 3.672458644936956e-19
2.11043478e+01 3.670188191152742e-19
2.11304348e+01 3.667921943211342e-19
2.11565217e+01 3.665659888143763e-19
2.11826087e+01 3.663402013036934e-19
2.12086957e+01 3.661148305033390e-19
2.12347826e+01 3.658898751330967e-19
2.12608696e+01 3.656653339182498e-19
2.12869565e+01 3.654412055895505e-19
2.13130435e+01 3.652174888831907e-19
2.13391304e+01 3.649941825407707e-19
2.13652174e+01 3.647712853092707e-19
2.13913043e+01 3.645487959410206e-19
2.14173913e+01 3.643267131936709e-19
2.14434783e+01 3.641050358301636e-19
2.14695652e+01 3.638837626187031e-19
2.14956522e+01 3.636628923327274e-19
2.15217391e+01 3.634424237508800e-19
2.15478261e+01 3.632223556569809e-19
2.15739130e+01 3.630026868399990e-19
2.16000000e+01 3.627834160940234e-19
2.16260870e+01 3.625645422182366e-19
2.16521739e+01 3.623460640168860e-19
2.16782609e+01 3.621279802992567e-19
2.17043478e+01 3.619102898796446e-19
2.17304348e+01 3.616929915773287e-19
2.17565217e+01 3.614760842165449e-19
2.17826087e+01 3.612595666264588e-19
2.18086957e+01 3.610434376411392e-19
2.18347826e+01 3.608276960995319e-19
2.18608696e+01 3.606123408454333e-19
2.18869565e+01 3.603973707274648e-19
2.19130435e+01 3.601827845990462e-19
2.19391304e+01 3.599685813183709e-19
2.19652174e+01 3.597547597483796e-19
2.19913043e+01 3.595413187567354e-19
2.20173913e+01 3.593282572157987e-19
2.20434783e+01 3.591155740026016e-19
2.20695652e+01 3.589032679988238e-19
2.20956522e+01 3.586913380907672e-19
2.21217391e+01 3.584797831693319e-19
2.21478261e+01 3.582686021299915e-19
2.21739130e+01 3.580577938727691e-19
2.22000000e+01 3.578473573022131e-19
2.22260870e+01 3.576372913273731e-19
2.22521739e+01 3.574275948617767e-19
2.22782609e+01 3.572182668234054e-19
2.23043478e+01 3.570093061346711e-19
2.23304348e+01 3.568007117223936e-19
2.23565217e+01 3.565924825177761e-19
2.23826087e+01 3.563846174563837e-19
2.24086957e+01 3.561771154781191e-19
2.24347826e+01 3.559699755272014e-19
2.24608696e+01 3.557631965521419e-19
2.24869565e+01 3.555567775057232e-19
2.25130435e+01 3.553507173449759e-19
2.25391304e+01 3.551450150311568e-19
2.25652174e+01 3.549396695297272e-19
2.25913043e+01 3.547346798103305e-19
2.26173913e+01 3.545300448467708e-19
2.26434783e+01 3.543257636169915e-19
2.26695652e+01 3.541218351030532e-19
2.26956522e+01 3.539182582911134e-19
2.27217391e+01 3.537150321714042e-19
2.27478261e+01 3.535121557382122e-19
2.27739130e+01 3.533096279898573e-19
2.28000000e+01 3.531074479286714e-19
2.28260870e+01 3.529056145609786e-19
2.28521739e+01 3.527041268970742e-19
2.28782609e+01 3.525029839512045e-19
2.29043478e+01 3.523021847415462e-19
2.29304348e+01 3.521017282901869e-19
2.29565217e+01 3.519016136231043e-19
2.29826087e+01 3.517018397701472e-19
2.30086957e+01 3.515024057650150e-19
2.30347826e+01 3.513033106452385e-19
2.30608696e+01 3.511045534521601e-19
2.30869565e+01 3.509061332309149e-19
2.31130435e+01 3.507080490304107e-19
2.31391304e+01 3.505102999033097e-19
2.31652174e+01 3.503128849060084e-19
2.31913043e+01 3.501158030986201e-19
2.32173913e+01 3.499190535449548e-19
2.32434783e+01 3.497226353125010e-19
2.32695652e+01 3.495265474724076e-19
2.32956522e+01 3.493307890994647e-19
2.33217391e+01 3.491353592720858e-19
2.33478261e+01 3.489402570722890e-19
2.33739130e+01 3.487454815856798e-19
2.34000000e+01 3.485510319014322e-19
2.34260870e+01 3.483569071122714e-19
2.34521739e+01 3.481631063144555e-19
2.34782609e+01 3.479696286077585e-19
2.35043478e+01 3.477764730954521e-19
2.35304348e+01 3.475836388842886e-19
2.35565217e+01 3.473911250844833e-19
2.35826087e+01 3.471989308096979e-19
2.36086957e+01 3.470070551770223e-19
2.36347826e+01 3.468154973069584e-19
2.36608696e+01 3.466242563234030e-19
2.36869565e+01 3.464333313536308e-19
2.37130435e+01 3.462427215282775e-19
2.37391304e+01 3.460524259813238e-19
2.37652174e+01 3.458624438500785e-19
2.37913043e+01 3.456727742751617e-19
2.38173913e+01 3.454834164004892e-19
2.38434783e+01 3.452943693732559e-19
2.38695652e+01 3.451056323439194e-19
2.38956522e+01 3.449172044661845e-19
2.39217391e+01 3.447290848969871e-19
2.39478261e+01 3.445412727964780e-19
2.39739130e+01 3.443537673280076e-19
2.40000000e+01 3.441665676581099e-19
2.40260870e+01 3.439796729564877e-19
2.40521739e+01 3.437930823959955e-19
2.40782609e+01 3.436067951526261e-19
2.41043478e+01 3.434208104054940e-19
2.41304348e+01 3.432351273368207e-19
2.41565217e+01 3.430497451319192e-19
2.41826087e+01 3.428646629791798e-19
2.42086957e+01 3.426798800700543e-19
2.42347826e+01 3.424953955990414e-19
2.42608696e+01 3.423112087636724e-19
2.42869565e+01 3.421273187644960e-19
2.43130435e+01 3.419437248050641e-19
2.43391304e+01 3.417604260919170e-19
2.43652174e+01 3.415774218345692e-19
2.43913043e+01 3.413947112454950e-19
2.44173913e+01 3.412122935401144e-19
2.44434783e+01 3.410301679367787e-19
2.44695652e+01 3.408483336567566e-19
2.44956522e+01 3.406667899242203e-19
2.45217391e+01 3.404855359662316e-19
2.45478261e+01 3.403045710127275e-19
2.45739130e+01 3.401238942965073e-19
2.46000000e+01 3.399435050532186e-19
2.46260870e+01 3.397634025213436e-19
2.46521739e+01 3.395835859421855e-19
2.46782609e+01 3.394040545598556e-19
2.47043478e+01 3.392248076212592e-19
2.47304348e+01 3.390458443760831e-19
2.47565217e+01 3.388671640767821e-19
2.47826087e+01 3.386887659785654e-19
2.48086957e+01 3.385106493393844e-19
2.48347826e+01 3.383328134199193e-19
2.48608696e+01 3.381552574835659e-19
2.48869565e+01 3.379779807964237e-19
2.49130435e+01 3.378009826272821e-19
2.49391304e+01 3.376242622476085e-19
2.49652174e+01 3.374478189315353e-19
2.49913043e+01 3.372716519558475e-19
2.50173913e+01 3.370957605999705e-19
2.50434783e+01 3.369201441459571e-19
2.50695652e+01 3.367448018784760e-19
2.50956522e+01 3.365697330847986e-19
2.51217391e+01 3.363949370547879e-19
2.51478261e+01 3.362204130808856e-19
2.51739130e+01 3.360461604581003e-19
2.52000000e+01 3.358721784839958e-19
2.52260870e+01 3.356984664586787e-19
2.52521739e+01 3.355250236847871e-19
2.52782609e+01 3.353518494674784e-19
2.53043478e+01 3.351789431144179e-19
2.53304348e+01 3.350063039357672e-19
2.53565217e+01 3.348339312441724e-19
2.53826087e+01 3.346618243547528e-19
2.54086957e+01 3.344899825850893e-19
2.54347826e+01 3.343184052552132e-19
2.54608696e+01 3.341470916875948e-19
2.54869565e+01 3.339760412071324e-19
2.55130435e+01 3.338052531411406e-19
2.55391304e+01 3.336347268193396e-19
2.55652174e+01 3.334644615738444e-19
2.55913043e+01 3.332944567391530e-19
2.56173913e+01 3.331247116521363e-19
2.56434783e+01 3.329552256520269e-19
2.56695652e+01 3.327859980804079e-19
2.56956522e+01 3.326170282812029e-19
2.57217391e+01 3.324483156006649e-19
2.57478261e+01 3.322798593873658e-19
2.57739130e+01 3.321116589921856e-19
2.58000000e+01 3.319437137683021e-19
2.58260870e+01 3.317760230711805e-19
2.58521739e+01 3.316085862585631e-19
2.58782609e+01 3.314414026904584e-19
2.59043478e+01 3.312744717291315e-19
2.59304348e+01 3.311077927390936e-19
2.59565217e+01 3.309413650870918e-19
2.59826087e+01 3.307751881420990e-19
2.60086957e+01 3.306092612753040e-19
2.60347826e+01 3.304435838601014e-19
2.60608696e+01 3.302781552720815e-19
2.60869565e+01 3.301129748890208e-19
2.61130435e+01 3.299480420908717e-19
2.61391304e+01 3.297833562597533e-19
2.61652174e+01 3.296189167799411e-19
2.61913043e+01 3.294547230378576e-19
2.62173913e+01 3.292907744220628e-19
2.62434783e+01 3.291270703232445e-19
2.62695652e+01 3.289636101342085e-19
2.62956522e+01 3.288003932498699e-19
2.63217391e+01 3.286374190672430e-19
2.63478261e+01 3.284746869854319e-19
2.63739130e+01 3.283121964056220e-19
2.64000000e+01 3.281499467310699e-19
2.64260870e+01 3.279879373670944e-19
2.64521739e+01 3.278261677210679e-19
2.64782609e+01 3.276646372024062e-19
2.65043478e+01 3.275033452225607e-19
2.65304348e+01 3.273422911950084e-19
2.65565217e+01 3.271814745352435e-19
2.65826087e+01 3.270208946607684e-19
2.66086957e+01 3.268605509910845e-19
2.66347826e+01 3.267004429476838e-19
2.66608696e+01 3.265405699540399e-19
2.66869565e+01 3.263809314355996e-19
2.67130435e+01 3.262215268197736e-19
2.67391304e+01 3.260623555359286e-19
2.67652174e+01 3.259034170153781e-19
2.67913043e+01 3.257447106913744e-19
2.68173913e+01 3.255862359990999e-19
2.68434783e+01 3.254279923756580e-19
2.68695652e+01 3.252699792600662e-19
2.68956522e+01 3.251121960932464e-19
2.69217391e+01 3.249546423180168e-19
2.69478261e+01 3.247973173790846e-19
2.69739130e+01 3.246402207230364e-19
2.70000000e+01 3.244833517983310e-19
2.70260870e+01 3.243267100552911e-19
2.70521739e+01 3.241702949460947e-19
2.70782609e+01 3.240141059247678e-19
2.71043478e+01 3.238581424471757e-19
2.71304348e+01 3.237024039710157e-19
2.71565217e+01 3.235468899558086e-19
2.71826087e+01 3.233915998628911e-19
2.72086957e+01 3.232365331554080e-19
2.72347826e+01 3.230816892983043e-19
2.72608696e+01 3.229270677583174e-19
2.72869565e+01 3.227726680039696e-19
2.73130435e+01 3.226184895055603e-19
2.73391304e+01 3.224645317351582e-19
2.73652174e+01 3.223107941665940e-19
2.73913043e+01 3.221572762754527e-19
2.74173913e+01 3.220039775390660e-19
2.74434783e+01 3.218508974365051e-19
2.74695652e+01 3.216980354485729e-19
2.74956522e+01 3.215453910577970e-19
2.75217391e+01 3.213929637484221e-19
2.75478261e+01 3.212407530064025e-19
2.75739130e+01 3.210887583193954e-19
2.76000000e+01 3.209369791767528e-19
2.76260870e+01 3.207854150695154e-19
2.76521739e+01 3.206340654904045e-19
2.76782609e+01 3.204829299338150e-19
2.77043478e+01 3.203320078958088e-19
2.77304348e+01 3.201812988741074e-19
2.77565217e+01 3.200308023680849e-19
2.77826087e+01 3.198805178787609e-19
2.78086957e+01 3.197304449087939e-19
2.78347826e+01 3.195805829624740e-19
2.78608696e+01 3.194309315457163e-19
2.78869565e+01 3.192814901660539e-19
2.79130435e+01 3.191322583326312e-19
2.79391304e+01 3.189832355561971e-19
2.79652174e+01 3.188344213490981e-19
2.79913043e+01 3.186858152252719e-19
2.80173913e+01 3.185374167002404e-19
2.80434783e+01 3.183892252911035e-19
2.80695652e+01 3.182412405165320e-19
2.80956522e+01 3.180934618967613e-19
2.81217391e+01 3.179458889535850e-19
2.81478261e+01 3.177985212103480e-19
2.81739130e+01 3.176513581919405e-19
2.82000000e+01 3.175043994247913e-19
2.82260870e+01 3.173576444368612e-19
2.82521739e+01 3.172110927576370e-19
2.82782609e+01 3.170647439181255e-19
2.83043478e+01 3.169185974508459e-19
2.83304348e+01 3.167726528898249e-19
2.83565217e+01 3.166269097705899e-19
2.83826087e+01 3.164813676301626e-19
2.84086957e+01 3.163360260070531e-19
2.84347826e+01 3.161908844412540e-19
2.84608696e+01 3.160459424742334e-19
2.84869565e+01 3.159011996489298e-19
2.85130435e+01 3.157566555097456e-19
2.85391304e+01 3.156123096025409e-19
2.85652174e+01 3.154681614746280e-19
2.85913043e+01 3.153242106747650e-19
2.86173913e+01 3.151804567531499e-19
2.86434783e+01 3.150368992614152e-19
2.86695652e+01 3.148935377526212e-19
2.86956522e+01 3.147503717812509e-19
2.87217391e+01 3.146074009032039e-19
2.87478261e+01 3.144646246757904e-19
2.87739130e+01 3.143220426577258e-19
2.88000000e+01 3.141796544091247e-19
2.88260870e+01 3.140374594914954e-19
2.88521739e+01 3.138954574677342e-19
2.88782609e+01 3.137536479021197e-19
2.89043478e+01 3.136120303603070e-19
2.89304348e+01 3.134706044093225e-19
2.89565217e+01 3.133293696175579e-19
2.89826087e+01 3.131883255547653e-19
2.90086957e+01 3.130474717920511e-19
2.90347826e+01 3.129068079018705e-19
2.90608696e+01 3.127663334580225e-19
2.90869565e+01 3.126260480356443e-19
2.91130435e+01 3.124859512112058e-19
2.91391304e+01 3.123460425625042e-19
2.91652174e+01 3.122063216686589e-19
2.91913043e+01 3.120667881101058e-19
2.92173913e+01 3.119274414685925e-19
2.92434783e+01 3.117882813271725e-19
2.92695652e+01 3.116493072702004e-19
2.92956522e+01 3.115105188833264e-19
2.93217391e+01 3.113719157534914e-19
2.93478261e+01 3.112334974689214e-19
2.93739130e+01 3.110952636191229e-19
2.94000000e+01 3.109572137948772e-19
2.94260870e+01 3.108193475882359e-19
2.94521739e+01 3.106816645925155e-19
2.94782609e+01 3.105441644022922e-19
2.95043478e+01 3.104068466133975e-19
2.95304348e+01 3.102697108229123e-19
2.95565217e+01 3.101327566291628e-19
2.95826087e+01 3.099959836317154e-19
2.96086957e+01 3.098593914313710e-19
2.96347826e+01 3.097229796301612e-19
2.96608696e+01 3.095867478313427e-19
2.96869565e+01 3.094506956393927e-19
2.97130435e+01 3.093148226600042e-19
2.97391304e+01 3.091791285000809e-19
2.97652174e+01 3.090436127677326e-19
2.97913043e+01 3.089082750722704e-19
2.98173913e+01 3.087731150242020e-19
2.98434783e+01 3.086381322352274e-19
2.98695652e+01 3.085033263182330e-19
2.98956522e+01 3.083686968872886e-19
2.99217391e+01 3.082342435576411e-19
2.99478261e+01 3.080999659457113e-19
2.99739130e+01 3.079658636690884e-19
3.00000000e+01 3.078319363465258e-19
3.00260870e+01 3.076981835979364e-19
3.00521739e+01 3.075646050443881e-19
3.00782609e+01 3.074312003080995e-19
3.01043478e+01 3.072979690124350e-19
3.01304348e+01 3.071649107819007e-19
3.01565217e+01 3.070320252421399e-19
3.01826087e+01 3.068993120199283e-19
3.02086957e+01 3.067667707431702e-19
3.02347826e+01 3.066344010408939e-19
3.02608696e+01 3.065022025432467e-19
3.02869565e+01 3.063701748814917e-19
3.03130435e+01 3.062383176880026e-19
3.03391304e+01 3.061066305962598e-19
3.03652174e+01 3.059751132408459e-19
3.03913043e+01 3.058437652574418e-19
3.04173913e+01 3.057125862828218e-19
3.04434783e+01 3.055815759548502e-19
3.04695652e+01 3.054507339124766e-19
3.04956522e+01 3.053200597957317e-19
3.05217391e+01 3.051895532457233e-19
3.05478261e+01 3.050592139046321e-19
3.05739130e+01 3.049290414157078e-19
3.06000000e+01 3.047990354232645e-19
3.06260870e+01 3.046691955726772e-19
3.06521739e+01 3.045395215103773e-19
3.06782609e+01 3.044100128838487e-19
3.07043478e+01 3.042806693416239e-19
3.07304348e+01 3.041514905332796e-19
3.07565217e+01 3.040224761094334e-19
3.07826087e+01 3.038936257217391e-19
3.08086957e+01 3.037649390228833e-19
3.08347826e+01 3.036364156665811e-19
3.08608696e+01 3.035080553075722e-19
3.08869565e+01 3.033798576016176e-19
3.09130435e+01 3.032518222054947e-19
3.09391304e+01 3.031239487769943e-19
3.09652174e+01 3.029962369749166e-19
3.09913043e+01 3.028686864590667e-19
3.10173913e+01 3.027412968902518e-19
3.10434783e+01 3.026140679302770e-19
3.10695652e+01 3.024869992419410e-19
3.10956522e+01 3.023600904890330e-19
3.11217391e+01 3.022333413363292e-19
3.11478261e+01 3.021067514495880e-19
3.11739130e+01 3.019803204955474e-19
3.12000000e+01 3.018540481419206e-19
3.12260870e+01 3.017279340573928e-19
3.12521739e+01 3.016019779116173e-19
3.12782609e+01 3.014761793752119e-19
3.13043478e+01 3.013505381197552e-19
3.13304348e+01 3.012250538177833e-19
3.13565217e+01 3.010997261427858e-19
3.13826087e+01 3.009745547692026e-19
3.14086957e+01 3.008495393724201e-19
3.14347826e+01 3.007246796287679e-19
3.14608696e+01 3.005999752155150e-19
3.14869565e+01 3.004754258108663e-19
3.15130435e+01 3.003510310939596e-19
3.15391304e+01 3.002267907448615e-19
3.15652174e+01 3.001027044445643e-19
3.15913043e+01 2.999787718749825e-19
3.16173913e+01 2.998549927189494e-19
3.16434783e+01 2.997313666602136e-19
3.16695652e+01 2.996078933834354e-19
3.16956522e+01 2.994845725741842e-19
3.17217391e+01 2.993614039189340e-19
3.17478261e+01 2.992383871050613e-19
3.17739130e+01 2.991155218208406e-19
3.18000000e+01 2.989928077554418e-19
3.18260870e+01 2.988702445989268e-19
3.18521739e+01 2.987478320422461e-19
3.18782609e+01 2.986255697772353e-19
3.19043478e+01 2.985034574966125e-19
3.19304348e+01 2.983814948939743e-19
3.19565217e+01 2.982596816637930e-19
3.19826087e+01 2.981380175014134e-19
3.20086957e+01 2.980165021030496e-19
3.20347826e+01 2.978951351657813e-19
3.20608696e+01 2.977739163875515e-19
3.20869565e+01 2.976528454671626e-19
3.21130435e+01 2.975319221042736e-19
3.21391304e+01 2.974111459993971e-19
3.21652174e+01 2.972905168538958e-19
3.21913043e+01 2.971700343699795e-19
3.22173913e+01 2.970496982507025e-19
3.22434783e+01 2.969295081999597e-19
3.22695652e+01 2.968094639224843e-19
3.22956522e+01 2.966895651238443e-19
3.23217391e+01 2.965698115104394e-19
3.23478261e+01 2.964502027894986e-19
3.23739130e+01 2.963307386690766e-19
3.24000000e+01 2.962114188580507e-19
3.24260870e+01 2.960922430661185e-19
3.24521739e+01 2.959732110037942e-19
3.24782609e+01 2.958543223824063e-19
3.25043478e+01 2.957355769140941e-19
3.25304348e+01 2.956169743118052e-19
3.25565217e+01 2.954985142892920e-19
3.25826087e+01 2.953801965611096e-19
3.26086957e+01 2.952620208426126e-19
3.26347826e+01 2.951439868499517e-19
3.26608696e+01 2.950260943000715e-19
3.26869565e+01 2.949083429107075e-19
3.27130435e+01 2.947907324003828e-19
3.27391304e+01 2.946732624884062e-19
3.27652174e+01 2.945559328948685e-19
3.27913043e+01 2.944387433406401e-19
3.28173913e+01 2.943216935473680e-19
3.28434783e+01 2.942047832374735e-19
3.28695652e+01 2.940880121341488e-19
3.28956522e+01 2.939713799613548e-19
3.29217391e+01 2.938548864438178e-19
3.29478261e+01 2.937385313070274e-19
3.29739130e+01 2.936223142772333e-19
3.30000000e+01 2.935062350814428e-19
3.30260870e+01 2.933902934474182e-19
3.30521739e+01 2.932744891036735e-19
3.30782609e+01 2.931588217794729e-19
3.31043478e+01 2.930432912048270e-19
3.31304348e+01 2.929278971104907e-19
3.31565217e+01 2.928126392279606e-19
3.31826087e+01 2.926975172894721e-19
3.32086957e+01 2.925825310279970e-19
3.32347826e+01 2.924676801772409e-19
3.32608696e+01 2.923529644716405e-19
3.32869565e+01 2.922383836463610e-19
3.33130435e+01 2.921239374372937e-19
3.33391304e+01 2.920096255810532e-19
3.33652174e+01 2.918954478149753e-19
3.33913043e+01 2.917814038771138e-19
3.34173913e+01 2.916674935062386e-19
3.34434783e+01 2.915537164418328e-19
3.34695652e+01 2.914400724240904e-19
3.34956522e+01 2.913265611939135e-19
3.35217391e+01 2.912131824929106e-19
3.35478261e+01 2.910999360633928e-19
3.35739130e+01 2.909868216483728e-19
3.36000000e+01 2.908738389915615e-19
3.36260870e+01 2.907609878373658e-19
3.36521739e+01 2.906482679308862e-19
3.36782609e+01 2.905356790179145e-19
3.37043478e+01 2.904232208449312e-19
3.37304348e+01 2.903108931591032e-19
3.37565217e+01 2.901986957082813e-19
3.37826087e+01 2.900866282409982e-19
3.38086957e+01 2.899746905064654e-19
3.38347826e+01 2.898628822545717e-19
3.38608696e+01 2.897512032358803e-19
3.38869565e+01 2.896396532016265e-19
3.39130435e+01 2.895282319037156e-19
3.39391304e+01 2.894169390947205e-19
3.39652174e+01 2.893057745278792e-19
3.39913043e+01 2.891947379570928e-19
3.40173913e+01 2.890838291369230e-19
3.40434783e+01 2.889730478225899e-19
3.40695652e+01 2.888623937699697e-19
3.40956522e+01 2.887518667355926e-19
3.41217391e+01 2.886414664766402e-19
3.41478261e+01 2.885311927509434e-19
3.41739130e+01 2.884210453169808e-19
3.42000000e+01 2.883110239338752e-19
3.42260870e+01 2.882011283613927e-19
3.42521739e+01 2.880913583599393e-19
3.42782609e+01 2.879817136905599e-19
3.43043478e+01 2.878721941149352e-19
3.43304348e+01 2.877627993953800e-19
3.43565217e+01 2.876535292948406e-19
3.43826087e+01 2.875443835768932e-19
3.44086957e+01 2.874353620057415e-19
3.44347826e+01 2.873264643462144e-19
3.44608696e+01 2.872176903637639e-19
3.44869565e+01 2.871090398244633e-19
3.45130435e+01 2.870005124950050e-19
3.45391304e+01 2.868921081426977e-19
3.45652174e+01 2.867838265354655e-19
3.45913043e+01 2.866756674418448e-19
3.46173913e+01 2.865676306309827e-19
3.46434783e+01 2.864597158726350e-19
3.46695652e+01 2.863519229371637e-19
3.46956522e+01 2.862442515955354e-19
3.47217391e+01 2.861367016193190e-19
3.47478261e+01 2.860292727806839e-19
3.47739130e+01 2.859219648523976e-19
3.48000000e+01 2.858147776078241e-19
3.48260870e+01 2.857077108209215e-19
3.48521739e+01 2.856007642662402e-19
3.48782609e+01 2.854939377189211e-19
3.49043478e+01 2.853872309546934e-19
3.49304348e+01 2.852806437498722e-19
3.49565217e+01 2.851741758813574e-19
3.49826087e+01 2.850678271266312e-19
3.50086957e+01 2.849615972637562e-19
3.50347826e+01 2.848554860713736e-19
3.50608696e+01 2.847494933287008e-19
3.50869565e+01 2.846436188155303e-19
3.51130435e+01 2.845378623122271e-19
3.51391304e+01 2.844322235997270e-19
3.51652174e+01 2.843267024595348e-19
3.51913043e+01 2.842212986737220e-19
3.52173913e+01 2.841160120249255e-19
3.52434783e+01 2.840108422963453e-19
3.52695652e+01 2.839057892717429e-19
3.52956522e+01 2.838008527354390e-19
3.53217391e+01 2.836960324723122e-19
3.53478261e+01 2.835913282677966e-19
3.53739130e+01 2.834867399078804e-19
3.54000000e+01 2.833822671791040e-19
3.54260870e+01 2.832779098685578e-19
3.54521739e+01 2.831736677638806e-19
3.54782609e+01 2.830695406532581e-19
3.55043478e+01 2.829655283254206e-19
3.55304348e+01 2.828616305696415e-19
3.55565217e+01 2.827578471757354e-19
3.55826087e+01 2.826541779340563e-19
3.56086957e+01 2.825506226354959e-19
3.56347826e+01 2.824471810714817e-19
3.56608696e+01 2.823438530339754e-19
3.56869565e+01 2.822406383154711e-19
3.57130435e+01 2.821375367089934e-19
3.57391304e+01 2.820345480080957e-19
3.57652174e+01 2.819316720068587e-19
3.57913043e+01 2.818289084998885e-19
3.58173913e+01 2.817262572823147e-19
3.58434783e+01 2.816237181497891e-19
3.58695652e+01 2.815212908984835e-19
3.58956522e+01 2.814189753250884e-19
3.59217391e+01 2.813167712268112e-19
3.59478261e+01 2.812146784013744e-19
3.59739130e+01 2.811126966470139e-19
3.60000000e+01 2.810108257624777e-19
3.60260870e+01 2.809090655470236e-19
3.60521739e+01 2.808074158004180e-19
3.60782609e+01 2.807058763229343e-19
3.61043478e+01 2.806044469153509e-19
3.61304348e+01 2.805031273789497e-19
3.61565217e+01 2.804019175155147e-19
3.61826087e+01 2.803008171273300e-19
3.62086957e+01 2.801998260171785e-19
3.62347826e+01 2.800989439883399e-19
3.62608696e+01 2.799981708445896e-19
3.62869565e+01 2.798975063901967e-19
3.63130435e+01 2.797969504299226e-19
3.63391304e+01 2.796965027690190e-19
3.63652174e+01 2.795961632132272e-19
3.63913043e+01 2.794959315687756e-19
3.64173913e+01 2.793958076423786e-19
3.64434783e+01 2.792957912412349e-19
3.64695652e+01 2.791958821730261e-19
3.64956522e+01 2.790960802459150e-19
3.65217391e+01 2.789963852685439e-19
3.65478261e+01 2.788967970500333e-19
3.65739130e+01 2.787973153999806e-19
3.66000000e+01 2.786979401284579e-19
3.66260870e+01 2.785986710460110e-19
3.66521739e+01 2.784995079636577e-19
3.66782609e+01 2.784004506928865e-19
3.67043478e+01 2.783014990456545e-19
3.67304348e+01 2.782026528343868e-19
3.67565217e+01 2.781039118719743e-19
3.67826087e+01 2.780052759717724e-19
3.68086957e+01 2.779067449475996e-19
3.68347826e+01 2.778083186137358e-19
3.68608696e+01 2.777099967849216e-19
3.68869565e+01 2.776117792763555e-19
3.69130435e+01 2.775136659036937e-19
3.69391304e+01 2.774156564830478e-19
3.69652174e+01 2.773177508309839e-19
3.69913043e+01 2.772199487645211e-19
3.70173913e+01 2.771222501011294e-19
3.70434783e+01 2.770246546587293e-19
3.70695652e+01 2.769271622556894e-19
3.70956522e+01 2.768297727108258e-19
3.71217391e+01 2.767324858434001e-19
3.71478261e+01 2.766353014731184e-19
3.71739130e+01 2.765382194201294e-19
3.72000000e+01 2.764412395050236e-19
3.72260870e+01 2.763443615488315e-19
3.72521739e+01 2.762475853730223e-19
3.72782609e+01 2.761509107995026e-19
3.73043478e+01 2.760543376506150e-19
3.73304348e+01 2.759578657491366e-19
3.73565217e+01 2.758614949182777e-19
3.73826087e+01 2.757652249816807e-19
3.74086957e+01 2.756690557634182e-19
3.74347826e+01 2.755729870879923e-19
3.74608696e+01 2.754770187803327e-19
3.74869565e+01 2.753811506657955e-19
3.75130435e+01 2.752853825701623e-19
3.75391304e+01 2.751897143196381e-19
3.75652174e+01 2.750941457408506e-19
3.75913043e+01 2.749986766608488e-19
3.76173913e+01 2.749033069071013e-19
3.76434783e+01 2.748080363074955e-19
3.76695652e+01 2.747128646903357e-19
3.76956522e+01 2.746177918843424e-19
3.77217391e+01 2.745228177186508e-19
3.77478261e+01 2.744279420228093e-19
3.77739130e+01 2.743331646267785e-19
3.78000000e+01 2.742384853609295e-19
3.78260870e+01 2.741439040560434e-19
3.78521739e+01 2.740494205433092e-19
3.78782609e+01 2.739550346543229e-19
3.79043478e+01 2.738607462210864e-19
3.79304348e+01 2.737665550760060e-19
3.79565217e+01 2.736724610518910e-19
3.79826087e+01 2.735784639819530e-19
3.80086957e+01 2.734845636998041e-19
3.80347826e+01 2.733907600394561e-19
3.80608696e+01 2.732970528353188e-19
3.80869565e+01 2.732034419221992e-19
3.81130435e+01 2.731099271353000e-19
3.81391304e+01 2.730165083102187e-19
3.81652174e+01 2.729231852829460e-19
3.81913043e+01 2.728299578898646e-19
3.82173913e+01 2.727368259677485e-19
3.82434783e+01 2.726437893537614e-19
3.82695652e+01 2.725508478854553e-19
3.82956522e+01 2.724580014007699e-19
3.83217391e+01 2.723652497380309e-19
3.83478261e+01 2.722725927359490e-19
3.83739130e+01 2.721800302336188e-19
3.84000000e+01 2.720875620705176e-19
3.84260870e+01 2.719951880865039e-19
3.84521739e+01 2.719029081218170e-19
3.84782609e+01 2.718107220170749e-19
3.85043478e+01 2.717186296132738e-19
3.85304348e+01 2.716266307517869e-19
3.85565217e+01 2.715347252743626e-19
3.85826087e+01 2.714429130231245e-19
3.86086957e+01 2.713511938405693e-19
3.86347826e+01 2.712595675695658e-19
3.86608696e+01 2.711680340533544e-19
3.86869565e+01 2.710765931355451e-19
3.87130435e+01 2.709852446601171e-19
3.87391304e+01 2.708939884714173e-19
3.87652174e+01 2.708028244141591e-19
3.87913043e+01 2.707117523334218e-19
3.88173913e+01 2.706207720746489e-19
3.88434783e+01 2.705298834836473e-19
3.88695652e+01 2.704390864065862e-19
3.88956522e+01 2.703483806899961e-19
3.89217391e+01 2.702577661807673e-19
3.89478261e+01 2.701672427261492e-19
3.89739130e+01 2.700768101737492e-19
3.90000000e+01 2.699864683715314e-19
3.90260870e+01 2.698962171678159e-19
3.90521739e+01 2.698060564112771e-19
3.90782609e+01 2.697159859509434e-19
3.91043478e+01 2.696260056361955e-19
3.91304348e+01 2.695361153167658e-19
3.91565217e+01 2.694463148427368e-19
3.91826087e+01 2.693566040645411e-19
3.92086957e+01 2.692669828329587e-19
3.92347826e+01 2.691774509991178e-19
3.92608696e+01 2.690880084144924e-19
3.92869565e+01 2.689986549309016e-19
3.93130435e+01 2.689093904005092e-19
3.93391304e+01 2.688202146758218e-19
3.93652174e+01 2.687311276096884e-19
3.93913043e+01 2.686421290552987e-19
3.94173913e+01 2.685532188661830e-19
3.94434783e+01 2.684643968962105e-19
3.94695652e+01 2.683756629995886e-19
3.94956522e+01 2.682870170308617e-19
3.95217391e+01 2.681984588449102e-19
3.95478261e+01 2.681099882969498e-19
3.95739130e+01 2.680216052425301e-19
3.96000000e+01 2.679333095375340e-19
3.96260870e+01 2.678451010381764e-19
3.96521739e+01 2.677569796010034e-19
3.96782609e+01 2.676689450828911e-19
3.97043478e+01 2.675809973410451e-19
3.97304348e+01 2.674931362329990e-19
3.97565217e+01 2.674053616166135e-19
3.97826087e+01 2.673176733500759e-19
3.98086957e+01 2.672300712918985e-19
3.98347826e+01 2.671425553009182e-19
3.98608696e+01 2.670551252362952e-19
3.98869565e+01 2.669677809575121e-19
3.99130435e+01 2.668805223243731e-19
3.99391304e+01 2.667933491970029e-19
3.99652174e+01 2.667062614358457e-19
3.99913043e+01 2.666192589016646e-19
4.00173913e+01 2.665323414555402e-19
4.00434783e+01 2.664455089588701e-19
4.00695652e+01 2.663587612733676e-19
4.00956522e+01 2.662720982610612e-19
4.01217391e+01 2.661855197842932e-19
4.01478261e+01 2.660990257057191e-19
4.01739130e+01 2.660126158883067e-19
4.02000000e+01 2.659262901953347e-19
4.02260870e+01 2.658400484903927e-19
4.02521739e+01 2.657538906373795e-19
4.02782609e+01 2.656678165005024e-19
4.03043478e+01 2.655818259442765e-19
4.03304348e+01 2.654959188335236e-19
4.03565217e+01 2.654100950333715e-19
4.03826087e+01 2.653243544092529e-19
4.04086957e+01 2.652386968269046e-19
4.04347826e+01 2.651531221523667e-19
4.04608696e+01 2.650676302519815e-19
4.04869565e+01 2.649822209923929e-19
4.05130435e+01 2.648968942405454e-19
4.05391304e+01 2.648116498636831e-19
4.05652174e+01 2.647264877293491e-19
4.05913043e+01 2.646414077053843e-19
4.06173913e+01 2.645564096599269e-19
4.06434783e+01 2.644714934614115e-19
4.06695652e+01 2.643866589785676e-19
4.06956522e+01 2.643019060804199e-19
4.07217391e+01 2.642172346362864e-19
4.07478261e+01 2.641326445157781e-19
4.07739130e+01 2.640481355887979e-19
4.08000000e+01 2.639637077255401e-19
4.08260870e+01 2.638793607964892e-19
4.08521739e+01 2.637950946724193e-19
4.08782609e+01 2.637109092243931e-19
4.09043478e+01 2.636268043237612e-19
4.09304348e+01 2.635427798421613e-19
4.09565217e+01 2.634588356515170e-19
4.09826087e+01 2.633749716240376e-19
4.10086957e+01 2.632911876322169e-19
4.10347826e+01 2.632074835488323e-19
4.10608696e+01 2.631238592469445e-19
4.10869565e+01 2.630403145998959e-19
4.11130435e+01 2.629568494813105e-19
4.11391304e+01 2.628734637650927e-19
4.11652174e+01 2.627901573254266e-19
4.11913043e+01 2.627069300367754e-19
4.12173913e+01 2.626237817738803e-19
4.12434783e+01 2.625407124117599e-19
4.12695652e+01 2.624577218257092e-19
4.12956522e+01 2.623748098912993e-19
4.13217391e+01 2.622919764843757e-19
4.13478261e+01 2.622092214810589e-19
4.13739130e+01 2.621265447577421e-19
4.14000000e+01 2.620439461910915e-19
4.14260870e+01 2.619614256580452e-19
4.14521739e+01 2.618789830358120e-19
4.14782609e+01 2.617966182018718e-19
4.15043478e+01 2.617143310339733e-19
4.15304348e+01 2.616321214101345e-19
4.15565217e+01 2.615499892086412e-19
4.15826087e+01 2.614679343080466e-19
4.16086957e+01 2.613859565871704e-19
4.16347826e+01 2.613040559250981e-19
4.16608696e+01 2.612222322011803e-19
4.16869565e+01 2.611404852950318e-19
4.17130435e+01 2.610588150865309e-19
4.17391304e+01 2.609772214558189e-19
4.17652174e+01 2.608957042832990e-19
4.17913043e+01 2.608142634496359e-19
4.18173913e+01 2.607328988357546e-19
4.18434783e+01 2.606516103228403e-19
4.18695652e+01 2.605703977923372e-19
4.18956522e+01 2.604892611259479e-19
4.19217391e+01 2.604082002056326e-19
4.19478261e+01 2.603272149136086e-19
4.19739130e+01 2.602463051323495e-19
4.20000000e+01 2.601654707445842e-19
4.20260870e+01 2.600847116332967e-19
4.20521739e+01 2.600040276817249e-19
4.20782609e+01 2.599234187733601e-19
4.21043478e+01 2.598428847919465e-19
4.21304348e+01 2.597624256214801e-19
4.21565217e+01 2.596820411462081e-19
4.21826087e+01 2.596017312506286e-19
4.22086957e+01 2.595214958194893e-19
4.22347826e+01 2.594413347377872e-19
4.22608696e+01 2.593612478907678e-19
4.22869565e+01 2.592812351639245e-19
4.23130435e+01 2.592012964429976e-19
4.23391304e+01 2.591214316139741e-19
4.23652174e+01 2.590416405630864e-19
4.23913043e+01 2.589619231768126e-19
4.24173913e+01 2.588822793418745e-19
4.24434783e+01 2.588027089452379e-19
4.24695652e+01 2.587232118741118e-19
4.24956522e+01 2.586437880159474e-19
4.25217391e+01 2.585644372584376e-19
4.25478261e+01 2.584851594895166e-19
4.25739130e+01 2.584059545973585e-19
4.26000000e+01 2.583268224703774e-19
4.26260870e+01 2.582477629972267e-19
4.26521739e+01 2.581687760667976e-19
4.26782609e+01 2.580898615682195e-19
4.27043478e+01 2.580110193908588e-19
4.27304348e+01 2.579322494243182e-19
4.27565217e+01 2.578535515584363e-19
4.27826087e+01 2.577749256832866e-19
4.28086957e+01 2.576963716891776e-19
4.28347826e+01 2.576178894666511e-19
4.28608696e+01 2.575394789064825e-19
4.28869565e+01 2.574611398996796e-19
4.29130435e+01 2.573828723374820e-19
4.29391304e+01 2.573046761113609e-19
4.29652174e+01 2.572265511130179e-19
4.29913043e+01 2.571484972343849e-19
4.30173913e+01 2.570705143676230e-19
4.30434783e+01 2.569926024051220e-19
4.30695652e+01 2.569147612395002e-19
4.30956522e+01 2.568369907636032e-19
4.31217391e+01 2.567592908705035e-19
4.31478261e+01 2.566816614535000e-19
4.31739130e+01 2.566041024061172e-19
4.32000000e+01 2.565266136221048e-19
4.32260870e+01 2.564491949954369e-19
4.32521739e+01 2.563718464203115e-19
4.32782609e+01 2.562945677911495e-19
4.33043478e+01 2.562173590025949e-19
4.33304348e+01 2.561402199495136e-19
4.33565217e+01 2.560631505269929e-19
4.33826087e+01 2.559861506303408e-19
4.34086957e+01 2.559092201550858e-19
4.34347826e+01 2.558323589969759e-19
4.34608696e+01 2.557555670519779e-19
4.34869565e+01 2.556788442162777e-19
4.35130435e+01 2.556021903862784e-19
4.35391304e+01 2.555256054586009e-19
4.35652174e+01 2.554490893300824e-19
4.35913043e+01 2.553726418977764e-19
4.36173913e+01 2.552962630589519e-19
4.36434783e+01 2.552199527110929e-19
4.36695652e+01 2.551437107518978e-19
4.36956522e+01 2.550675370792785e-19
4.37217391e+01 2.549914315913605e-19
4.37478261e+01 2.549153941864819e-19
4.37739130e+01 2.548394247631925e-19
4.38000000e+01 2.547635232202541e-19
4.38260870e+01 2.546876894566392e-19
4.38521739e+01 2.546119233715306e-19
4.38782609e+01 2.545362248643212e-19
4.39043478e+01 2.544605938346129e-19
4.39304348e+01 2.543850301822164e-19
4.39565217e+01 2.543095338071505e-19
4.39826087e+01 2.542341046096417e-19
4.40086957e+01 2.541587424901233e-19
4.40347826e+01 2.540834473492353e-19
4.40608696e+01 2.540082190878234e-19
4.40869565e+01 2.539330576069390e-19
4.41130435e+01 2.538579628078381e-19
4.41391304e+01 2.537829345919811e-19
4.41652174e+01 2.537079728610320e-19
4.41913043e+01 2.536330775168581e-19
4.42173913e+01 2.535582484615293e-19
4.42434783e+01 2.534834855973177e-19
4.42695652e+01 2.534087888266971e-19
4.42956522e+01 2.533341580523422e-19
4.43217391e+01 2.532595931771281e-19
4.43478261e+01 2.531850941041300e-19
4.43739130e+01 2.531106607366229e-19
4.44000000e+01 2.530362929780803e-19
4.44260870e+01 2.529619907321741e-19
4.44521739e+01 2.528877539027744e-19
4.44782609e+01 2.528135823939484e-19
4.45043478e+01 2.527394761099603e-19
4.45304348e+01 2.526654349552706e-19
4.45565217e+01 2.525914588345355e-19
4.45826087e+01 2.525175476526065e-19
4.46086957e+01 2.524437013145301e-19
4.46347826e+01 2.523699197255468e-19
4.46608696e+01 2.522962027910910e-19
4.46869565e+01 2.522225504167902e-19
4.47130435e+01 2.521489625084649e-19
4.47391304e+01 2.520754389721276e-19
4.47652174e+01 2.520019797139825e-19
4.47913043e+01 2.519285846404253e-19
4.48173913e+01 2.518552536580421e-19
4.48434783e+01 2.517819866736094e-19
4.48695652e+01 2.517087835940935e-19
4.48956522e+01 2.516356443266497e-19
4.49217391e+01 2.515625687786221e-19
4.49478261e+01 2.514895568575433e-19
4.49739130e+01 2.514166084711334e-19
4.50000000e+01 2.513437235272997e-19
4.50260870e+01 2.512709019341366e-19
4.50521739e+01 2.511981435999243e-19
4.50782609e+01 2.511254484331293e-19
4.51043478e+01 2.510528163424032e-19
4.51304348e+01 2.509802472365823e-19
4.51565217e+01 2.509077410246875e-19
4.51826087e+01 2.508352976159234e-19
4.52086957e+01 2.507629169196780e-19
4.52347826e+01 2.506905988455225e-19
4.52608696e+01 2.506183433032101e-19
4.52869565e+01 2.505461502026764e-19
4.53130435e+01 2.504740194540381e-19
4.53391304e+01 2.504019509675933e-19
4.53652174e+01 2.503299446538206e-19
4.53913043e+01 2.502580004233783e-19
4.54173913e+01 2.501861181871049e-19
4.54434783e+01 2.501142978560177e-19
4.54695652e+01 2.500425393413129e-19
4.54956522e+01 2.499708425543647e-19
4.55217391e+01 2.498992074067255e-19
4.55478261e+01 2.498276338101246e-19
4.55739130e+01 2.497561216764682e-19
4.56000000e+01 2.496846709178393e-19
4.56260870e+01 2.496132814464964e-19
4.56521739e+01 2.495419531748740e-19
4.56782609e+01 2.494706860155811e-19
4.57043478e+01 2.493994798814017e-19
4.57304348e+01 2.493283346852940e-19
4.57565217e+01 2.492572503403894e-19
4.57826087e+01 2.491862267599933e-19
4.58086957e+01 2.491152638575832e-19
4.58347826e+01 2.490443615468095e-19
4.58608696e+01 2.489735197414944e-19
4.58869565e+01 2.489027383556314e-19
4.59130435e+01 2.488320173033854e-19
4.59391304e+01 2.487613564990917e-19
4.59652174e+01 2.486907558572556e-19
4.59913043e+01 2.486202152925527e-19
4.60173913e+01 2.485497347198275e-19
4.60434783e+01 2.484793140540934e-19
4.60695652e+01 2.484089532105324e-19
4.60956522e+01 2.483386521044944e-19
4.61217391e+01 2.482684106514971e-19
4.61478261e+01 2.481982287672251e-19
4.61739130e+01 2.481281063675300e-19
4.62000000e+01 2.480580433684296e-19
4.62260870e+01 2.479880396861076e-19
4.62521739e+01 2.479180952369132e-19
4.62782609e+01 2.478482099373607e-19
4.63043478e+01 2.477783837041290e-19
4.63304348e+01 2.477086164540611e-19
4.63565217e+01 2.476389081041642e-19
4.63826087e+01 2.475692585716083e-19
4.64086957e+01 2.474996677737270e-19
4.64347826e+01 2.474301356280162e-19
4.64608696e+01 2.473606620521336e-19
4.64869565e+01 2.472912469638994e-19
4.65130435e+01 2.472218902812946e-19
4.65391304e+01 2.471525919224612e-19
4.65652174e+01 2.470833518057017e-19
4.65913043e+01 2.470141698494792e-19
4.66173913e+01 2.469450459724158e-19
4.66434783e+01 2.468759800932934e-19
4.66695652e+01 2.468069721310526e-19
4.66956522e+01 2.467380220047927e-19
4.67217391e+01 2.466691296337709e-19
4.67478261e+01 2.466002949374024e-19
4.67739130e+01 2.465315178352595e-19
4.68000000e+01 2.464627982470714e-19
4.68260870e+01 2.463941360927240e-19
4.68521739e+01 2.463255312922593e-19
4.68782609e+01 2.462569837658750e-19
4.69043478e+01 2.461884934339244e-19
4.69304348e+01 2.461200602169153e-19
4.69565217e+01 2.460516840355105e-19
4.69826087e+01 2.459833648105269e-19
4.70086957e+01 2.459151024629351e-19
4.70347826e+01 2.458468969138593e-19
4.70608696e+01 2.457787480845766e-19
4.70869565e+01 2.457106558965169e-19
4.71130435e+01 2.456426202712623e-19
4.71391304e+01 2.455746411305470e-19
4.71652174e+01 2.455067183962563e-19
4.71913043e+01 2.454388519904271e-19
4.72173913e+01 2.453710418352469e-19
4.72434783e+01 2.453032878530536e-19
4.72695652e+01 2.452355899663351e-19
4.72956522e+01 2.451679480977291e-19
4.73217391e+01 2.451003621700223e-19
4.73478261e+01 2.450328321061507e-19
4.73739130e+01 2.449653578291985e-19
4.74000000e+01 2.448979392623983e-19
4.74260870e+01 2.448305763291304e-19
4.74521739e+01 2.447632689529227e-19
4.74782609e+01 2.446960170574499e-19
4.75043478e+01 2.446288205665337e-19
4.75304348e+01 2.445616794041420e-19
4.75565217e+01 2.444945934943888e-19
4.75826087e+01 2.444275627615336e-19
4.76086957e+01 2.443605871299813e-19
4.76347826e+01 2.442936665242816e-19
4.76608696e+01 2.442268008691290e-19
4.76869565e+01 2.441599900893618e-19
4.77130435e+01 2.440932341099624e-19
4.77391304e+01 2.440265328560569e-19
4.77652174e+01 2.439598862529141e-19
4.77913043e+01 2.438932942259460e-19
4.78173913e+01 2.438267567007067e-19
4.78434783e+01 2.437602736028926e-19
4.78695652e+01 2.436938448583418e-19
4.78956522e+01 2.436274703930338e-19
4.79217391e+01 2.435611501330889e-19
4.79478261e+01 2.434948840047687e-19
4.79739130e+01 2.434286719344746e-19
4.80000000e+01 2.433625138487483e-19
4.80260870e+01 2.432964096742710e-19
4.80521739e+01 2.432303593378633e-19
4.80782609e+01 2.431643627664848e-19
4.81043478e+01 2.430984198872339e-19
4.81304348e+01 2.430325306273471e-19
4.81565217e+01 2.429666949141989e-19
4.81826087e+01 2.429009126753015e-19
4.82086957e+01 2.428351838383045e-19
4.82347826e+01 2.427695083309943e-19
4.82608696e+01 2.427038860812940e-19
4.82869565e+01 2.426383170172631e-19
4.83130435e+01 2.425728010670970e-19
4.83391304e+01 2.425073381591266e-19
4.83652174e+01 2.424419282218183e-19
4.83913043e+01 2.423765711837735e-19
4.84173913e+01 2.423112669737282e-19
4.84434783e+01 2.422460155205527e-19
4.84695652e+01 2.421808167532514e-19
4.84956522e+01 2.421156706009622e-19
4.85217391e+01 2.420505769929567e-19
4.85478261e+01 2.419855358586391e-19
4.85739130e+01 2.419205471275467e-19
4.86000000e+01 2.418556107293490e-19
4.86260870e+01 2.417907265938475e-19
4.86521739e+01 2.417258946509757e-19
4.86782609e+01 2.416611148307984e-19
4.87043478e+01 2.415963870635115e-19
4.87304348e+01 2.415317112794418e-19
4.87565217e+01 2.414670874090464e-19
4.87826087e+01 2.414025153829128e-19
4.88086957e+01 2.413379951317583e-19
4.88347826e+01 2.412735265864297e-19
4.88608696e+01 2.412091096779031e-19
4.88869565e+01 2.411447443372833e-19
4.89130435e+01 2.410804304958042e-19
4.89391304e+01 2.410161680848275e-19
4.89652174e+01 2.409519570358434e-19
4.89913043e+01 2.408877972804693e-19
4.90173913e+01 2.408236887504503e-19
4.90434783e+01 2.407596313776584e-19
4.90695652e+01 2.406956250940928e-19
4.90956522e+01 2.406316698318786e-19
4.91217391e+01 2.405677655232675e-19
4.91478261e+01 2.405039121006368e-19
4.91739130e+01 2.404401094964897e-19
4.92000000e+01 2.403763576434543e-19
4.92260870e+01 2.403126564742839e-19
4.92521739e+01 2.402490059218566e-19
4.92782609e+01 2.401854059191745e-19
4.93043478e+01 2.401218563993642e-19
4.93304348e+01 2.400583572956757e-19
4.93565217e+01 2.399949085414828e-19
4.93826087e+01 2.399315100702825e-19
4.94086957e+01 2.398681618156944e-19
4.94347826e+01 2.398048637114611e-19
4.94608696e+01 2.397416156914473e-19
4.94869565e+01 2.396784176896398e-19
4.95130435e+01 2.396152696401470e-19
4.95391304e+01 2.395521714771991e-19
4.95652174e+01 2.394891231351472e-19
4.95913043e+01 2.394261245484633e-19
4.96173913e+01 2.393631756517402e-19
4.96434783e+01 2.393002763796907e-19
4.96695652e+01 2.392374266671479e-19
4.96956522e+01 2.391746264490644e-19
4.97217391e+01 2.391118756605125e-19
4.97478261e+01 2.390491742366836e-19
4.97739130e+01 2.389865221128879e-19
4.98000000e+01 2.389239192245544e-19
4.98260870e+01 2.388613655072303e-19
4.98521739e+01 2.387988608965808e-19
4.98782609e+01 2.387364053283892e-19
4.99043478e+01 2.386739987385559e-19
4.99304348e+01 2.386116410630988e-19
4.99565217e+01 2.385493322381526e-19
4.99826087e+01 2.384870721999689e-19
5.00086957e+01 2.384248608849154e-19
5.00347826e+01 2.383626982294761e-19
5.00608696e+01 2.383005841702510e-19
5.00869565e+01 2.382385186439554e-19
5.01130435e+01 2.381765015874200e-19
5.01391304e+01 2.381145329375908e-19
5.01652174e+01 2.380526126315282e-19
5.01913043e+01 2.379907406064074e-19
5.02173913e+01 2.379289167995177e-19
5.02434783e+01 2.378671411482624e-19
5.02695652e+01 2.378054135901585e-19
5.02956522e+01 2.377437340628364e-19
5.03217391e+01 2.376821025040399e-19
5.03478261e+01 2.376205188516254e-19
5.03739130e+01 2.375589830435622e-19
5.04000000e+01 2.374974950179319e-19
5.04260870e+01 2.374360547129281e-19
5.04521739e+01 2.373746620668565e-19
5.04782609e+01 2.373133170181342e-19
5.05043478e+01 2.372520195052899e-19
5.05304348e+01 2.371907694669630e-19
5.05565217e+01 2.371295668419043e-19
5.05826087e+01 2.370684115689744e-19
5.06086957e+01 2.370073035871450e-19
5.06347826e+01 2.369462428354973e-19
5.06608696e+01 2.368852292532226e-19
5.06869565e+01 2.368242627796217e-19
5.07130435e+01 2.367633433541046e-19
5.07391304e+01 2.367024709161904e-19
5.07652174e+01 2.366416454055070e-19
5.07913043e+01 2.365808667617909e-19
5.08173913e+01 2.365201349248868e-19
5.08434783e+01 2.364594498347475e-19
5.08695652e+01 2.363988114314336e-19
5.08956522e+01 2.363382196551130e-19
5.09217391e+01 2.362776744460614e-19
5.09478261e+01 2.362171757446610e-19
5.09739130e+01 2.361567234914011e-19
5.10000000e+01 2.360963176268776e-19
5.10260870e+01 2.360359580917926e-19
5.10521739e+01 2.359756448269541e-19
5.10782609e+01 2.359153777732763e-19
5.11043478e+01 2.358551568717787e-19
5.11304348e+01 2.357949820635863e-19
5.11565217e+01 2.357348532899289e-19
5.11826087e+01 2.356747704921415e-19
5.12086957e+01 2.356147336116636e-19
5.12347826e+01 2.355547425900389e-19
5.12608696e+01 2.354947973689155e-19
5.12869565e+01 2.354348978900453e-19
5.13130435e+01 2.353750440952837e-19
5.13391304e+01 2.353152359265898e-19
5.13652174e+01 2.352554733260256e-19
5.13913043e+01 2.351957562357562e-19
5.14173913e+01 2.351360845980495e-19
5.14434783e+01 2.350764583552757e-19
5.14695652e+01 2.350168774499073e-19
5.14956522e+01 2.349573418245189e-19
5.15217391e+01 2.348978514217867e-19
5.15478261e+01 2.348384061844886e-19
5.15739130e+01 2.347790060555039e-19
5.16000000e+01 2.347196509778128e-19
5.16260870e+01 2.346603408944963e-19
5.16521739e+01 2.346010757487362e-19
5.16782609e+01 2.345418554838147e-19
5.17043478e+01 2.344826800431141e-19
5.17304348e+01 2.344235493701166e-19
5.17565217e+01 2.343644634084044e-19
5.17826087e+01 2.343054221016586e-19
5.18086957e+01 2.342464253936601e-19
5.18347826e+01 2.341874732282888e-19
5.18608696e+01 2.341285655495230e-19
5.18869565e+01 2.340697023014401e-19
5.19130435e+01 2.340108834282156e-19
5.19391304e+01 2.339521088741231e-19
5.19652174e+01 2.338933785835343e-19
5.19913043e+01 2.338346925009185e-19
5.20173913e+01 2.337760505708425e-19
5.20434783e+01 2.337174527379704e-19
5.20695652e+01 2.336588989470633e-19
5.20956522e+01 2.336003891429791e-19
5.21217391e+01 2.335419232706723e-19
5.21478261e+01 2.334835012751939e-19
5.21739130e+01 2.334251231016911e-19
5.22000000e+01 2.333667886954067e-19
5.22260870e+01 2.333084980016798e-19
5.22521739e+01 2.332502509659445e-19
5.22782609e+01 2.331920475337306e-19
5.23043478e+01 2.331338876506627e-19
5.23304348e+01 2.330757712624606e-19
5.23565217e+01 2.330176983149384e-19
5.23826087e+01 2.329596687540050e-19
5.24086957e+01 2.329016825256633e-19
5.24347826e+01 2.328437395760103e-19
5.24608696e+01 2.327858398512370e-19
5.24869565e+01 2.327279832976279e-19
5.25130435e+01 2.326701698615606e-19
5.25391304e+01 2.326123994895065e-19
5.25652174e+01 2.325546721280295e-19
5.25913043e+01 2.324969877237865e-19
5.26173913e+01 2.324393462235270e-19
5.26434783e+01 2.323817475740927e-19
5.26695652e+01 2.323241917224175e-19
5.26956522e+01 2.322666786155275e-19
5.27217391e+01 2.322092082005402e-19
5.27478261e+01 2.321517804246650e-19
5.27739130e+01 2.320943952352023e-19
5.28000000e+01 2.320370525795439e-19
5.28260870e+01 2.319797524051723e-19
5.28521739e+01 2.319224946596611e-19
5.28782609e+01 2.318652792906741e-19
5.29043478e+01 2.318081062459656e-19
5.29304348e+01 2.317509754733798e-19
5.29565217e+01 2.316938869208513e-19
5.29826087e+01 2.316368405364040e-19
5.30086957e+01 2.315798362681516e-19
5.30347826e+01 2.315228740642968e-19
5.30608696e+01 2.314659538731320e-19
5.30869565e+01 2.314090756430379e-19
5.31130435e+01 2.313522393224844e-19
5.31391304e+01 2.312954448600299e-19
5.31652174e+01 2.312386922043210e-19
5.31913043e+01 2.311819813040925e-19
5.32173913e+01 2.311253121081671e-19
5.32434783e+01 2.310686845654556e-19
5.32695652e+01 2.310120986249560e-19
5.32956522e+01 2.309555542357538e-19
5.33217391e+01 2.308990513470218e-19
5.33478261e+01 2.308425899080197e-19
5.33739130e+01 2.307861698680941e-19
5.34000000e+01 2.307297911766781e-19
5.34260870e+01 2.306734537832911e-19
5.34521739e+01 2.306171576375392e-19
5.34782609e+01 2.305609026891141e-19
5.35043478e+01 2.305046888877936e-19
5.35304348e+01 2.304485161834411e-19
5.35565217e+01 2.303923845260055e-19
5.35826087e+01 2.303362938655209e-19
5.36086957e+01 2.302802441521068e-19
5.36347826e+01 2.302242353359671e-19
5.36608696e+01 2.301682673673910e-19
5.36869565e+01 2.301123401967519e-19
5.37130435e+01 2.300564537745077e-19
5.37391304e+01 2.300006080512005e-19
5.37652174e+01 2.299448029774564e-19
5.37913043e+01 2.298890385039851e-19
5.38173913e+01 2.298333145815802e-19
5.38434783e+01 2.297776311611188e-19
5.38695652e+01 2.297219881935609e-19
5.38956522e+01 2.296663856299500e-19
5.39217391e+01 2.296108234214122e-19
5.39478261e+01 2.295553015191566e-19
5.39739130e+01 2.294998198744745e-19
5.40000000e+01 2.294443784387400e-19
5.40260870e+01 2.293889771634090e-19
5.40521739e+01 2.293336160000196e-19
5.40782609e+01 2.292782949001916e-19
5.41043478e+01 2.292230138156268e-19
5.41304348e+01 2.291677726981080e-19
5.41565217e+01 2.291125714994996e-19
5.41826087e+01 2.290574101717471e-19
5.42086957e+01 2.290022886668768e-19
5.42347826e+01 2.289472069369960e-19
5.42608696e+01 2.288921649342924e-19
5.42869565e+01 2.288371626110343e-19
5.43130435e+01 2.287821999195699e-19
5.43391304e+01 2.287272768123280e-19
5.43652174e+01 2.286723932418169e-19
5.43913043e+01 2.286175491606248e-19
5.44173913e+01 2.285627445214193e-19
5.44434783e+01 2.285079792769477e-19
5.44695652e+01 2.284532533800362e-19
5.44956522e+01 2.283985667835902e-19
5.45217391e+01 2.283439194405940e-19
5.45478261e+01 2.282893113041104e-19
5.45739130e+01 2.282347423272811e-19
5.46000000e+01 2.281802124633259e-19
5.46260870e+01 2.281257216655427e-19
5.46521739e+01 2.280712698873078e-19
5.46782609e+01 2.280168570820750e-19
5.47043478e+01 2.279624832033761e-19
5.47304348e+01 2.279081482048201e-19
5.47565217e+01 2.278538520400938e-19
5.47826087e+01 2.277995946629606e-19
5.48086957e+01 2.277453760272616e-19
5.48347826e+01 2.276911960869143e-19
5.48608696e+01 2.276370547959131e-19
5.48869565e+01 2.275829521083287e-19
5.49130435e+01 2.275288879783087e-19
5.49391304e+01 2.274748623600763e-19
5.49652174e+01 2.274208752079311e-19
5.49913043e+01 2.273669264762486e-19
5.50173913e+01 2.273130161194798e-19
5.50434783e+01 2.272591440921515e-19
5.50695652e+01 2.272053103488658e-19
5.50956522e+01 2.271515148443000e-19
5.51217391e+01 2.270977575332066e-19
5.51478261e+01 2.270440383704129e-19
5.51739130e+01 2.269903573108211e-19
5.52000000e+01 2.269367143094077e-19
5.52260870e+01 2.268831093212241e-19
5.52521739e+01 2.268295423013957e-19
5.52782609e+01 2.267760132051219e-19
5.53043478e+01 2.267225219876766e-19
5.53304348e+01 2.266690686044068e-19
5.53565217e+01 2.266156530107337e-19
5.53826087e+01 2.265622751621518e-19
5.54086957e+01 2.265089350142291e-19
5.54347826e+01 2.264556325226064e-19
5.54608696e+01 2.264023676429980e-19
5.54869565e+01 2.263491403311909e-19
5.55130435e+01 2.262959505430446e-19
5.55391304e+01 2.262427982344916e-19
5.55652174e+01 2.261896833615365e-19
5.55913043e+01 2.261366058802563e-19
5.56173913e+01 2.260835657468000e-19
5.56434783e+01 2.260305629173888e-19
5.56695652e+01 2.259775973483154e-19
5.56956522e+01 2.259246689959444e-19
5.57217391e+01 2.258717778167119e-19
5.57478261e+01 2.258189237671251e-19
5.57739130e+01 2.257661068037627e-19
5.58000000e+01 2.257133268832744e-19
5.58260870e+01 2.256605839623806e-19
5.58521739e+01 2.256078779978728e-19
5.58782609e+01 2.255552089466128e-19
5.59043478e+01 2.255025767655330e-19
5.59304348e+01 2.254499814116362e-19
5.59565217e+01 2.253974228419952e-19
5.59826087e+01 2.253449010137528e-19
5.60086957e+01 2.252924158841220e-19
5.60347826e+01 2.252399674103850e-19
5.60608696e+01 2.251875555498941e-19
5.60869565e+01 2.251351802600707e-19
5.61130435e+01 2.250828414984056e-19
5.61391304e+01 2.250305392224589e-19
5.61652174e+01 2.249782733898592e-19
5.61913043e+01 2.249260439583046e-19
5.62173913e+01 2.248738508855615e-19
5.62434783e+01 2.248216941294649e-19
5.62695652e+01 2.247695736479185e-19
5.62956522e+01 2.247174893988940e-19
5.63217391e+01 2.246654413404311e-19
5.63478261e+01 2.246134294306381e-19
5.63739130e+01 2.245614536276906e-19
5.64000000e+01 2.245095138898320e-19
5.64260870e+01 2.244576101753736e-19
5.64521739e+01 2.244057424426937e-19
5.64782609e+01 2.243539106502383e-19
5.65043478e+01 2.243021147565201e-19
5.65304348e+01 2.242503547201193e-19
5.65565217e+01 2.241986304996827e-19
5.65826087e+01 2.241469420539237e-19
5.66086957e+01 2.240952893416228e-19
5.66347826e+01 2.240436723216264e-19
5.66608696e+01 2.239920909528476e-19
5.66869565e+01 2.239405451942655e-19
5.67130435e+01 2.238890350049253e-19
5.67391304e+01 2.238375603439380e-19
5.67652174e+01 2.237861211704807e-19
5.67913043e+01 2.237347174437958e-19
5.68173913e+01 2.236833491231913e-19
5.68434783e+01 2.236320161680408e-19
5.68695652e+01 2.235807185377827e-19
5.68956522e+01 2.235294561919208e-19
5.69217391e+01 2.234782290900240e-19
5.69478261e+01 2.234270371917255e-19
5.69739130e+01 2.233758804567237e-19
5.70000000e+01 2.233247588447814e-19
5.70260870e+01 2.232736723157257e-19
5.70521739e+01 2.232226208294483e-19
5.70782609e+01 2.231716043459048e-19
5.71043478e+01 2.231206228251149e-19
5.71304348e+01 2.230696762271622e-19
5.71565217e+01 2.230187645121942e-19
5.71826087e+01 2.229678876404218e-19
5.72086957e+01 2.229170455721197e-19
5.72347826e+01 2.228662382676256e-19
5.72608696e+01 2.228154656873410e-19
5.72869565e+01 2.227647277917299e-19
5.73130435e+01 2.227140245413197e-19
5.73391304e+01 2.226633558967005e-19
5.73652174e+01 2.226127218185253e-19
5.73913043e+01 2.225621222675095e-19
5.74173913e+01 2.225115572044310e-19
5.74434783e+01 2.224610265901302e-19
5.74695652e+01 2.224105303855096e-19
5.74956522e+01 2.223600685515339e-19
5.75217391e+01 2.223096410492296e-19
5.75478261e+01 2.222592478396851e-19
5.75739130e+01 2.222088888840507e-19
5.76000000e+01 2.221585641435380e-19
5.76260870e+01 2.221082735794203e-19
5.76521739e+01 2.220580171530322e-19
5.76782609e+01 2.220077948257692e-19
5.77043478e+01 2.219576065590884e-19
5.77304348e+01 2.219074523145075e-19
5.77565217e+01 2.218573320536053e-19
5.77826087e+01 2.218072457380209e-19
5.78086957e+01 2.217571933294545e-19
5.78347826e+01 2.217071747896665e-19
5.78608696e+01 2.216571900804776e-19
5.78869565e+01 2.216072391637689e-19
5.79130435e+01 2.215573220014814e-19
5.79391304e+01 2.215074385556164e-19
5.79652174e+01 2.214575887882347e-19
5.79913043e+01 2.214077726614571e-19
5.80173913e+01 2.213579901374638e-19
5.80434783e+01 2.213082411784947e-19
5.80695652e+01 2.212585257468490e-19
5.80956522e+01 2.212088438048851e-19
5.81217391e+01 2.211591953150206e-19
5.81478261e+01 2.211095802397323e-19
5.81739130e+01 2.210599985415555e-19
5.82000000e+01 2.210104501830844e-19
5.82260870e+01 2.209609351269723e-19
5.82521739e+01 2.209114533359304e-19
5.82782609e+01 2.208620047727287e-19
5.83043478e+01 2.208125894001955e-19
5.83304348e+01 2.207632071812173e-19
5.83565217e+01 2.207138580787383e-19
5.83826087e+01 2.206645420557613e-19
5.84086957e+01 2.206152590753464e-19
5.84347826e+01 2.205660091006116e-19
5.84608696e+01 2.205167920947327e-19
5.84869565e+01 2.204676080209427e-19
5.85130435e+01 2.204184568425321e-19
5.85391304e+01 2.203693385228487e-19
5.85652174e+01 2.203202530252974e-19
5.85913043e+01 2.202712003133401e-19
5.86173913e+01 2.202221803504959e-19
5.86434783e+01 2.201731931003402e-19
5.86695652e+01 2.201242385265054e-19
5.86956522e+01 2.200753165926805e-19
5.87217391e+01 2.200264272626109e-19
5.87478261e+01 2.199775705000984e-19
5.87739130e+01 2.199287462690010e-19
5.88000000e+01 2.198799545332327e-19
5.88260870e+01 2.198311952567638e-19
5.88521739e+01 2.197824684036202e-19
5.88782609e+01 2.197337739378838e-19
5.89043478e+01 2.196851118236922e-19
5.89304348e+01 2.196364820252384e-19
5.89565217e+01 2.195878845067709e-19
5.89826087e+01 2.195393192325937e-19
5.90086957e+01 2.194907861670659e-19
5.90347826e+01 2.194422852746017e-19
5.90608696e+01 2.193938165196705e-19
5.90869565e+01 2.193453798667963e-19
5.91130435e+01 2.192969752805583e-19
5.91391304e+01 2.192486027255901e-19
5.91652174e+01 2.192002621665799e-19
5.91913043e+01 2.191519535682706e-19
5.92173913e+01 2.191036768954593e-19
5.92434783e+01 2.190554321129971e-19
5.92695652e+01 2.190072191857899e-19
5.92956522e+01 2.189590380787971e-19
5.93217391e+01 2.189108887570321e-19
5.93478261e+01 2.188627711855624e-19
5.93739130e+01 2.188146853295090e-19
5.94000000e+01 2.187666311540466e-19
5.94260870e+01 2.187186086244034e-19
5.94521739e+01 2.186706177058609e-19
5.94782609e+01 2.186226583637541e-19
5.95043478e+01 2.185747305634712e-19
5.95304348e+01 2.185268342704531e-19
5.95565217e+01 2.184789694501943e-19
5.95826087e+01 2.184311360682417e-19
5.96086957e+01 2.183833340901951e-19
5.96347826e+01 2.183355634817072e-19
5.96608696e+01 2.182878242084828e-19
5.96869565e+01 2.182401162362796e-19
5.97130435e+01 2.181924395309076e-19
5.97391304e+01 2.181447940582289e-19
5.97652174e+01 2.180971797841578e-19
5.97913043e+01 2.180495966746608e-19
5.98173913e+01 2.180020446957561e-19
5.98434783e+01 2.179545238135139e-19
5.98695652e+01 2.179070339940563e-19
5.98956522e+01 2.178595752035568e-19
5.99217391e+01 2.178121474082406e-19
5.99478261e+01 2.177647505743842e-19
5.99739130e+01 2.177173846683157e-19
6.00000000e+01 2.176700496564140e-19
6.00260870e+01 2.176227455051098e-19
-----------------------------
