SPECIES: e / A
PROCESS: E + A -> E + A, Elastic
PARAM.:  m/M = 0.0000195921, complete set
COMMENT: [e + A(gnd) -> e + A(gnd), Elastic]
UPDATED: 2018-06-05 11:00:00
COLUMNS: Energy (eV) | Cross section (m2)
-----------------------------
0.00000000e+00 8.688994673111348e-18
1.25882353e-01 4.752168984759234e-18
2.51764706e-01 3.360290914467645e-18
3.77647059e-01 2.743666042585334e-18
5.03529412e-01 2.376084492379617e-18
6.29411765e-01 2.125234578097561e-18
7.55294118e-01 1.940064864023349e-18
8.81176471e-01 1.796151045975318e-18
1.00705882e+00 1.680145457233823e-18
1.13294118e+00 1.584056328253078e-18
1.25882353e+00 1.502767781784917e-18
1.38470588e+00 1.432832860255502e-18
1.51058824e+00 1.371833021292667e-18
1.63647059e+00 1.318014534170697e-18
1.76235294e+00 1.270070584644458e-18
1.88823529e+00 1.227004755755728e-18
2.01411765e+00 1.188042246189809e-18
2.14000000e+00 1.152570274996857e-18
2.26588235e+00 1.120096971489215e-18
2.39176471e+00 1.090222335115462e-18
2.51764706e+00 1.062617289048781e-18
2.64352941e+00 1.037008289899078e-18
2.76941176e+00 1.013165831793583e-18
2.89529412e+00 9.908957313572755e-19
3.02117647e+00 9.700324320116744e-19
3.14705882e+00 9.504337969518467e-19
3.27294118e+00 9.319770148145287e-19
3.39882353e+00 9.145553475284447e-19
3.52470588e+00 8.980755229876590e-19
3.65058824e+00 8.824556266993632e-19
3.77647059e+00 8.676233833430188e-19
3.90235294e+00 8.535147457899545e-19
4.02823529e+00 8.400727286169113e-19
4.15411765e+00 8.272464375722558e-19
4.28000000e+00 8.149902572443212e-19
4.40588235e+00 8.032631673316322e-19
4.53176471e+00 7.920281641265389e-19
4.65764706e+00 7.812517685983459e-19
4.78352941e+00 7.709036061611759e-19
4.90941176e+00 7.609560460992914e-19
5.03529412e+00 7.513838908924586e-19
5.16117647e+00 7.421641074802074e-19
5.28705882e+00 7.332755939343030e-19
5.41294118e+00 7.246989761547285e-19
5.53882353e+00 7.164164301277512e-19
5.66470588e+00 7.084115260325206e-19
5.79058824e+00 7.006690910915329e-19
5.91647059e+00 6.931750885584639e-19
6.04235294e+00 6.859165106463335e-19
6.16823529e+00 6.788812835370335e-19
6.29411765e+00 6.720581828935290e-19
6.42000000e+00 6.654367585293962e-19
6.54588235e+00 6.590072670853487e-19
6.67176471e+00 6.527606117259973e-19
6.79764706e+00 6.466882880077828e-19
6.92352941e+00 6.407823351853521e-19
7.04941176e+00 6.350352923222289e-19
7.17529412e+00 6.294401586554544e-19
7.30117647e+00 6.239903577353443e-19
7.42705882e+00 6.186797049226520e-19
7.55294118e+00 6.135023778778641e-19
7.67882353e+00 6.084528897224501e-19
7.80470588e+00 6.035260645907891e-19
7.93058824e+00 5.987170153251061e-19
8.05647059e+00 5.940211230949043e-19
8.18235294e+00 5.894340187476798e-19
8.30823529e+00 5.849515657197559e-19
8.43411765e+00 5.805698443553028e-19
8.56000000e+00 5.762851374984283e-19
8.68588235e+00 5.720939172379741e-19
8.81176471e+00 5.679928326975815e-19
8.93764706e+00 5.639786987749965e-19
9.06352941e+00 5.600484857446076e-19
9.18941176e+00 5.561993096460918e-19
9.31529412e+00 5.524284233898738e-19
9.44117647e+00 5.487332085170668e-19
9.56705882e+00 5.451111675577310e-19
9.69294118e+00 5.415599169367747e-19
9.81882353e+00 5.380771803817120e-19
9.94470588e+00 5.346607827908520e-19
1.00705882e+01 5.313086445243904e-19
1.01964706e+01 5.280187760843592e-19
1.03223529e+01 5.247892731525163e-19
1.04482353e+01 5.216183119580553e-19
1.05741176e+01 5.185041449495389e-19
1.07000000e+01 5.154450967477195e-19
1.08258824e+01 5.124395603579566e-19
1.09517647e+01 5.094859936227772e-19
1.10776471e+01 5.065829158967913e-19
1.12035294e+01 5.037289049276764e-19
1.13294118e+01 5.009225939283057e-19
1.14552941e+01 4.981626688263298e-19
1.15811765e+01 4.954478656786377e-19
1.17070588e+01 4.927769682391452e-19
1.18329412e+01 4.901488056692754e-19
1.19588235e+01 4.875622503813458e-19
1.20847059e+01 4.850162160058372e-19
1.22105882e+01 4.825096554742212e-19
1.23364706e+01 4.800415592096635e-19
1.24623529e+01 4.776109534185008e-19
1.25882353e+01 4.752168984759234e-19
1.27141176e+01 4.728584873997885e-19
1.28400000e+01 4.705348444069312e-19
1.29658824e+01 4.682451235467557e-19
1.30917647e+01 4.659885074072644e-19
1.32176471e+01 4.637642058890293e-19
1.33435294e+01 4.615714550429317e-19
1.34694118e+01 4.594095159677837e-19
1.35952941e+01 4.572776737642224e-19
1.37211765e+01 4.551752365415107e-19
1.38470588e+01 4.531015344741136e-19
1.39729412e+01 4.510559189051262e-19
1.40988235e+01 4.490377614938295e-19
1.42247059e+01 4.470464534048305e-19
1.43505882e+01 4.450814045364082e-19
1.44764706e+01 4.431420427858476e-19
1.46023529e+01 4.412278133496816e-19
1.47282353e+01 4.393381780568991e-19
1.48541176e+01 4.374726147332995e-19
1.49800000e+01 4.356306165952870e-19
1.51058824e+01 4.338116916715094e-19
1.52317647e+01 4.320153622508394e-19
1.53576471e+01 4.302411643552951e-19
1.54835294e+01 4.284886472365761e-19
1.56094118e+01 4.267573728949772e-19
1.57352941e+01 4.250469156195124e-19
1.58611765e+01 4.233568615481526e-19
1.59870588e+01 4.216868082471471e-19
1.61129412e+01 4.200363643084557e-19
1.62388235e+01 4.184051489643787e-19
1.63647059e+01 4.167927917185230e-19
1.64905882e+01 4.151989319922908e-19
1.66164706e+01 4.136232187861279e-19
1.67423529e+01 4.120653103548047e-19
1.68682353e+01 4.105248738960530e-19
1.69941176e+01 4.090015852519093e-19
1.71200000e+01 4.074951286221606e-19
1.72458824e+01 4.060051962893137e-19
1.73717647e+01 4.045314883545470e-19
1.74976471e+01 4.030737124841288e-19
1.76235294e+01 4.016315836658161e-19
1.77494118e+01 4.002048239747718e-19
1.78752941e+01 3.987931623485652e-19
1.80011765e+01 3.973963343708417e-19
1.81270588e+01 3.960140820632695e-19
1.82529412e+01 3.946461536853909e-19
1.83788235e+01 3.932923035420278e-19
1.85047059e+01 3.919522917979049e-19
1.86305882e+01 3.906258842991729e-19
1.87564706e+01 3.893128524015326e-19
1.88823529e+01 3.880129728046697e-19
1.90082353e+01 3.867260273927322e-19
1.91341176e+01 3.854518030805879e-19
1.92600000e+01 3.841900916656188e-19
1.93858824e+01 3.829406896848168e-19
1.95117647e+01 3.817033982769582e-19
1.96376471e+01 3.804780230496457e-19
1.97635294e+01 3.792643739510160e-19
1.98894118e+01 3.780622651459192e-19
2.00152941e+01 3.768715148963893e-19
2.01411765e+01 3.756919454462293e-19
2.02670588e+01 3.745233829095454e-19
2.03929412e+01 3.733656571630717e-19
2.05188235e+01 3.722186017421332e-19
2.06447059e+01 3.710820537401037e-19
2.07705882e+01 3.699558537112200e-19
2.08964706e+01 3.688398455766209e-19
2.10223529e+01 3.677338765334858e-19
2.11482353e+01 3.666377969671515e-19
2.12741176e+01 3.655514603660949e-19
2.14000000e+01 3.644747232396686e-19
2.15258824e+01 3.634074450384874e-19
2.16517647e+01 3.623494880773642e-19
2.17776471e+01 3.613007174606995e-19
2.19035294e+01 3.602610010102318e-19
2.20294118e+01 3.592302091950636e-19
2.21552941e+01 3.582082150638756e-19
2.22811765e+01 3.571948941792514e-19
2.24070588e+01 3.561901245540337e-19
2.25329412e+01 3.551937865896391e-19
2.26588235e+01 3.542057630162603e-19
2.27847059e+01 3.532259388348877e-19
2.29105882e+01 3.522542012610861e-19
2.30364706e+01 3.512904396704623e-19
2.31623529e+01 3.503345455457665e-19
2.32882353e+01 3.493864124255674e-19
2.34141176e+01 3.484459358544475e-19
2.35400000e+01 3.475130133346650e-19
2.36658824e+01 3.465875442792319e-19
2.37917647e+01 3.456694299663592e-19
2.39176471e+01 3.447585734952230e-19
2.40435294e+01 3.438548797430051e-19
2.41694118e+01 3.429582553231667e-19
2.42952941e+01 3.420686085449130e-19
2.44211765e+01 3.411858493738065e-19
2.45470588e+01 3.403098893934958e-19
2.46729412e+01 3.394406417685167e-19
2.47988235e+01 3.385780212081350e-19
2.49247059e+01 3.377219439311942e-19
2.50505882e+01 3.368723276319366e-19
2.51764706e+01 3.360290914467645e-19
2.53023529e+01 3.351921559219131e-19
2.54282353e+01 3.343614429820040e-19
2.55541176e+01 3.335368758994521e-19
2.56800000e+01 3.327183792646981e-19
2.58058824e+01 3.319058789572408e-19
2.59317647e+01 3.310993021174437e-19
2.60576471e+01 3.302985771190918e-19
2.61835294e+01 3.295036335426743e-19
2.63094118e+01 3.287144021493721e-19
2.64352941e+01 3.279308148557268e-19
2.65611765e+01 3.271528047089708e-19
2.66870588e+01 3.263803058629986e-19
2.68129412e+01 3.256132535549590e-19
2.69388235e+01 3.248515840824494e-19
2.70647059e+01 3.240952347812944e-19
2.71905882e+01 3.233441440038914e-19
2.73164706e+01 3.225982510981047e-19
2.74423529e+01 3.218574963866931e-19
2.75682353e+01 3.211218211472551e-19
2.76941176e+01 3.203911675926760e-19
2.78200000e+01 3.196654788520613e-19
2.79458824e+01 3.189446989521442e-19
2.80717647e+01 3.182287727991513e-19
2.81976471e+01 3.175176461611144e-19
2.83235294e+01 3.168112656506156e-19
2.84494118e+01 3.161095787079516e-19
2.85752941e+01 3.154125335847075e-19
2.87011765e+01 3.147200793277272e-19
2.88270588e+01 3.140321657634682e-19
2.89529412e+01 3.133487434827320e-19
2.90788235e+01 3.126697638257583e-19
2.92047059e+01 3.119951788676722e-19
2.93305882e+01 3.113249414042761e-19
2.94564706e+01 3.106590049381762e-19
2.95823529e+01 3.099973236652324e-19
2.97082353e+01 3.093398524613260e-19
2.98341176e+01 3.086865468694344e-19
2.99600000e+01 3.080373630870044e-19
3.00858824e+01 3.073922579536163e-19
3.02117647e+01 3.067511889389321e-19
3.03376471e+01 3.061141141309169e-19
3.04635294e+01 3.054809922243314e-19
3.05894118e+01 3.048517825094816e-19
3.07152941e+01 3.042264448612250e-19
3.08411765e+01 3.036049397282232e-19
3.09670588e+01 3.029872281224334e-19
3.10929412e+01 3.023732716088371e-19
3.12188235e+01 3.017630322953945e-19
3.13447059e+01 3.011564728232215e-19
3.14705882e+01 3.005535563569835e-19
3.15964706e+01 2.999542465754998e-19
3.17223529e+01 2.993585076625530e-19
3.18482353e+01 2.987663042978986e-19
3.19741176e+01 2.981776016484691e-19
3.21000000e+01 2.975923653597686e-19
3.22258824e+01 2.970105615474521e-19
3.23517647e+01 2.964321567890852e-19
3.24776471e+01 2.958571181160797e-19
3.26035294e+01 2.952854130058005e-19
3.27294118e+01 2.947170093738399e-19
3.28552941e+01 2.941518755664544e-19
3.29811765e+01 2.935899803531610e-19
3.31070588e+01 2.930312929194883e-19
3.32329412e+01 2.924757828598780e-19
3.33588235e+01 2.919234201707353e-19
3.34847059e+01 2.913741752436217e-19
3.36105882e+01 2.908280188585893e-19
3.37364706e+01 2.902849221776514e-19
3.38623529e+01 2.897448567383863e-19
3.39882353e+01 2.892077944476729e-19
3.41141176e+01 2.886737075755523e-19
3.42400000e+01 2.881425687492142e-19
3.43658824e+01 2.876143509471039e-19
3.44917647e+01 2.870890274931490e-19
3.46176471e+01 2.865665720511005e-19
3.47435294e+01 2.860469586189870e-19
3.48694118e+01 2.855301615236797e-19
3.49952941e+01 2.850161554155643e-19
3.51211765e+01 2.845049152633181e-19
3.52470588e+01 2.839964163487908e-19
3.53729412e+01 2.834906342619839e-19
3.54988235e+01 2.829875448961298e-19
3.56247059e+01 2.824871244428648e-19
3.57505882e+01 2.819893493874982e-19
3.58764706e+01 2.814941965043697e-19
3.60023529e+01 2.810016428522989e-19
3.61282353e+01 2.805116657701201e-19
3.62541176e+01 2.800242428723038e-19
3.63800000e+01 2.795393520446607e-19
3.65058824e+01 2.790569714401282e-19
3.66317647e+01 2.785770794746352e-19
3.67576471e+01 2.780996548230459e-19
3.68835294e+01 2.776246764151801e-19
3.70094118e+01 2.771521234319070e-19
3.71352941e+01 2.766819753013122e-19
3.72611765e+01 2.762142116949369e-19
3.73870588e+01 2.757488125240852e-19
3.75129412e+01 2.752857579362012e-19
3.76388235e+01 2.748250283113113e-19
3.77647059e+01 2.743666042585334e-19
3.78905882e+01 2.739104666126485e-19
3.80164706e+01 2.734565964307355e-19
3.81423529e+01 2.730049749888671e-19
3.82682353e+01 2.725555837788655e-19
3.83941176e+01 2.721084045051163e-19
3.85200000e+01 2.716634190814404e-19
3.86458824e+01 2.712206096280212e-19
3.87717647e+01 2.707799584683874e-19
3.88976471e+01 2.703414481264490e-19
3.90235294e+01 2.699050613235867e-19
3.91494118e+01 2.694707809757913e-19
3.92752941e+01 2.690385901908560e-19
3.94011765e+01 2.686084722656152e-19
3.95270588e+01 2.681804106832340e-19
3.96529412e+01 2.677543891105441e-19
3.97788235e+01 2.673303913954260e-19
3.99047059e+01 2.669084015642371e-19
4.00305882e+01 2.664884038192838e-19
4.01564706e+01 2.660703825363380e-19
4.02823529e+01 2.656543222621952e-19
4.04082353e+01 2.652402077122756e-19
4.05341176e+01 2.648280237682655e-19
4.06600000e+01 2.644177554757990e-19
4.07858824e+01 2.640093880421796e-19
4.09117647e+01 2.636029068341395e-19
4.10376471e+01 2.631982973756372e-19
4.11635294e+01 2.627955453456928e-19
4.12894118e+01 2.623946365762582e-19
4.14152941e+01 2.619955570501242e-19
4.15411765e+01 2.615982928988620e-19
4.16670588e+01 2.612028304007989e-19
4.17929412e+01 2.608091559790277e-19
4.19188235e+01 2.604172561994486e-19
4.20447059e+01 2.600271177688444e-19
4.21705882e+01 2.596387275329859e-19
4.22964706e+01 2.592520724747695e-19
4.24223529e+01 2.588671397123846e-19
4.25482353e+01 2.584839164975112e-19
4.26741176e+01 2.581023902135464e-19
4.28000000e+01 2.577225483738598e-19
4.29258824e+01 2.573443786200772e-19
4.30517647e+01 2.569678687203920e-19
4.31776471e+01 2.565930065679026e-19
4.33035294e+01 2.562197801789783e-19
4.34294118e+01 2.558481776916497e-19
4.35552941e+01 2.554781873640255e-19
4.36811765e+01 2.551097975727338e-19
4.38070588e+01 2.547429968113886e-19
4.39329412e+01 2.543777736890808e-19
4.40588235e+01 2.540141169288915e-19
4.41847059e+01 2.536520153664304e-19
4.43105882e+01 2.532914579483956e-19
4.44364706e+01 2.529324337311568e-19
4.45623529e+01 2.525749318793599e-19
4.46882353e+01 2.522189416645538e-19
4.48141176e+01 2.518644524638382e-19
4.49400000e+01 2.515114537585317e-19
4.50658824e+01 2.511599351328612e-19
4.51917647e+01 2.508098862726713e-19
4.53176471e+01 2.504612969641529e-19
4.54435294e+01 2.501141570925912e-19
4.55694118e+01 2.497684566411338e-19
4.56952941e+01 2.494241856895758e-19
4.58211765e+01 2.490813344131649e-19
4.59470588e+01 2.487398930814232e-19
4.60729412e+01 2.483998520569877e-19
4.61988235e+01 2.480612017944675e-19
4.63247059e+01 2.477239328393189e-19
4.64505882e+01 2.473880358267358e-19
4.65764706e+01 2.470535014805585e-19
4.67023529e+01 2.467203206121974e-19
4.68282353e+01 2.463884841195726e-19
4.69541176e+01 2.460579829860702e-19
4.70800000e+01 2.457288082795128e-19
4.72058824e+01 2.454009511511456e-19
4.73317647e+01 2.450744028346377e-19
4.74576471e+01 2.447491546450971e-19
4.75835294e+01 2.444251979781010e-19
4.77094118e+01 2.441025243087394e-19
4.78352941e+01 2.437811251906729e-19
4.79611765e+01 2.434609922552044e-19
4.80870588e+01 2.431421172103637e-19
4.82129412e+01 2.428244918400050e-19
4.83388235e+01 2.425081080029186e-19
4.84647059e+01 2.421929576319536e-19
4.85905882e+01 2.418790327331545e-19
4.87164706e+01 2.415663253849095e-19
4.88423529e+01 2.412548277371106e-19
4.89682353e+01 2.409445320103261e-19
4.90941176e+01 2.406354304949848e-19
4.92200000e+01 2.403275155505711e-19
4.93458824e+01 2.400207796048318e-19
4.94717647e+01 2.397152151529942e-19
4.95976471e+01 2.394108147569949e-19
4.97235294e+01 2.391075710447189e-19
4.98494118e+01 2.388054767092504e-19
4.99752941e+01 2.385045245081325e-19
5.01011765e+01 2.382047072626387e-19
5.02270588e+01 2.379060178570532e-19
5.03529412e+01 2.376084492379617e-19
5.04788235e+01 2.373119944135518e-19
5.06047059e+01 2.370166464529233e-19
5.07305882e+01 2.367223984854071e-19
5.08564706e+01 2.364292436998942e-19
5.09823529e+01 2.361371753441735e-19
5.11082353e+01 2.358461867242785e-19
5.12341176e+01 2.355562712038431e-19
5.13600000e+01 2.352674222034656e-19
5.14858824e+01 2.349796332000818e-19
5.16117647e+01 2.346928977263464e-19
5.17376471e+01 2.344072093700221e-19
5.18635294e+01 2.341225617733779e-19
5.19894118e+01 2.338389486325944e-19
5.21152941e+01 2.335563636971777e-19
5.22411765e+01 2.332748007693806e-19
5.23670588e+01 2.329942537036322e-19
5.24929412e+01 2.327147164059736e-19
5.26188235e+01 2.324361828335029e-19
5.27447059e+01 2.321586469938259e-19
5.28705882e+01 2.318821029445147e-19
5.29964706e+01 2.316065447925736e-19
5.31223529e+01 2.313319666939115e-19
5.32482353e+01 2.310583628528213e-19
5.33741176e+01 2.307857275214658e-19
5.35000000e+01 2.305140549993713e-19
5.36258824e+01 2.302433396329262e-19
5.37517647e+01 2.299735758148873e-19
5.38776471e+01 2.297047579838918e-19
5.40035294e+01 2.294368806239760e-19
5.41294118e+01 2.291699382640995e-19
5.42552941e+01 2.289039254776763e-19
5.43811765e+01 2.286388368821112e-19
5.45070588e+01 2.283746671383425e-19
5.46329412e+01 2.281114109503904e-19
5.47588235e+01 2.278490630649108e-19
5.48847059e+01 2.275876182707553e-19
5.50105882e+01 2.273270713985364e-19
5.51364706e+01 2.270674173201978e-19
5.52623529e+01 2.268086509485911e-19
5.53882353e+01 2.265507672370568e-19
5.55141176e+01 2.262937611790111e-19
5.56400000e+01 2.260376278075375e-19
5.57658824e+01 2.257823621949836e-19
5.58917647e+01 2.255279594525631e-19
5.60176471e+01 2.252744147299627e-19
5.61435294e+01 2.250217232149530e-19
5.62694118e+01 2.247698801330059e-19
5.63952941e+01 2.245188807469147e-19
5.65211765e+01 2.242687203564208e-19
5.66470588e+01 2.240193942978430e-19
5.67729412e+01 2.237708979437132e-19
5.68988235e+01 2.235232267024152e-19
5.70247059e+01 2.232763760178285e-19
5.71505882e+01 2.230303413689764e-19
5.72764706e+01 2.227851182696777e-19
5.74023529e+01 2.225407022682041e-19
5.75282353e+01 2.222970889469397e-19
5.76541176e+01 2.220542739220463e-19
5.77800000e+01 2.218122528431321e-19
5.79058824e+01 2.215710213929238e-19
5.80317647e+01 2.213305752869438e-19
5.81576471e+01 2.210909102731899e-19
5.82835294e+01 2.208520221318203e-19
5.84094118e+01 2.206139066748408e-19
5.85352941e+01 2.203765597457967e-19
5.86611765e+01 2.201399772194682e-19
5.87870588e+01 2.199041550015692e-19
5.89129412e+01 2.196690890284496e-19
5.90388235e+01 2.194347752668011e-19
5.91647059e+01 2.192012097133668e-19
5.92905882e+01 2.189683883946540e-19
5.94164706e+01 2.187363073666498e-19
5.95423529e+01 2.185049627145408e-19
5.96682353e+01 2.182743505524362e-19
5.97941176e+01 2.180444670230924e-19
5.99200000e+01 2.178153082976435e-19
6.00458824e+01 2.175868705753324e-19
6.01717647e+01 2.173591500832466e-19
6.02976471e+01 2.171321430760560e-19
6.04235294e+01 2.169058458357547e-19
6.05494118e+01 2.166802546714049e-19
6.06752941e+01 2.164553659188841e-19
6.08011765e+01 2.162311759406353e-19
6.09270588e+01 2.160076811254197e-19
6.10529412e+01 2.157848778880724e-19
6.11788235e+01 2.155627626692610e-19
6.13047059e+01 2.153413319352465e-19
6.14305882e+01 2.151205821776475e-19
6.15564706e+01 2.149005099132067e-19
6.16823529e+01 2.146811116835596e-19
6.18082353e+01 2.144623840550068e-19
6.19341176e+01 2.142443236182880e-19
6.20600000e+01 2.140269269883590e-19
6.21858824e+01 2.138101908041705e-19
6.23117647e+01 2.135941117284507e-19
6.24376471e+01 2.133786864474886e-19
6.25635294e+01 2.131639116709212e-19
6.26894118e+01 2.129497841315221e-19
6.28152941e+01 2.127363005849927e-19
6.29411765e+01 2.125234578097562e-19
6.30670588e+01 2.123112526067526e-19
6.31929412e+01 2.120996817992377e-19
6.33188235e+01 2.118887422325825e-19
6.34447059e+01 2.116784307740763e-19
6.35705882e+01 2.114687443127310e-19
6.36964706e+01 2.112596797590876e-19
6.38223529e+01 2.110512340450257e-19
6.39482353e+01 2.108434041235735e-19
6.40741176e+01 2.106361869687215e-19
6.42000000e+01 2.104295795752370e-19
6.43258824e+01 2.102235789584811e-19
6.44517647e+01 2.100181821542278e-19
6.45776471e+01 2.098133862184848e-19
6.47035294e+01 2.096091882273160e-19
6.48294118e+01 2.094055852766667e-19
6.49552941e+01 2.092025744821893e-19
6.50811765e+01 2.090001529790728e-19
6.52070588e+01 2.087983179218719e-19
6.53329412e+01 2.085970664843398e-19
6.54588235e+01 2.083963958592615e-19
6.55847059e+01 2.081963032582896e-19
6.57105882e+01 2.079967859117814e-19
6.58364706e+01 2.077978410686382e-19
6.59623529e+01 2.075994659961454e-19
6.60882353e+01 2.074016579798156e-19
6.62141176e+01 2.072044143232317e-19
6.63400000e+01 2.070077323478934e-19
6.64658824e+01 2.068116093930639e-19
6.65917647e+01 2.066160428156188e-19
6.67176471e+01 2.064210299898967e-19
6.68435294e+01 2.062265683075507e-19
6.69694118e+01 2.060326551774024e-19
6.70952941e+01 2.058392880252965e-19
6.72211765e+01 2.056464642939576e-19
6.73470588e+01 2.054541814428479e-19
6.74729412e+01 2.052624369480265e-19
6.75988235e+01 2.050712283020106e-19
6.77247059e+01 2.048805530136377e-19
6.78505882e+01 2.046904086079290e-19
6.79764706e+01 2.045007926259547e-19
6.81023529e+01 2.043117026247006e-19
6.82282353e+01 2.041231361769355e-19
6.83541176e+01 2.039350908710807e-19
6.84800000e+01 2.037475643110803e-19
6.86058824e+01 2.035605541162728e-19
6.87317647e+01 2.033740579212647e-19
6.88576471e+01 2.031880733758040e-19
6.89835294e+01 2.030025981446568e-19
6.91094118e+01 2.028176299074834e-19
6.92352941e+01 2.026331663587165e-19
6.93611765e+01 2.024492052074409e-19
6.94870588e+01 2.022657441772735e-19
6.96129412e+01 2.020827810062453e-19
6.97388235e+01 2.019003134466842e-19
6.98647059e+01 2.017183392650990e-19
6.99905882e+01 2.015368562420644e-19
7.01164706e+01 2.013558621721079e-19
7.02423529e+01 2.011753548635964e-19
7.03682353e+01 2.009953321386253e-19
7.04941176e+01 2.008157918329081e-19
7.06200000e+01 2.006367317956668e-19
7.07458824e+01 2.004581498895242e-19
7.08717647e+01 2.002800439903962e-19
7.09976471e+01 2.001024119873859e-19
7.11235294e+01 1.999252517826786e-19
7.12494118e+01 1.997485612914379e-19
7.13752941e+01 1.995723384417020e-19
7.15011765e+01 1.993965811742826e-19
7.16270588e+01 1.992212874426630e-19
7.17529412e+01 1.990464552128984e-19
7.18788235e+01 1.988720824635169e-19
7.20047059e+01 1.986981671854209e-19
7.21305882e+01 1.985247073817904e-19
7.22564706e+01 1.983517010679863e-19
7.23823529e+01 1.981791462714551e-19
7.25082353e+01 1.980070410316347e-19
7.26341176e+01 1.978353833998606e-19
7.27600000e+01 1.976641714392732e-19
7.28858824e+01 1.974934032247262e-19
7.30117647e+01 1.973230768426954e-19
7.31376471e+01 1.971531903911891e-19
7.32635294e+01 1.969837419796583e-19
7.33894118e+01 1.968147297289089e-19
7.35152941e+01 1.966461517710139e-19
7.36411765e+01 1.964780062492266e-19
7.37670588e+01 1.963102913178948e-19
7.38929412e+01 1.961430051423760e-19
7.40188235e+01 1.959761458989524e-19
7.41447059e+01 1.958097117747484e-19
7.42705882e+01 1.956437009676467e-19
7.43964706e+01 1.954781116862075e-19
7.45223529e+01 1.953129421495865e-19
7.46482353e+01 1.951481905874546e-19
7.47741176e+01 1.949838552399187e-19
7.49000000e+01 1.948199343574420e-19
7.50258824e+01 1.946564262007663e-19
7.51517647e+01 1.944933290408344e-19
7.52776471e+01 1.943306411587131e-19
7.54035294e+01 1.941683608455175e-19
7.55294118e+01 1.940064864023349e-19
7.56552941e+01 1.938450161401510e-19
7.57811765e+01 1.936839483797752e-19
7.59070588e+01 1.935232814517676e-19
7.60329412e+01 1.933630136963661e-19
7.61588235e+01 1.932031434634147e-19
7.62847059e+01 1.930436691122918e-19
7.64105882e+01 1.928845890118395e-19
7.65364706e+01 1.927259015402940e-19
7.66623529e+01 1.925676050852155e-19
7.67882353e+01 1.924096980434199e-19
7.69141176e+01 1.922521788209102e-19
7.70400000e+01 1.920950458328094e-19
7.71658824e+01 1.919382975032931e-19
7.72917647e+01 1.917819322655232e-19
7.74176471e+01 1.916259485615823e-19
7.75435294e+01 1.914703448424084e-19
7.76694118e+01 1.913151195677302e-19
7.77952941e+01 1.911602712060034e-19
7.79211765e+01 1.910057982343466e-19
7.80470588e+01 1.908516991384791e-19
7.81729412e+01 1.906979724126580e-19
7.82988235e+01 1.905446165596170e-19
7.84247059e+01 1.903916300905043e-19
7.85505882e+01 1.902390115248228e-19
7.86764706e+01 1.900867593903693e-19
7.88023529e+01 1.899348722231752e-19
7.89282353e+01 1.897833485674469e-19
7.90541176e+01 1.896321869755080e-19
7.91800000e+01 1.894813860077404e-19
7.93058824e+01 1.893309442325272e-19
7.94317647e+01 1.891808602261955e-19
7.95576471e+01 1.890311325729596e-19
7.96835294e+01 1.888817598648653e-19
7.98094118e+01 1.887327407017342e-19
7.99352941e+01 1.885840736911080e-19
8.00611765e+01 1.884357574481947e-19
8.01870588e+01 1.882877905958139e-19
8.03129412e+01 1.881401717643434e-19
8.04388235e+01 1.879928995916655e-19
8.05647059e+01 1.878459727231147e-19
8.06905882e+01 1.876993898114251e-19
8.08164706e+01 1.875531495166785e-19
8.09423529e+01 1.874072505062532e-19
8.10682353e+01 1.872616914547727e-19
8.11941176e+01 1.871164710440553e-19
8.13200000e+01 1.869715879630639e-19
8.14458824e+01 1.868270409078562e-19
8.15717647e+01 1.866828285815358e-19
8.16976471e+01 1.865389496942028e-19
8.18235294e+01 1.863954029629057e-19
8.19494118e+01 1.862521871115932e-19
8.20752941e+01 1.861093008710666e-19
8.22011765e+01 1.859667429789325e-19
8.23270588e+01 1.858245121795562e-19
8.24529412e+01 1.856826072240149e-19
8.25788235e+01 1.855410268700518e-19
8.27047059e+01 1.853997698820306e-19
8.28305882e+01 1.852588350308898e-19
8.29564706e+01 1.851182210940982e-19
8.30823529e+01 1.849779268556100e-19
8.32082353e+01 1.848379511058211e-19
8.33341176e+01 1.846982926415246e-19
8.34600000e+01 1.845589502658682e-19
8.35858824e+01 1.844199227883105e-19
8.37117647e+01 1.842812090245783e-19
8.38376471e+01 1.841428077966246e-19
8.39635294e+01 1.840047179325864e-19
8.40894118e+01 1.838669382667429e-19
8.42152941e+01 1.837294676394742e-19
8.43411765e+01 1.835923048972207e-19
8.44670588e+01 1.834554488924417e-19
8.45929412e+01 1.833188984835758e-19
8.47188235e+01 1.831826525350005e-19
8.48447059e+01 1.830467099169926e-19
8.49705882e+01 1.829110695056889e-19
8.50964706e+01 1.827757301830475e-19
8.52223529e+01 1.826406908368081e-19
8.53482353e+01 1.825059503604550e-19
8.54741176e+01 1.823715076531778e-19
8.56000000e+01 1.822373616198343e-19
8.57258824e+01 1.821035111709128e-19
8.58517647e+01 1.819699552224950e-19
8.59776471e+01 1.818366926962193e-19
8.61035294e+01 1.817037225192437e-19
8.62294118e+01 1.815710436242101e-19
8.63552941e+01 1.814386549492082e-19
8.64811765e+01 1.813065554377395e-19
8.66070588e+01 1.811747440386821e-19
8.67329412e+01 1.810432197062556e-19
8.68588235e+01 1.809119813999863e-19
8.69847059e+01 1.807810280846724e-19
8.71105882e+01 1.806503587303498e-19
8.72364706e+01 1.805199723122582e-19
8.73623529e+01 1.803898678108075e-19
8.74882353e+01 1.802600442115436e-19
8.76141176e+01 1.801305005051159e-19
8.77400000e+01 1.800012356872443e-19
8.78658824e+01 1.798722487586859e-19
8.79917647e+01 1.797435387252033e-19
8.81176471e+01 1.796151045975318e-19
8.82435294e+01 1.794869453913479e-19
8.83694118e+01 1.793590601272373e-19
8.84952941e+01 1.792314478306638e-19
8.86211765e+01 1.791041075319378e-19
8.87470588e+01 1.789770382661855e-19
8.88729412e+01 1.788502390733180e-19
8.89988235e+01 1.787237089980014e-19
8.91247059e+01 1.785974470896257e-19
8.92505882e+01 1.784714524022756e-19
8.93764706e+01 1.783457239947003e-19
8.95023529e+01 1.782202609302840e-19
8.96282353e+01 1.780950622770169e-19
8.97541176e+01 1.779701271074655e-19
8.98800000e+01 1.778454544987445e-19
9.00058824e+01 1.777210435324877e-19
9.01317647e+01 1.775968932948195e-19
9.02576471e+01 1.774730028763273e-19
9.03835294e+01 1.773493713720327e-19
9.05094118e+01 1.772259978813643e-19
9.06352941e+01 1.771028815081302e-19
9.07611765e+01 1.769800213604900e-19
9.08870588e+01 1.768574165509287e-19
9.10129412e+01 1.767350661962287e-19
9.11388235e+01 1.766129694174439e-19
9.12647059e+01 1.764911253398726e-19
9.13905882e+01 1.763695330930317e-19
9.15164706e+01 1.762481918106301e-19
9.16423529e+01 1.761271006305431e-19
9.17682353e+01 1.760062586947864e-19
9.18941176e+01 1.758856651494911e-19
9.20200000e+01 1.757653191448777e-19
9.21458824e+01 1.756452198352311e-19
9.22717647e+01 1.755253663788763e-19
9.23976471e+01 1.754057579381526e-19
9.25235294e+01 1.752863936793897e-19
9.26494118e+01 1.751672727728832e-19
9.27752941e+01 1.750483943928703e-19
9.29011765e+01 1.749297577175054e-19
9.30270588e+01 1.748113619288371e-19
9.31529412e+01 1.746932062127837e-19
9.32788235e+01 1.745752897591100e-19
9.34047059e+01 1.744576117614039e-19
9.35305882e+01 1.743401714170535e-19
9.36564706e+01 1.742229679272238e-19
9.37823529e+01 1.741060004968338e-19
9.39082353e+01 1.739892683345344e-19
9.40341176e+01 1.738727706526851e-19
9.41600000e+01 1.737565066673325e-19
9.42858824e+01 1.736404755981876e-19
9.44117647e+01 1.735246766686038e-19
9.45376471e+01 1.734091091055554e-19
9.46635294e+01 1.732937721396160e-19
9.47894118e+01 1.731786650049362e-19
9.49152941e+01 1.730637869392232e-19
9.50411765e+01 1.729491371837190e-19
9.51670588e+01 1.728347149831796e-19
9.52929412e+01 1.727205195858541e-19
9.54188235e+01 1.726065502434637e-19
9.55447059e+01 1.724928062111814e-19
9.56705882e+01 1.723792867476115e-19
9.57964706e+01 1.722659911147692e-19
9.59223529e+01 1.721529185780606e-19
9.60482353e+01 1.720400684062625e-19
9.61741176e+01 1.719274398715025e-19
9.63000000e+01 1.718150322492399e-19
9.64258824e+01 1.717028448182450e-19
9.65517647e+01 1.715908768605810e-19
9.66776471e+01 1.714791276615834e-19
9.68035294e+01 1.713675965098419e-19
9.69294118e+01 1.712562826971806e-19
9.70552941e+01 1.711451855186397e-19
9.71811765e+01 1.710343042724565e-19
9.73070588e+01 1.709236382600465e-19
9.74329412e+01 1.708131867859855e-19
9.75588235e+01 1.707029491579909e-19
9.76847059e+01 1.705929246869033e-19
9.78105882e+01 1.704831126866688e-19
9.79364706e+01 1.703735124743208e-19
9.80623529e+01 1.702641233699622e-19
9.81882353e+01 1.701549446967479e-19
9.83141176e+01 1.700459757808667e-19
9.84400000e+01 1.699372159515243e-19
9.85658824e+01 1.698286645409258e-19
9.86917647e+01 1.697203208842584e-19
9.88176471e+01 1.696121843196744e-19
9.89435294e+01 1.695042541882745e-19
9.90694118e+01 1.693965298340901e-19
9.91952941e+01 1.692890106040675e-19
9.93211765e+01 1.691816958480506e-19
9.94470588e+01 1.690745849187650e-19
9.95729412e+01 1.689676771718008e-19
9.96988235e+01 1.688609719655971e-19
9.98247059e+01 1.687544686614254e-19
9.99505882e+01 1.686481666233736e-19
1.00076471e+02 1.685420652183302e-19
1.00202353e+02 1.684361638159683e-19
1.00328235e+02 1.683304617887298e-19
1.00454118e+02 1.682249585118102e-19
1.00580000e+02 1.681196533631425e-19
1.00705882e+02 1.680145457233823e-19
1.00831765e+02 1.679096349758921e-19
1.00957647e+02 1.678049205067266e-19
1.01083529e+02 1.677004017046170e-19
1.01209412e+02 1.675960779609566e-19
1.01335294e+02 1.674919486697853e-19
1.01461176e+02 1.673880132277755e-19
1.01587059e+02 1.672842710342169e-19
1.01712941e+02 1.671807214910020e-19
1.01838824e+02 1.670773640026120e-19
1.01964706e+02 1.669741979761019e-19
1.02090588e+02 1.668712228210865e-19
1.02216471e+02 1.667684379497260e-19
1.02342353e+02 1.666658427767125e-19
1.02468235e+02 1.665634367192549e-19
1.02594118e+02 1.664612191970663e-19
1.02720000e+02 1.663591896323490e-19
1.02845882e+02 1.662573474497818e-19
1.02971765e+02 1.661556920765055e-19
1.03097647e+02 1.660542229421099e-19
1.03223529e+02 1.659529394786204e-19
1.03349412e+02 1.658518411204842e-19
1.03475294e+02 1.657509273045575e-19
1.03601176e+02 1.656501974700919e-19
1.03727059e+02 1.655496510587219e-19
1.03852941e+02 1.654492875144511e-19
1.03978824e+02 1.653491062836402e-19
1.04104706e+02 1.652491068149934e-19
1.04230588e+02 1.651492885595459e-19
1.04356471e+02 1.650496509706516e-19
1.04482353e+02 1.649501935039699e-19
1.04608235e+02 1.648509156174538e-19
1.04734118e+02 1.647518167713372e-19
1.04860000e+02 1.646528964281224e-19
1.04985882e+02 1.645541540525682e-19
1.05111765e+02 1.644555891116778e-19
1.05237647e+02 1.643572010746861e-19
1.05363529e+02 1.642589894130484e-19
1.05489412e+02 1.641609536004281e-19
1.05615294e+02 1.640630931126850e-19
1.05741176e+02 1.639654074278634e-19
1.05867059e+02 1.638678960261805e-19
1.05992941e+02 1.637705583900146e-19
1.06118824e+02 1.636733940038942e-19
1.06244706e+02 1.635764023544854e-19
1.06370588e+02 1.634795829305817e-19
1.06496471e+02 1.633829352230918e-19
1.06622353e+02 1.632864587250289e-19
1.06748235e+02 1.631901529314993e-19
1.06874118e+02 1.630940173396913e-19
1.07000000e+02 1.629980514488642e-19
1.07125882e+02 1.629022547603375e-19
1.07251765e+02 1.628066267774795e-19
1.07377647e+02 1.627111670056973e-19
1.07503529e+02 1.626158749524254e-19
1.07629412e+02 1.625207501271153e-19
1.07755294e+02 1.624257920412247e-19
1.07881176e+02 1.623310002082072e-19
1.08007059e+02 1.622363741435018e-19
1.08132941e+02 1.621419133645223e-19
1.08258824e+02 1.620476173906472e-19
1.08384706e+02 1.619534857432091e-19
1.08510588e+02 1.618595179454850e-19
1.08636471e+02 1.617657135226856e-19
1.08762353e+02 1.616720720019457e-19
1.08888235e+02 1.615785929123139e-19
1.09014118e+02 1.614852757847426e-19
1.09140000e+02 1.613921201520785e-19
1.09265882e+02 1.612991255490523e-19
1.09391765e+02 1.612062915122694e-19
1.09517647e+02 1.611136175801998e-19
1.09643529e+02 1.610211032931686e-19
1.09769412e+02 1.609287481933465e-19
1.09895294e+02 1.608365518247404e-19
1.10021176e+02 1.607445137331835e-19
1.10147059e+02 1.606526334663265e-19
1.10272941e+02 1.605609105736276e-19
1.10398824e+02 1.604693446063438e-19
1.10524706e+02 1.603779351175214e-19
1.10650588e+02 1.602866816619870e-19
1.10776471e+02 1.601955837963380e-19
1.10902353e+02 1.601046410789341e-19
1.11028235e+02 1.600138530698879e-19
1.11154118e+02 1.599232193310561e-19
1.11280000e+02 1.598327394260307e-19
1.11405882e+02 1.597424129201300e-19
1.11531765e+02 1.596522393803900e-19
1.11657647e+02 1.595622183755557e-19
1.11783529e+02 1.594723494760721e-19
1.11909412e+02 1.593826322540760e-19
1.12035294e+02 1.592930662833873e-19
1.12161176e+02 1.592036511395003e-19
1.12287059e+02 1.591143863995756e-19
1.12412941e+02 1.590252716424316e-19
1.12538824e+02 1.589363064485359e-19
1.12664706e+02 1.588474903999972e-19
1.12790588e+02 1.587588230805572e-19
1.12916471e+02 1.586703040755821e-19
1.13042353e+02 1.585819329720547e-19
1.13168235e+02 1.584937093585660e-19
1.13294118e+02 1.584056328253078e-19
1.13420000e+02 1.583177029640638e-19
1.13545882e+02 1.582299193682025e-19
1.13671765e+02 1.581422816326686e-19
1.13797647e+02 1.580547893539758e-19
1.13923529e+02 1.579674421301984e-19
1.14049412e+02 1.578802395609640e-19
1.14175294e+02 1.577931812474455e-19
1.14301176e+02 1.577062667923538e-19
1.14427059e+02 1.576194957999295e-19
1.14552941e+02 1.575328678759362e-19
1.14678824e+02 1.574463826276522e-19
1.14804706e+02 1.573600396638636e-19
1.14930588e+02 1.572738385948566e-19
1.15056471e+02 1.571877790324101e-19
1.15182353e+02 1.571018605897885e-19
1.15308235e+02 1.570160828817341e-19
1.15434118e+02 1.569304455244602e-19
1.15560000e+02 1.568449481356437e-19
1.15685882e+02 1.567595903344181e-19
1.15811765e+02 1.566743717413660e-19
1.15937647e+02 1.565892919785124e-19
1.16063529e+02 1.565043506693176e-19
1.16189412e+02 1.564195474386699e-19
1.16315294e+02 1.563348819128791e-19
1.16441176e+02 1.562503537196692e-19
1.16567059e+02 1.561659624881716e-19
1.16692941e+02 1.560817078489186e-19
1.16818824e+02 1.559975894338361e-19
1.16944706e+02 1.559136068762371e-19
1.17070588e+02 1.558297598108152e-19
1.17196471e+02 1.557460478736374e-19
1.17322353e+02 1.556624707021381e-19
1.17448235e+02 1.555790279351118e-19
1.17574118e+02 1.554957192127073e-19
1.17700000e+02 1.554125441764204e-19
1.17825882e+02 1.553295024690881e-19
1.17951765e+02 1.552465937348819e-19
1.18077647e+02 1.551638176193011e-19
1.18203529e+02 1.550811737691670e-19
1.18329412e+02 1.549986618326162e-19
1.18455294e+02 1.549162814590942e-19
1.18581176e+02 1.548340322993495e-19
1.18707059e+02 1.547519140054273e-19
1.18832941e+02 1.546699262306630e-19
1.18958824e+02 1.545880686296765e-19
1.19084706e+02 1.545063408583656e-19
1.19210588e+02 1.544247425739004e-19
1.19336471e+02 1.543432734347172e-19
1.19462353e+02 1.542619331005120e-19
1.19588235e+02 1.541807212322352e-19
1.19714118e+02 1.540996374920850e-19
1.19840000e+02 1.540186815435022e-19
1.19965882e+02 1.539378530511638e-19
1.20091765e+02 1.538571516809772e-19
1.20217647e+02 1.537765771000749e-19
1.20343529e+02 1.536961289768082e-19
1.20469412e+02 1.536158069807415e-19
1.20595294e+02 1.535356107826469e-19
1.20721176e+02 1.534555400544983e-19
1.20847059e+02 1.533755944694660e-19
1.20972941e+02 1.532957737019108e-19
1.21098824e+02 1.532160774273785e-19
1.21224706e+02 1.531365053225946e-19
1.21350588e+02 1.530570570654585e-19
1.21476471e+02 1.529777323350381e-19
1.21602353e+02 1.528985308115647e-19
1.21728235e+02 1.528194521764268e-19
1.21854118e+02 1.527404961121657e-19
1.21980000e+02 1.526616623024692e-19
1.22105882e+02 1.525829504321671e-19
1.22231765e+02 1.525043601872252e-19
1.22357647e+02 1.524258912547408e-19
1.22483529e+02 1.523475433229365e-19
1.22609412e+02 1.522693160811560e-19
1.22735294e+02 1.521912092198583e-19
1.22861176e+02 1.521132224306125e-19
1.22987059e+02 1.520353554060934e-19
1.23112941e+02 1.519576078400753e-19
1.23238824e+02 1.518799794274282e-19
1.23364706e+02 1.518024698641116e-19
1.23490588e+02 1.517250788471703e-19
1.23616471e+02 1.516478060747290e-19
1.23742353e+02 1.515706512459878e-19
1.23868235e+02 1.514936140612167e-19
1.23994118e+02 1.514166942217510e-19
1.24120000e+02 1.513398914299867e-19
1.24245882e+02 1.512632053893752e-19
1.24371765e+02 1.511866358044186e-19
1.24497647e+02 1.511101823806652e-19
1.24623529e+02 1.510338448247046e-19
1.24749412e+02 1.509576228441626e-19
1.24875294e+02 1.508815161476973e-19
1.25001176e+02 1.508055244449934e-19
1.25127059e+02 1.507296474467586e-19
1.25252941e+02 1.506538848647182e-19
1.25378824e+02 1.505782364116107e-19
1.25504706e+02 1.505027018011835e-19
1.25630588e+02 1.504272807481881e-19
1.25756471e+02 1.503519729683754e-19
1.25882353e+02 1.502767781784917e-19
1.26008235e+02 1.502016960962739e-19
1.26134118e+02 1.501267264404448e-19
1.26260000e+02 1.500518689307094e-19
1.26385882e+02 1.499771232877499e-19
1.26511765e+02 1.499024892332213e-19
1.26637647e+02 1.498279664897475e-19
1.26763529e+02 1.497535547809165e-19
1.26889412e+02 1.496792538312765e-19
1.27015294e+02 1.496050633663313e-19
1.27141176e+02 1.495309831125362e-19
1.27267059e+02 1.494570127972937e-19
1.27392941e+02 1.493831521489493e-19
1.27518824e+02 1.493094008967873e-19
1.27644706e+02 1.492357587710268e-19
1.27770588e+02 1.491622255028172e-19
1.27896471e+02 1.490888008242345e-19
1.28022353e+02 1.490154844682768e-19
1.28148235e+02 1.489422761688605e-19
1.28274118e+02 1.488691756608161e-19
1.28400000e+02 1.487961826798843e-19
1.28525882e+02 1.487232969627118e-19
1.28651765e+02 1.486505182468476e-19
1.28777647e+02 1.485778462707386e-19
1.28903529e+02 1.485052807737261e-19
1.29029412e+02 1.484328214960415e-19
1.29155294e+02 1.483604681788027e-19
1.29281176e+02 1.482882205640101e-19
1.29407059e+02 1.482160783945426e-19
1.29532941e+02 1.481440414141540e-19
1.29658824e+02 1.480721093674689e-19
1.29784706e+02 1.480002819999791e-19
1.29910588e+02 1.479285590580399e-19
1.30036471e+02 1.478569402888660e-19
1.30162353e+02 1.477854254405282e-19
1.30288235e+02 1.477140142619492e-19
1.30414118e+02 1.476427065029003e-19
1.30540000e+02 1.475715019139974e-19
1.30665882e+02 1.475004002466978e-19
1.30791765e+02 1.474294012532958e-19
1.30917647e+02 1.473585046869199e-19
1.31043529e+02 1.472877103015288e-19
1.31169412e+02 1.472170178519075e-19
1.31295294e+02 1.471464270936643e-19
1.31421176e+02 1.470759377832272e-19
1.31547059e+02 1.470055496778398e-19
1.31672941e+02 1.469352625355585e-19
1.31798824e+02 1.468650761152485e-19
1.31924706e+02 1.467949901765805e-19
1.32050588e+02 1.467250044800274e-19
1.32176471e+02 1.466551187868606e-19
1.32302353e+02 1.465853328591467e-19
1.32428235e+02 1.465156464597442e-19
1.32554118e+02 1.464460593522997e-19
1.32680000e+02 1.463765713012453e-19
1.32805882e+02 1.463071820717944e-19
1.32931765e+02 1.462378914299390e-19
1.33057647e+02 1.461686991424460e-19
1.33183529e+02 1.460996049768541e-19
1.33309412e+02 1.460306087014705e-19
1.33435294e+02 1.459617100853676e-19
1.33561176e+02 1.458929088983797e-19
1.33687059e+02 1.458242049110998e-19
1.33812941e+02 1.457555978948766e-19
1.33938824e+02 1.456870876218108e-19
1.34064706e+02 1.456186738647527e-19
1.34190588e+02 1.455503563972981e-19
1.34316471e+02 1.454821349937859e-19
1.34442353e+02 1.454140094292947e-19
1.34568235e+02 1.453459794796395e-19
1.34694118e+02 1.452780449213691e-19
1.34820000e+02 1.452102055317623e-19
1.34945882e+02 1.451424610888257e-19
1.35071765e+02 1.450748113712897e-19
1.35197647e+02 1.450072561586063e-19
1.35323529e+02 1.449397952309457e-19
1.35449412e+02 1.448724283691931e-19
1.35575294e+02 1.448051553549462e-19
1.35701176e+02 1.447379759705118e-19
1.35827059e+02 1.446708899989030e-19
1.35952941e+02 1.446038972238365e-19
1.36078824e+02 1.445369974297290e-19
1.36204706e+02 1.444701904016951e-19
1.36330588e+02 1.444034759255439e-19
1.36456471e+02 1.443368537877762e-19
1.36582353e+02 1.442703237755816e-19
1.36708235e+02 1.442038856768360e-19
1.36834118e+02 1.441375392800981e-19
1.36960000e+02 1.440712843746071e-19
1.37085882e+02 1.440051207502798e-19
1.37211765e+02 1.439390481977077e-19
1.37337647e+02 1.438730665081542e-19
1.37463529e+02 1.438071754735519e-19
1.37589412e+02 1.437413748864999e-19
1.37715294e+02 1.436756645402608e-19
1.37841176e+02 1.436100442287584e-19
1.37967059e+02 1.435445137465745e-19
1.38092941e+02 1.434790728889466e-19
1.38218824e+02 1.434137214517650e-19
1.38344706e+02 1.433484592315702e-19
1.38470588e+02 1.432832860255503e-19
1.38596471e+02 1.432182016315379e-19
1.38722353e+02 1.431532058480084e-19
1.38848235e+02 1.430882984740763e-19
1.38974118e+02 1.430234793094935e-19
1.39100000e+02 1.429587481546461e-19
1.39225882e+02 1.428941048105521e-19
1.39351765e+02 1.428295490788587e-19
1.39477647e+02 1.427650807618399e-19
1.39603529e+02 1.427006996623937e-19
1.39729412e+02 1.426364055840401e-19
1.39855294e+02 1.425721983309177e-19
1.39981176e+02 1.425080777077821e-19
1.40107059e+02 1.424440435200030e-19
1.40232941e+02 1.423800955735613e-19
1.40358824e+02 1.423162336750477e-19
1.40484706e+02 1.422524576316591e-19
1.40610588e+02 1.421887672511969e-19
1.40736471e+02 1.421251623420644e-19
1.40862353e+02 1.420616427132640e-19
1.40988235e+02 1.419982081743954e-19
1.41114118e+02 1.419348585356528e-19
1.41240000e+02 1.418715936078226e-19
1.41365882e+02 1.418084132022811e-19
1.41491765e+02 1.417453171309920e-19
1.41617647e+02 1.416823052065041e-19
1.41743529e+02 1.416193772419492e-19
1.41869412e+02 1.415565330510394e-19
1.41995294e+02 1.414937724480649e-19
1.42121176e+02 1.414310952478918e-19
1.42247059e+02 1.413685012659599e-19
1.42372941e+02 1.413059903182802e-19
1.42498824e+02 1.412435622214324e-19
1.42624706e+02 1.411812167925634e-19
1.42750588e+02 1.411189538493842e-19
1.42876471e+02 1.410567732101683e-19
1.43002353e+02 1.409946746937491e-19
1.43128235e+02 1.409326581195178e-19
1.43254118e+02 1.408707233074214e-19
1.43380000e+02 1.408088700779599e-19
1.43505882e+02 1.407470982521848e-19
1.43631765e+02 1.406854076516968e-19
1.43757647e+02 1.406237980986431e-19
1.43883529e+02 1.405622694157157e-19
1.44009412e+02 1.405008214261494e-19
1.44135294e+02 1.404394539537194e-19
1.44261176e+02 1.403781668227390e-19
1.44387059e+02 1.403169598580580e-19
1.44512941e+02 1.402558328850600e-19
1.44638824e+02 1.401947857296610e-19
1.44764706e+02 1.401338182183066e-19
1.44890588e+02 1.400729301779704e-19
1.45016471e+02 1.400121214361519e-19
1.45142353e+02 1.399513918208741e-19
1.45268235e+02 1.398907411606820e-19
1.45394118e+02 1.398301692846400e-19
1.45520000e+02 1.397696760223304e-19
1.45645882e+02 1.397092612038509e-19
1.45771765e+02 1.396489246598131e-19
1.45897647e+02 1.395886662213399e-19
1.46023529e+02 1.395284857200641e-19
1.46149412e+02 1.394683829881262e-19
1.46275294e+02 1.394083578581723e-19
1.46401176e+02 1.393484101633522e-19
1.46527059e+02 1.392885397373176e-19
1.46652941e+02 1.392287464142201e-19
1.46778824e+02 1.391690300287091e-19
1.46904706e+02 1.391093904159302e-19
1.47030588e+02 1.390498274115230e-19
1.47156471e+02 1.389903408516192e-19
1.47282353e+02 1.389309305728410e-19
1.47408235e+02 1.388715964122989e-19
1.47534118e+02 1.388123382075901e-19
1.47660000e+02 1.387531557967962e-19
1.47785882e+02 1.386940490184819e-19
1.47911765e+02 1.386350177116928e-19
1.48037647e+02 1.385760617159535e-19
1.48163529e+02 1.385171808712660e-19
1.48289412e+02 1.384583750181079e-19
1.48415294e+02 1.383996439974303e-19
1.48541176e+02 1.383409876506561e-19
1.48667059e+02 1.382824058196785e-19
1.48792941e+02 1.382238983468586e-19
1.48918824e+02 1.381654650750245e-19
1.49044706e+02 1.381071058474685e-19
1.49170588e+02 1.380488205079461e-19
1.49296471e+02 1.379906089006740e-19
1.49422353e+02 1.379324708703282e-19
1.49548235e+02 1.378744062620426e-19
1.49674118e+02 1.378164149214070e-19
1.49800000e+02 1.377584966944653e-19
1.49925882e+02 1.377006514277140e-19
1.50051765e+02 1.376428789681006e-19
1.50177647e+02 1.375851791630215e-19
1.50303529e+02 1.375275518603205e-19
1.50429412e+02 1.374699969082873e-19
1.50555294e+02 1.374125141556557e-19
1.50681176e+02 1.373551034516016e-19
1.50807059e+02 1.372977646457419e-19
1.50932941e+02 1.372404975881325e-19
1.51058824e+02 1.371833021292667e-19
1.51184706e+02 1.371261781200736e-19
1.51310588e+02 1.370691254119165e-19
1.51436471e+02 1.370121438565911e-19
1.51562353e+02 1.369552333063242e-19
1.51688235e+02 1.368983936137718e-19
1.51814118e+02 1.368416246320177e-19
1.51940000e+02 1.367849262145715e-19
1.52065882e+02 1.367282982153677e-19
1.52191765e+02 1.366717404887637e-19
1.52317647e+02 1.366152528895379e-19
1.52443529e+02 1.365588352728890e-19
1.52569412e+02 1.365024874944336e-19
1.52695294e+02 1.364462094102050e-19
1.52821176e+02 1.363900008766520e-19
1.52947059e+02 1.363338617506364e-19
1.53072941e+02 1.362777918894327e-19
1.53198824e+02 1.362217911507257e-19
1.53324706e+02 1.361658593926090e-19
1.53450588e+02 1.361099964735840e-19
1.53576471e+02 1.360542022525582e-19
1.53702353e+02 1.359984765888433e-19
1.53828235e+02 1.359428193421544e-19
1.53954118e+02 1.358872303726078e-19
1.54080000e+02 1.358317095407202e-19
1.54205882e+02 1.357762567074067e-19
1.54331765e+02 1.357208717339795e-19
1.54457647e+02 1.356655544821468e-19
1.54583529e+02 1.356103048140106e-19
1.54709412e+02 1.355551225920660e-19
1.54835294e+02 1.355000076791994e-19
1.54961176e+02 1.354449599386870e-19
1.55087059e+02 1.353899792341937e-19
1.55212941e+02 1.353350654297712e-19
1.55338824e+02 1.352802183898572e-19
1.55464706e+02 1.352254379792734e-19
1.55590588e+02 1.351707240632245e-19
1.55716471e+02 1.351160765072966e-19
1.55842353e+02 1.350614951774560e-19
1.55968235e+02 1.350069799400474e-19
1.56094118e+02 1.349525306617933e-19
1.56220000e+02 1.348981472097918e-19
1.56345882e+02 1.348438294515156e-19
1.56471765e+02 1.347895772548110e-19
1.56597647e+02 1.347353904878957e-19
1.56723529e+02 1.346812690193582e-19
1.56849412e+02 1.346272127181564e-19
1.56975294e+02 1.345732214536156e-19
1.57101176e+02 1.345192950954280e-19
1.57227059e+02 1.344654335136510e-19
1.57352941e+02 1.344116365787058e-19
1.57478824e+02 1.343579041613763e-19
1.57604706e+02 1.343042361328076e-19
1.57730588e+02 1.342506323645049e-19
1.57856471e+02 1.341970927283320e-19
1.57982353e+02 1.341436170965102e-19
1.58108235e+02 1.340902053416170e-19
1.58234118e+02 1.340368573365846e-19
1.58360000e+02 1.339835729546990e-19
1.58485882e+02 1.339303520695984e-19
1.58611765e+02 1.338771945552721e-19
1.58737647e+02 1.338241002860591e-19
1.58863529e+02 1.337710691366472e-19
1.58989412e+02 1.337181009820715e-19
1.59115294e+02 1.336651956977130e-19
1.59241176e+02 1.336123531592977e-19
1.59367059e+02 1.335595732428954e-19
1.59492941e+02 1.335068558249179e-19
1.59618824e+02 1.334542007821185e-19
1.59744706e+02 1.334016079915906e-19
1.59870588e+02 1.333490773307660e-19
1.59996471e+02 1.332966086774145e-19
1.60122353e+02 1.332442019096419e-19
1.60248235e+02 1.331918569058896e-19
1.60374118e+02 1.331395735449327e-19
1.60500000e+02 1.330873517058792e-19
1.60625882e+02 1.330351912681690e-19
1.60751765e+02 1.329830921115722e-19
1.60877647e+02 1.329310541161884e-19
1.61003529e+02 1.328790771624453e-19
1.61129412e+02 1.328271611310976e-19
1.61255294e+02 1.327753059032260e-19
1.61381176e+02 1.327235113602358e-19
1.61507059e+02 1.326717773838560e-19
1.61632941e+02 1.326201038561378e-19
1.61758824e+02 1.325684906594541e-19
1.61884706e+02 1.325169376764977e-19
1.62010588e+02 1.324654447902806e-19
1.62136471e+02 1.324140118841327e-19
1.62262353e+02 1.323626388417009e-19
1.62388235e+02 1.323113255469478e-19
1.62514118e+02 1.322600718841504e-19
1.62640000e+02 1.322088777378995e-19
1.62765882e+02 1.321577429930984e-19
1.62891765e+02 1.321066675349617e-19
1.63017647e+02 1.320556512490141e-19
1.63143529e+02 1.320046940210898e-19
1.63269412e+02 1.319537957373311e-19
1.63395294e+02 1.319029562841871e-19
1.63521176e+02 1.318521755484132e-19
1.63647059e+02 1.318014534170697e-19
1.63772941e+02 1.317507897775207e-19
1.63898824e+02 1.317001845174333e-19
1.64024706e+02 1.316496375247760e-19
1.64150588e+02 1.315991486878186e-19
1.64276471e+02 1.315487178951303e-19
1.64402353e+02 1.314983450355790e-19
1.64528235e+02 1.314480299983303e-19
1.64654118e+02 1.313977726728464e-19
1.64780000e+02 1.313475729488852e-19
1.64905882e+02 1.312974307164992e-19
1.65031765e+02 1.312473458660343e-19
1.65157647e+02 1.311973182881291e-19
1.65283529e+02 1.311473478737138e-19
1.65409412e+02 1.310974345140093e-19
1.65535294e+02 1.310475781005257e-19
1.65661176e+02 1.309977785250621e-19
1.65787059e+02 1.309480356797050e-19
1.65912941e+02 1.308983494568274e-19
1.66038824e+02 1.308487197490883e-19
1.66164706e+02 1.307991464494310e-19
1.66290588e+02 1.307496294510828e-19
1.66416471e+02 1.307001686475536e-19
1.66542353e+02 1.306507639326350e-19
1.66668235e+02 1.306014152003995e-19
1.66794118e+02 1.305521223451995e-19
1.66920000e+02 1.305028852616662e-19
1.67045882e+02 1.304537038447089e-19
1.67171765e+02 1.304045779895138e-19
1.67297647e+02 1.303555075915433e-19
1.67423529e+02 1.303064925465349e-19
1.67549412e+02 1.302575327505002e-19
1.67675294e+02 1.302086280997243e-19
1.67801176e+02 1.301597784907646e-19
1.67927059e+02 1.301109838204497e-19
1.68052941e+02 1.300622439858793e-19
1.68178824e+02 1.300135588844222e-19
1.68304706e+02 1.299649284137161e-19
1.68430588e+02 1.299163524716666e-19
1.68556471e+02 1.298678309564460e-19
1.68682353e+02 1.298193637664929e-19
1.68808235e+02 1.297709508005109e-19
1.68934118e+02 1.297225919574676e-19
1.69060000e+02 1.296742871365943e-19
1.69185882e+02 1.296260362373847e-19
1.69311765e+02 1.295778391595939e-19
1.69437647e+02 1.295296958032379e-19
1.69563529e+02 1.294816060685924e-19
1.69689412e+02 1.294335698561923e-19
1.69815294e+02 1.293855870668303e-19
1.69941176e+02 1.293376576015566e-19
1.70067059e+02 1.292897813616777e-19
1.70192941e+02 1.292419582487556e-19
1.70318824e+02 1.291941881646071e-19
1.70444706e+02 1.291464710113028e-19
1.70570588e+02 1.290988066911662e-19
1.70696471e+02 1.290511951067732e-19
1.70822353e+02 1.290036361609507e-19
1.70948235e+02 1.289561297567764e-19
1.71074118e+02 1.289086757975774e-19
1.71200000e+02 1.288612741869299e-19
1.71325882e+02 1.288139248286579e-19
1.71451765e+02 1.287666276268326e-19
1.71577647e+02 1.287193824857718e-19
1.71703529e+02 1.286721893100386e-19
1.71829412e+02 1.286250480044411e-19
1.71955294e+02 1.285779584740310e-19
1.72081176e+02 1.285309206241035e-19
1.72207059e+02 1.284839343601960e-19
1.72332941e+02 1.284369995880874e-19
1.72458824e+02 1.283901162137974e-19
1.72584706e+02 1.283432841435858e-19
1.72710588e+02 1.282965032839513e-19
1.72836471e+02 1.282497735416312e-19
1.72962353e+02 1.282030948236003e-19
1.73088235e+02 1.281564670370704e-19
1.73214118e+02 1.281098900894892e-19
1.73340000e+02 1.280633638885396e-19
1.73465882e+02 1.280168883421394e-19
1.73591765e+02 1.279704633584397e-19
1.73717647e+02 1.279240888458249e-19
1.73843529e+02 1.278777647129115e-19
1.73969412e+02 1.278314908685475e-19
1.74095294e+02 1.277852672218117e-19
1.74221176e+02 1.277390936820127e-19
1.74347059e+02 1.276929701586886e-19
1.74472941e+02 1.276468965616056e-19
1.74598824e+02 1.276008728007580e-19
1.74724706e+02 1.275548987863669e-19
1.74850588e+02 1.275089744288797e-19
1.74976471e+02 1.274630996389693e-19
1.75102353e+02 1.274172743275336e-19
1.75228235e+02 1.273714984056943e-19
1.75354118e+02 1.273257717847966e-19
1.75480000e+02 1.272800943764084e-19
1.75605882e+02 1.272344660923194e-19
1.75731765e+02 1.271888868445404e-19
1.75857647e+02 1.271433565453029e-19
1.75983529e+02 1.270978751070581e-19
1.76109412e+02 1.270524424424761e-19
1.76235294e+02 1.270070584644458e-19
1.76361176e+02 1.269617230860732e-19
1.76487059e+02 1.269164362206816e-19
1.76612941e+02 1.268711977818106e-19
1.76738824e+02 1.268260076832152e-19
1.76864706e+02 1.267808658388654e-19
1.76990588e+02 1.267357721629453e-19
1.77116471e+02 1.266907265698526e-19
1.77242353e+02 1.266457289741978e-19
1.77368235e+02 1.266007792908036e-19
1.77494118e+02 1.265558774347040e-19
1.77620000e+02 1.265110233211439e-19
1.77745882e+02 1.264662168655784e-19
1.77871765e+02 1.264214579836720e-19
1.77997647e+02 1.263767465912980e-19
1.78123529e+02 1.263320826045376e-19
1.78249412e+02 1.262874659396800e-19
1.78375294e+02 1.262428965132205e-19
1.78501176e+02 1.261983742418612e-19
1.78627059e+02 1.261538990425093e-19
1.78752941e+02 1.261094708322769e-19
1.78878824e+02 1.260650895284804e-19
1.79004706e+02 1.260207550486397e-19
1.79130588e+02 1.259764673104776e-19
1.79256471e+02 1.259322262319191e-19
1.79382353e+02 1.258880317310909e-19
1.79508235e+02 1.258438837263206e-19
1.79634118e+02 1.257997821361364e-19
1.79760000e+02 1.257557268792658e-19
1.79885882e+02 1.257117178746358e-19
1.80011765e+02 1.256677550413716e-19
1.80137647e+02 1.256238382987965e-19
1.80263529e+02 1.255799675664306e-19
1.80389412e+02 1.255361427639910e-19
1.80515294e+02 1.254923638113907e-19
1.80641176e+02 1.254486306287379e-19
1.80767059e+02 1.254049431363356e-19
1.80892941e+02 1.253613012546813e-19
1.81018824e+02 1.253177049044654e-19
1.81144706e+02 1.252741540065718e-19
1.81270588e+02 1.252306484820764e-19
1.81396471e+02 1.251871882522471e-19
1.81522353e+02 1.251437732385425e-19
1.81648235e+02 1.251004033626123e-19
1.81774118e+02 1.250570785462956e-19
1.81900000e+02 1.250137987116213e-19
1.82025882e+02 1.249705637808067e-19
1.82151765e+02 1.249273736762575e-19
1.82277647e+02 1.248842283205669e-19
1.82403529e+02 1.248411276365151e-19
1.82529412e+02 1.247980715470688e-19
1.82655294e+02 1.247550599753805e-19
1.82781176e+02 1.247120928447879e-19
1.82907059e+02 1.246691700788135e-19
1.83032941e+02 1.246262916011639e-19
1.83158824e+02 1.245834573357291e-19
1.83284706e+02 1.245406672065825e-19
1.83410588e+02 1.244979211379793e-19
1.83536471e+02 1.244552190543572e-19
1.83662353e+02 1.244125608803348e-19
1.83788235e+02 1.243699465407116e-19
1.83914118e+02 1.243273759604671e-19
1.84040000e+02 1.242848490647607e-19
1.84165882e+02 1.242423657789306e-19
1.84291765e+02 1.241999260284938e-19
1.84417647e+02 1.241575297391451e-19
1.84543529e+02 1.241151768367567e-19
1.84669412e+02 1.240728672473777e-19
1.84795294e+02 1.240306008972338e-19
1.84921176e+02 1.239883777127261e-19
1.85047059e+02 1.239461976204312e-19
1.85172941e+02 1.239040605471005e-19
1.85298824e+02 1.238619664196594e-19
1.85424706e+02 1.238199151652071e-19
1.85550588e+02 1.237779067110158e-19
1.85676471e+02 1.237359409845304e-19
1.85802353e+02 1.236940179133679e-19
1.85928235e+02 1.236521374253168e-19
1.86054118e+02 1.236102994483366e-19
1.86180000e+02 1.235685039105574e-19
1.86305882e+02 1.235267507402793e-19
1.86431765e+02 1.234850398659717e-19
1.86557647e+02 1.234433712162731e-19
1.86683529e+02 1.234017447199905e-19
1.86809412e+02 1.233601603060987e-19
1.86935294e+02 1.233186179037400e-19
1.87061176e+02 1.232771174422237e-19
1.87187059e+02 1.232356588510252e-19
1.87312941e+02 1.231942420597863e-19
1.87438824e+02 1.231528669983138e-19
1.87564706e+02 1.231115335965796e-19
1.87690588e+02 1.230702417847200e-19
1.87816471e+02 1.230289914930351e-19
1.87942353e+02 1.229877826519886e-19
1.88068235e+02 1.229466151922070e-19
1.88194118e+02 1.229054890444793e-19
1.88320000e+02 1.228644041397564e-19
1.88445882e+02 1.228233604091507e-19
1.88571765e+02 1.227823577839357e-19
1.88697647e+02 1.227413961955451e-19
1.88823529e+02 1.227004755755728e-19
1.88949412e+02 1.226595958557723e-19
1.89075294e+02 1.226187569680562e-19
1.89201176e+02 1.225779588444953e-19
1.89327059e+02 1.225372014173189e-19
1.89452941e+02 1.224964846189137e-19
1.89578824e+02 1.224558083818238e-19
1.89704706e+02 1.224151726387498e-19
1.89830588e+02 1.223745773225486e-19
1.89956471e+02 1.223340223662327e-19
1.90082353e+02 1.222935077029702e-19
1.90208235e+02 1.222530332660837e-19
1.90334118e+02 1.222125989890505e-19
1.90460000e+02 1.221722048055015e-19
1.90585882e+02 1.221318506492213e-19
1.90711765e+02 1.220915364541474e-19
1.90837647e+02 1.220512621543697e-19
1.90963529e+02 1.220110276841304e-19
1.91089412e+02 1.219708329778234e-19
1.91215294e+02 1.219306779699935e-19
1.91341176e+02 1.218905625953365e-19
1.91467059e+02 1.218504867886983e-19
1.91592941e+02 1.218104504850749e-19
1.91718824e+02 1.217704536196114e-19
1.91844706e+02 1.217304961276022e-19
1.91970588e+02 1.216905779444900e-19
1.92096471e+02 1.216506990058657e-19
1.92222353e+02 1.216108592474677e-19
1.92348235e+02 1.215710586051818e-19
1.92474118e+02 1.215312970150406e-19
1.92600000e+02 1.214915744132229e-19
1.92725882e+02 1.214518907360534e-19
1.92851765e+02 1.214122459200025e-19
1.92977647e+02 1.213726399016856e-19
1.93103529e+02 1.213330726178626e-19
1.93229412e+02 1.212935440054379e-19
1.93355294e+02 1.212540540014593e-19
1.93481176e+02 1.212146025431183e-19
1.93607059e+02 1.211751895677493e-19
1.93732941e+02 1.211358150128291e-19
1.93858824e+02 1.210964788159768e-19
1.93984706e+02 1.210571809149530e-19
1.94110588e+02 1.210179212476598e-19
1.94236471e+02 1.209786997521401e-19
1.94362353e+02 1.209395163665773e-19
1.94488235e+02 1.209003710292946e-19
1.94614118e+02 1.208612636787553e-19
1.94740000e+02 1.208221942535616e-19
1.94865882e+02 1.207831626924547e-19
1.94991765e+02 1.207441689343142e-19
1.95117647e+02 1.207052129181578e-19
1.95243529e+02 1.206662945831406e-19
1.95369412e+02 1.206274138685553e-19
1.95495294e+02 1.205885707138311e-19
1.95621176e+02 1.205497650585338e-19
1.95747059e+02 1.205109968423653e-19
1.95872941e+02 1.204722660051631e-19
1.95998824e+02 1.204335724868999e-19
1.96124706e+02 1.203949162276833e-19
1.96250588e+02 1.203562971677554e-19
1.96376471e+02 1.203177152474924e-19
1.96502353e+02 1.202791704074043e-19
1.96628235e+02 1.202406625881343e-19
1.96754118e+02 1.202021917304584e-19
1.96880000e+02 1.201637577752855e-19
1.97005882e+02 1.201253606636565e-19
1.97131765e+02 1.200870003367440e-19
1.97257647e+02 1.200486767358520e-19
1.97383529e+02 1.200103898024159e-19
1.97509412e+02 1.199721394780013e-19
1.97635294e+02 1.199339257043044e-19
1.97761176e+02 1.198957484231512e-19
1.97887059e+02 1.198576075764971e-19
1.98012941e+02 1.198195031064270e-19
1.98138824e+02 1.197814349551544e-19
1.98264706e+02 1.197434030650212e-19
1.98390588e+02 1.197054073784975e-19
1.98516471e+02 1.196674478381809e-19
1.98642353e+02 1.196295243867966e-19
1.98768235e+02 1.195916369671965e-19
1.98894118e+02 1.195537855223595e-19
1.99020000e+02 1.195159699953903e-19
1.99145882e+02 1.194781903295197e-19
1.99271765e+02 1.194404464681042e-19
1.99397647e+02 1.194027383546252e-19
1.99523529e+02 1.193650659326891e-19
1.99649412e+02 1.193274291460266e-19
1.99775294e+02 1.192898279384928e-19
1.99901176e+02 1.192522622540663e-19
2.00027059e+02 1.192147320368492e-19
2.00152941e+02 1.191772372310666e-19
2.00278824e+02 1.191397777810666e-19
2.00404706e+02 1.191023536313194e-19
2.00530588e+02 1.190649647264171e-19
2.00656471e+02 1.190276110110739e-19
2.00782353e+02 1.189902924301249e-19
2.00908235e+02 1.189530089285266e-19
2.01034118e+02 1.189157604513558e-19
2.01160000e+02 1.188785469438098e-19
2.01285882e+02 1.188413683512059e-19
2.01411765e+02 1.188042246189808e-19
2.01537647e+02 1.187671156926909e-19
2.01663529e+02 1.187300415180112e-19
2.01789412e+02 1.186930020407355e-19
2.01915294e+02 1.186559972067759e-19
2.02041176e+02 1.186190269621625e-19
2.02167059e+02 1.185820912530428e-19
2.02292941e+02 1.185451900256819e-19
2.02418824e+02 1.185083232264617e-19
2.02544706e+02 1.184714908018809e-19
2.02670588e+02 1.184346926985543e-19
2.02796471e+02 1.183979288632130e-19
2.02922353e+02 1.183611992427036e-19
2.03048235e+02 1.183245037839879e-19
2.03174118e+02 1.182878424341431e-19
2.03300000e+02 1.182512151403608e-19
2.03425882e+02 1.182146218499471e-19
2.03551765e+02 1.181780625103223e-19
2.03677647e+02 1.181415370690201e-19
2.03803529e+02 1.181050454736881e-19
2.03929412e+02 1.180685876720867e-19
2.04055294e+02 1.180321636120893e-19
2.04181176e+02 1.179957732416816e-19
2.04307059e+02 1.179594165089616e-19
2.04432941e+02 1.179230933621393e-19
2.04558824e+02 1.178868037495359e-19
2.04684706e+02 1.178505476195844e-19
2.04810588e+02 1.178143249208281e-19
2.04936471e+02 1.177781356019216e-19
2.05062353e+02 1.177419796116293e-19
2.05188235e+02 1.177058568988259e-19
2.05314118e+02 1.176697674124958e-19
2.05440000e+02 1.176337111017328e-19
2.05565882e+02 1.175976879157398e-19
2.05691765e+02 1.175616978038287e-19
2.05817647e+02 1.175257407154195e-19
2.05943529e+02 1.174898166000409e-19
2.06069412e+02 1.174539254073293e-19
2.06195294e+02 1.174180670870287e-19
2.06321176e+02 1.173822415889905e-19
2.06447059e+02 1.173464488631732e-19
2.06572941e+02 1.173106888596419e-19
2.06698824e+02 1.172749615285683e-19
2.06824706e+02 1.172392668202301e-19
2.06950588e+02 1.172036046850110e-19
2.07076471e+02 1.171679750734004e-19
2.07202353e+02 1.171323779359927e-19
2.07328235e+02 1.170968132234874e-19
2.07454118e+02 1.170612808866889e-19
2.07580000e+02 1.170257808765059e-19
2.07705882e+02 1.169903131439512e-19
2.07831765e+02 1.169548776401415e-19
2.07957647e+02 1.169194743162972e-19
2.08083529e+02 1.168841031237418e-19
2.08209412e+02 1.168487640139019e-19
2.08335294e+02 1.168134569383070e-19
2.08461176e+02 1.167781818485888e-19
2.08587059e+02 1.167429386964814e-19
2.08712941e+02 1.167077274338206e-19
2.08838824e+02 1.166725480125439e-19
2.08964706e+02 1.166374003846903e-19
2.09090588e+02 1.166022845023997e-19
2.09216471e+02 1.165672003179129e-19
2.09342353e+02 1.165321477835712e-19
2.09468235e+02 1.164971268518161e-19
2.09594118e+02 1.164621374751891e-19
2.09720000e+02 1.164271796063316e-19
2.09845882e+02 1.163922531979842e-19
2.09971765e+02 1.163573582029868e-19
2.10097647e+02 1.163224945742782e-19
2.10223529e+02 1.162876622648959e-19
2.10349412e+02 1.162528612279757e-19
2.10475294e+02 1.162180914167515e-19
2.10601176e+02 1.161833527845550e-19
2.10727059e+02 1.161486452848158e-19
2.10852941e+02 1.161139688710605e-19
2.10978824e+02 1.160793234969129e-19
2.11104706e+02 1.160447091160935e-19
2.11230588e+02 1.160101256824195e-19
2.11356471e+02 1.159755731498043e-19
2.11482353e+02 1.159410514722573e-19
2.11608235e+02 1.159065606038838e-19
2.11734118e+02 1.158721004988843e-19
2.11860000e+02 1.158376711115550e-19
2.11985882e+02 1.158032723962868e-19
2.12111765e+02 1.157689043075654e-19
2.12237647e+02 1.157345667999712e-19
2.12363529e+02 1.157002598281784e-19
2.12489412e+02 1.156659833469558e-19
2.12615294e+02 1.156317373111653e-19
2.12741176e+02 1.155975216757629e-19
2.12867059e+02 1.155633363957973e-19
2.12992941e+02 1.155291814264106e-19
2.13118824e+02 1.154950567228375e-19
2.13244706e+02 1.154609622404052e-19
2.13370588e+02 1.154268979345332e-19
2.13496471e+02 1.153928637607329e-19
2.13622353e+02 1.153588596746076e-19
2.13748235e+02 1.153248856318521e-19
2.13874118e+02 1.152909415882524e-19
2.14000000e+02 1.152570274996857e-19
2.14125882e+02 1.152231433221198e-19
-----------------------------
