SPECIES: e / A
PROCESS: E + A -> E + A, Elastic
PARAM.:  m/M = 0.0000195921, complete set
COMMENT: [e + A(gnd) -> e + A(gnd), Elastic]
UPDATED: 2018-06-05 11:00:00
COLUMNS: Energy (eV) | Cross section (m2)
-----------------------------
0.00000000e+00 1.471548782957808e-17
4.38888889e-02 8.048167537232737e-18
8.77777778e-02 5.690913841702704e-18
1.31666667e-01 4.646611694104529e-18
1.75555556e-01 4.024083768616368e-18
2.19444444e-01 3.599249941511894e-18
2.63333333e-01 3.285650638442024e-18
3.07222222e-01 3.041921401900142e-18
3.51111111e-01 2.845456920851352e-18
3.95000000e-01 2.682722512410912e-18
4.38888889e-01 2.545054040828345e-18
4.82777778e-01 2.426613815538151e-18
5.26666667e-01 2.323305847052265e-18
5.70555556e-01 2.232160056078259e-18
6.14444444e-01 2.150963251120079e-18
6.58333333e-01 2.078027922612637e-18
7.02222222e-01 2.012041884308184e-18
7.46111111e-01 1.951967344039867e-18
7.90000000e-01 1.896971280567568e-18
8.33888889e-01 1.846376261867480e-18
8.77777778e-01 1.799624970755947e-18
9.21666667e-01 1.756254140240731e-18
9.65555556e-01 1.715875084287989e-18
1.00944444e+00 1.678158938259255e-18
1.05333333e+00 1.642825319221012e-18
1.09722222e+00 1.609633507446547e-18
1.14111111e+00 1.578375512346681e-18
1.18500000e+00 1.548870564701509e-18
1.22888889e+00 1.520960700950071e-18
1.27277778e+00 1.494507192532004e-18
1.31666667e+00 1.469387635574390e-18
1.36055556e+00 1.445493561286771e-18
1.40444444e+00 1.422728460425676e-18
1.44833333e+00 1.401006139620216e-18
1.49222222e+00 1.380249345625284e-18
1.53611111e+00 1.360388607372035e-18
1.58000000e+00 1.341361256205456e-18
1.62388889e+00 1.323110592784913e-18
1.66777778e+00 1.305585175388364e-18
1.71166667e+00 1.288738209251113e-18
1.75555556e+00 1.272527020414172e-18
1.79944444e+00 1.256912600599395e-18
1.84333333e+00 1.241859212051171e-18
1.88722222e+00 1.227334043225272e-18
1.93111111e+00 1.213306907769076e-18
1.97500000e+00 1.199749980503965e-18
2.01888889e+00 1.186637565151936e-18
2.06277778e+00 1.173945889392084e-18
2.10666667e+00 1.161652923526132e-18
2.15055556e+00 1.149738219604677e-18
2.19444444e+00 1.138182768340541e-18
2.23833333e+00 1.126968871530776e-18
2.28222222e+00 1.116080028039129e-18
2.32611111e+00 1.105500831667820e-18
2.37000000e+00 1.095216879480674e-18
2.41388889e+00 1.085214689336688e-18
2.45777778e+00 1.075481625560040e-18
2.50166667e+00 1.066005831814525e-18
2.54555556e+00 1.056776170371449e-18
2.58944444e+00 1.047782167063549e-18
2.63333333e+00 1.039013961306318e-18
2.67722222e+00 1.030462260644499e-18
2.72111111e+00 1.022118299347368e-18
2.76500000e+00 1.013973800633380e-18
2.80888889e+00 1.006020942154092e-18
2.85277778e+00 9.982523244101461e-19
2.89666667e+00 9.906609418094419e-19
2.94055556e+00 9.832401561101769e-19
2.98444444e+00 9.759836720199333e-19
3.02833333e+00 9.688855147469571e-19
3.07222222e+00 9.619400093216897e-19
3.11611111e+00 9.551417615259010e-19
3.16000000e+00 9.484856402837840e-19
3.20388889e+00 9.419667613843764e-19
3.24777778e+00 9.355804724179651e-19
3.29166667e+00 9.293223388209056e-19
3.33555556e+00 9.231881309337401e-19
3.37944444e+00 9.171738119867874e-19
3.42333333e+00 9.112755269356698e-19
3.46722222e+00 9.054895920766147e-19
3.51111111e+00 8.998124853779734e-19
3.55500000e+00 8.942408374703040e-19
3.59888889e+00 8.887714232426505e-19
3.64277778e+00 8.834011539974001e-19
3.68666667e+00 8.781270701203653e-19
3.73055556e+00 8.729463342265721e-19
3.77444444e+00 8.678562247456934e-19
3.81833333e+00 8.628541299141842e-19
3.86222222e+00 8.579375421439943e-19
3.90611111e+00 8.531040527402709e-19
3.95000000e+00 8.483513469427817e-19
3.99388889e+00 8.436771992678664e-19
4.03777778e+00 8.390794691296274e-19
4.08166667e+00 8.345560967207879e-19
4.12555556e+00 8.301050991352154e-19
4.16944444e+00 8.257245667155278e-19
4.21333333e+00 8.214126596105059e-19
4.25722222e+00 8.171676045282143e-19
4.30111111e+00 8.129876916718149e-19
4.34500000e+00 8.088712718460503e-19
4.38888889e+00 8.048167537232737e-19
4.43277778e+00 8.008226012587311e-19
4.47666667e+00 7.968873312455627e-19
4.52055556e+00 7.930095110006831e-19
4.56444444e+00 7.891877561733405e-19
4.60833333e+00 7.854207286687445e-19
4.65222222e+00 7.817071346796838e-19
4.69611111e+00 7.780457228195661e-19
4.74000000e+00 7.744352823507546e-19
4.78388889e+00 7.708746415025095e-19
4.82777778e+00 7.673626658732249e-19
4.87166667e+00 7.638982569120150e-19
4.91555556e+00 7.604803504750354e-19
4.95944444e+00 7.571079154522258e-19
5.00333333e+00 7.537799524604567e-19
5.04722222e+00 7.504954925993132e-19
5.09111111e+00 7.472535962660020e-19
5.13500000e+00 7.440533520260864e-19
5.17888889e+00 7.408938755369718e-19
5.22277778e+00 7.377743085212490e-19
5.26666667e+00 7.346938177871949e-19
5.31055556e+00 7.316515942938852e-19
5.35444444e+00 7.286468522585448e-19
5.39833333e+00 7.256788283038931e-19
5.44222222e+00 7.227467806433854e-19
5.48611111e+00 7.198499883023789e-19
5.53000000e+00 7.169877503733598e-19
5.57388889e+00 7.141593853034923e-19
5.61777778e+00 7.113642302128380e-19
5.66166667e+00 7.086016402417027e-19
5.70555556e+00 7.058709879256476e-19
5.74944444e+00 7.031716625967917e-19
5.79333333e+00 7.005030698101082e-19
5.83722222e+00 6.978646307934890e-19
5.88111111e+00 6.952557819204257e-19
5.92500000e+00 6.926759742042123e-19
5.96888889e+00 6.901246728126421e-19
6.01277778e+00 6.876013566022234e-19
6.05666667e+00 6.851055176709921e-19
6.10055556e+00 6.826366609290524e-19
6.14444444e+00 6.801943036860175e-19
6.18833333e+00 6.777779752545744e-19
6.23222222e+00 6.753872165694287e-19
6.27611111e+00 6.730215798209321e-19
6.32000000e+00 6.706806281027281e-19
6.36388889e+00 6.683639350727853e-19
6.40777778e+00 6.660710846272231e-19
6.45166667e+00 6.638016705863612e-19
6.49555556e+00 6.615552963924567e-19
6.53944444e+00 6.593315748186172e-19
6.58333333e+00 6.571301276884046e-19
6.62722222e+00 6.549505856056707e-19
6.67111111e+00 6.527925876941820e-19
6.71500000e+00 6.506557813466223e-19
6.75888889e+00 6.485398219825730e-19
6.80277778e+00 6.464443728150956e-19
6.84666667e+00 6.443691046255566e-19
6.89055556e+00 6.423136955463530e-19
6.93444444e+00 6.402778308512150e-19
6.97833333e+00 6.382612027527713e-19
7.02222222e+00 6.362635102070862e-19
7.06611111e+00 6.342844587248835e-19
7.11000000e+00 6.323237601891893e-19
7.15388889e+00 6.303811326791384e-19
7.19777778e+00 6.284563002996973e-19
7.24166667e+00 6.265489930170731e-19
7.28555556e+00 6.246589464995831e-19
7.32944444e+00 6.227859019637739e-19
7.37333333e+00 6.209296060255853e-19
7.41722222e+00 6.190898105563644e-19
7.46111111e+00 6.172662725435475e-19
7.50500000e+00 6.154587539558267e-19
7.54888889e+00 6.136670216126362e-19
7.59277778e+00 6.118908470577928e-19
7.63666667e+00 6.101300064371379e-19
7.68055556e+00 6.083842803800284e-19
7.72444444e+00 6.066534538845378e-19
7.76833333e+00 6.049373162062296e-19
7.81222222e+00 6.032356607503716e-19
7.85611111e+00 6.015482849674671e-19
7.90000000e+00 5.998749902519823e-19
7.94388889e+00 5.982155818441566e-19
7.98777778e+00 5.965698687347825e-19
8.03166667e+00 5.949376635728518e-19
8.07555556e+00 5.933187825759678e-19
8.11944444e+00 5.917130454434219e-19
8.16333333e+00 5.901202752718454e-19
8.20722222e+00 5.885402984733462e-19
8.25111111e+00 5.869729446960421e-19
8.29500000e+00 5.854180467469103e-19
8.33888889e+00 5.838754405168734e-19
8.38277778e+00 5.823449649080460e-19
8.42666667e+00 5.808264617630661e-19
8.47055556e+00 5.793197757964455e-19
8.51444444e+00 5.778247545278672e-19
8.55833333e+00 5.763412482173675e-19
8.60222222e+00 5.748691098023384e-19
8.64611111e+00 5.734081948362925e-19
8.69000000e+00 5.719583614293296e-19
8.73388889e+00 5.705194701902514e-19
8.77777778e+00 5.690913841702705e-19
8.82166667e+00 5.676739688082604e-19
8.86555556e+00 5.662670918774994e-19
8.90944444e+00 5.648706234338585e-19
8.95333333e+00 5.634844357653879e-19
8.99722222e+00 5.621084033432578e-19
9.04111111e+00 5.607424027740110e-19
9.08500000e+00 5.593863127530848e-19
9.12888889e+00 5.580400140195647e-19
9.17277778e+00 5.567033893121290e-19
9.21666667e+00 5.553763233261487e-19
9.26055556e+00 5.540587026719083e-19
9.30444444e+00 5.527504158339102e-19
9.34833333e+00 5.514513531312322e-19
9.39222222e+00 5.501614066789041e-19
9.43611111e+00 5.488804703502748e-19
9.48000000e+00 5.476084397403372e-19
9.52388889e+00 5.463452121299855e-19
9.56777778e+00 5.450906864511733e-19
9.61166667e+00 5.438447632529497e-19
9.65555556e+00 5.426073446683441e-19
9.69944444e+00 5.413783343820767e-19
9.74333333e+00 5.401576375990693e-19
9.78722222e+00 5.389451610137347e-19
9.83111111e+00 5.377408127800198e-19
9.87500000e+00 5.365445024821825e-19
9.91888889e+00 5.353561411062802e-19
9.96277778e+00 5.341756410123503e-19
1.00066667e+01 5.330029159072624e-19
1.00505556e+01 5.318378808182224e-19
1.00944444e+01 5.306804520669127e-19
1.01383333e+01 5.295305472442468e-19
1.01822222e+01 5.283880851857246e-19
1.02261111e+01 5.272529859473683e-19
1.02700000e+01 5.261251707822270e-19
1.03138889e+01 5.250045621174299e-19
1.03577778e+01 5.238910835317747e-19
1.04016667e+01 5.227846597338379e-19
1.04455556e+01 5.216852165405913e-19
1.04894444e+01 5.205926808565096e-19
1.05333333e+01 5.195069806531592e-19
1.05772222e+01 5.184280449492523e-19
1.06211111e+01 5.173558037911550e-19
1.06650000e+01 5.162901882338365e-19
1.07088889e+01 5.152311303222494e-19
1.07527778e+01 5.141785630731277e-19
1.07966667e+01 5.131324204571911e-19
1.08405556e+01 5.120926373817481e-19
1.08844444e+01 5.110591496736840e-19
1.09283333e+01 5.100318940628250e-19
1.09722222e+01 5.090108081656690e-19
1.10161111e+01 5.079958304694734e-19
1.10600000e+01 5.069869003166902e-19
1.11038889e+01 5.059839578897401e-19
1.11477778e+01 5.049869441961157e-19
1.11916667e+01 5.039958010538083e-19
1.12355556e+01 5.030104710770461e-19
1.12794444e+01 5.020308976623384e-19
1.13233333e+01 5.010570249748184e-19
1.13672222e+01 5.000887979348761e-19
1.14111111e+01 4.991261622050730e-19
1.14550000e+01 4.981690641773346e-19
1.14988889e+01 4.972174509604105e-19
1.15427778e+01 4.962712703675979e-19
1.15866667e+01 4.953304709047210e-19
1.16305556e+01 4.943950017583598e-19
1.16744444e+01 4.934648127843225e-19
1.17183333e+01 4.925398544963561e-19
1.17622222e+01 4.916200780550884e-19
1.18061111e+01 4.907054352571968e-19
1.18500000e+01 4.897958785247965e-19
1.18938889e+01 4.888913608950472e-19
1.19377778e+01 4.879918360099666e-19
1.19816667e+01 4.870972581064522e-19
1.20255556e+01 4.862075820065015e-19
1.20694444e+01 4.853227631076302e-19
1.21133333e+01 4.844427573734786e-19
1.21572222e+01 4.835675213246075e-19
1.22011111e+01 4.826970120294748e-19
1.22450000e+01 4.818311870955903e-19
1.22888889e+01 4.809700046608448e-19
1.23327778e+01 4.801134233850089e-19
1.23766667e+01 4.792614024413976e-19
1.24205556e+01 4.784139015086971e-19
1.24644444e+01 4.775708807629505e-19
1.25083333e+01 4.767323008696970e-19
1.25522222e+01 4.758981229762645e-19
1.25961111e+01 4.750683087042075e-19
1.26400000e+01 4.742428201418920e-19
1.26838889e+01 4.734216198372198e-19
1.27277778e+01 4.726046707904918e-19
1.27716667e+01 4.717919364474062e-19
1.28155556e+01 4.709833806921882e-19
1.28594444e+01 4.701789678408499e-19
1.29033333e+01 4.693786626345748e-19
1.29472222e+01 4.685824302332275e-19
1.29911111e+01 4.677902362089825e-19
1.30350000e+01 4.670020465400722e-19
1.30788889e+01 4.662178276046497e-19
1.31227778e+01 4.654375461747654e-19
1.31666667e+01 4.646611694104528e-19
1.32105556e+01 4.638886648539242e-19
1.32544444e+01 4.631200004238701e-19
1.32983333e+01 4.623551444098647e-19
1.33422222e+01 4.615940654668701e-19
1.33861111e+01 4.608367326098412e-19
1.34300000e+01 4.600831152084281e-19
1.34738889e+01 4.593331829817716e-19
1.35177778e+01 4.585869059933937e-19
1.35616667e+01 4.578442546461778e-19
1.36055556e+01 4.571051996774388e-19
1.36494444e+01 4.563697121540798e-19
1.36933333e+01 4.556377634678349e-19
1.37372222e+01 4.549093253305955e-19
1.37811111e+01 4.541843697698178e-19
1.38250000e+01 4.534628691240117e-19
1.38688889e+01 4.527447960383073e-19
1.39127778e+01 4.520301234600996e-19
1.39566667e+01 4.513188246347665e-19
1.40005556e+01 4.506108731014632e-19
1.40444444e+01 4.499062426889867e-19
1.40883333e+01 4.492049075117134e-19
1.41322222e+01 4.485068419656039e-19
1.41761111e+01 4.478120207242774e-19
1.42200000e+01 4.471204187351520e-19
1.42638889e+01 4.464320112156518e-19
1.43077778e+01 4.457467736494755e-19
1.43516667e+01 4.450646817829302e-19
1.43955556e+01 4.443857116213253e-19
1.44394444e+01 4.437098394254276e-19
1.44833333e+01 4.430370417079752e-19
1.45272222e+01 4.423672952302485e-19
1.45711111e+01 4.417005769987000e-19
1.46150000e+01 4.410368642616378e-19
1.46588889e+01 4.403761345059649e-19
1.47027778e+01 4.397183654539722e-19
1.47466667e+01 4.390635350601826e-19
1.47905556e+01 4.384116215082490e-19
1.48344444e+01 4.377626032079003e-19
1.48783333e+01 4.371164587919389e-19
1.49222222e+01 4.364731671132861e-19
1.49661111e+01 4.358327072420743e-19
1.50100000e+01 4.351950584627879e-19
1.50538889e+01 4.345602002714489e-19
1.50977778e+01 4.339281123728467e-19
1.51416667e+01 4.332987746778143e-19
1.51855556e+01 4.326721673005460e-19
1.52294444e+01 4.320482705559581e-19
1.52733333e+01 4.314270649570921e-19
1.53172222e+01 4.308085312125574e-19
1.53611111e+01 4.301926502240159e-19
1.54050000e+01 4.295794030837043e-19
1.54488889e+01 4.289687710719972e-19
1.54927778e+01 4.283607356550056e-19
1.55366667e+01 4.277552784822157e-19
1.55805556e+01 4.271523813841615e-19
1.56244444e+01 4.265520263701354e-19
1.56683333e+01 4.259541956259332e-19
1.57122222e+01 4.253588715116336e-19
1.57561111e+01 4.247660365594128e-19
1.58000000e+01 4.241756734713908e-19
1.58438889e+01 4.235877651175125e-19
1.58877778e+01 4.230022945334593e-19
1.59316667e+01 4.224192449185935e-19
1.59755556e+01 4.218385996339332e-19
1.60194444e+01 4.212603422001579e-19
1.60633333e+01 4.206844562956444e-19
1.61072222e+01 4.201109257545313e-19
1.61511111e+01 4.195397345648137e-19
1.61950000e+01 4.189708668664649e-19
1.62388889e+01 4.184043069495873e-19
1.62827778e+01 4.178400392525902e-19
1.63266667e+01 4.172780483603940e-19
1.63705556e+01 4.167183190026621e-19
1.64144444e+01 4.161608360520579e-19
1.64583333e+01 4.156055845225274e-19
1.65022222e+01 4.150525495676077e-19
1.65461111e+01 4.145017164787594e-19
1.65900000e+01 4.139530706837235e-19
1.66338889e+01 4.134065977449023e-19
1.66777778e+01 4.128622833577639e-19
1.67216667e+01 4.123201133492689e-19
1.67655556e+01 4.117800736763214e-19
1.68094444e+01 4.112421504242399e-19
1.68533333e+01 4.107063298052530e-19
1.68972222e+01 4.101725981570136e-19
1.69411111e+01 4.096409419411369e-19
1.69850000e+01 4.091113477417574e-19
1.70288889e+01 4.085838022641072e-19
1.70727778e+01 4.080582923331140e-19
1.71166667e+01 4.075348048920197e-19
1.71605556e+01 4.070133270010173e-19
1.72044444e+01 4.064938458359074e-19
1.72483333e+01 4.059763486867744e-19
1.72922222e+01 4.054608229566795e-19
1.73361111e+01 4.049472561603731e-19
1.73800000e+01 4.044356359230251e-19
1.74238889e+01 4.039259499789723e-19
1.74677778e+01 4.034181861704831e-19
1.75116667e+01 4.029123324465397e-19
1.75555556e+01 4.024083768616368e-19
1.75994444e+01 4.019063075745970e-19
1.76433333e+01 4.014061128474015e-19
1.76872222e+01 4.009077810440386e-19
1.77311111e+01 4.004113006293656e-19
1.77750000e+01 3.999166601679882e-19
1.78188889e+01 3.994238483231540e-19
1.78627778e+01 3.989328538556611e-19
1.79066667e+01 3.984436656227814e-19
1.79505556e+01 3.979562725771985e-19
1.79944444e+01 3.974706637659607e-19
1.80383333e+01 3.969868283294455e-19
1.80822222e+01 3.965047555003415e-19
1.81261111e+01 3.960244346026405e-19
1.81700000e+01 3.955458550506452e-19
1.82138889e+01 3.950690063479893e-19
1.82577778e+01 3.945938780866703e-19
1.83016667e+01 3.941204599460956e-19
1.83455556e+01 3.936487416921409e-19
1.83894444e+01 3.931787131762209e-19
1.84333333e+01 3.927103643343723e-19
1.84772222e+01 3.922436851863486e-19
1.85211111e+01 3.917786658347274e-19
1.85650000e+01 3.913152964640280e-19
1.86088889e+01 3.908535673398419e-19
1.86527778e+01 3.903934688079733e-19
1.86966667e+01 3.899349912935918e-19
1.87405556e+01 3.894781253003950e-19
1.87844444e+01 3.890228614097831e-19
1.88283333e+01 3.885691902800424e-19
1.88722222e+01 3.881171026455410e-19
1.89161111e+01 3.876665893159338e-19
1.89600000e+01 3.872176411753773e-19
1.90038889e+01 3.867702491817558e-19
1.90477778e+01 3.863244043659155e-19
1.90916667e+01 3.858800978309102e-19
1.91355556e+01 3.854373207512547e-19
1.91794444e+01 3.849960643721896e-19
1.92233333e+01 3.845563200089532e-19
1.92672222e+01 3.841180790460642e-19
1.93111111e+01 3.836813329366124e-19
1.93550000e+01 3.832460732015589e-19
1.93988889e+01 3.828122914290447e-19
1.94427778e+01 3.823799792737074e-19
1.94866667e+01 3.819491284560075e-19
1.95305556e+01 3.815197307615623e-19
1.95744444e+01 3.810917780404875e-19
1.96183333e+01 3.806652622067485e-19
1.96622222e+01 3.802401752375177e-19
1.97061111e+01 3.798165091725415e-19
1.97500000e+01 3.793942561135136e-19
1.97938889e+01 3.789734082234570e-19
1.98377778e+01 3.785539577261129e-19
1.98816667e+01 3.781358969053370e-19
1.99255556e+01 3.777192181045037e-19
1.99694444e+01 3.773039137259170e-19
2.00133333e+01 3.768899762302283e-19
2.00572222e+01 3.764773981358622e-19
2.01011111e+01 3.760661720184479e-19
2.01450000e+01 3.756562905102586e-19
2.01888889e+01 3.752477462996566e-19
2.02327778e+01 3.748405321305458e-19
2.02766667e+01 3.744346408018304e-19
2.03205556e+01 3.740300651668800e-19
2.03644444e+01 3.736267981330010e-19
2.04083333e+01 3.732248326609142e-19
2.04522222e+01 3.728241617642396e-19
2.04961111e+01 3.724247785089849e-19
2.05400000e+01 3.720266760130432e-19
2.05838889e+01 3.716298474456933e-19
2.06277778e+01 3.712342860271087e-19
2.06716667e+01 3.708399850278703e-19
2.07155556e+01 3.704469377684859e-19
2.07594444e+01 3.700551376189149e-19
2.08033333e+01 3.696645779980986e-19
2.08472222e+01 3.692752523734960e-19
2.08911111e+01 3.688871542606245e-19
2.09350000e+01 3.685002772226068e-19
2.09788889e+01 3.681146148697221e-19
2.10227778e+01 3.677301608589630e-19
2.10666667e+01 3.673469088935974e-19
2.11105556e+01 3.669648527227353e-19
2.11544444e+01 3.665839861409006e-19
2.11983333e+01 3.662043029876076e-19
2.12422222e+01 3.658257971469426e-19
2.12861111e+01 3.654484625471504e-19
2.13300000e+01 3.650722931602249e-19
2.13738889e+01 3.646972830015044e-19
2.14177778e+01 3.643234261292724e-19
2.14616667e+01 3.639507166443618e-19
2.15055556e+01 3.635791486897635e-19
2.15494444e+01 3.632087164502409e-19
2.15933333e+01 3.628394141519465e-19
2.16372222e+01 3.624712360620448e-19
2.16811111e+01 3.621041764883378e-19
2.17250000e+01 3.617382297788961e-19
2.17688889e+01 3.613733903216927e-19
2.18127778e+01 3.610096525442421e-19
2.18566667e+01 3.606470109132424e-19
2.19005556e+01 3.602854599342218e-19
2.19444444e+01 3.599249941511895e-19
2.19883333e+01 3.595656081462888e-19
2.20322222e+01 3.592072965394564e-19
2.20761111e+01 3.588500539880832e-19
2.21200000e+01 3.584938751866799e-19
2.21638889e+01 3.581387548665463e-19
2.22077778e+01 3.577846877954437e-19
2.22516667e+01 3.574316687772714e-19
2.22955556e+01 3.570796926517461e-19
2.23394444e+01 3.567287542940853e-19
2.23833333e+01 3.563788486146940e-19
2.24272222e+01 3.560299705588543e-19
2.24711111e+01 3.556821151064190e-19
2.25150000e+01 3.553352772715082e-19
2.25588889e+01 3.549894521022091e-19
2.26027778e+01 3.546446346802789e-19
2.26466667e+01 3.543008201208513e-19
2.26905556e+01 3.539580035721459e-19
2.27344444e+01 3.536161802151800e-19
2.27783333e+01 3.532753452634849e-19
2.28222222e+01 3.529354939628238e-19
2.28661111e+01 3.525966215909138e-19
2.29100000e+01 3.522587234571497e-19
2.29538889e+01 3.519217949023318e-19
2.29977778e+01 3.515858312983959e-19
2.30416667e+01 3.512508280481462e-19
2.30855556e+01 3.509167805849910e-19
2.31294444e+01 3.505836843726818e-19
2.31733333e+01 3.502515349050541e-19
2.32172222e+01 3.499203277057712e-19
2.32611111e+01 3.495900583280712e-19
2.33050000e+01 3.492607223545164e-19
2.33488889e+01 3.489323153967445e-19
2.33927778e+01 3.486048330952237e-19
2.34366667e+01 3.482782711190088e-19
2.34805556e+01 3.479526251655019e-19
2.35244444e+01 3.476278909602128e-19
2.35683333e+01 3.473040642565248e-19
2.36122222e+01 3.469811408354602e-19
2.36561111e+01 3.466591165054501e-19
2.37000000e+01 3.463379871021062e-19
2.37438889e+01 3.460177484879934e-19
2.37877778e+01 3.456983965524076e-19
2.38316667e+01 3.453799272111524e-19
2.38755556e+01 3.450623364063211e-19
2.39194444e+01 3.447456201060784e-19
2.39633333e+01 3.444297743044464e-19
2.40072222e+01 3.441147950210910e-19
2.40511111e+01 3.438006783011117e-19
2.40950000e+01 3.434874202148330e-19
2.41388889e+01 3.431750168575977e-19
2.41827778e+01 3.428634643495626e-19
2.42266667e+01 3.425527588354960e-19
2.42705556e+01 3.422428964845778e-19
2.43144444e+01 3.419338734902004e-19
2.43583333e+01 3.416256860697728e-19
2.44022222e+01 3.413183304645262e-19
2.44461111e+01 3.410118029393208e-19
2.44900000e+01 3.407060997824560e-19
2.45338889e+01 3.404012173054812e-19
2.45777778e+01 3.400971518430087e-19
2.46216667e+01 3.397938997525292e-19
2.46655556e+01 3.394914574142277e-19
2.47094444e+01 3.391898212308031e-19
2.47533333e+01 3.388889876272872e-19
2.47972222e+01 3.385889530508681e-19
2.48411111e+01 3.382897139707128e-19
2.48850000e+01 3.379912668777935e-19
2.49288889e+01 3.376936082847144e-19
2.49727778e+01 3.373967347255404e-19
2.50166667e+01 3.371006427556282e-19
2.50605556e+01 3.368053289514576e-19
2.51044444e+01 3.365107899104661e-19
2.51483333e+01 3.362170222508834e-19
2.51922222e+01 3.359240226115693e-19
2.52361111e+01 3.356317876518509e-19
2.52800000e+01 3.353403140513640e-19
2.53238889e+01 3.350495985098938e-19
2.53677778e+01 3.347596377472179e-19
2.54116667e+01 3.344704285029515e-19
2.54555556e+01 3.341819675363926e-19
2.54994444e+01 3.338942516263705e-19
2.55433333e+01 3.336072775710936e-19
2.55872222e+01 3.333210421880005e-19
2.56311111e+01 3.330355423136116e-19
2.56750000e+01 3.327507748033820e-19
2.57188889e+01 3.324667365315565e-19
2.57627778e+01 3.321834243910252e-19
2.58066667e+01 3.319008352931806e-19
2.58505556e+01 3.316189661677764e-19
2.58944444e+01 3.313378139627875e-19
2.59383333e+01 3.310573756442708e-19
2.59822222e+01 3.307776481962283e-19
2.60261111e+01 3.304986286204704e-19
2.60700000e+01 3.302203139364806e-19
2.61138889e+01 3.299427011812830e-19
2.61577778e+01 3.296657874093086e-19
2.62016667e+01 3.293895696922643e-19
2.62455556e+01 3.291140451190034e-19
2.62894444e+01 3.288392107953962e-19
2.63333333e+01 3.285650638442023e-19
2.63772222e+01 3.282916014049447e-19
2.64211111e+01 3.280188206337835e-19
2.64650000e+01 3.277467187033923e-19
2.65088889e+01 3.274752928028353e-19
2.65527778e+01 3.272045401374449e-19
2.65966667e+01 3.269344579287008e-19
2.66405556e+01 3.266650434141106e-19
2.66844444e+01 3.263962938470910e-19
2.67283333e+01 3.261282064968499e-19
2.67722222e+01 3.258607786482705e-19
2.68161111e+01 3.255940076017951e-19
2.68600000e+01 3.253278906733111e-19
2.69038889e+01 3.250624251940373e-19
2.69477778e+01 3.247976085104120e-19
2.69916667e+01 3.245334379839806e-19
2.70355556e+01 3.242699109912865e-19
2.70794444e+01 3.240070249237604e-19
2.71233333e+01 3.237447771876128e-19
2.71672222e+01 3.234831652037261e-19
2.72111111e+01 3.232221864075478e-19
2.72550000e+01 3.229618382489858e-19
2.72988889e+01 3.227021181923026e-19
2.73427778e+01 3.224430237160125e-19
2.73866667e+01 3.221845523127783e-19
2.74305556e+01 3.219267014893095e-19
2.74744444e+01 3.216694687662613e-19
2.75183333e+01 3.214128516781346e-19
2.75622222e+01 3.211568477731765e-19
2.76061111e+01 3.209014546132820e-19
2.76500000e+01 3.206466697738965e-19
2.76938889e+01 3.203924908439193e-19
2.77377778e+01 3.201389154256075e-19
2.77816667e+01 3.198859411344810e-19
2.78255556e+01 3.196335655992287e-19
2.78694444e+01 3.193817864616146e-19
2.79133333e+01 3.191306013763856e-19
2.79572222e+01 3.188800080111798e-19
2.80011111e+01 3.186300040464354e-19
2.80450000e+01 3.183805871753003e-19
2.80888889e+01 3.181317551035431e-19
2.81327778e+01 3.178835055494643e-19
2.81766667e+01 3.176358362438085e-19
2.82205556e+01 3.173887449296770e-19
2.82644444e+01 3.171422293624417e-19
2.83083333e+01 3.168962873096596e-19
2.83522222e+01 3.166509165509873e-19
2.83961111e+01 3.164061148780973e-19
2.84400000e+01 3.161618800945947e-19
2.84838889e+01 3.159182100159337e-19
2.85277778e+01 3.156751024693362e-19
2.85716667e+01 3.154325552937103e-19
2.86155556e+01 3.151905663395692e-19
2.86594444e+01 3.149491334689518e-19
2.87033333e+01 3.147082545553428e-19
2.87472222e+01 3.144679274835946e-19
2.87911111e+01 3.142281501498486e-19
2.88350000e+01 3.139889204614588e-19
2.88788889e+01 3.137502363369140e-19
2.89227778e+01 3.135120957057625e-19
2.89666667e+01 3.132744965085366e-19
2.90105556e+01 3.130374366966771e-19
2.90544444e+01 3.128009142324602e-19
2.90983333e+01 3.125649270889232e-19
2.91422222e+01 3.123294732497916e-19
2.91861111e+01 3.120945507094070e-19
2.92300000e+01 3.118601574726550e-19
2.92738889e+01 3.116262915548946e-19
2.93177778e+01 3.113929509818870e-19
2.93616667e+01 3.111601337897259e-19
2.94055556e+01 3.109278380247682e-19
2.94494444e+01 3.106960617435648e-19
2.94933333e+01 3.104648030127926e-19
2.95372222e+01 3.102340599091866e-19
2.95811111e+01 3.100038305194729e-19
2.96250000e+01 3.097741129403019e-19
2.96688889e+01 3.095449052781822e-19
2.97127778e+01 3.093162056494152e-19
2.97566667e+01 3.090880121800301e-19
2.98005556e+01 3.088603230057192e-19
2.98444444e+01 3.086331362717738e-19
2.98883333e+01 3.084064501330214e-19
2.99322222e+01 3.081802627537620e-19
2.99761111e+01 3.079545723077063e-19
3.00200000e+01 3.077293769779134e-19
3.00638889e+01 3.075046749567290e-19
3.01077778e+01 3.072804644457256e-19
3.01516667e+01 3.070567436556408e-19
3.01955556e+01 3.068335108063181e-19
3.02394444e+01 3.066107641266470e-19
3.02833333e+01 3.063885018545044e-19
3.03272222e+01 3.061667222366955e-19
3.03711111e+01 3.059454235288964e-19
3.04150000e+01 3.057246039955958e-19
3.04588889e+01 3.055042619100382e-19
3.05027778e+01 3.052843955541672e-19
3.05466667e+01 3.050650032185690e-19
3.05905556e+01 3.048460832024169e-19
3.06344444e+01 3.046276338134158e-19
3.06783333e+01 3.044096533677470e-19
3.07222222e+01 3.041921401900142e-19
3.07661111e+01 3.039750926131887e-19
3.08100000e+01 3.037585089785566e-19
3.08538889e+01 3.035423876356649e-19
3.08977778e+01 3.033267269422689e-19
3.09416667e+01 3.031115252642797e-19
3.09855556e+01 3.028967809757126e-19
3.10294444e+01 3.026824924586348e-19
3.10733333e+01 3.024686581031148e-19
3.11172222e+01 3.022552763071713e-19
3.11611111e+01 3.020423454767230e-19
3.12050000e+01 3.018298640255382e-19
3.12488889e+01 3.016178303751858e-19
3.12927778e+01 3.014062429549854e-19
3.13366667e+01 3.011951002019586e-19
3.13805556e+01 3.009844005607810e-19
3.14244444e+01 3.007741424837335e-19
3.14683333e+01 3.005643244306547e-19
3.15122222e+01 3.003549448688937e-19
3.15561111e+01 3.001460022732628e-19
3.16000000e+01 2.999374951259911e-19
3.16438889e+01 2.997294219166781e-19
3.16877778e+01 2.995217811422476e-19
3.17316667e+01 2.993145713069022e-19
3.17755556e+01 2.991077909220783e-19
3.18194444e+01 2.989014385064007e-19
3.18633333e+01 2.986955125856385e-19
3.19072222e+01 2.984900116926604e-19
3.19511111e+01 2.982849343673912e-19
3.19950000e+01 2.980802791567681e-19
3.20388889e+01 2.978760446146972e-19
3.20827778e+01 2.976722293020111e-19
3.21266667e+01 2.974688317864259e-19
3.21705556e+01 2.972658506424990e-19
3.22144444e+01 2.970632844515873e-19
3.22583333e+01 2.968611318018052e-19
3.23022222e+01 2.966593912879839e-19
3.23461111e+01 2.964580615116296e-19
3.23900000e+01 2.962571410808835e-19
3.24338889e+01 2.960566286104808e-19
3.24777778e+01 2.958565227217109e-19
3.25216667e+01 2.956568220423777e-19
3.25655556e+01 2.954575252067597e-19
3.26094444e+01 2.952586308555711e-19
3.26533333e+01 2.950601376359227e-19
3.26972222e+01 2.948620442012833e-19
3.27411111e+01 2.946643492114413e-19
3.27850000e+01 2.944670513324667e-19
3.28288889e+01 2.942701492366731e-19
3.28727778e+01 2.940736416025805e-19
3.29166667e+01 2.938775271148780e-19
3.29605556e+01 2.936818044643860e-19
3.30044444e+01 2.934864723480210e-19
3.30483333e+01 2.932915294687580e-19
3.30922222e+01 2.930969745355945e-19
3.31361111e+01 2.929028062635150e-19
3.31800000e+01 2.927090233734551e-19
3.32238889e+01 2.925156245922661e-19
3.32677778e+01 2.923226086526797e-19
3.33116667e+01 2.921299742932737e-19
3.33555556e+01 2.919377202584367e-19
3.33994444e+01 2.917458452983341e-19
3.34433333e+01 2.915543481688740e-19
3.34872222e+01 2.913632276316730e-19
3.35311111e+01 2.911724824540230e-19
3.35750000e+01 2.909821114088574e-19
3.36188889e+01 2.907921132747182e-19
3.36627778e+01 2.906024868357233e-19
3.37066667e+01 2.904132308815331e-19
3.37505556e+01 2.902243442073185e-19
3.37944444e+01 2.900358256137291e-19
3.38383333e+01 2.898476739068605e-19
3.38822222e+01 2.896598878982227e-19
3.39261111e+01 2.894724664047091e-19
3.39700000e+01 2.892854082485644e-19
3.40138889e+01 2.890987122573542e-19
3.40577778e+01 2.889123772639336e-19
3.41016667e+01 2.887264021064170e-19
3.41455556e+01 2.885407856281475e-19
3.41894444e+01 2.883555266776664e-19
3.42333333e+01 2.881706241086837e-19
3.42772222e+01 2.879860767800480e-19
3.43211111e+01 2.878018835557171e-19
3.43650000e+01 2.876180433047281e-19
3.44088889e+01 2.874345549011692e-19
3.44527778e+01 2.872514172241499e-19
3.44966667e+01 2.870686291577725e-19
3.45405556e+01 2.868861895911038e-19
3.45844444e+01 2.867040974181463e-19
3.46283333e+01 2.865223515378102e-19
3.46722222e+01 2.863409508538858e-19
3.47161111e+01 2.861598942750151e-19
3.47600000e+01 2.859791807146648e-19
3.48038889e+01 2.857988090910984e-19
3.48477778e+01 2.856187783273495e-19
3.48916667e+01 2.854390873511946e-19
3.49355556e+01 2.852597350951257e-19
3.49794444e+01 2.850807204963249e-19
3.50233333e+01 2.849020424966369e-19
3.50672222e+01 2.847237000425430e-19
3.51111111e+01 2.845456920851352e-19
3.51550000e+01 2.843680175800903e-19
3.51988889e+01 2.841906754876438e-19
3.52427778e+01 2.840136647725648e-19
3.52866667e+01 2.838369844041302e-19
3.53305556e+01 2.836606333560998e-19
3.53744444e+01 2.834846106066913e-19
3.54183333e+01 2.833089151385550e-19
3.54622222e+01 2.831335459387497e-19
3.55061111e+01 2.829585019987177e-19
3.55500000e+01 2.827837823142605e-19
3.55938889e+01 2.826093858855151e-19
3.56377778e+01 2.824353117169292e-19
3.56816667e+01 2.822615588172380e-19
3.57255556e+01 2.820881261994399e-19
3.57694444e+01 2.819150128807735e-19
3.58133333e+01 2.817422178826940e-19
3.58572222e+01 2.815697402308496e-19
3.59011111e+01 2.813975789550592e-19
3.59450000e+01 2.812257330892888e-19
3.59888889e+01 2.810542016716289e-19
3.60327778e+01 2.808829837442722e-19
3.60766667e+01 2.807120783534907e-19
3.61205556e+01 2.805414845496138e-19
3.61644444e+01 2.803712013870055e-19
3.62083333e+01 2.802012279240433e-19
3.62522222e+01 2.800315632230955e-19
3.62961111e+01 2.798622063505000e-19
3.63400000e+01 2.796931563765424e-19
3.63838889e+01 2.795244123754349e-19
3.64277778e+01 2.793559734252944e-19
3.64716667e+01 2.791878386081223e-19
3.65155556e+01 2.790200070097824e-19
3.65594444e+01 2.788524777199809e-19
3.66033333e+01 2.786852498322453e-19
3.66472222e+01 2.785183224439037e-19
3.66911111e+01 2.783516946560645e-19
3.67350000e+01 2.781853655735960e-19
3.67788889e+01 2.780193343051064e-19
3.68227778e+01 2.778535999629233e-19
3.68666667e+01 2.776881616630743e-19
3.69105556e+01 2.775230185252668e-19
3.69544444e+01 2.773581696728684e-19
3.69983333e+01 2.771936142328877e-19
3.70422222e+01 2.770293513359541e-19
3.70861111e+01 2.768653801162996e-19
3.71300000e+01 2.767016997117384e-19
3.71738889e+01 2.765383092636492e-19
3.72177778e+01 2.763752079169551e-19
3.72616667e+01 2.762123948201054e-19
3.73055556e+01 2.760498691250568e-19
3.73494444e+01 2.758876299872550e-19
3.73933333e+01 2.757256765656161e-19
3.74372222e+01 2.755640080225081e-19
3.74811111e+01 2.754026235237332e-19
3.75250000e+01 2.752415222385093e-19
3.75688889e+01 2.750807033394521e-19
3.76127778e+01 2.749201660025576e-19
3.76566667e+01 2.747599094071839e-19
3.77005556e+01 2.745999327360338e-19
3.77444444e+01 2.744402351751374e-19
3.77883333e+01 2.742808159138345e-19
3.78322222e+01 2.741216741447572e-19
3.78761111e+01 2.739628090638133e-19
3.79200000e+01 2.738042198701686e-19
3.79638889e+01 2.736459057662304e-19
3.80077778e+01 2.734878659576303e-19
3.80516667e+01 2.733300996532075e-19
3.80955556e+01 2.731726060649927e-19
3.81394444e+01 2.730153844081908e-19
3.81833333e+01 2.728584339011650e-19
3.82272222e+01 2.727017537654201e-19
3.82711111e+01 2.725453432255867e-19
3.83150000e+01 2.723892015094048e-19
3.83588889e+01 2.722333278477078e-19
3.84027778e+01 2.720777214744070e-19
3.84466667e+01 2.719223816264749e-19
3.84905556e+01 2.717673075439302e-19
3.85344444e+01 2.716124984698223e-19
3.85783333e+01 2.714579536502151e-19
3.86222222e+01 2.713036723341720e-19
3.86661111e+01 2.711496537737409e-19
3.87100000e+01 2.709958972239383e-19
3.87538889e+01 2.708424019427344e-19
3.87977778e+01 2.706891671910384e-19
3.88416667e+01 2.705361922326829e-19
3.88855556e+01 2.703834763344100e-19
3.89294444e+01 2.702310187658554e-19
3.89733333e+01 2.700788187995347e-19
3.90172222e+01 2.699268757108281e-19
3.90611111e+01 2.697751887779665e-19
3.91050000e+01 2.696237572820168e-19
3.91488889e+01 2.694725805068673e-19
3.91927778e+01 2.693216577392144e-19
3.92366667e+01 2.691709882685471e-19
3.92805556e+01 2.690205713871342e-19
3.93244444e+01 2.688704063900099e-19
3.93683333e+01 2.687204925749596e-19
3.94122222e+01 2.685708292425066e-19
3.94561111e+01 2.684214156958980e-19
3.95000000e+01 2.682722512410912e-19
3.95438889e+01 2.681233351867408e-19
3.95877778e+01 2.679746668441842e-19
3.96316667e+01 2.678262455274292e-19
3.96755556e+01 2.676780705531401e-19
3.97194444e+01 2.675301412406247e-19
3.97633333e+01 2.673824569118210e-19
3.98072222e+01 2.672350168912846e-19
3.98511111e+01 2.670878205061752e-19
3.98950000e+01 2.669408670862437e-19
3.99388889e+01 2.667941559638200e-19
3.99827778e+01 2.666476864737996e-19
4.00266667e+01 2.665014579536312e-19
4.00705556e+01 2.663554697433041e-19
4.01144444e+01 2.662097211853358e-19
4.01583333e+01 2.660642116247594e-19
4.02022222e+01 2.659189404091112e-19
4.02461111e+01 2.657739068884186e-19
4.02900000e+01 2.656291104151876e-19
4.03338889e+01 2.654845503443911e-19
4.03777778e+01 2.653402260334564e-19
4.04216667e+01 2.651961368422535e-19
4.04655556e+01 2.650522821330829e-19
4.05094444e+01 2.649086612706641e-19
4.05533333e+01 2.647652736221234e-19
4.05972222e+01 2.646221185569827e-19
4.06411111e+01 2.644791954471471e-19
4.06850000e+01 2.643365036668944e-19
4.07288889e+01 2.641940425928623e-19
4.07727778e+01 2.640518116040381e-19
4.08166667e+01 2.639098100817469e-19
4.08605556e+01 2.637680374096400e-19
4.09044444e+01 2.636264929736841e-19
4.09483333e+01 2.634851761621499e-19
4.09922222e+01 2.633440863656013e-19
4.10361111e+01 2.632032229768836e-19
4.10800000e+01 2.630625853911135e-19
4.11238889e+01 2.629221730056677e-19
4.11677778e+01 2.627819852201719e-19
4.12116667e+01 2.626420214364904e-19
4.12555556e+01 2.625022810587149e-19
4.12994444e+01 2.623627634931546e-19
4.13433333e+01 2.622234681483248e-19
4.13872222e+01 2.620843944349368e-19
4.14311111e+01 2.619455417658873e-19
4.14750000e+01 2.618069095562481e-19
4.15188889e+01 2.616684972232558e-19
4.15627778e+01 2.615303041863010e-19
4.16066667e+01 2.613923298669190e-19
4.16505556e+01 2.612545736887786e-19
4.16944444e+01 2.611170350776728e-19
4.17383333e+01 2.609797134615082e-19
4.17822222e+01 2.608426082702956e-19
4.18261111e+01 2.607057189361394e-19
4.18700000e+01 2.605690448932279e-19
4.19138889e+01 2.604325855778240e-19
4.19577778e+01 2.602963404282548e-19
4.20016667e+01 2.601603088849020e-19
4.20455556e+01 2.600244903901926e-19
4.20894444e+01 2.598888843885891e-19
4.21333333e+01 2.597534903265796e-19
4.21772222e+01 2.596183076526689e-19
4.22211111e+01 2.594833358173689e-19
4.22650000e+01 2.593485742731887e-19
4.23088889e+01 2.592140224746261e-19
4.23527778e+01 2.590796798781579e-19
4.23966667e+01 2.589455459422303e-19
4.24405556e+01 2.588116201272507e-19
4.24844444e+01 2.586779018955775e-19
4.25283333e+01 2.585443907115118e-19
4.25722222e+01 2.584110860412881e-19
4.26161111e+01 2.582779873530654e-19
4.26600000e+01 2.581450941169182e-19
4.27038889e+01 2.580124058048278e-19
4.27477778e+01 2.578799218906732e-19
4.27916667e+01 2.577476418502226e-19
4.28355556e+01 2.576155651611247e-19
4.28794444e+01 2.574836913029001e-19
4.29233333e+01 2.573520197569319e-19
4.29672222e+01 2.572205500064585e-19
4.30111111e+01 2.570892815365638e-19
4.30550000e+01 2.569582138341699e-19
4.30988889e+01 2.568273463880273e-19
4.31427778e+01 2.566966786887078e-19
4.31866667e+01 2.565662102285955e-19
4.32305556e+01 2.564359405018788e-19
4.32744444e+01 2.563058690045417e-19
4.33183333e+01 2.561759952343563e-19
4.33622222e+01 2.560463186908741e-19
4.34061111e+01 2.559168388754181e-19
4.34500000e+01 2.557875552910750e-19
4.34938889e+01 2.556584674426864e-19
4.35377778e+01 2.555295748368420e-19
4.35816667e+01 2.554008769818707e-19
4.36255556e+01 2.552723733878329e-19
4.36694444e+01 2.551440635665134e-19
4.37133333e+01 2.550159470314125e-19
4.37572222e+01 2.548880232977390e-19
4.38011111e+01 2.547602918824024e-19
4.38450000e+01 2.546327523040050e-19
4.38888889e+01 2.545054040828345e-19
4.39327778e+01 2.543782467408562e-19
4.39766667e+01 2.542512798017057e-19
4.40205556e+01 2.541245027906814e-19
4.40644444e+01 2.539979152347367e-19
4.41083333e+01 2.538715166624731e-19
4.41522222e+01 2.537453066041323e-19
4.41961111e+01 2.536192845915894e-19
4.42400000e+01 2.534934501583451e-19
4.42838889e+01 2.533678028395189e-19
4.43277778e+01 2.532423421718415e-19
4.43716667e+01 2.531170676936478e-19
4.44155556e+01 2.529919789448700e-19
4.44594444e+01 2.528670754670300e-19
4.45033333e+01 2.527423568032326e-19
4.45472222e+01 2.526178224981586e-19
4.45911111e+01 2.524934720980579e-19
4.46350000e+01 2.523693051507420e-19
4.46788889e+01 2.522453212055775e-19
4.47227778e+01 2.521215198134796e-19
4.47666667e+01 2.519979005269042e-19
4.48105556e+01 2.518744628998424e-19
4.48544444e+01 2.517512064878128e-19
4.48983333e+01 2.516281308478549e-19
4.49422222e+01 2.515052355385230e-19
4.49861111e+01 2.513825201198789e-19
4.50300000e+01 2.512599841534856e-19
4.50738889e+01 2.511376272024004e-19
4.51177778e+01 2.510154488311692e-19
4.51616667e+01 2.508934486058186e-19
4.52055556e+01 2.507716260938510e-19
4.52494444e+01 2.506499808642370e-19
4.52933333e+01 2.505285124874092e-19
4.53372222e+01 2.504072205352563e-19
4.53811111e+01 2.502861045811165e-19
4.54250000e+01 2.501651641997711e-19
4.54688889e+01 2.500443989674381e-19
4.55127778e+01 2.499238084617663e-19
4.55566667e+01 2.498033922618290e-19
4.56005556e+01 2.496831499481178e-19
4.56444444e+01 2.495630811025365e-19
4.56883333e+01 2.494431853083947e-19
4.57322222e+01 2.493234621504021e-19
4.57761111e+01 2.492039112146625e-19
4.58200000e+01 2.490845320886673e-19
4.58638889e+01 2.489653243612901e-19
4.59077778e+01 2.488462876227801e-19
4.59516667e+01 2.487274214647573e-19
4.59955556e+01 2.486087254802052e-19
4.60394444e+01 2.484901992634659e-19
4.60833333e+01 2.483718424102341e-19
4.61272222e+01 2.482536545175510e-19
4.61711111e+01 2.481356351837989e-19
4.62150000e+01 2.480177840086954e-19
4.62588889e+01 2.479001005932877e-19
4.63027778e+01 2.477825845399462e-19
4.63466667e+01 2.476652354523605e-19
4.63905556e+01 2.475480529355321e-19
4.64344444e+01 2.474310365957698e-19
4.64783333e+01 2.473141860406836e-19
4.65222222e+01 2.471975008791799e-19
4.65661111e+01 2.470809807214550e-19
4.66100000e+01 2.469646251789906e-19
4.66538889e+01 2.468484338645476e-19
4.66977778e+01 2.467324063921612e-19
4.67416667e+01 2.466165423771353e-19
4.67855556e+01 2.465008414360372e-19
4.68294444e+01 2.463853031866921e-19
4.68733333e+01 2.462699272481781e-19
4.69172222e+01 2.461547132408205e-19
4.69611111e+01 2.460396607861873e-19
4.70050000e+01 2.459247695070830e-19
4.70488889e+01 2.458100390275442e-19
4.70927778e+01 2.456954689728340e-19
4.71366667e+01 2.455810589694371e-19
4.71805556e+01 2.454668086450544e-19
4.72244444e+01 2.453527176285984e-19
4.72683333e+01 2.452387855501874e-19
4.73122222e+01 2.451250120411412e-19
4.73561111e+01 2.450113967339758e-19
4.74000000e+01 2.448979392623983e-19
4.74438889e+01 2.447846392613019e-19
4.74877778e+01 2.446714963667614e-19
4.75316667e+01 2.445585102160278e-19
4.75755556e+01 2.444456804475236e-19
4.76194444e+01 2.443330067008380e-19
4.76633333e+01 2.442204886167220e-19
4.77072222e+01 2.441081258370837e-19
4.77511111e+01 2.439959180049833e-19
4.77950000e+01 2.438838647646284e-19
4.78388889e+01 2.437719657613694e-19
4.78827778e+01 2.436602206416947e-19
4.79266667e+01 2.435486290532261e-19
4.79705556e+01 2.434371906447138e-19
4.80144444e+01 2.433259050660322e-19
4.80583333e+01 2.432147719681750e-19
4.81022222e+01 2.431037910032508e-19
4.81461111e+01 2.429929618244782e-19
4.81900000e+01 2.428822840861817e-19
4.82338889e+01 2.427717574437866e-19
4.82777778e+01 2.426613815538151e-19
4.83216667e+01 2.425511560738816e-19
4.83655556e+01 2.424410806626878e-19
4.84094444e+01 2.423311549800190e-19
4.84533333e+01 2.422213786867393e-19
4.84972222e+01 2.421117514447870e-19
4.85411111e+01 2.420022729171706e-19
4.85850000e+01 2.418929427679644e-19
4.86288889e+01 2.417837606623038e-19
4.86727778e+01 2.416747262663815e-19
4.87166667e+01 2.415658392474431e-19
4.87605556e+01 2.414570992737823e-19
4.88044444e+01 2.413485060147374e-19
4.88483333e+01 2.412400591406867e-19
4.88922222e+01 2.411317583230444e-19
4.89361111e+01 2.410236032342561e-19
4.89800000e+01 2.409155935477952e-19
4.90238889e+01 2.408077289381583e-19
4.90677778e+01 2.407000090808613e-19
4.91116667e+01 2.405924336524353e-19
4.91555556e+01 2.404850023304224e-19
4.91994444e+01 2.403777147933717e-19
4.92433333e+01 2.402705707208353e-19
4.92872222e+01 2.401635697933642e-19
4.93311111e+01 2.400567116925045e-19
4.93750000e+01 2.399499961007930e-19
4.94188889e+01 2.398434227017537e-19
4.94627778e+01 2.397369911798935e-19
4.95066667e+01 2.396307012206988e-19
4.95505556e+01 2.395245525106309e-19
4.95944444e+01 2.394185447371224e-19
4.96383333e+01 2.393126775885736e-19
4.96822222e+01 2.392069507543486e-19
4.97261111e+01 2.391013639247708e-19
4.97700000e+01 2.389959167911199e-19
4.98138889e+01 2.388906090456280e-19
4.98577778e+01 2.387854403814752e-19
4.99016667e+01 2.386804104927867e-19
4.99455556e+01 2.385755190746283e-19
4.99894444e+01 2.384707658230034e-19
5.00333333e+01 2.383661504348485e-19
5.00772222e+01 2.382616726080303e-19
5.01211111e+01 2.381573320413415e-19
5.01650000e+01 2.380531284344975e-19
5.02088889e+01 2.379490614881322e-19
5.02527778e+01 2.378451309037954e-19
5.02966667e+01 2.377413363839480e-19
5.03405556e+01 2.376376776319596e-19
5.03844444e+01 2.375341543521038e-19
5.04283333e+01 2.374307662495555e-19
5.04722222e+01 2.373275130303871e-19
5.05161111e+01 2.372243944015650e-19
5.05600000e+01 2.371214100709460e-19
5.06038889e+01 2.370185597472739e-19
5.06477778e+01 2.369158431401760e-19
5.06916667e+01 2.368132599601600e-19
5.07355556e+01 2.367108099186099e-19
5.07794444e+01 2.366084927277832e-19
5.08233333e+01 2.365063081008072e-19
5.08672222e+01 2.364042557516758e-19
5.09111111e+01 2.363023353952459e-19
5.09550000e+01 2.362005467472343e-19
5.09988889e+01 2.360988895242140e-19
5.10427778e+01 2.359973634436116e-19
5.10866667e+01 2.358959682237031e-19
5.11305556e+01 2.357947035836114e-19
5.11744444e+01 2.356935692433024e-19
5.12183333e+01 2.355925649235824e-19
5.12622222e+01 2.354916903460941e-19
5.13061111e+01 2.353909452333141e-19
5.13500000e+01 2.352903293085492e-19
5.13938889e+01 2.351898422959335e-19
5.14377778e+01 2.350894839204249e-19
5.14816667e+01 2.349892539078025e-19
5.15255556e+01 2.348891519846627e-19
5.15694444e+01 2.347891778784168e-19
5.16133333e+01 2.346893313172874e-19
5.16572222e+01 2.345896120303054e-19
5.17011111e+01 2.344900197473070e-19
5.17450000e+01 2.343905541989306e-19
5.17888889e+01 2.342912151166137e-19
5.18327778e+01 2.341920022325900e-19
5.18766667e+01 2.340929152798861e-19
5.19205556e+01 2.339939539923186e-19
5.19644444e+01 2.338951181044913e-19
5.20083333e+01 2.337964073517918e-19
5.20522222e+01 2.336978214703889e-19
5.20961111e+01 2.335993601972297e-19
5.21400000e+01 2.335010232700361e-19
5.21838889e+01 2.334028104273023e-19
5.22277778e+01 2.333047214082920e-19
5.22716667e+01 2.332067559530350e-19
5.23155556e+01 2.331089138023249e-19
5.23594444e+01 2.330111946977156e-19
5.24033333e+01 2.329135983815190e-19
5.24472222e+01 2.328161245968018e-19
5.24911111e+01 2.327187730873827e-19
5.25350000e+01 2.326215435978297e-19
5.25788889e+01 2.325244358734572e-19
5.26227778e+01 2.324274496603232e-19
5.26666667e+01 2.323305847052264e-19
5.27105556e+01 2.322338407557038e-19
5.27544444e+01 2.321372175600275e-19
5.27983333e+01 2.320407148672021e-19
5.28422222e+01 2.319443324269621e-19
5.28861111e+01 2.318480699897689e-19
5.29300000e+01 2.317519273068086e-19
5.29738889e+01 2.316559041299885e-19
5.30177778e+01 2.315600002119351e-19
5.30616667e+01 2.314642153059912e-19
5.31055556e+01 2.313685491662132e-19
5.31494444e+01 2.312730015473683e-19
5.31933333e+01 2.311775722049323e-19
5.32372222e+01 2.310822608950866e-19
5.32811111e+01 2.309870673747156e-19
5.33250000e+01 2.308919914014041e-19
5.33688889e+01 2.307970327334350e-19
5.34127778e+01 2.307021911297864e-19
5.34566667e+01 2.306074663501293e-19
5.35005556e+01 2.305128581548244e-19
5.35444444e+01 2.304183663049206e-19
5.35883333e+01 2.303239905621516e-19
5.36322222e+01 2.302297306889336e-19
5.36761111e+01 2.301355864483631e-19
5.37200000e+01 2.300415576042141e-19
5.37638889e+01 2.299476439209353e-19
5.38077778e+01 2.298538451636486e-19
5.38516667e+01 2.297601610981457e-19
5.38955556e+01 2.296665914908858e-19
5.39394444e+01 2.295731361089936e-19
5.39833333e+01 2.294797947202566e-19
5.40272222e+01 2.293865670931224e-19
5.40711111e+01 2.292934529966969e-19
5.41150000e+01 2.292004522007411e-19
5.41588889e+01 2.291075644756697e-19
5.42027778e+01 2.290147895925478e-19
5.42466667e+01 2.289221273230889e-19
5.42905556e+01 2.288295774396528e-19
5.43344444e+01 2.287371397152429e-19
5.43783333e+01 2.286448139235038e-19
5.44222222e+01 2.285525998387194e-19
5.44661111e+01 2.284604972358101e-19
5.45100000e+01 2.283685058903307e-19
5.45538889e+01 2.282766255784684e-19
5.45977778e+01 2.281848560770399e-19
5.46416667e+01 2.280931971634896e-19
5.46855556e+01 2.280016486158872e-19
5.47294444e+01 2.279102102129254e-19
5.47733333e+01 2.278188817339175e-19
5.48172222e+01 2.277276629587957e-19
5.48611111e+01 2.276365536681082e-19
5.49050000e+01 2.275455536430174e-19
5.49488889e+01 2.274546626652978e-19
5.49927778e+01 2.273638805173331e-19
5.50366667e+01 2.272732069821150e-19
5.50805556e+01 2.271826418432403e-19
5.51244444e+01 2.270921848849089e-19
5.51683333e+01 2.270018358919217e-19
5.52122222e+01 2.269115946496788e-19
5.52561111e+01 2.268214609441765e-19
5.53000000e+01 2.267314345620058e-19
5.53438889e+01 2.266415152903505e-19
5.53877778e+01 2.265517029169842e-19
5.54316667e+01 2.264619972302692e-19
5.54755556e+01 2.263723980191537e-19
5.55194444e+01 2.262829050731700e-19
5.55633333e+01 2.261935181824323e-19
5.56072222e+01 2.261042371376349e-19
5.56511111e+01 2.260150617300498e-19
5.56950000e+01 2.259259917515248e-19
5.57388889e+01 2.258370269944816e-19
5.57827778e+01 2.257481672519133e-19
5.58266667e+01 2.256594123173833e-19
5.58705556e+01 2.255707619850220e-19
5.59144444e+01 2.254822160495259e-19
5.59583333e+01 2.253937743061551e-19
5.60022222e+01 2.253054365507316e-19
5.60461111e+01 2.252172025796366e-19
5.60900000e+01 2.251290721898096e-19
5.61338889e+01 2.250410451787456e-19
5.61777778e+01 2.249531213444934e-19
5.62216667e+01 2.248653004856539e-19
5.62655556e+01 2.247775824013777e-19
5.63094444e+01 2.246899668913638e-19
5.63533333e+01 2.246024537558567e-19
5.63972222e+01 2.245150427956457e-19
5.64411111e+01 2.244277338120620e-19
5.64850000e+01 2.243405266069774e-19
5.65288889e+01 2.242534209828019e-19
5.65727778e+01 2.241664167424826e-19
5.66166667e+01 2.240795136895007e-19
5.66605556e+01 2.239927116278710e-19
5.67044444e+01 2.239060103621387e-19
5.67483333e+01 2.238194096973785e-19
5.67922222e+01 2.237329094391924e-19
5.68361111e+01 2.236465093937078e-19
5.68800000e+01 2.235602093675760e-19
5.69238889e+01 2.234740091679699e-19
5.69677778e+01 2.233879086025826e-19
5.70116667e+01 2.233019074796253e-19
5.70555556e+01 2.232160056078259e-19
5.70994444e+01 2.231302027964268e-19
5.71433333e+01 2.230444988551832e-19
5.71872222e+01 2.229588935943616e-19
5.72311111e+01 2.228733868247377e-19
5.72750000e+01 2.227879783575951e-19
5.73188889e+01 2.227026680047228e-19
5.73627778e+01 2.226174555784142e-19
5.74066667e+01 2.225323408914651e-19
5.74505556e+01 2.224473237571716e-19
5.74944444e+01 2.223624039893292e-19
5.75383333e+01 2.222775814022302e-19
5.75822222e+01 2.221928558106626e-19
5.76261111e+01 2.221082270299083e-19
5.76700000e+01 2.220236948757410e-19
5.77138889e+01 2.219392591644252e-19
5.77577778e+01 2.218549197127138e-19
5.78016667e+01 2.217706763378471e-19
5.78455556e+01 2.216865288575506e-19
5.78894444e+01 2.216024770900336e-19
5.79333333e+01 2.215185208539876e-19
5.79772222e+01 2.214346599685844e-19
5.80211111e+01 2.213508942534750e-19
5.80650000e+01 2.212672235287871e-19
5.81088889e+01 2.211836476151243e-19
5.81527778e+01 2.211001663335641e-19
5.81966667e+01 2.210167795056564e-19
5.82405556e+01 2.209334869534218e-19
5.82844444e+01 2.208502884993500e-19
5.83283333e+01 2.207671839663984e-19
5.83722222e+01 2.206841731779905e-19
5.84161111e+01 2.206012559580138e-19
5.84600000e+01 2.205184321308189e-19
5.85038889e+01 2.204357015212178e-19
5.85477778e+01 2.203530639544821e-19
5.85916667e+01 2.202705192563415e-19
5.86355556e+01 2.201880672529825e-19
5.86794444e+01 2.201057077710465e-19
5.87233333e+01 2.200234406376286e-19
5.87672222e+01 2.199412656802759e-19
5.88111111e+01 2.198591827269861e-19
5.88550000e+01 2.197771916062057e-19
5.88988889e+01 2.196952921468289e-19
5.89427778e+01 2.196134841781959e-19
5.89866667e+01 2.195317675300913e-19
5.90305556e+01 2.194501420327428e-19
5.90744444e+01 2.193686075168195e-19
5.91183333e+01 2.192871638134308e-19
5.91622222e+01 2.192058107541245e-19
5.92061111e+01 2.191245481708856e-19
5.92500000e+01 2.190433758961349e-19
5.92938889e+01 2.189622937627272e-19
5.93377778e+01 2.188813016039502e-19
5.93816667e+01 2.188003992535229e-19
5.94255556e+01 2.187195865455942e-19
5.94694444e+01 2.186388633147416e-19
5.95133333e+01 2.185582293959695e-19
5.95572222e+01 2.184776846247080e-19
5.96011111e+01 2.183972288368114e-19
5.96450000e+01 2.183168618685569e-19
5.96888889e+01 2.182365835566430e-19
5.97327778e+01 2.181563937381884e-19
5.97766667e+01 2.180762922507302e-19
5.98205556e+01 2.179962789322230e-19
5.98644444e+01 2.179163536210371e-19
5.99083333e+01 2.178365161559575e-19
5.99522222e+01 2.177567663761821e-19
5.99961111e+01 2.176771041213209e-19
6.00400000e+01 2.175975292313940e-19
6.00838889e+01 2.175180415468308e-19
6.01277778e+01 2.174386409084682e-19
6.01716667e+01 2.173593271575500e-19
6.02155556e+01 2.172801001357244e-19
6.02594444e+01 2.172009596850439e-19
6.03033333e+01 2.171219056479630e-19
6.03472222e+01 2.170429378673376e-19
6.03911111e+01 2.169640561864233e-19
6.04350000e+01 2.168852604488741e-19
6.04788889e+01 2.168065504987411e-19
6.05227778e+01 2.167279261804716e-19
6.05666667e+01 2.166493873389071e-19
6.06105556e+01 2.165709338192828e-19
6.06544444e+01 2.164925654672256e-19
6.06983333e+01 2.164142821287532e-19
6.07422222e+01 2.163360836502730e-19
6.07861111e+01 2.162579698785803e-19
6.08300000e+01 2.161799406608576e-19
6.08738889e+01 2.161019958446730e-19
6.09177778e+01 2.160241352779791e-19
6.09616667e+01 2.159463588091115e-19
6.10055556e+01 2.158686662867879e-19
6.10494444e+01 2.157910575601068e-19
6.10933333e+01 2.157135324785460e-19
6.11372222e+01 2.156360908919619e-19
6.11811111e+01 2.155587326505875e-19
6.12250000e+01 2.154814576050319e-19
6.12688889e+01 2.154042656062787e-19
6.13127778e+01 2.153271565056851e-19
6.13566667e+01 2.152501301549803e-19
6.14005556e+01 2.151731864062645e-19
6.14444444e+01 2.150963251120079e-19
6.14883333e+01 2.150195461250492e-19
6.15322222e+01 2.149428492985946e-19
6.15761111e+01 2.148662344862164e-19
6.16200000e+01 2.147897015418522e-19
6.16638889e+01 2.147132503198034e-19
6.17077778e+01 2.146368806747343e-19
6.17516667e+01 2.145605924616706e-19
6.17955556e+01 2.144843855359986e-19
6.18394444e+01 2.144082597534637e-19
6.18833333e+01 2.143322149701697e-19
6.19272222e+01 2.142562510425773e-19
6.19711111e+01 2.141803678275028e-19
6.20150000e+01 2.141045651821177e-19
6.20588889e+01 2.140288429639467e-19
6.21027778e+01 2.139532010308672e-19
6.21466667e+01 2.138776392411079e-19
6.21905556e+01 2.138021574532476e-19
6.22344444e+01 2.137267555262144e-19
6.22783333e+01 2.136514333192845e-19
6.23222222e+01 2.135761906920808e-19
6.23661111e+01 2.135010275045720e-19
6.24100000e+01 2.134259436170717e-19
6.24538889e+01 2.133509388902370e-19
6.24977778e+01 2.132760131850677e-19
6.25416667e+01 2.132011663629049e-19
6.25855556e+01 2.131263982854302e-19
6.26294444e+01 2.130517088146644e-19
6.26733333e+01 2.129770978129666e-19
6.27172222e+01 2.129025651430331e-19
6.27611111e+01 2.128281106678964e-19
6.28050000e+01 2.127537342509238e-19
6.28488889e+01 2.126794357558168e-19
6.28927778e+01 2.126052150466099e-19
6.29366667e+01 2.125310719876694e-19
6.29805556e+01 2.124570064436926e-19
6.30244444e+01 2.123830182797064e-19
6.30683333e+01 2.123091073610667e-19
6.31122222e+01 2.122352735534571e-19
6.31561111e+01 2.121615167228880e-19
6.32000000e+01 2.120878367356954e-19
6.32438889e+01 2.120142334585402e-19
6.32877778e+01 2.119407067584069e-19
6.33316667e+01 2.118672565026026e-19
6.33755556e+01 2.117938825587562e-19
6.34194444e+01 2.117205847948173e-19
6.34633333e+01 2.116473630790550e-19
6.35072222e+01 2.115742172800573e-19
6.35511111e+01 2.115011472667297e-19
6.35950000e+01 2.114281529082945e-19
6.36388889e+01 2.113552340742898e-19
6.36827778e+01 2.112823906345684e-19
6.37266667e+01 2.112096224592968e-19
6.37705556e+01 2.111369294189542e-19
6.38144444e+01 2.110643113843320e-19
6.38583333e+01 2.109917682265322e-19
6.39022222e+01 2.109192998169666e-19
6.39461111e+01 2.108469060273562e-19
6.39900000e+01 2.107745867297298e-19
6.40338889e+01 2.107023417964234e-19
6.40777778e+01 2.106301711000789e-19
6.41216667e+01 2.105580745136437e-19
6.41655556e+01 2.104860519103690e-19
6.42094444e+01 2.104141031638095e-19
6.42533333e+01 2.103422281478222e-19
6.42972222e+01 2.102704267365656e-19
6.43411111e+01 2.101986988044985e-19
6.43850000e+01 2.101270442263795e-19
6.44288889e+01 2.100554628772656e-19
6.44727778e+01 2.099839546325119e-19
6.45166667e+01 2.099125193677700e-19
6.45605556e+01 2.098411569589874e-19
6.46044444e+01 2.097698672824068e-19
6.46483333e+01 2.096986502145651e-19
6.46922222e+01 2.096275056322920e-19
6.47361111e+01 2.095564334127099e-19
6.47800000e+01 2.094854334332324e-19
6.48238889e+01 2.094145055715639e-19
6.48677778e+01 2.093436497056982e-19
6.49116667e+01 2.092728657139179e-19
6.49555556e+01 2.092021534747937e-19
6.49994444e+01 2.091315128671830e-19
6.50433333e+01 2.090609437702296e-19
6.50872222e+01 2.089904460633625e-19
6.51311111e+01 2.089200196262951e-19
6.51750000e+01 2.088496643390244e-19
6.52188889e+01 2.087793800818299e-19
6.52627778e+01 2.087091667352733e-19
6.53066667e+01 2.086390241801970e-19
6.53505556e+01 2.085689522977236e-19
6.53944444e+01 2.084989509692549e-19
6.54383333e+01 2.084290200764714e-19
6.54822222e+01 2.083591595013311e-19
6.55261111e+01 2.082893691260685e-19
6.55700000e+01 2.082196488331944e-19
6.56138889e+01 2.081499985054945e-19
6.56577778e+01 2.080804180260289e-19
6.57016667e+01 2.080109072781311e-19
6.57455556e+01 2.079414661454071e-19
6.57894444e+01 2.078720945117350e-19
6.58333333e+01 2.078027922612637e-19
6.58772222e+01 2.077335592784122e-19
6.59211111e+01 2.076643954478690e-19
6.59650000e+01 2.075953006545914e-19
6.60088889e+01 2.075262747838038e-19
6.60527778e+01 2.074573177209984e-19
6.60966667e+01 2.073884293519329e-19
6.61405556e+01 2.073196095626307e-19
6.61844444e+01 2.072508582393797e-19
6.62283333e+01 2.071821752687315e-19
6.62722222e+01 2.071135605375010e-19
6.63161111e+01 2.070450139327650e-19
6.63600000e+01 2.069765353418617e-19
6.64038889e+01 2.069081246523904e-19
6.64477778e+01 2.068397817522098e-19
6.64916667e+01 2.067715065294379e-19
6.65355556e+01 2.067032988724511e-19
6.65794444e+01 2.066351586698835e-19
6.66233333e+01 2.065670858106256e-19
6.66672222e+01 2.064990801838244e-19
6.67111111e+01 2.064311416788819e-19
6.67550000e+01 2.063632701854548e-19
6.67988889e+01 2.062954655934535e-19
6.68427778e+01 2.062277277930414e-19
6.68866667e+01 2.061600566746345e-19
6.69305556e+01 2.060924521288998e-19
6.69744444e+01 2.060249140467556e-19
6.70183333e+01 2.059574423193701e-19
6.70622222e+01 2.058900368381607e-19
6.71061111e+01 2.058226974947935e-19
6.71500000e+01 2.057554241811825e-19
6.71938889e+01 2.056882167894888e-19
6.72377778e+01 2.056210752121200e-19
6.72816667e+01 2.055539993417291e-19
6.73255556e+01 2.054869890712144e-19
6.73694444e+01 2.054200442937182e-19
6.74133333e+01 2.053531649026265e-19
6.74572222e+01 2.052863507915680e-19
6.75011111e+01 2.052196018544136e-19
6.75450000e+01 2.051529179852756e-19
6.75888889e+01 2.050862990785068e-19
6.76327778e+01 2.050197450287003e-19
6.76766667e+01 2.049532557306882e-19
6.77205556e+01 2.048868310795413e-19
6.77644444e+01 2.048204709705684e-19
6.78083333e+01 2.047541752993155e-19
6.78522222e+01 2.046879439615649e-19
6.78961111e+01 2.046217768533348e-19
6.79400000e+01 2.045556738708787e-19
6.79838889e+01 2.044896349106844e-19
6.80277778e+01 2.044236598694736e-19
6.80716667e+01 2.043577486442009e-19
6.81155556e+01 2.042919011320536e-19
6.81594444e+01 2.042261172304504e-19
6.82033333e+01 2.041603968370414e-19
6.82472222e+01 2.040947398497069e-19
6.82911111e+01 2.040291461665570e-19
6.83350000e+01 2.039636156859309e-19
6.83788889e+01 2.038981483063963e-19
6.84227778e+01 2.038327439267485e-19
6.84666667e+01 2.037674024460098e-19
6.85105556e+01 2.037021237634294e-19
6.85544444e+01 2.036369077784817e-19
6.85983333e+01 2.035717543908667e-19
6.86422222e+01 2.035066635005086e-19
6.86861111e+01 2.034416350075557e-19
6.87300000e+01 2.033766688123793e-19
6.87738889e+01 2.033117648155734e-19
6.88177778e+01 2.032469229179537e-19
6.88616667e+01 2.031821430205575e-19
6.89055556e+01 2.031174250246426e-19
6.89494444e+01 2.030527688316868e-19
6.89933333e+01 2.029881743433872e-19
6.90372222e+01 2.029236414616599e-19
6.90811111e+01 2.028591700886390e-19
6.91250000e+01 2.027947601266761e-19
6.91688889e+01 2.027304114783398e-19
6.92127778e+01 2.026661240464147e-19
6.92566667e+01 2.026018977339014e-19
6.93005556e+01 2.025377324440154e-19
6.93444444e+01 2.024736280801866e-19
6.93883333e+01 2.024095845460587e-19
6.94322222e+01 2.023456017454887e-19
6.94761111e+01 2.022816795825461e-19
6.95200000e+01 2.022178179615126e-19
6.95638889e+01 2.021540167868810e-19
6.96077778e+01 2.020902759633552e-19
6.96516667e+01 2.020265953958490e-19
6.96955556e+01 2.019629749894861e-19
6.97394444e+01 2.018994146495991e-19
6.97833333e+01 2.018359142817289e-19
6.98272222e+01 2.017724737916244e-19
6.98711111e+01 2.017090930852416e-19
6.99150000e+01 2.016457720687432e-19
6.99588889e+01 2.015825106484981e-19
7.00027778e+01 2.015193087310806e-19
7.00466667e+01 2.014561662232699e-19
7.00905556e+01 2.013930830320494e-19
7.01344444e+01 2.013300590646066e-19
7.01783333e+01 2.012670942283319e-19
7.02222222e+01 2.012041884308184e-19
7.02661111e+01 2.011413415798613e-19
7.03100000e+01 2.010785535834572e-19
7.03538889e+01 2.010158243498036e-19
7.03977778e+01 2.009531537872985e-19
7.04416667e+01 2.008905418045394e-19
7.04855556e+01 2.008279883103234e-19
7.05294444e+01 2.007654932136460e-19
7.05733333e+01 2.007030564237008e-19
7.06172222e+01 2.006406778498791e-19
7.06611111e+01 2.005783574017692e-19
7.07050000e+01 2.005160949891557e-19
7.07488889e+01 2.004538905220193e-19
7.07927778e+01 2.003917439105359e-19
7.08366667e+01 2.003296550650764e-19
7.08805556e+01 2.002676238962057e-19
7.09244444e+01 2.002056503146828e-19
7.09683333e+01 2.001437342314595e-19
7.10122222e+01 2.000818755576805e-19
7.10561111e+01 2.000200742046826e-19
7.11000000e+01 1.999583300839941e-19
7.11438889e+01 1.998966431073344e-19
7.11877778e+01 1.998350131866135e-19
7.12316667e+01 1.997734402339313e-19
7.12755556e+01 1.997119241615770e-19
7.13194444e+01 1.996504648820292e-19
7.13633333e+01 1.995890623079545e-19
7.14072222e+01 1.995277163522076e-19
7.14511111e+01 1.994664269278305e-19
7.14950000e+01 1.994051939480522e-19
7.15388889e+01 1.993440173262878e-19
7.15827778e+01 1.992828969761385e-19
7.16266667e+01 1.992218328113907e-19
7.16705556e+01 1.991608247460155e-19
7.17144444e+01 1.990998726941684e-19
7.17583333e+01 1.990389765701888e-19
7.18022222e+01 1.989781362885993e-19
7.18461111e+01 1.989173517641052e-19
7.18900000e+01 1.988566229115941e-19
7.19338889e+01 1.987959496461356e-19
7.19777778e+01 1.987353318829803e-19
7.20216667e+01 1.986747695375598e-19
7.20655556e+01 1.986142625254857e-19
7.21094444e+01 1.985538107625497e-19
7.21533333e+01 1.984934141647227e-19
7.21972222e+01 1.984330726481545e-19
7.22411111e+01 1.983727861291729e-19
7.22850000e+01 1.983125545242840e-19
7.23288889e+01 1.982523777501708e-19
7.23727778e+01 1.981922557236934e-19
7.24166667e+01 1.981321883618884e-19
7.24605556e+01 1.980721755819681e-19
7.25044444e+01 1.980122173013202e-19
7.25483333e+01 1.979523134375076e-19
7.25922222e+01 1.978924639082674e-19
7.26361111e+01 1.978326686315108e-19
7.26800000e+01 1.977729275253226e-19
7.27238889e+01 1.977132405079605e-19
7.27677778e+01 1.976536074978549e-19
7.28116667e+01 1.975940284136082e-19
7.28555556e+01 1.975345031739947e-19
7.28994444e+01 1.974750316979595e-19
7.29433333e+01 1.974156139046187e-19
7.29872222e+01 1.973562497132585e-19
7.30311111e+01 1.972969390433351e-19
7.30750000e+01 1.972376818144740e-19
7.31188889e+01 1.971784779464692e-19
7.31627778e+01 1.971193273592836e-19
7.32066667e+01 1.970602299730478e-19
7.32505556e+01 1.970011857080601e-19
7.32944444e+01 1.969421944847857e-19
7.33383333e+01 1.968832562238565e-19
7.33822222e+01 1.968243708460704e-19
7.34261111e+01 1.967655382723914e-19
7.34700000e+01 1.967067584239485e-19
7.35138889e+01 1.966480312220354e-19
7.35577778e+01 1.965893565881105e-19
7.36016667e+01 1.965307344437958e-19
7.36455556e+01 1.964721647108773e-19
7.36894444e+01 1.964136473113036e-19
7.37333333e+01 1.963551821671861e-19
7.37772222e+01 1.962967692007985e-19
7.38211111e+01 1.962384083345760e-19
7.38650000e+01 1.961800994911154e-19
7.39088889e+01 1.961218425931743e-19
7.39527778e+01 1.960636375636707e-19
7.39966667e+01 1.960054843256828e-19
7.40405556e+01 1.959473828024481e-19
7.40844444e+01 1.958893329173637e-19
7.41283333e+01 1.958313345939852e-19
7.41722222e+01 1.957733877560265e-19
7.42161111e+01 1.957154923273597e-19
7.42600000e+01 1.956576482320140e-19
7.43038889e+01 1.955998553941761e-19
7.43477778e+01 1.955421137381890e-19
7.43916667e+01 1.954844231885522e-19
7.44355556e+01 1.954267836699209e-19
7.44794444e+01 1.953691951071058e-19
7.45233333e+01 1.953116574250725e-19
7.45672222e+01 1.952541705489413e-19
7.46111111e+01 1.951967344039867e-19
7.46550000e+01 1.951393489156367e-19
7.46988889e+01 1.950820140094732e-19
7.47427778e+01 1.950247296112305e-19
7.47866667e+01 1.949674956467959e-19
7.48305556e+01 1.949103120422086e-19
7.48744444e+01 1.948531787236597e-19
7.49183333e+01 1.947960956174915e-19
7.49622222e+01 1.947390626501975e-19
7.50061111e+01 1.946820797484216e-19
7.50500000e+01 1.946251468389578e-19
7.50938889e+01 1.945682638487500e-19
7.51377778e+01 1.945114307048915e-19
7.51816667e+01 1.944546473346245e-19
7.52255556e+01 1.943979136653398e-19
7.52694444e+01 1.943412296245764e-19
7.53133333e+01 1.942845951400212e-19
7.53572222e+01 1.942280101395084e-19
7.54011111e+01 1.941714745510193e-19
7.54450000e+01 1.941149883026820e-19
7.54888889e+01 1.940585513227705e-19
7.55327778e+01 1.940021635397051e-19
7.55766667e+01 1.939458248820514e-19
7.56205556e+01 1.938895352785202e-19
7.56644444e+01 1.938332946579669e-19
7.57083333e+01 1.937771029493915e-19
7.57522222e+01 1.937209600819377e-19
7.57961111e+01 1.936648659848932e-19
7.58400000e+01 1.936088205876887e-19
7.58838889e+01 1.935528238198977e-19
7.59277778e+01 1.934968756112365e-19
7.59716667e+01 1.934409758915632e-19
7.60155556e+01 1.933851245908779e-19
7.60594444e+01 1.933293216393220e-19
7.61033333e+01 1.932735669671778e-19
7.61472222e+01 1.932178605048687e-19
7.61911111e+01 1.931622021829578e-19
7.62350000e+01 1.931065919321485e-19
7.62788889e+01 1.930510296832837e-19
7.63227778e+01 1.929955153673457e-19
7.63666667e+01 1.929400489154551e-19
7.64105556e+01 1.928846302588715e-19
7.64544444e+01 1.928292593289926e-19
7.64983333e+01 1.927739360573536e-19
7.65422222e+01 1.927186603756274e-19
7.65861111e+01 1.926634322156237e-19
7.66300000e+01 1.926082515092891e-19
7.66738889e+01 1.925531181887065e-19
7.67177778e+01 1.924980321860948e-19
7.67616667e+01 1.924429934338087e-19
7.68055556e+01 1.923880018643379e-19
7.68494444e+01 1.923330574103074e-19
7.68933333e+01 1.922781600044766e-19
7.69372222e+01 1.922233095797393e-19
7.69811111e+01 1.921685060691231e-19
7.70250000e+01 1.921137494057891e-19
7.70688889e+01 1.920590395230321e-19
7.71127778e+01 1.920043763542792e-19
7.71566667e+01 1.919497598330906e-19
7.72005556e+01 1.918951898931582e-19
7.72444444e+01 1.918406664683062e-19
7.72883333e+01 1.917861894924901e-19
7.73322222e+01 1.917317588997967e-19
7.73761111e+01 1.916773746244438e-19
7.74200000e+01 1.916230366007794e-19
7.74638889e+01 1.915687447632821e-19
7.75077778e+01 1.915144990465601e-19
7.75516667e+01 1.914602993853511e-19
7.75955556e+01 1.914061457145223e-19
7.76394444e+01 1.913520379690696e-19
7.76833333e+01 1.912979760841175e-19
7.77272222e+01 1.912439599949187e-19
7.77711111e+01 1.911899896368537e-19
7.78150000e+01 1.911360649454308e-19
7.78588889e+01 1.910821858562855e-19
7.79027778e+01 1.910283523051802e-19
7.79466667e+01 1.909745642280037e-19
7.79905556e+01 1.909208215607716e-19
7.80344444e+01 1.908671242396249e-19
7.80783333e+01 1.908134722008307e-19
7.81222222e+01 1.907598653807812e-19
7.81661111e+01 1.907063037159935e-19
7.82100000e+01 1.906527871431099e-19
7.82538889e+01 1.905993155988964e-19
7.82977778e+01 1.905458890202438e-19
7.83416667e+01 1.904925073441660e-19
7.83855556e+01 1.904391705078009e-19
7.84294444e+01 1.903858784484091e-19
7.84733333e+01 1.903326311033743e-19
7.85172222e+01 1.902794284102025e-19
7.85611111e+01 1.902262703065223e-19
7.86050000e+01 1.901731567300838e-19
7.86488889e+01 1.901200876187588e-19
7.86927778e+01 1.900670629105406e-19
7.87366667e+01 1.900140825435433e-19
7.87805556e+01 1.899611464560016e-19
7.88244444e+01 1.899082545862707e-19
7.88683333e+01 1.898554068728261e-19
7.89122222e+01 1.898026032542626e-19
7.89561111e+01 1.897498436692950e-19
7.90000000e+01 1.896971280567568e-19
7.90438889e+01 1.896444563556008e-19
-----------------------------
