SPECIES: e / A
PROCESS: E + A -> E + A, Elastic
PARAM.:  m/M = 0.0000195921, complete set
COMMENT: [e + A(gnd) -> e + A(gnd), Elastic]
UPDATED: 2018-06-05 11:00:00
COLUMNS: Energy (eV) | Cross section (m2)
-----------------------------
0.00000000e+00 7.232931184920345e-18
1.81666667e-01 3.955821419967378e-18
3.63333333e-01 2.797188151221931e-18
5.45000000e-01 2.283894561684254e-18
7.26666667e-01 1.977910709983689e-18
9.08333333e-01 1.769097120379361e-18
1.09000000e+00 1.614957332082013e-18
1.27166667e+00 1.495159958316583e-18
1.45333333e+00 1.398594075610965e-18
1.63500000e+00 1.318607139989126e-18
1.81666667e+00 1.250940570397840e-18
1.99833333e+00 1.192725035243883e-18
2.18000000e+00 1.141947280842127e-18
2.36166667e+00 1.097147458943935e-18
2.54333333e+00 1.057237745484252e-18
2.72500000e+00 1.021388698673616e-18
2.90666667e+00 9.889553549918446e-19
3.08833333e+00 9.594276206239022e-19
3.27000000e+00 9.323960504073103e-19
3.45166667e+00 9.075276741227039e-19
3.63333333e+00 8.845485601896803e-19
3.81500000e+00 8.632310044156289e-19
3.99666667e+00 8.433839605119132e-19
4.17833333e+00 8.248457854989234e-19
4.36000000e+00 8.074786660410067e-19
4.54166667e+00 7.911642839934757e-19
4.72333333e+00 7.758004081808455e-19
4.90500000e+00 7.612981872280846e-19
5.08666667e+00 7.475799791582915e-19
5.26833333e+00 7.345775963488679e-19
5.45000000e+00 7.222308750594168e-19
5.63166667e+00 7.104865008972266e-19
5.81333333e+00 6.992970378054827e-19
5.99500000e+00 6.886201201672614e-19
6.17666667e+00 6.784177766008357e-19
6.35833333e+00 6.686558608063265e-19
6.54000000e+00 6.593035699945631e-19
6.72166667e+00 6.503330354034776e-19
6.90333333e+00 6.417189724866191e-19
7.08500000e+00 6.334383807619946e-19
7.26666667e+00 6.254702851989199e-19
7.44833333e+00 6.177955125158329e-19
7.63000000e+00 6.103964969527658e-19
7.81166667e+00 6.032571110361193e-19
7.99333333e+00 5.963625176219413e-19
8.17500000e+00 5.896990401264534e-19
8.35666667e+00 5.832540483594332e-19
8.53833333e+00 5.770158577907308e-19
8.72000000e+00 5.709736404210634e-19
8.90166667e+00 5.651173457096255e-19
9.08333333e+00 5.594376302443862e-19
9.26500000e+00 5.539257950351721e-19
9.44666667e+00 5.485737294719673e-19
9.62833333e+00 5.433738611270229e-19
9.81000000e+00 5.383191106940045e-19
9.99166667e+00 5.334028514542307e-19
1.01733333e+01 5.286188727421259e-19
1.03550000e+01 5.239613469517780e-19
1.05366667e+01 5.194247996859990e-19
1.07183333e+01 5.150040827001693e-19
1.09000000e+01 5.106943493368078e-19
1.10816667e+01 5.064910321843414e-19
1.12633333e+01 5.023898227259310e-19
1.14450000e+01 4.983866527721944e-19
1.16266667e+01 4.944776774959223e-19
1.18083333e+01 4.906592599079596e-19
1.19900000e+01 4.869279566317658e-19
1.21716667e+01 4.832805048501850e-19
1.23533333e+01 4.797138103119511e-19
1.25350000e+01 4.762249362977318e-19
1.27166667e+01 4.728110934562816e-19
1.28983333e+01 4.694696304307649e-19
1.30800000e+01 4.661980252036551e-19
1.32616667e+01 4.629938770960082e-19
1.34433333e+01 4.598548993634301e-19
1.36250000e+01 4.567789123368507e-19
1.38066667e+01 4.537638370613519e-19
1.39883333e+01 4.508076893908660e-19
1.41700000e+01 4.479085745006327e-19
1.43516667e+01 4.450646817829302e-19
1.45333333e+01 4.422742800948402e-19
1.47150000e+01 4.395357133297088e-19
1.48966667e+01 4.368473962865641e-19
1.50783333e+01 4.342078108140854e-19
1.52600000e+01 4.316155022078145e-19
1.54416667e+01 4.290690758411850e-19
1.56233333e+01 4.265671940126461e-19
1.58050000e+01 4.241085729926871e-19
1.59866667e+01 4.216919802559566e-19
1.61683333e+01 4.193162318849170e-19
1.63500000e+01 4.169801901326132e-19
1.65316667e+01 4.146827611331570e-19
1.67133333e+01 4.124228927494617e-19
1.68950000e+01 4.101995725486090e-19
1.70766667e+01 4.080118258959983e-19
1.72583333e+01 4.058587141601285e-19
1.74400000e+01 4.037393330205034e-19
1.76216667e+01 4.016528108717305e-19
1.78033333e+01 3.995983073174187e-19
1.79850000e+01 3.975750117479608e-19
1.81666667e+01 3.955821419967378e-19
1.83483333e+01 3.936189430696830e-19
1.85300000e+01 3.916846859435199e-19
1.87116667e+01 3.897786664283307e-19
1.88933333e+01 3.879002040904227e-19
1.90750000e+01 3.860486412317536e-19
1.92566667e+01 3.842233419224353e-19
1.94383333e+01 3.824236910830896e-19
1.96200000e+01 3.806490936140423e-19
1.98016667e+01 3.788989735685614e-19
1.99833333e+01 3.771727733675273e-19
2.01650000e+01 3.754699530531042e-19
2.03466667e+01 3.737899895791458e-19
2.05283333e+01 3.721323761362147e-19
2.07100000e+01 3.704966215092396e-19
2.08916667e+01 3.688822494659606e-19
2.10733333e+01 3.672887981744340e-19
2.12550000e+01 3.657158196479782e-19
2.14366667e+01 3.641628792160472e-19
2.16183333e+01 3.626295550196101e-19
2.18000000e+01 3.611154375297084e-19
2.19816667e+01 3.596201290879435e-19
2.21633333e+01 3.581432434677216e-19
2.23450000e+01 3.566844054551590e-19
2.25266667e+01 3.552432504486133e-19
2.27083333e+01 3.538194240758721e-19
2.28900000e+01 3.524125818280839e-19
2.30716667e+01 3.510223887095748e-19
2.32533333e+01 3.496485189027414e-19
2.34350000e+01 3.482906554472595e-19
2.36166667e+01 3.469484899328909e-19
2.37983333e+01 3.456217222052127e-19
2.39800000e+01 3.443100600836307e-19
2.41616667e+01 3.430132190910774e-19
2.43433333e+01 3.417309221948240e-19
2.45250000e+01 3.404628995578719e-19
2.47066667e+01 3.392088883004178e-19
2.48883333e+01 3.379686322709121e-19
2.50700000e+01 3.367418818262577e-19
2.52516667e+01 3.355283936207234e-19
2.54333333e+01 3.343279304031632e-19
2.56150000e+01 3.331402608221613e-19
2.57966667e+01 3.319651592387362e-19
2.59783333e+01 3.308024055462624e-19
2.61600000e+01 3.296517849972816e-19
2.63416667e+01 3.285130880368940e-19
2.65233333e+01 3.273861101424383e-19
2.67050000e+01 3.262706516691791e-19
2.68866667e+01 3.251665177017388e-19
2.70683333e+01 3.240735179110234e-19
2.72500000e+01 3.229914664164027e-19
2.74316667e+01 3.219201816529192e-19
2.76133333e+01 3.208594862433096e-19
2.77950000e+01 3.198092068746341e-19
2.79766667e+01 3.187691741793202e-19
2.81583333e+01 3.177392226204328e-19
2.83400000e+01 3.167191903809973e-19
2.85216667e+01 3.157089192572050e-19
2.87033333e+01 3.147082545553428e-19
2.88850000e+01 3.137170449922930e-19
2.90666667e+01 3.127351425994600e-19
2.92483333e+01 3.117624026299827e-19
2.94300000e+01 3.107986834691035e-19
2.96116667e+01 3.098438465475649e-19
2.97933333e+01 3.088977562579165e-19
2.99750000e+01 3.079602798736141e-19
3.01566667e+01 3.070312874708054e-19
3.03383333e+01 3.061106518526936e-19
3.05200000e+01 3.051982484763829e-19
3.07016667e+01 3.042939553821061e-19
3.08833333e+01 3.033976531247470e-19
3.10650000e+01 3.025092247075680e-19
3.12466667e+01 3.016285555180597e-19
3.14283333e+01 3.007555332658333e-19
3.16100000e+01 2.998900479224789e-19
3.17916667e+01 2.990319916633166e-19
3.19733333e+01 2.981812588109706e-19
3.21550000e+01 2.973377457806991e-19
3.23366667e+01 2.965013510274156e-19
3.25183333e+01 2.956719749943413e-19
3.27000000e+01 2.948495200632267e-19
3.28816667e+01 2.940338905060906e-19
3.30633333e+01 2.932249924384167e-19
3.32450000e+01 2.924227337737609e-19
3.34266667e+01 2.916270241797166e-19
3.36083333e+01 2.908377750351906e-19
3.37900000e+01 2.900548993889446e-19
3.39716667e+01 2.892783119193574e-19
3.41533333e+01 2.885079288953654e-19
3.43350000e+01 2.877436681385430e-19
3.45166667e+01 2.869854489862795e-19
3.46983333e+01 2.862331922560203e-19
3.48800000e+01 2.854868202105317e-19
3.50616667e+01 2.847462565241586e-19
3.52433333e+01 2.840114262500385e-19
3.54250000e+01 2.832822557882430e-19
3.56066667e+01 2.825586728548127e-19
3.57883333e+01 2.818406064516595e-19
3.59700000e+01 2.811279868373044e-19
3.61516667e+01 2.804207454984262e-19
3.63333333e+01 2.797188151221931e-19
3.65150000e+01 2.790221295693525e-19
3.66966667e+01 2.783306238480544e-19
3.68783333e+01 2.776442340883847e-19
3.70600000e+01 2.769628975175861e-19
3.72416667e+01 2.762865524359449e-19
3.74233333e+01 2.756151381933219e-19
3.76050000e+01 2.749485951663078e-19
3.77866667e+01 2.742868647359836e-19
3.79683333e+01 2.736298892662669e-19
3.81500000e+01 2.729776120828255e-19
3.83316667e+01 2.723299774525420e-19
3.85133333e+01 2.716869305635114e-19
3.86950000e+01 2.710484175055562e-19
3.88766667e+01 2.704143852512421e-19
3.90583333e+01 2.697847816373803e-19
3.92400000e+01 2.691595553470022e-19
3.94216667e+01 2.685386558917901e-19
3.96033333e+01 2.679220335949522e-19
3.97850000e+01 2.673096395745289e-19
3.99666667e+01 2.667014257271154e-19
4.01483333e+01 2.660973447119917e-19
4.03300000e+01 2.654973499356446e-19
4.05116667e+01 2.649013955366729e-19
4.06933333e+01 2.643094363710629e-19
4.08750000e+01 2.637214279978252e-19
4.10566667e+01 2.631373266649804e-19
4.12383333e+01 2.625570892958852e-19
4.14200000e+01 2.619806734758890e-19
4.16016667e+01 2.614080374393109e-19
4.17833333e+01 2.608391400567284e-19
4.19650000e+01 2.602739408225697e-19
4.21466667e+01 2.597123998429995e-19
4.23283333e+01 2.591544778240920e-19
4.25100000e+01 2.586001360602818e-19
4.26916667e+01 2.580493364230852e-19
4.28733333e+01 2.575020413500846e-19
4.30550000e+01 2.569582138341699e-19
4.32366667e+01 2.564178174130265e-19
4.34183333e+01 2.558808161588683e-19
4.36000000e+01 2.553471746684039e-19
4.37816667e+01 2.548168580530331e-19
4.39633333e+01 2.542898319292665e-19
4.41450000e+01 2.537660624093615e-19
4.43266667e+01 2.532455160921707e-19
4.45083333e+01 2.527281600541944e-19
4.46900000e+01 2.522139618408349e-19
4.48716667e+01 2.517028894578448e-19
4.50533333e+01 2.511949113629655e-19
4.52350000e+01 2.506899964577503e-19
4.54166667e+01 2.501881140795680e-19
4.55983333e+01 2.496892339937814e-19
4.57800000e+01 2.491933263860972e-19
4.59616667e+01 2.487003618550820e-19
4.61433333e+01 2.482103114048405e-19
4.63250000e+01 2.477231464378521e-19
4.65066667e+01 2.472388387479612e-19
4.66883333e+01 2.467573605135178e-19
4.68700000e+01 2.462786842906645e-19
4.70516667e+01 2.458027830067665e-19
4.72333333e+01 2.453296299539798e-19
4.74150000e+01 2.448591987829559e-19
4.75966667e+01 2.443914634966790e-19
4.77783333e+01 2.439263984444308e-19
4.79600000e+01 2.434639783158829e-19
4.81416667e+01 2.430041781353108e-19
4.83233333e+01 2.425469732559278e-19
4.85050000e+01 2.420923393543363e-19
4.86866667e+01 2.416402524250925e-19
4.88683333e+01 2.411906887753821e-19
4.90500000e+01 2.407436250198056e-19
4.92316667e+01 2.402990380752686e-19
4.94133333e+01 2.398569051559756e-19
4.95950000e+01 2.394172037685255e-19
4.97766667e+01 2.389799117071046e-19
4.99583333e+01 2.385450070487765e-19
5.01400000e+01 2.381124681488659e-19
5.03216667e+01 2.376822736364338e-19
5.05033333e+01 2.372544024098426e-19
5.06850000e+01 2.368288336324088e-19
5.08666667e+01 2.364055467281408e-19
5.10483333e+01 2.359845213775603e-19
5.12300000e+01 2.355657375136054e-19
5.14116667e+01 2.351491753176137e-19
5.15933333e+01 2.347348152153824e-19
5.17750000e+01 2.343226378733056e-19
5.19566667e+01 2.339126241945846e-19
5.21383333e+01 2.335047553155122e-19
5.23200000e+01 2.330990126018276e-19
5.25016667e+01 2.326953776451399e-19
5.26833333e+01 2.322938322594210e-19
5.28650000e+01 2.318943584775635e-19
5.30466667e+01 2.314969385480041e-19
5.32283333e+01 2.311015549314106e-19
5.34100000e+01 2.307081902974305e-19
5.35916667e+01 2.303168275215004e-19
5.37733333e+01 2.299274496817151e-19
5.39550000e+01 2.295400400557538e-19
5.41366667e+01 2.291545821178647e-19
5.43183333e+01 2.287710595359030e-19
5.45000000e+01 2.283894561684254e-19
5.46816667e+01 2.280097560618357e-19
5.48633333e+01 2.276319434475844e-19
5.50450000e+01 2.272560027394175e-19
5.52266667e+01 2.268819185306760e-19
5.54083333e+01 2.265096755916442e-19
5.55900000e+01 2.261392588669452e-19
5.57716667e+01 2.257706534729835e-19
5.59533333e+01 2.254038446954330e-19
5.61350000e+01 2.250388179867701e-19
5.63166667e+01 2.246755589638501e-19
5.64983333e+01 2.243140534055273e-19
5.66800000e+01 2.239542872503164e-19
5.68616667e+01 2.235962465940947e-19
5.70433333e+01 2.232399176878459e-19
5.72250000e+01 2.228852869354422e-19
5.74066667e+01 2.225323408914651e-19
5.75883333e+01 2.221810662590647e-19
5.77700000e+01 2.218314498878556e-19
5.79516667e+01 2.214834787718489e-19
5.81333333e+01 2.211371400474201e-19
5.83150000e+01 2.207924209913120e-19
5.84966667e+01 2.204493090186715e-19
5.86783333e+01 2.201077916811195e-19
5.88600000e+01 2.197678566648544e-19
5.90416667e+01 2.194294917887870e-19
5.92233333e+01 2.190926850027072e-19
5.94050000e+01 2.187574243854818e-19
5.95866667e+01 2.184236981432820e-19
5.97683333e+01 2.180914946078408e-19
5.99500000e+01 2.177608022347396e-19
6.01316667e+01 2.174316096017232e-19
6.03133333e+01 2.171039054070427e-19
6.04950000e+01 2.167776784678259e-19
6.06766667e+01 2.164529177184741e-19
6.08583333e+01 2.161296122090861e-19
6.10400000e+01 2.158077511039072e-19
6.12216667e+01 2.154873236798041e-19
6.14033333e+01 2.151683193247639e-19
6.15850000e+01 2.148507275364187e-19
6.17666667e+01 2.145345379205925e-19
6.19483333e+01 2.142197401898733e-19
6.21300000e+01 2.139063241622064e-19
6.23116667e+01 2.135942797595119e-19
6.24933333e+01 2.132835970063230e-19
6.26750000e+01 2.129742660284470e-19
6.28566667e+01 2.126662770516470e-19
6.30383333e+01 2.123596204003446e-19
6.32200000e+01 2.120542864963436e-19
6.34016667e+01 2.117502658575729e-19
6.35833333e+01 2.114475490968503e-19
6.37650000e+01 2.111461269206649e-19
6.39466667e+01 2.108459901279783e-19
6.41283333e+01 2.105471296090457e-19
6.43100000e+01 2.102495363442541e-19
6.44916667e+01 2.099532014029788e-19
6.46733333e+01 2.096581159424585e-19
6.48550000e+01 2.093642712066861e-19
6.50366667e+01 2.090716585253180e-19
6.52183333e+01 2.087802693125995e-19
6.54000000e+01 2.084900950663066e-19
6.55816667e+01 2.082011273667042e-19
6.57633333e+01 2.079133578755195e-19
6.59450000e+01 2.076267783349322e-19
6.61266667e+01 2.073413805665785e-19
6.63083333e+01 2.070571564705715e-19
6.64900000e+01 2.067740980245348e-19
6.66716667e+01 2.064921972826523e-19
6.68533333e+01 2.062114463747309e-19
6.70350000e+01 2.059318375052777e-19
6.72166667e+01 2.056533629525909e-19
6.73983333e+01 2.053760150678643e-19
6.75800000e+01 2.050997862743045e-19
6.77616667e+01 2.048246690662622e-19
6.79433333e+01 2.045506560083748e-19
6.81250000e+01 2.042777397347231e-19
6.83066667e+01 2.040059129479992e-19
6.84883333e+01 2.037351684186871e-19
6.86700000e+01 2.034654989842553e-19
6.88516667e+01 2.031968975483606e-19
6.90333333e+01 2.029293570800643e-19
6.92150000e+01 2.026628706130584e-19
6.93966667e+01 2.023974312449047e-19
6.95783333e+01 2.021330321362831e-19
6.97600000e+01 2.018696665102517e-19
6.99416667e+01 2.016073276515175e-19
7.01233333e+01 2.013460089057167e-19
7.03050000e+01 2.010857036787064e-19
7.04866667e+01 2.008264054358653e-19
7.06683333e+01 2.005681077014045e-19
7.08500000e+01 2.003108040576887e-19
7.10316667e+01 2.000544881445664e-19
7.12133333e+01 1.997991536587094e-19
7.13950000e+01 1.995447943529616e-19
7.15766667e+01 1.992914040356975e-19
7.17583333e+01 1.990389765701888e-19
7.19400000e+01 1.987875058739804e-19
7.21216667e+01 1.985369859182746e-19
7.23033333e+01 1.982874107273242e-19
7.24850000e+01 1.980387743778336e-19
7.26666667e+01 1.977910709983689e-19
7.28483333e+01 1.975442947687748e-19
7.30300000e+01 1.972984399196007e-19
7.32116667e+01 1.970535007315340e-19
7.33933333e+01 1.968094715348415e-19
7.35750000e+01 1.965663467088178e-19
7.37566667e+01 1.963241206812420e-19
7.39383333e+01 1.960827879278409e-19
7.41200000e+01 1.958423429717599e-19
7.43016667e+01 1.956027803830415e-19
7.44833333e+01 1.953640947781093e-19
7.46650000e+01 1.951262808192607e-19
7.48466667e+01 1.948893332141653e-19
7.50283333e+01 1.946532467153700e-19
7.52100000e+01 1.944180161198110e-19
7.53916667e+01 1.941836362683326e-19
7.55733333e+01 1.939501020452114e-19
7.57550000e+01 1.937174083776874e-19
7.59366667e+01 1.934855502355015e-19
7.61183333e+01 1.932545226304385e-19
7.63000000e+01 1.930243206158768e-19
7.64816667e+01 1.927949392863426e-19
7.66633333e+01 1.925663737770721e-19
7.68450000e+01 1.923386192635770e-19
7.70266667e+01 1.921116709612176e-19
7.72083333e+01 1.918855241247805e-19
7.73900000e+01 1.916601740480614e-19
7.75716667e+01 1.914356160634541e-19
7.77533333e+01 1.912118455415448e-19
7.79350000e+01 1.909888578907104e-19
7.81166667e+01 1.907666485567236e-19
7.82983333e+01 1.905452130223617e-19
7.84800000e+01 1.903245468070211e-19
7.86616667e+01 1.901046454663368e-19
7.88433333e+01 1.898855045918056e-19
7.90250000e+01 1.896671198104159e-19
7.92066667e+01 1.894494867842807e-19
7.93883333e+01 1.892326012102755e-19
7.95700000e+01 1.890164588196813e-19
7.97516667e+01 1.888010553778315e-19
7.99333333e+01 1.885863866837636e-19
8.01150000e+01 1.883724485698752e-19
8.02966667e+01 1.881592369015836e-19
8.04783333e+01 1.879467475769909e-19
8.06600000e+01 1.877349765265521e-19
8.08416667e+01 1.875239197127478e-19
8.10233333e+01 1.873135731297612e-19
8.12050000e+01 1.871039328031583e-19
8.13866667e+01 1.868949947895729e-19
8.15683333e+01 1.866867551763948e-19
8.17500000e+01 1.864792100814620e-19
8.19316667e+01 1.862723556527574e-19
8.21133333e+01 1.860661880681074e-19
8.22950000e+01 1.858607035348862e-19
8.24766667e+01 1.856558982897223e-19
8.26583333e+01 1.854517685982094e-19
8.28400000e+01 1.852483107546198e-19
8.30216667e+01 1.850455210816225e-19
8.32033333e+01 1.848433959300036e-19
8.33850000e+01 1.846419316783907e-19
8.35666667e+01 1.844411247329803e-19
8.37483333e+01 1.842409715272685e-19
8.39300000e+01 1.840414685217852e-19
8.41116667e+01 1.838426122038309e-19
8.42933333e+01 1.836443990872170e-19
8.44750000e+01 1.834468257120093e-19
8.46566667e+01 1.832498886442742e-19
8.48383333e+01 1.830535844758280e-19
8.50200000e+01 1.828579098239891e-19
8.52016667e+01 1.826628613313334e-19
8.53833333e+01 1.824684356654523e-19
8.55650000e+01 1.822746295187132e-19
8.57466667e+01 1.820814396080236e-19
8.59283333e+01 1.818888626745976e-19
8.61100000e+01 1.816968954837244e-19
8.62916667e+01 1.815055348245408e-19
8.64733333e+01 1.813147775098050e-19
8.66550000e+01 1.811246203756743e-19
8.68366667e+01 1.809350602814841e-19
8.70183333e+01 1.807460941095304e-19
8.72000000e+01 1.805577187648542e-19
8.73816667e+01 1.803699311750290e-19
8.75633333e+01 1.801827282899496e-19
8.77450000e+01 1.799961070816250e-19
8.79266667e+01 1.798100645439718e-19
8.81083333e+01 1.796245976926112e-19
8.82900000e+01 1.794397035646682e-19
8.84716667e+01 1.792553792185721e-19
8.86533333e+01 1.790716217338608e-19
8.88350000e+01 1.788884282109857e-19
8.90166667e+01 1.787057957711200e-19
8.91983333e+01 1.785237215559684e-19
8.93800000e+01 1.783422027275795e-19
8.95616667e+01 1.781612364681598e-19
8.97433333e+01 1.779808199798900e-19
8.99250000e+01 1.778009504847436e-19
9.01066667e+01 1.776216252243066e-19
9.02883333e+01 1.774428414596008e-19
9.04700000e+01 1.772645964709068e-19
9.06516667e+01 1.770868875575917e-19
9.08333333e+01 1.769097120379360e-19
9.10150000e+01 1.767330672489645e-19
9.11966667e+01 1.765569505462774e-19
9.13783333e+01 1.763813593038849e-19
9.15600000e+01 1.762062909140420e-19
9.17416667e+01 1.760317427870862e-19
9.19233333e+01 1.758577123512767e-19
9.21050000e+01 1.756841970526349e-19
9.22866667e+01 1.755111943547874e-19
9.24683333e+01 1.753387017388099e-19
9.26500000e+01 1.751667167030734e-19
9.28316667e+01 1.749952367630916e-19
9.30133333e+01 1.748242594513707e-19
9.31950000e+01 1.746537823172594e-19
9.33766667e+01 1.744838029268020e-19
9.35583333e+01 1.743143188625925e-19
9.37400000e+01 1.741453277236297e-19
9.39216667e+01 1.739768271251749e-19
9.41033333e+01 1.738088146986101e-19
9.42850000e+01 1.736412880912983e-19
9.44666667e+01 1.734742449664455e-19
9.46483333e+01 1.733076830029630e-19
9.48300000e+01 1.731415998953330e-19
9.50116667e+01 1.729759933534735e-19
9.51933333e+01 1.728108611026063e-19
9.53750000e+01 1.726462008831258e-19
9.55566667e+01 1.724820104504687e-19
9.57383333e+01 1.723182875749860e-19
9.59200000e+01 1.721550300418154e-19
9.61016667e+01 1.719922356507556e-19
9.62833333e+01 1.718299022161420e-19
9.64650000e+01 1.716680275667231e-19
9.66466667e+01 1.715066095455387e-19
9.68283333e+01 1.713456460097993e-19
9.70100000e+01 1.711851348307661e-19
9.71916667e+01 1.710250738936337e-19
9.73733333e+01 1.708654610974120e-19
9.75550000e+01 1.707062943548112e-19
9.77366667e+01 1.705475715921268e-19
9.79183333e+01 1.703892907491261e-19
9.81000000e+01 1.702314497789359e-19
9.82816667e+01 1.700740466479316e-19
9.84633333e+01 1.699170793356268e-19
9.86450000e+01 1.697605458345644e-19
9.88266667e+01 1.696044441502089e-19
9.90083333e+01 1.694487723008399e-19
9.91900000e+01 1.692935283174458e-19
9.93716667e+01 1.691387102436198e-19
9.95533333e+01 1.689843161354560e-19
9.97350000e+01 1.688303440614471e-19
9.99166667e+01 1.686767921023826e-19
1.00098333e+02 1.685236583512488e-19
1.00280000e+02 1.683709409131289e-19
1.00461667e+02 1.682186379051046e-19
1.00643333e+02 1.680667474561589e-19
1.00825000e+02 1.679152677070791e-19
1.01006667e+02 1.677641968103617e-19
1.01188333e+02 1.676135329301172e-19
1.01370000e+02 1.674632742419770e-19
1.01551667e+02 1.673134189330001e-19
1.01733333e+02 1.671639652015816e-19
1.01915000e+02 1.670149112573615e-19
1.02096667e+02 1.668662553211346e-19
1.02278333e+02 1.667179956247617e-19
1.02460000e+02 1.665701304110806e-19
1.02641667e+02 1.664226579338193e-19
1.02823333e+02 1.662755764575089e-19
1.03005000e+02 1.661288842573981e-19
1.03186667e+02 1.659825796193681e-19
1.03368333e+02 1.658366608398485e-19
1.03550000e+02 1.656911262257341e-19
1.03731667e+02 1.655459740943023e-19
1.03913333e+02 1.654012027731312e-19
1.04095000e+02 1.652568106000192e-19
1.04276667e+02 1.651127959229042e-19
1.04458333e+02 1.649691570997847e-19
1.04640000e+02 1.648258924986408e-19
1.04821667e+02 1.646830004973566e-19
1.05003333e+02 1.645404794836430e-19
1.05185000e+02 1.643983278549612e-19
1.05366667e+02 1.642565440184470e-19
1.05548333e+02 1.641151263908360e-19
1.05730000e+02 1.639740733983893e-19
1.05911667e+02 1.638333834768197e-19
1.06093333e+02 1.636930550712192e-19
1.06275000e+02 1.635530866359865e-19
1.06456667e+02 1.634134766347559e-19
1.06638333e+02 1.632742235403259e-19
1.06820000e+02 1.631353258345896e-19
1.07001667e+02 1.629967820084648e-19
1.07183333e+02 1.628585905618254e-19
1.07365000e+02 1.627207500034330e-19
1.07546667e+02 1.625832588508694e-19
1.07728333e+02 1.624461156304695e-19
1.07910000e+02 1.623093188772553e-19
1.08091667e+02 1.621728671348696e-19
1.08273333e+02 1.620367589555117e-19
1.08455000e+02 1.619009928998719e-19
1.08636667e+02 1.617655675370684e-19
1.08818333e+02 1.616304814445836e-19
1.09000000e+02 1.614957332082013e-19
1.09181667e+02 1.613613214219447e-19
1.09363333e+02 1.612272446880146e-19
1.09545000e+02 1.610935016167283e-19
1.09726667e+02 1.609600908264596e-19
1.09908333e+02 1.608270109435782e-19
1.10090000e+02 1.606942606023907e-19
1.10271667e+02 1.605618384450815e-19
1.10453333e+02 1.604297431216548e-19
1.10635000e+02 1.602979732898764e-19
1.10816667e+02 1.601665276152166e-19
1.10998333e+02 1.600354047707937e-19
1.11180000e+02 1.599046034373171e-19
1.11361667e+02 1.597741223030322e-19
1.11543333e+02 1.596439600636648e-19
1.11725000e+02 1.595141154223664e-19
1.11906667e+02 1.593845870896601e-19
1.12088333e+02 1.592553737833864e-19
1.12270000e+02 1.591264742286503e-19
1.12451667e+02 1.589978871577684e-19
1.12633333e+02 1.588696113102164e-19
1.12815000e+02 1.587416454325773e-19
1.12996667e+02 1.586139882784897e-19
1.13178333e+02 1.584866386085976e-19
1.13360000e+02 1.583595951904986e-19
1.13541667e+02 1.582328567986951e-19
1.13723333e+02 1.581064222145438e-19
1.13905000e+02 1.579802902262067e-19
1.14086667e+02 1.578544596286025e-19
1.14268333e+02 1.577289292233581e-19
1.14450000e+02 1.576036978187605e-19
1.14631667e+02 1.574787642297098e-19
1.14813333e+02 1.573541272776714e-19
1.14995000e+02 1.572297857906299e-19
1.15176667e+02 1.571057386030423e-19
1.15358333e+02 1.569819845557928e-19
1.15540000e+02 1.568585224961465e-19
1.15721667e+02 1.567353512777050e-19
1.15903333e+02 1.566124697603611e-19
1.16085000e+02 1.564898768102550e-19
1.16266667e+02 1.563675712997300e-19
1.16448333e+02 1.562455521072891e-19
1.16630000e+02 1.561238181175518e-19
1.16811667e+02 1.560023682212111e-19
1.16993333e+02 1.558812013149913e-19
1.17175000e+02 1.557603163016059e-19
1.17356667e+02 1.556397120897156e-19
1.17538333e+02 1.555193875938869e-19
1.17720000e+02 1.553993417345517e-19
1.17901667e+02 1.552795734379658e-19
1.18083333e+02 1.551600816361691e-19
1.18265000e+02 1.550408652669453e-19
1.18446667e+02 1.549219232737825e-19
1.18628333e+02 1.548032546058336e-19
1.18810000e+02 1.546848582178776e-19
1.18991667e+02 1.545667330702808e-19
1.19173333e+02 1.544488781289582e-19
1.19355000e+02 1.543312923653361e-19
1.19536667e+02 1.542139747563136e-19
1.19718333e+02 1.540969242842260e-19
1.19900000e+02 1.539801399368070e-19
1.20081667e+02 1.538636207071528e-19
1.20263333e+02 1.537473655936845e-19
1.20445000e+02 1.536313736001130e-19
1.20626667e+02 1.535156437354027e-19
1.20808333e+02 1.534001750137356e-19
1.20990000e+02 1.532849664544767e-19
1.21171667e+02 1.531700170821386e-19
1.21353333e+02 1.530553259263468e-19
1.21535000e+02 1.529408920218056e-19
1.21716667e+02 1.528267144082636e-19
1.21898333e+02 1.527127921304801e-19
1.22080000e+02 1.525991242381915e-19
1.22261667e+02 1.524857097860778e-19
1.22443333e+02 1.523725478337299e-19
1.22625000e+02 1.522596374456169e-19
1.22806667e+02 1.521469776910530e-19
1.22988333e+02 1.520345676441660e-19
1.23170000e+02 1.519224063838649e-19
1.23351667e+02 1.518104929938084e-19
1.23533333e+02 1.516988265623735e-19
1.23715000e+02 1.515874061826239e-19
1.23896667e+02 1.514762309522798e-19
1.24078333e+02 1.513652999736863e-19
1.24260000e+02 1.512546123537840e-19
1.24441667e+02 1.511441672040777e-19
1.24623333e+02 1.510339636406074e-19
1.24805000e+02 1.509240007839179e-19
1.24986667e+02 1.508142777590298e-19
1.25168333e+02 1.507047936954100e-19
1.25350000e+02 1.505955477269426e-19
1.25531667e+02 1.504865389919006e-19
1.25713333e+02 1.503777666329166e-19
1.25895000e+02 1.502692297969553e-19
1.26076667e+02 1.501609276352848e-19
1.26258333e+02 1.500528593034488e-19
1.26440000e+02 1.499450239612395e-19
1.26621667e+02 1.498374207726692e-19
1.26803333e+02 1.497300489059441e-19
1.26985000e+02 1.496229075334364e-19
1.27166667e+02 1.495159958316583e-19
1.27348333e+02 1.494093129812348e-19
1.27530000e+02 1.493028581668776e-19
1.27711667e+02 1.491966305773588e-19
1.27893333e+02 1.490906294054853e-19
1.28075000e+02 1.489848538480725e-19
1.28256667e+02 1.488793031059191e-19
1.28438333e+02 1.487739763837818e-19
1.28620000e+02 1.486688728903495e-19
1.28801667e+02 1.485639918382194e-19
1.28983333e+02 1.484593324438713e-19
1.29165000e+02 1.483548939276434e-19
1.29346667e+02 1.482506755137078e-19
1.29528333e+02 1.481466764300465e-19
1.29710000e+02 1.480428959084272e-19
1.29891667e+02 1.479393331843792e-19
1.30073333e+02 1.478359874971706e-19
1.30255000e+02 1.477328580897838e-19
1.30436667e+02 1.476299442088928e-19
1.30618333e+02 1.475272451048400e-19
1.30800000e+02 1.474247600316134e-19
1.30981667e+02 1.473224882468234e-19
1.31163333e+02 1.472204290116806e-19
1.31345000e+02 1.471185815909733e-19
1.31526667e+02 1.470169452530453e-19
1.31708333e+02 1.469155192697736e-19
1.31890000e+02 1.468143029165467e-19
1.32071667e+02 1.467132954722428e-19
1.32253333e+02 1.466124962192083e-19
1.32435000e+02 1.465119044432362e-19
1.32616667e+02 1.464115194335451e-19
1.32798333e+02 1.463113404827577e-19
1.32980000e+02 1.462113668868804e-19
1.33161667e+02 1.461115979452821e-19
1.33343333e+02 1.460120329606738e-19
1.33525000e+02 1.459126712390879e-19
1.33706667e+02 1.458135120898583e-19
1.33888333e+02 1.457145548255997e-19
1.34070000e+02 1.456157987621880e-19
1.34251667e+02 1.455172432187404e-19
1.34433333e+02 1.454188875175953e-19
1.34615000e+02 1.453207309842933e-19
1.34796667e+02 1.452227729475574e-19
1.34978333e+02 1.451250127392736e-19
1.35160000e+02 1.450274496944723e-19
1.35341667e+02 1.449300831513088e-19
1.35523333e+02 1.448329124510445e-19
1.35705000e+02 1.447359369380285e-19
1.35886667e+02 1.446391559596787e-19
1.36068333e+02 1.445425688664634e-19
1.36250000e+02 1.444461750118834e-19
1.36431667e+02 1.443499737524529e-19
1.36613333e+02 1.442539644476827e-19
1.36795000e+02 1.441581464600611e-19
1.36976667e+02 1.440625191550370e-19
1.37158333e+02 1.439670819010016e-19
1.37340000e+02 1.438718340692715e-19
1.37521667e+02 1.437767750340707e-19
1.37703333e+02 1.436819041725140e-19
1.37885000e+02 1.435872208645889e-19
1.38066667e+02 1.434927244931398e-19
1.38248333e+02 1.433984144438500e-19
1.38430000e+02 1.433042901052255e-19
1.38611667e+02 1.432103508685784e-19
1.38793333e+02 1.431165961280101e-19
1.38975000e+02 1.430230252803950e-19
1.39156667e+02 1.429296377253641e-19
1.39338333e+02 1.428364328652890e-19
1.39520000e+02 1.427434101052659e-19
1.39701667e+02 1.426505688530992e-19
1.39883333e+02 1.425579085192862e-19
1.40065000e+02 1.424654285170010e-19
1.40246667e+02 1.423731282620793e-19
1.40428333e+02 1.422810071730023e-19
1.40610000e+02 1.421890646708820e-19
1.40791667e+02 1.420973001794453e-19
1.40973333e+02 1.420057131250193e-19
1.41155000e+02 1.419143029365158e-19
1.41336667e+02 1.418230690454169e-19
1.41518333e+02 1.417320108857596e-19
1.41700000e+02 1.416411278941215e-19
1.41881667e+02 1.415504195096057e-19
1.42063333e+02 1.414598851738267e-19
1.42245000e+02 1.413695243308957e-19
1.42426667e+02 1.412793364274064e-19
1.42608333e+02 1.411893209124206e-19
1.42790000e+02 1.410994772374542e-19
1.42971667e+02 1.410098048564633e-19
1.43153333e+02 1.409203032258298e-19
1.43335000e+02 1.408309718043480e-19
1.43516667e+02 1.407418100532109e-19
1.43698333e+02 1.406528174359959e-19
1.43880000e+02 1.405639934186522e-19
1.44061667e+02 1.404753374694865e-19
1.44243333e+02 1.403868490591501e-19
1.44425000e+02 1.402985276606254e-19
1.44606667e+02 1.402103727492131e-19
1.44788333e+02 1.401223838025185e-19
1.44970000e+02 1.400345603004389e-19
1.45151667e+02 1.399469017251507e-19
1.45333333e+02 1.398594075610966e-19
1.45515000e+02 1.397720772949723e-19
1.45696667e+02 1.396849104157149e-19
1.45878333e+02 1.395979064144893e-19
1.46060000e+02 1.395110647846763e-19
1.46241667e+02 1.394243850218601e-19
1.46423333e+02 1.393378666238160e-19
1.46605000e+02 1.392515090904981e-19
1.46786667e+02 1.391653119240272e-19
1.46968333e+02 1.390792746286789e-19
1.47150000e+02 1.389933967108711e-19
1.47331667e+02 1.389076776791529e-19
1.47513333e+02 1.388221170441924e-19
1.47695000e+02 1.387367143187644e-19
1.47876667e+02 1.386514690177399e-19
1.48058333e+02 1.385663806580737e-19
1.48240000e+02 1.384814487587930e-19
1.48421667e+02 1.383966728409863e-19
1.48603333e+02 1.383120524277916e-19
1.48785000e+02 1.382275870443857e-19
1.48966667e+02 1.381432762179725e-19
1.49148333e+02 1.380591194777721e-19
1.49330000e+02 1.379751163550098e-19
1.49511667e+02 1.378912663829052e-19
1.49693333e+02 1.378075690966610e-19
1.49875000e+02 1.377240240334523e-19
1.50056667e+02 1.376406307324162e-19
1.50238333e+02 1.375573887346406e-19
1.50420000e+02 1.374742975831539e-19
1.50601667e+02 1.373913568229145e-19
1.50783333e+02 1.373085660008000e-19
1.50965000e+02 1.372259246655973e-19
1.51146667e+02 1.371434323679918e-19
1.51328333e+02 1.370610886605575e-19
1.51510000e+02 1.369788930977464e-19
1.51691667e+02 1.368968452358790e-19
1.51873333e+02 1.368149446331335e-19
1.52055000e+02 1.367331908495363e-19
1.52236667e+02 1.366515834469522e-19
1.52418333e+02 1.365701219890739e-19
1.52600000e+02 1.364888060414128e-19
1.52781667e+02 1.364076351712889e-19
1.52963333e+02 1.363266089478216e-19
1.53145000e+02 1.362457269419194e-19
1.53326667e+02 1.361649887262710e-19
1.53508333e+02 1.360843938753354e-19
1.53690000e+02 1.360039419653328e-19
1.53871667e+02 1.359236325742348e-19
1.54053333e+02 1.358434652817557e-19
1.54235000e+02 1.357634396693427e-19
1.54416667e+02 1.356835553201671e-19
1.54598333e+02 1.356038118191150e-19
1.54780000e+02 1.355242087527781e-19
1.54961667e+02 1.354447457094452e-19
1.55143333e+02 1.353654222790928e-19
1.55325000e+02 1.352862380533762e-19
1.55506667e+02 1.352071926256210e-19
1.55688333e+02 1.351282855908142e-19
1.55870000e+02 1.350495165455952e-19
1.56051667e+02 1.349708850882476e-19
1.56233333e+02 1.348923908186902e-19
1.56415000e+02 1.348140333384687e-19
1.56596667e+02 1.347358122507472e-19
1.56778333e+02 1.346577271602995e-19
1.56960000e+02 1.345797776735011e-19
1.57141667e+02 1.345019633983205e-19
1.57323333e+02 1.344242839443112e-19
1.57505000e+02 1.343467389226032e-19
1.57686667e+02 1.342693279458950e-19
1.57868333e+02 1.341920506284457e-19
1.58050000e+02 1.341149065860665e-19
1.58231667e+02 1.340378954361127e-19
1.58413333e+02 1.339610167974761e-19
1.58595000e+02 1.338842702905769e-19
1.58776667e+02 1.338076555373555e-19
1.58958333e+02 1.337311721612653e-19
1.59140000e+02 1.336548197872644e-19
1.59321667e+02 1.335785980418082e-19
1.59503333e+02 1.335025065528415e-19
1.59685000e+02 1.334265449497910e-19
1.59866667e+02 1.333507128635577e-19
1.60048333e+02 1.332750099265093e-19
1.60230000e+02 1.331994357724729e-19
1.60411667e+02 1.331239900367273e-19
1.60593333e+02 1.330486723559958e-19
1.60775000e+02 1.329734823684389e-19
1.60956667e+02 1.328984197136466e-19
1.61138333e+02 1.328234840326317e-19
1.61320000e+02 1.327486749678223e-19
1.61501667e+02 1.326739921630545e-19
1.61683333e+02 1.325994352635657e-19
1.61865000e+02 1.325250039159869e-19
1.62046667e+02 1.324506977683364e-19
1.62228333e+02 1.323765164700122e-19
1.62410000e+02 1.323024596717854e-19
1.62591667e+02 1.322285270257930e-19
1.62773333e+02 1.321547181855315e-19
1.62955000e+02 1.320810328058495e-19
1.63136667e+02 1.320074705429415e-19
1.63318333e+02 1.319340310543408e-19
1.63500000e+02 1.318607139989126e-19
1.63681667e+02 1.317875190368481e-19
1.63863333e+02 1.317144458296570e-19
1.64045000e+02 1.316414940401618e-19
1.64226667e+02 1.315686633324902e-19
1.64408333e+02 1.314959533720697e-19
1.64590000e+02 1.314233638256205e-19
1.64771667e+02 1.313508943611492e-19
1.64953333e+02 1.312785446479426e-19
1.65135000e+02 1.312063143565610e-19
1.65316667e+02 1.311342031588323e-19
1.65498333e+02 1.310622107278455e-19
1.65680000e+02 1.309903367379445e-19
1.65861667e+02 1.309185808647221e-19
1.66043333e+02 1.308469427850135e-19
1.66225000e+02 1.307754221768906e-19
1.66406667e+02 1.307040187196555e-19
1.66588333e+02 1.306327320938347e-19
1.66770000e+02 1.305615619811733e-19
1.66951667e+02 1.304905080646285e-19
1.67133333e+02 1.304195700283642e-19
1.67315000e+02 1.303487475577448e-19
1.67496667e+02 1.302780403393292e-19
1.67678333e+02 1.302074480608655e-19
1.67860000e+02 1.301369704112848e-19
1.68041667e+02 1.300666070806955e-19
1.68223333e+02 1.299963577603775e-19
1.68405000e+02 1.299262221427769e-19
1.68586667e+02 1.298561999214997e-19
1.68768333e+02 1.297862907913070e-19
1.68950000e+02 1.297164944481085e-19
1.69131667e+02 1.296468105889577e-19
1.69313333e+02 1.295772389120460e-19
1.69495000e+02 1.295077791166973e-19
1.69676667e+02 1.294384309033625e-19
1.69858333e+02 1.293691939736141e-19
1.70040000e+02 1.293000680301409e-19
1.70221667e+02 1.292310527767425e-19
1.70403333e+02 1.291621479183239e-19
1.70585000e+02 1.290933531608905e-19
1.70766667e+02 1.290246682115426e-19
1.70948333e+02 1.289560927784702e-19
1.71130000e+02 1.288876265709477e-19
1.71311667e+02 1.288192692993291e-19
1.71493333e+02 1.287510206750423e-19
1.71675000e+02 1.286828804105845e-19
1.71856667e+02 1.286148482195167e-19
1.72038333e+02 1.285469238164589e-19
1.72220000e+02 1.284791069170849e-19
1.72401667e+02 1.284113972381177e-19
1.72583333e+02 1.283437944973238e-19
1.72765000e+02 1.282762984135091e-19
1.72946667e+02 1.282089087065133e-19
1.73128333e+02 1.281416250972053e-19
1.73310000e+02 1.280744473074784e-19
1.73491667e+02 1.280073750602456e-19
1.73673333e+02 1.279404080794342e-19
1.73855000e+02 1.278735460899817e-19
1.74036667e+02 1.278067888178308e-19
1.74218333e+02 1.277401359899246e-19
1.74400000e+02 1.276735873342020e-19
1.74581667e+02 1.276071425795928e-19
1.74763333e+02 1.275408014560138e-19
1.74945000e+02 1.274745636943632e-19
1.75126667e+02 1.274084290265165e-19
1.75308333e+02 1.273423971853223e-19
1.75490000e+02 1.272764679045970e-19
1.75671667e+02 1.272106409191208e-19
1.75853333e+02 1.271449159646332e-19
1.76035000e+02 1.270792927778284e-19
1.76216667e+02 1.270137710963509e-19
1.76398333e+02 1.269483506587910e-19
1.76580000e+02 1.268830312046808e-19
1.76761667e+02 1.268178124744893e-19
1.76943333e+02 1.267526942096185e-19
1.77125000e+02 1.266876761523989e-19
1.77306667e+02 1.266227580460853e-19
1.77488333e+02 1.265579396348525e-19
1.77670000e+02 1.264932206637909e-19
1.77851667e+02 1.264286008789026e-19
1.78033333e+02 1.263640800270972e-19
1.78215000e+02 1.262996578561872e-19
1.78396667e+02 1.262353341148843e-19
1.78578333e+02 1.261711085527952e-19
1.78760000e+02 1.261069809204175e-19
1.78941667e+02 1.260429509691353e-19
1.79123333e+02 1.259790184512158e-19
1.79305000e+02 1.259151831198047e-19
1.79486667e+02 1.258514447289224e-19
1.79668333e+02 1.257878030334601e-19
1.79850000e+02 1.257242577891758e-19
1.80031667e+02 1.256608087526901e-19
1.80213333e+02 1.255974556814828e-19
1.80395000e+02 1.255341983338885e-19
1.80576667e+02 1.254710364690931e-19
1.80758333e+02 1.254079698471298e-19
1.80940000e+02 1.253449982288752e-19
1.81121667e+02 1.252821213760454e-19
1.81303333e+02 1.252193390511928e-19
1.81485000e+02 1.251566510177014e-19
1.81666667e+02 1.250940570397840e-19
1.81848333e+02 1.250315568824778e-19
1.82030000e+02 1.249691503116409e-19
1.82211667e+02 1.249068370939489e-19
1.82393333e+02 1.248446169968907e-19
1.82575000e+02 1.247824897887653e-19
1.82756667e+02 1.247204552386780e-19
1.82938333e+02 1.246585131165367e-19
1.83120000e+02 1.245966631930486e-19
1.83301667e+02 1.245349052397164e-19
1.83483333e+02 1.244732390288348e-19
1.83665000e+02 1.244116643334869e-19
1.83846667e+02 1.243501809275410e-19
1.84028333e+02 1.242887885856467e-19
1.84210000e+02 1.242274870832318e-19
1.84391667e+02 1.241662761964985e-19
1.84573333e+02 1.241051557024203e-19
1.84755000e+02 1.240441253787383e-19
1.84936667e+02 1.239831850039580e-19
1.85118333e+02 1.239223343573459e-19
1.85300000e+02 1.238615732189260e-19
1.85481667e+02 1.238009013694769e-19
1.85663333e+02 1.237403185905275e-19
1.85845000e+02 1.236798246643550e-19
1.86026667e+02 1.236194193739806e-19
1.86208333e+02 1.235591025031666e-19
1.86390000e+02 1.234988738364132e-19
1.86571667e+02 1.234387331589552e-19
1.86753333e+02 1.233786802567589e-19
1.86935000e+02 1.233187149165184e-19
1.87116667e+02 1.232588369256533e-19
1.87298333e+02 1.231990460723046e-19
1.87480000e+02 1.231393421453323e-19
1.87661667e+02 1.230797249343117e-19
1.87843333e+02 1.230201942295309e-19
1.88025000e+02 1.229607498219869e-19
1.88206667e+02 1.229013915033832e-19
1.88388333e+02 1.228421190661267e-19
1.88570000e+02 1.227829323033239e-19
1.88751667e+02 1.227238310087790e-19
1.88933333e+02 1.226648149769899e-19
1.89115000e+02 1.226058840031457e-19
1.89296667e+02 1.225470378831237e-19
1.89478333e+02 1.224882764134863e-19
1.89660000e+02 1.224295993914780e-19
1.89841667e+02 1.223710066150226e-19
1.90023333e+02 1.223124978827203e-19
1.90205000e+02 1.222540729938445e-19
1.90386667e+02 1.221957317483395e-19
1.90568333e+02 1.221374739468169e-19
1.90750000e+02 1.220792993905531e-19
1.90931667e+02 1.220212078814868e-19
1.91113333e+02 1.219631992222154e-19
1.91295000e+02 1.219052732159927e-19
1.91476667e+02 1.218474296667262e-19
1.91658333e+02 1.217896683789738e-19
1.91840000e+02 1.217319891579415e-19
1.92021667e+02 1.216743918094803e-19
1.92203333e+02 1.216168761400840e-19
1.92385000e+02 1.215594419568856e-19
1.92566667e+02 1.215020890676554e-19
1.92748333e+02 1.214448172807979e-19
1.92930000e+02 1.213876264053491e-19
1.93111667e+02 1.213305162509740e-19
1.93293333e+02 1.212734866279639e-19
1.93475000e+02 1.212165373472335e-19
1.93656667e+02 1.211596682203188e-19
1.93838333e+02 1.211028790593737e-19
1.94020000e+02 1.210461696771682e-19
1.94201667e+02 1.209895398870854e-19
1.94383333e+02 1.209329895031187e-19
1.94565000e+02 1.208765183398700e-19
1.94746667e+02 1.208201262125462e-19
1.94928333e+02 1.207638129369574e-19
1.95110000e+02 1.207075783295139e-19
1.95291667e+02 1.206514222072239e-19
1.95473333e+02 1.205953443876911e-19
1.95655000e+02 1.205393446891119e-19
1.95836667e+02 1.204834229302733e-19
1.96018333e+02 1.204275789305502e-19
1.96200000e+02 1.203718125099028e-19
1.96381667e+02 1.203161234888747e-19
1.96563333e+02 1.202605116885897e-19
1.96745000e+02 1.202049769307502e-19
1.96926667e+02 1.201495190376343e-19
1.97108333e+02 1.200941378320934e-19
1.97290000e+02 1.200388331375502e-19
1.97471667e+02 1.199836047779958e-19
1.97653333e+02 1.199284525779878e-19
1.97835000e+02 1.198733763626478e-19
1.98016667e+02 1.198183759576591e-19
1.98198333e+02 1.197634511892642e-19
1.98380000e+02 1.197086018842628e-19
1.98561667e+02 1.196538278700091e-19
1.98743333e+02 1.195991289744101e-19
1.98925000e+02 1.195445050259229e-19
1.99106667e+02 1.194899558535523e-19
1.99288333e+02 1.194354812868490e-19
1.99470000e+02 1.193810811559072e-19
1.99651667e+02 1.193267552913622e-19
1.99833333e+02 1.192725035243882e-19
2.00015000e+02 1.192183256866966e-19
2.00196667e+02 1.191642216105330e-19
2.00378333e+02 1.191101911286756e-19
2.00560000e+02 1.190562340744329e-19
2.00741667e+02 1.190023502816415e-19
2.00923333e+02 1.189485395846639e-19
2.01105000e+02 1.188948018183863e-19
2.01286667e+02 1.188411368182169e-19
2.01468333e+02 1.187875444200831e-19
2.01650000e+02 1.187340244604302e-19
2.01831667e+02 1.186805767762183e-19
2.02013333e+02 1.186272012049213e-19
2.02195000e+02 1.185738975845241e-19
2.02376667e+02 1.185206657535206e-19
2.02558333e+02 1.184675055509120e-19
2.02740000e+02 1.184144168162044e-19
2.02921667e+02 1.183613993894071e-19
2.03103333e+02 1.183084531110301e-19
2.03285000e+02 1.182555778220825e-19
2.03466667e+02 1.182027733640704e-19
2.03648333e+02 1.181500395789948e-19
2.03830000e+02 1.180973763093498e-19
2.04011667e+02 1.180447833981202e-19
2.04193333e+02 1.179922606887801e-19
2.04375000e+02 1.179398080252907e-19
2.04556667e+02 1.178874252520982e-19
2.04738333e+02 1.178351122141319e-19
2.04920000e+02 1.177828687568027e-19
2.05101667e+02 1.177306947260005e-19
2.05283333e+02 1.176785899680928e-19
2.05465000e+02 1.176265543299227e-19
2.05646667e+02 1.175745876588068e-19
2.05828333e+02 1.175226898025336e-19
2.06010000e+02 1.174708606093613e-19
2.06191667e+02 1.174190999280163e-19
2.06373333e+02 1.173674076076912e-19
2.06555000e+02 1.173157834980428e-19
2.06736667e+02 1.172642274491905e-19
2.06918333e+02 1.172127393117142e-19
2.07100000e+02 1.171613189366528e-19
2.07281667e+02 1.171099661755023e-19
2.07463333e+02 1.170586808802137e-19
2.07645000e+02 1.170074629031916e-19
2.07826667e+02 1.169563120972923e-19
2.08008333e+02 1.169052283158219e-19
2.08190000e+02 1.168542114125345e-19
2.08371667e+02 1.168032612416309e-19
2.08553333e+02 1.167523776577561e-19
2.08735000e+02 1.167015605159983e-19
2.08916667e+02 1.166508096718866e-19
2.09098333e+02 1.166001249813897e-19
2.09280000e+02 1.165495063009138e-19
2.09461667e+02 1.164989534873012e-19
2.09643333e+02 1.164484663978284e-19
2.09825000e+02 1.163980448902047e-19
2.10006667e+02 1.163476888225700e-19
2.10188333e+02 1.162973980534936e-19
2.10370000e+02 1.162471724419723e-19
2.10551667e+02 1.161970118474290e-19
2.10733333e+02 1.161469161297105e-19
2.10915000e+02 1.160968851490865e-19
2.11096667e+02 1.160469187662475e-19
2.11278333e+02 1.159970168423034e-19
2.11460000e+02 1.159471792387817e-19
2.11641667e+02 1.158974058176263e-19
2.11823333e+02 1.158476964411953e-19
2.12005000e+02 1.157980509722597e-19
2.12186667e+02 1.157484692740021e-19
2.12368333e+02 1.156989512100144e-19
2.12550000e+02 1.156494966442970e-19
2.12731667e+02 1.156001054412567e-19
2.12913333e+02 1.155507774657053e-19
2.13095000e+02 1.155015125828582e-19
2.13276667e+02 1.154523106583327e-19
2.13458333e+02 1.154031715581462e-19
2.13640000e+02 1.153540951487153e-19
2.13821667e+02 1.153050812968537e-19
2.14003333e+02 1.152561298697709e-19
2.14185000e+02 1.152072407350709e-19
2.14366667e+02 1.151584137607502e-19
2.14548333e+02 1.151096488151968e-19
2.14730000e+02 1.150609457671884e-19
2.14911667e+02 1.150123044858910e-19
2.15093333e+02 1.149637248408575e-19
2.15275000e+02 1.149152067020261e-19
2.15456667e+02 1.148667499397190e-19
2.15638333e+02 1.148183544246407e-19
2.15820000e+02 1.147700200278769e-19
2.16001667e+02 1.147217466208927e-19
2.16183333e+02 1.146735340755313e-19
2.16365000e+02 1.146253822640128e-19
2.16546667e+02 1.145772910589323e-19
2.16728333e+02 1.145292603332591e-19
2.16910000e+02 1.144812899603345e-19
2.17091667e+02 1.144333798138712e-19
2.17273333e+02 1.143855297679515e-19
2.17455000e+02 1.143377396970258e-19
2.17636667e+02 1.142900094759115e-19
2.17818333e+02 1.142423389797915e-19
2.18000000e+02 1.141947280842127e-19
2.18181667e+02 1.141471766650849e-19
2.18363333e+02 1.140996845986792e-19
2.18545000e+02 1.140522517616269e-19
2.18726667e+02 1.140048780309179e-19
2.18908333e+02 1.139575632838993e-19
2.19090000e+02 1.139103073982747e-19
2.19271667e+02 1.138631102521018e-19
2.19453333e+02 1.138159717237922e-19
2.19635000e+02 1.137688916921093e-19
2.19816667e+02 1.137218700361672e-19
2.19998333e+02 1.136749066354298e-19
2.20180000e+02 1.136280013697087e-19
2.20361667e+02 1.135811541191627e-19
2.20543333e+02 1.135343647642961e-19
2.20725000e+02 1.134876331859573e-19
2.20906667e+02 1.134409592653380e-19
2.21088333e+02 1.133943428839715e-19
2.21270000e+02 1.133477839237316e-19
2.21451667e+02 1.133012822668315e-19
2.21633333e+02 1.132548377958221e-19
2.21815000e+02 1.132084503935912e-19
2.21996667e+02 1.131621199433621e-19
2.22178333e+02 1.131158463286924e-19
2.22360000e+02 1.130696294334726e-19
2.22541667e+02 1.130234691419251e-19
2.22723333e+02 1.129773653386029e-19
2.22905000e+02 1.129313179083883e-19
2.23086667e+02 1.128853267364918e-19
2.23268333e+02 1.128393917084509e-19
2.23450000e+02 1.127935127101290e-19
2.23631667e+02 1.127476896277138e-19
2.23813333e+02 1.127019223477165e-19
2.23995000e+02 1.126562107569707e-19
2.24176667e+02 1.126105547426308e-19
2.24358333e+02 1.125649541921713e-19
2.24540000e+02 1.125194089933850e-19
2.24721667e+02 1.124739190343828e-19
2.24903333e+02 1.124284842035915e-19
2.25085000e+02 1.123831043897535e-19
2.25266667e+02 1.123377794819250e-19
2.25448333e+02 1.122925093694755e-19
2.25630000e+02 1.122472939420859e-19
2.25811667e+02 1.122021330897482e-19
2.25993333e+02 1.121570267027637e-19
2.26175000e+02 1.121119746717422e-19
2.26356667e+02 1.120669768876010e-19
2.26538333e+02 1.120220332415635e-19
2.26720000e+02 1.119771436251582e-19
2.26901667e+02 1.119323079302176e-19
2.27083333e+02 1.118875260488772e-19
2.27265000e+02 1.118427978735745e-19
2.27446667e+02 1.117981232970473e-19
2.27628333e+02 1.117535022123336e-19
2.27810000e+02 1.117089345127696e-19
2.27991667e+02 1.116644200919893e-19
2.28173333e+02 1.116199588439229e-19
2.28355000e+02 1.115755506627963e-19
2.28536667e+02 1.115311954431295e-19
2.28718333e+02 1.114868930797359e-19
2.28900000e+02 1.114426434677211e-19
2.29081667e+02 1.113984465024819e-19
2.29263333e+02 1.113543020797053e-19
2.29445000e+02 1.113102100953675e-19
2.29626667e+02 1.112661704457325e-19
2.29808333e+02 1.112221830273518e-19
2.29990000e+02 1.111782477370626e-19
2.30171667e+02 1.111343644719874e-19
2.30353333e+02 1.110905331295324e-19
2.30535000e+02 1.110467536073871e-19
2.30716667e+02 1.110030258035230e-19
2.30898333e+02 1.109593496161924e-19
2.31080000e+02 1.109157249439278e-19
2.31261667e+02 1.108721516855408e-19
2.31443333e+02 1.108286297401208e-19
2.31625000e+02 1.107851590070344e-19
2.31806667e+02 1.107417393859244e-19
2.31988333e+02 1.106983707767086e-19
2.32170000e+02 1.106550530795788e-19
2.32351667e+02 1.106117861950001e-19
2.32533333e+02 1.105685700237100e-19
2.32715000e+02 1.105254044667171e-19
2.32896667e+02 1.104822894253002e-19
2.33078333e+02 1.104392248010076e-19
2.33260000e+02 1.103962104956560e-19
2.33441667e+02 1.103532464113296e-19
2.33623333e+02 1.103103324503791e-19
2.33805000e+02 1.102674685154208e-19
2.33986667e+02 1.102246545093358e-19
2.34168333e+02 1.101818903352686e-19
2.34350000e+02 1.101391758966271e-19
2.34531667e+02 1.100965110970806e-19
2.34713333e+02 1.100538958405597e-19
2.34895000e+02 1.100113300312551e-19
2.35076667e+02 1.099688135736165e-19
2.35258333e+02 1.099263463723520e-19
2.35440000e+02 1.098839283324272e-19
2.35621667e+02 1.098415593590640e-19
2.35803333e+02 1.097992393577401e-19
2.35985000e+02 1.097569682341879e-19
2.36166667e+02 1.097147458943935e-19
2.36348333e+02 1.096725722445961e-19
2.36530000e+02 1.096304471912869e-19
2.36711667e+02 1.095883706412085e-19
2.36893333e+02 1.095463425013536e-19
2.37075000e+02 1.095043626789647e-19
2.37256667e+02 1.094624310815326e-19
2.37438333e+02 1.094205476167961e-19
2.37620000e+02 1.093787121927409e-19
2.37801667e+02 1.093369247175987e-19
2.37983333e+02 1.092951850998466e-19
2.38165000e+02 1.092534932482057e-19
2.38346667e+02 1.092118490716410e-19
2.38528333e+02 1.091702524793602e-19
2.38710000e+02 1.091287033808128e-19
2.38891667e+02 1.090872016856892e-19
2.39073333e+02 1.090457473039204e-19
2.39255000e+02 1.090043401456764e-19
2.39436667e+02 1.089629801213661e-19
2.39618333e+02 1.089216671416361e-19
2.39800000e+02 1.088804011173698e-19
2.39981667e+02 1.088391819596870e-19
2.40163333e+02 1.087980095799426e-19
2.40345000e+02 1.087568838897264e-19
2.40526667e+02 1.087158048008616e-19
2.40708333e+02 1.086747722254046e-19
2.40890000e+02 1.086337860756439e-19
2.41071667e+02 1.085928462640993e-19
2.41253333e+02 1.085519527035214e-19
2.41435000e+02 1.085111053068903e-19
2.41616667e+02 1.084703039874156e-19
2.41798333e+02 1.084295486585348e-19
2.41980000e+02 1.083888392339129e-19
2.42161667e+02 1.083481756274419e-19
2.42343333e+02 1.083075577532395e-19
2.42525000e+02 1.082669855256487e-19
2.42706667e+02 1.082264588592370e-19
2.42888333e+02 1.081859776687955e-19
2.43070000e+02 1.081455418693383e-19
2.43251667e+02 1.081051513761016e-19
2.43433333e+02 1.080648061045430e-19
2.43615000e+02 1.080245059703411e-19
2.43796667e+02 1.079842508893941e-19
2.43978333e+02 1.079440407778196e-19
2.44160000e+02 1.079038755519536e-19
2.44341667e+02 1.078637551283500e-19
2.44523333e+02 1.078236794237795e-19
2.44705000e+02 1.077836483552293e-19
2.44886667e+02 1.077436618399020e-19
2.45068333e+02 1.077037197952154e-19
2.45250000e+02 1.076638221388009e-19
2.45431667e+02 1.076239687885038e-19
2.45613333e+02 1.075841596623820e-19
2.45795000e+02 1.075443946787052e-19
2.45976667e+02 1.075046737559547e-19
2.46158333e+02 1.074649968128221e-19
2.46340000e+02 1.074253637682093e-19
2.46521667e+02 1.073857745412271e-19
2.46703333e+02 1.073462290511948e-19
2.46885000e+02 1.073067272176398e-19
2.47066667e+02 1.072672689602963e-19
2.47248333e+02 1.072278541991051e-19
2.47430000e+02 1.071884828542130e-19
2.47611667e+02 1.071491548459714e-19
2.47793333e+02 1.071098700949366e-19
2.47975000e+02 1.070706285218684e-19
2.48156667e+02 1.070314300477296e-19
2.48338333e+02 1.069922745936855e-19
2.48520000e+02 1.069531620811032e-19
2.48701667e+02 1.069140924315508e-19
2.48883333e+02 1.068750655667967e-19
2.49065000e+02 1.068360814088093e-19
2.49246667e+02 1.067971398797559e-19
2.49428333e+02 1.067582409020024e-19
2.49610000e+02 1.067193843981122e-19
2.49791667e+02 1.066805702908462e-19
2.49973333e+02 1.066417985031615e-19
2.50155000e+02 1.066030689582114e-19
2.50336667e+02 1.065643815793441e-19
2.50518333e+02 1.065257362901025e-19
2.50700000e+02 1.064871330142235e-19
2.50881667e+02 1.064485716756373e-19
2.51063333e+02 1.064100521984667e-19
2.51245000e+02 1.063715745070267e-19
2.51426667e+02 1.063331385258235e-19
2.51608333e+02 1.062947441795544e-19
2.51790000e+02 1.062563913931067e-19
2.51971667e+02 1.062180800915574e-19
2.52153333e+02 1.061798102001723e-19
2.52335000e+02 1.061415816444057e-19
2.52516667e+02 1.061033943498996e-19
2.52698333e+02 1.060652482424831e-19
2.52880000e+02 1.060271432481718e-19
2.53061667e+02 1.059890792931673e-19
2.53243333e+02 1.059510563038565e-19
2.53425000e+02 1.059130742068109e-19
2.53606667e+02 1.058751329287865e-19
2.53788333e+02 1.058372323967223e-19
2.53970000e+02 1.057993725377407e-19
2.54151667e+02 1.057615532791462e-19
2.54333333e+02 1.057237745484252e-19
2.54515000e+02 1.056860362732452e-19
2.54696667e+02 1.056483383814544e-19
2.54878333e+02 1.056106808010809e-19
2.55060000e+02 1.055730634603324e-19
2.55241667e+02 1.055354862875954e-19
2.55423333e+02 1.054979492114346e-19
2.55605000e+02 1.054604521605927e-19
2.55786667e+02 1.054229950639891e-19
2.55968333e+02 1.053855778507204e-19
2.56150000e+02 1.053482004500588e-19
2.56331667e+02 1.053108627914520e-19
2.56513333e+02 1.052735648045229e-19
2.56695000e+02 1.052363064190683e-19
2.56876667e+02 1.051990875650593e-19
2.57058333e+02 1.051619081726400e-19
2.57240000e+02 1.051247681721270e-19
2.57421667e+02 1.050876674940095e-19
2.57603333e+02 1.050506060689479e-19
2.57785000e+02 1.050135838277738e-19
2.57966667e+02 1.049766007014894e-19
2.58148333e+02 1.049396566212668e-19
2.58330000e+02 1.049027515184476e-19
2.58511667e+02 1.048658853245421e-19
2.58693333e+02 1.048290579712293e-19
2.58875000e+02 1.047922693903556e-19
2.59056667e+02 1.047555195139352e-19
2.59238333e+02 1.047188082741486e-19
2.59420000e+02 1.046821356033430e-19
2.59601667e+02 1.046455014340311e-19
2.59783333e+02 1.046089056988906e-19
2.59965000e+02 1.045723483307643e-19
2.60146667e+02 1.045358292626590e-19
2.60328333e+02 1.044993484277450e-19
2.60510000e+02 1.044629057593560e-19
2.60691667e+02 1.044265011909882e-19
2.60873333e+02 1.043901346562998e-19
2.61055000e+02 1.043538060891108e-19
2.61236667e+02 1.043175154234023e-19
2.61418333e+02 1.042812625933159e-19
2.61600000e+02 1.042450475331533e-19
2.61781667e+02 1.042088701773759e-19
2.61963333e+02 1.041727304606043e-19
2.62145000e+02 1.041366283176172e-19
2.62326667e+02 1.041005636833521e-19
2.62508333e+02 1.040645364929036e-19
2.62690000e+02 1.040285466815236e-19
2.62871667e+02 1.039925941846208e-19
2.63053333e+02 1.039566789377597e-19
2.63235000e+02 1.039208008766609e-19
2.63416667e+02 1.038849599371998e-19
2.63598333e+02 1.038491560554067e-19
2.63780000e+02 1.038133891674661e-19
2.63961667e+02 1.037776592097162e-19
2.64143333e+02 1.037419661186485e-19
2.64325000e+02 1.037063098309073e-19
2.64506667e+02 1.036706902832893e-19
2.64688333e+02 1.036351074127428e-19
2.64870000e+02 1.035995611563678e-19
2.65051667e+02 1.035640514514150e-19
2.65233333e+02 1.035285782352857e-19
2.65415000e+02 1.034931414455311e-19
2.65596667e+02 1.034577410198518e-19
2.65778333e+02 1.034223768960978e-19
2.65960000e+02 1.033870490122674e-19
2.66141667e+02 1.033517573065072e-19
2.66323333e+02 1.033165017171114e-19
2.66505000e+02 1.032812821825217e-19
2.66686667e+02 1.032460986413261e-19
2.66868333e+02 1.032109510322595e-19
2.67050000e+02 1.031758392942024e-19
2.67231667e+02 1.031407633661807e-19
2.67413333e+02 1.031057231873654e-19
2.67595000e+02 1.030707186970721e-19
2.67776667e+02 1.030357498347605e-19
2.67958333e+02 1.030008165400339e-19
2.68140000e+02 1.029659187526388e-19
2.68321667e+02 1.029310564124648e-19
2.68503333e+02 1.028962294595435e-19
2.68685000e+02 1.028614378340486e-19
2.68866667e+02 1.028266814762954e-19
2.69048333e+02 1.027919603267402e-19
2.69230000e+02 1.027572743259798e-19
2.69411667e+02 1.027226234147515e-19
2.69593333e+02 1.026880075339321e-19
2.69775000e+02 1.026534266245380e-19
2.69956667e+02 1.026188806277245e-19
2.70138333e+02 1.025843694847853e-19
2.70320000e+02 1.025498931371523e-19
2.70501667e+02 1.025154515263951e-19
2.70683333e+02 1.024810445942206e-19
2.70865000e+02 1.024466722824726e-19
2.71046667e+02 1.024123345331311e-19
2.71228333e+02 1.023780312883124e-19
2.71410000e+02 1.023437624902684e-19
2.71591667e+02 1.023095280813861e-19
2.71773333e+02 1.022753280041874e-19
2.71955000e+02 1.022411622013286e-19
2.72136667e+02 1.022070306155998e-19
2.72318333e+02 1.021729331899252e-19
2.72500000e+02 1.021388698673616e-19
2.72681667e+02 1.021048405910990e-19
2.72863333e+02 1.020708453044596e-19
2.73045000e+02 1.020368839508979e-19
2.73226667e+02 1.020029564739996e-19
2.73408333e+02 1.019690628174819e-19
2.73590000e+02 1.019352029251927e-19
2.73771667e+02 1.019013767411105e-19
2.73953333e+02 1.018675842093436e-19
2.74135000e+02 1.018338252741301e-19
2.74316667e+02 1.018000998798373e-19
2.74498333e+02 1.017664079709616e-19
2.74680000e+02 1.017327494921276e-19
2.74861667e+02 1.016991243880883e-19
2.75043333e+02 1.016655326037241e-19
2.75225000e+02 1.016319740840432e-19
2.75406667e+02 1.015984487741803e-19
2.75588333e+02 1.015649566193971e-19
2.75770000e+02 1.015314975650814e-19
2.75951667e+02 1.014980715567467e-19
2.76133333e+02 1.014646785400321e-19
2.76315000e+02 1.014313184607020e-19
2.76496667e+02 1.013979912646453e-19
2.76678333e+02 1.013646968978752e-19
2.76860000e+02 1.013314353065292e-19
2.77041667e+02 1.012982064368683e-19
2.77223333e+02 1.012650102352766e-19
2.77405000e+02 1.012318466482614e-19
2.77586667e+02 1.011987156224524e-19
2.77768333e+02 1.011656171046014e-19
2.77950000e+02 1.011325510415823e-19
2.78131667e+02 1.010995173803902e-19
2.78313333e+02 1.010665160681415e-19
2.78495000e+02 1.010335470520733e-19
2.78676667e+02 1.010006102795429e-19
2.78858333e+02 1.009677056980280e-19
2.79040000e+02 1.009348332551258e-19
2.79221667e+02 1.009019928985529e-19
2.79403333e+02 1.008691845761449e-19
2.79585000e+02 1.008364082358560e-19
2.79766667e+02 1.008036638257587e-19
2.79948333e+02 1.007709512940436e-19
2.80130000e+02 1.007382705890188e-19
2.80311667e+02 1.007056216591096e-19
2.80493333e+02 1.006730044528584e-19
2.80675000e+02 1.006404189189240e-19
2.80856667e+02 1.006078650060818e-19
2.81038333e+02 1.005753426632226e-19
2.81220000e+02 1.005428518393532e-19
2.81401667e+02 1.005103924835955e-19
2.81583333e+02 1.004779645451862e-19
2.81765000e+02 1.004455679734767e-19
2.81946667e+02 1.004132027179326e-19
2.82128333e+02 1.003808687281335e-19
2.82310000e+02 1.003485659537723e-19
2.82491667e+02 1.003162943446555e-19
2.82673333e+02 1.002840538507022e-19
2.82855000e+02 1.002518444219444e-19
2.83036667e+02 1.002196660085262e-19
2.83218333e+02 1.001875185607036e-19
2.83400000e+02 1.001554020288444e-19
2.83581667e+02 1.001233163634274e-19
2.83763333e+02 1.000912615150428e-19
2.83945000e+02 1.000592374343910e-19
2.84126667e+02 1.000272440722832e-19
2.84308333e+02 9.999528137964029e-20
2.84490000e+02 9.996334930749297e-20
2.84671667e+02 9.993144780698138e-20
2.84853333e+02 9.989957682935468e-20
2.85035000e+02 9.986773632597080e-20
2.85216667e+02 9.983592624829621e-20
2.85398333e+02 9.980414654790542e-20
2.85580000e+02 9.977239717648079e-20
2.85761667e+02 9.974067808581224e-20
2.85943333e+02 9.970898922779694e-20
2.86125000e+02 9.967733055443889e-20
2.86306667e+02 9.964570201784874e-20
2.86488333e+02 9.961410357024345e-20
2.86670000e+02 9.958253516394597e-20
2.86851667e+02 9.955099675138494e-20
2.87033333e+02 9.951948828509440e-20
2.87215000e+02 9.948800971771352e-20
2.87396667e+02 9.945656100198620e-20
2.87578333e+02 9.942514209076088e-20
2.87760000e+02 9.939375293699021e-20
2.87941667e+02 9.936239349373074e-20
2.88123333e+02 9.933106371414260e-20
2.88305000e+02 9.929976355148929e-20
2.88486667e+02 9.926849295913730e-20
2.88668333e+02 9.923725189055587e-20
2.88850000e+02 9.920604029931667e-20
2.89031667e+02 9.917485813909349e-20
2.89213333e+02 9.914370536366210e-20
2.89395000e+02 9.911258192689969e-20
2.89576667e+02 9.908148778278485e-20
2.89758333e+02 9.905042288539715e-20
2.89940000e+02 9.901938718891682e-20
2.90121667e+02 9.898838064762464e-20
2.90303333e+02 9.895740321590143e-20
2.90485000e+02 9.892645484822792e-20
2.90666667e+02 9.889553549918446e-20
2.90848333e+02 9.886464512345067e-20
2.91030000e+02 9.883378367580521e-20
2.91211667e+02 9.880295111112549e-20
2.91393333e+02 9.877214738438741e-20
2.91575000e+02 9.874137245066504e-20
2.91756667e+02 9.871062626513040e-20
2.91938333e+02 9.867990878305317e-20
2.92120000e+02 9.864921995980034e-20
2.92301667e+02 9.861855975083609e-20
2.92483333e+02 9.858792811172137e-20
2.92665000e+02 9.855732499811374e-20
2.92846667e+02 9.852675036576699e-20
2.93028333e+02 9.849620417053102e-20
2.93210000e+02 9.846568636835137e-20
2.93391667e+02 9.843519691526918e-20
2.93573333e+02 9.840473576742075e-20
2.93755000e+02 9.837430288103735e-20
2.93936667e+02 9.834389821244495e-20
2.94118333e+02 9.831352171806395e-20
2.94300000e+02 9.828317335440892e-20
2.94481667e+02 9.825285307808832e-20
2.94663333e+02 9.822256084580429e-20
2.94845000e+02 9.819229661435229e-20
2.95026667e+02 9.816206034062100e-20
2.95208333e+02 9.813185198159191e-20
2.95390000e+02 9.810167149433911e-20
2.95571667e+02 9.807151883602909e-20
2.95753333e+02 9.804139396392043e-20
2.95935000e+02 9.801129683536353e-20
2.96116667e+02 9.798122740780040e-20
2.96298333e+02 9.795118563876440e-20
2.96480000e+02 9.792117148587997e-20
2.96661667e+02 9.789118490686239e-20
2.96843333e+02 9.786122585951750e-20
2.97025000e+02 9.783129430174153e-20
2.97206667e+02 9.780139019152074e-20
2.97388333e+02 9.777151348693128e-20
2.97570000e+02 9.774166414613888e-20
2.97751667e+02 9.771184212739861e-20
2.97933333e+02 9.768204738905464e-20
2.98115000e+02 9.765227988954002e-20
2.98296667e+02 9.762253958737640e-20
2.98478333e+02 9.759282644117380e-20
2.98660000e+02 9.756314040963036e-20
2.98841667e+02 9.753348145153218e-20
2.99023333e+02 9.750384952575289e-20
2.99205000e+02 9.747424459125362e-20
2.99386667e+02 9.744466660708266e-20
2.99568333e+02 9.741511553237519e-20
2.99750000e+02 9.738559132635316e-20
2.99931667e+02 9.735609394832490e-20
3.00113333e+02 9.732662335768499e-20
3.00295000e+02 9.729717951391403e-20
3.00476667e+02 9.726776237657834e-20
3.00658333e+02 9.723837190532979e-20
3.00840000e+02 9.720900805990552e-20
3.01021667e+02 9.717967080012773e-20
3.01203333e+02 9.715036008590348e-20
3.01385000e+02 9.712107587722433e-20
3.01566667e+02 9.709181813416631e-20
3.01748333e+02 9.706258681688959e-20
3.01930000e+02 9.703338188563818e-20
3.02111667e+02 9.700420330073982e-20
3.02293333e+02 9.697505102260569e-20
3.02475000e+02 9.694592501173021e-20
3.02656667e+02 9.691682522869082e-20
3.02838333e+02 9.688775163414772e-20
3.03020000e+02 9.685870418884368e-20
3.03201667e+02 9.682968285360381e-20
3.03383333e+02 9.680068758933534e-20
3.03565000e+02 9.677171835702739e-20
3.03746667e+02 9.674277511775074e-20
3.03928333e+02 9.671385783265761e-20
3.04110000e+02 9.668496646298155e-20
3.04291667e+02 9.665610097003699e-20
3.04473333e+02 9.662726131521927e-20
3.04655000e+02 9.659844746000425e-20
3.04836667e+02 9.656965936594817e-20
3.05018333e+02 9.654089699468743e-20
3.05200000e+02 9.651216030793839e-20
3.05381667e+02 9.648344926749704e-20
3.05563333e+02 9.645476383523899e-20
3.05745000e+02 9.642610397311911e-20
3.05926667e+02 9.639746964317130e-20
3.06108333e+02 9.636886080750840e-20
3.06290000e+02 9.634027742832190e-20
3.06471667e+02 9.631171946788171e-20
3.06653333e+02 9.628318688853603e-20
3.06835000e+02 9.625467965271101e-20
3.07016667e+02 9.622619772291075e-20
3.07198333e+02 9.619774106171688e-20
3.07380000e+02 9.616930963178849e-20
3.07561667e+02 9.614090339586180e-20
3.07743333e+02 9.611252231675016e-20
3.07925000e+02 9.608416635734361e-20
3.08106667e+02 9.605583548060881e-20
3.08288333e+02 9.602752964958887e-20
3.08470000e+02 9.599924882740300e-20
3.08651667e+02 9.597099297724645e-20
3.08833333e+02 9.594276206239025e-20
3.09015000e+02 9.591455604618100e-20
3.09196667e+02 9.588637489204071e-20
3.09378333e+02 9.585821856346654e-20
3.09560000e+02 9.583008702403068e-20
3.09741667e+02 9.580198023738006e-20
3.09923333e+02 9.577389816723626e-20
3.10105000e+02 9.574584077739520e-20
3.10286667e+02 9.571780803172705e-20
3.10468333e+02 9.568979989417596e-20
3.10650000e+02 9.566181632875986e-20
3.10831667e+02 9.563385729957033e-20
3.11013333e+02 9.560592277077239e-20
3.11195000e+02 9.557801270660423e-20
3.11376667e+02 9.555012707137714e-20
3.11558333e+02 9.552226582947520e-20
3.11740000e+02 9.549442894535519e-20
3.11921667e+02 9.546661638354632e-20
3.12103333e+02 9.543882810865010e-20
3.12285000e+02 9.541106408534011e-20
3.12466667e+02 9.538332427836179e-20
3.12648333e+02 9.535560865253236e-20
3.12830000e+02 9.532791717274050e-20
3.13011667e+02 9.530024980394627e-20
3.13193333e+02 9.527260651118083e-20
3.13375000e+02 9.524498725954635e-20
3.13556667e+02 9.521739201421574e-20
3.13738333e+02 9.518982074043250e-20
3.13920000e+02 9.516227340351057e-20
3.14101667e+02 9.513474996883410e-20
3.14283333e+02 9.510725040185725e-20
3.14465000e+02 9.507977466810412e-20
3.14646667e+02 9.505232273316838e-20
3.14828333e+02 9.502489456271328e-20
3.15010000e+02 9.499749012247139e-20
3.15191667e+02 9.497010937824434e-20
3.15373333e+02 9.494275229590279e-20
3.15555000e+02 9.491541884138618e-20
3.15736667e+02 9.488810898070251e-20
3.15918333e+02 9.486082267992822e-20
3.16100000e+02 9.483355990520797e-20
3.16281667e+02 9.480632062275459e-20
3.16463333e+02 9.477910479884868e-20
3.16645000e+02 9.475191239983863e-20
3.16826667e+02 9.472474339214036e-20
3.17008333e+02 9.469759774223716e-20
3.17190000e+02 9.467047541667952e-20
3.17371667e+02 9.464337638208490e-20
3.17553333e+02 9.461630060513775e-20
3.17735000e+02 9.458924805258903e-20
3.17916667e+02 9.456221869125632e-20
3.18098333e+02 9.453521248802351e-20
3.18280000e+02 9.450822940984063e-20
3.18461667e+02 9.448126942372373e-20
3.18643333e+02 9.445433249675466e-20
3.18825000e+02 9.442741859608100e-20
3.19006667e+02 9.440052768891574e-20
3.19188333e+02 9.437365974253720e-20
3.19370000e+02 9.434681472428891e-20
3.19551667e+02 9.431999260157935e-20
3.19733333e+02 9.429319334188181e-20
3.19915000e+02 9.426641691273428e-20
3.20096667e+02 9.423966328173917e-20
3.20278333e+02 9.421293241656330e-20
3.20460000e+02 9.418622428493759e-20
3.20641667e+02 9.415953885465700e-20
3.20823333e+02 9.413287609358028e-20
3.21005000e+02 9.410623596962988e-20
3.21186667e+02 9.407961845079181e-20
3.21368333e+02 9.405302350511532e-20
3.21550000e+02 9.402645110071294e-20
3.21731667e+02 9.399990120576017e-20
3.21913333e+02 9.397337378849545e-20
3.22095000e+02 9.394686881721985e-20
3.22276667e+02 9.392038626029701e-20
3.22458333e+02 9.389392608615298e-20
3.22640000e+02 9.386748826327604e-20
3.22821667e+02 9.384107276021653e-20
3.23003333e+02 9.381467954558672e-20
3.23185000e+02 9.378830858806064e-20
3.23366667e+02 9.376195985637392e-20
3.23548333e+02 9.373563331932363e-20
3.23730000e+02 9.370932894576812e-20
3.23911667e+02 9.368304670462696e-20
3.24093333e+02 9.365678656488061e-20
3.24275000e+02 9.363054849557041e-20
3.24456667e+02 9.360433246579834e-20
3.24638333e+02 9.357813844472696e-20
3.24820000e+02 9.355196640157917e-20
3.25001667e+02 9.352581630563808e-20
3.25183333e+02 9.349968812624689e-20
3.25365000e+02 9.347358183280872e-20
3.25546667e+02 9.344749739478644e-20
3.25728333e+02 9.342143478170256e-20
3.25910000e+02 9.339539396313904e-20
3.26091667e+02 9.336937490873717e-20
3.26273333e+02 9.334337758819738e-20
3.26455000e+02 9.331740197127918e-20
3.26636667e+02 9.329144802780090e-20
3.26818333e+02 9.326551572763964e-20
3.27000000e+02 9.323960504073102e-20
3.27181667e+02 9.321371593706920e-20
-----------------------------
