SPECIES: e / A
PROCESS: E + A -> E + A, Elastic
PARAM.:  m/M = 0.0000195921, complete set
COMMENT: [e + A(gnd) -> e + A(gnd), Elastic]
UPDATED: 2018-06-05 11:00:00
COLUMNS: Energy (eV) | Cross section (m2)
-----------------------------
0.00000000e+00 1.411209942598131e-17
4.77222222e-02 7.718163461363142e-18
9.54444444e-02 5.457565721836114e-18
1.43166667e-01 4.456083752067544e-18
1.90888889e-01 3.859081730681571e-18
2.38611111e-01 3.451667632212612e-18
2.86333333e-01 3.150927038622155e-18
3.34055556e-01 2.917191585273193e-18
3.81777778e-01 2.728782860918057e-18
4.29500000e-01 2.572721153787714e-18
4.77222222e-01 2.440697589139652e-18
5.24944444e-01 2.327113842906567e-18
5.72666667e-01 2.228041876033772e-18
6.20388889e-01 2.140633393258265e-18
6.68111111e-01 2.062765951967009e-18
7.15833333e-01 1.992821236611070e-18
7.63555556e-01 1.929540865340786e-18
8.11277778e-01 1.871929599234297e-18
8.59000000e-01 1.819188573945371e-18
9.06722222e-01 1.770668134621581e-18
9.54444444e-01 1.725833816106306e-18
1.00216667e+00 1.684241347035189e-18
1.04988889e+00 1.645517978912320e-18
1.09761111e+00 1.609348331742860e-18
1.14533333e+00 1.575463519311077e-18
1.19305556e+00 1.543632692272629e-18
1.24077778e+00 1.513656388407289e-18
1.28850000e+00 1.485361250689181e-18
1.33622222e+00 1.458595792636597e-18
1.38394444e+00 1.433226974063594e-18
1.43166667e+00 1.409137410100249e-18
1.47938889e+00 1.386223079570146e-18
1.52711111e+00 1.364391430459029e-18
1.57483333e+00 1.343559803637011e-18
1.62255556e+00 1.323654113522388e-18
1.67027778e+00 1.304607737612247e-18
1.71800000e+00 1.286360576893857e-18
1.76572222e+00 1.268858256905312e-18
1.81344444e+00 1.252051445221854e-18
1.86116667e+00 1.235895265833961e-18
1.90888889e+00 1.220348794569826e-18
1.95661111e+00 1.205374622632267e-18
2.00433333e+00 1.190938477643348e-18
2.05205556e+00 1.177008893451227e-18
2.09977778e+00 1.163556921453284e-18
2.14750000e+00 1.150555877404204e-18
2.19522222e+00 1.137981118666634e-18
2.24294444e+00 1.125809847671095e-18
2.29066667e+00 1.114020938016886e-18
2.33838889e+00 1.102594780194735e-18
2.38611111e+00 1.091513144367223e-18
2.43383333e+00 1.080759058021950e-18
2.48155556e+00 1.070316696629132e-18
2.52927778e+00 1.060171285701007e-18
2.57700000e+00 1.050309012874052e-18
2.62472222e+00 1.040716948823970e-18
2.67244444e+00 1.031382975983505e-18
2.72016667e+00 1.022295724169262e-18
2.76788889e+00 1.013444512339843e-18
2.81561111e+00 1.004819295806854e-18
2.86333333e+00 9.964106183055349e-19
2.91105556e+00 9.882095684050177e-19
2.95877778e+00 9.802077398013490e-19
3.00650000e+00 9.723971950910643e-19
3.05422222e+00 9.647704326703928e-19
3.10194444e+00 9.573203564463041e-19
3.14966667e+00 9.500402480813968e-19
3.19738889e+00 9.429237415258726e-19
3.24511111e+00 9.359647996171486e-19
3.29283333e+00 9.291576925516152e-19
3.34055556e+00 9.224969780540599e-19
3.38827778e+00 9.159774830887760e-19
3.43600000e+00 9.095942869726856e-19
3.48372222e+00 9.033427057652002e-19
3.53144444e+00 8.972182778222883e-19
3.57916667e+00 8.912167504135089e-19
3.62688889e+00 8.853340673107905e-19
3.67461111e+00 8.795663572666583e-19
3.72233333e+00 8.739099233075446e-19
3.77005556e+00 8.683612327748993e-19
3.81777778e+00 8.629169080531531e-19
3.86550000e+00 8.575737179292381e-19
3.91322222e+00 8.523285695334519e-19
3.96094444e+00 8.471785008159924e-19
4.00866667e+00 8.421206735175947e-19
4.05638889e+00 8.371523665963653e-19
4.10411111e+00 8.322709700762371e-19
4.15183333e+00 8.274739792854487e-19
4.19955556e+00 8.227589894561599e-19
4.24727778e+00 8.181236906587481e-19
4.29500000e+00 8.135658630465507e-19
4.34272222e+00 8.090833723888139e-19
4.39044444e+00 8.046741658714299e-19
4.43816667e+00 8.003362681466955e-19
4.48588889e+00 7.960677776148257e-19
4.53361111e+00 7.918668629213206e-19
4.58133333e+00 7.877317596555387e-19
4.62905556e+00 7.836607672369485e-19
4.67677778e+00 7.796522459765877e-19
4.72450000e+00 7.757046143021892e-19
4.77222222e+00 7.718163461363143e-19
4.81994444e+00 7.679859684176186e-19
4.86766667e+00 7.642120587561058e-19
4.91538889e+00 7.604932432138968e-19
4.96311111e+00 7.568281942036443e-19
5.01083333e+00 7.532156284972995e-19
5.05855556e+00 7.496543053384426e-19
5.10627778e+00 7.461430246518731e-19
5.15400000e+00 7.426806253445907e-19
5.20172222e+00 7.392659836927083e-19
5.24944444e+00 7.358980118092026e-19
5.29716667e+00 7.325756561877611e-19
5.34488889e+00 7.292978963182983e-19
5.39261111e+00 7.260637433700086e-19
5.44033333e+00 7.228722389380976e-19
5.48805556e+00 7.197224538505835e-19
5.53577778e+00 7.166134870317969e-19
5.58350000e+00 7.135444644194214e-19
5.63122222e+00 7.105145379321176e-19
5.67894444e+00 7.075228844849650e-19
5.72666667e+00 7.045687050501243e-19
5.77438889e+00 7.016512237602857e-19
5.82211111e+00 6.987696870526193e-19
5.86983333e+00 6.959233628510830e-19
5.91755556e+00 6.931115397850728e-19
5.96527778e+00 6.903335264425224e-19
6.01300000e+00 6.875886506556699e-19
6.06072222e+00 6.848762588178190e-19
6.10844444e+00 6.821957152295143e-19
6.15616667e+00 6.795464014726494e-19
6.20388889e+00 6.769277158111043e-19
6.25161111e+00 6.743390726165977e-19
6.29933333e+00 6.717799018185056e-19
6.34705556e+00 6.692496483764771e-19
6.39477778e+00 6.667477717747359e-19
6.44250000e+00 6.642737455370232e-19
6.49022222e+00 6.618270567611939e-19
6.53794444e+00 6.594072056725303e-19
6.58566667e+00 6.570137051948924e-19
6.63338889e+00 6.546460805388663e-19
6.68111111e+00 6.523038688061235e-19
6.72883333e+00 6.499866186092384e-19
6.77655556e+00 6.476938897062598e-19
6.82427778e+00 6.454252526493600e-19
6.87200000e+00 6.431802884469286e-19
6.91972222e+00 6.409585882385049e-19
6.96744444e+00 6.387597529819772e-19
7.01516667e+00 6.365833931525064e-19
7.06288889e+00 6.344291284526559e-19
7.11061111e+00 6.322965875332413e-19
7.15833333e+00 6.301854077244310e-19
7.20605556e+00 6.280952347766588e-19
7.25377778e+00 6.260257226109272e-19
7.30150000e+00 6.239765330780990e-19
7.34922222e+00 6.219473357268037e-19
7.39694444e+00 6.199378075795892e-19
7.44466667e+00 6.179476329169806e-19
7.49238889e+00 6.159765030691149e-19
7.54011111e+00 6.140241162146414e-19
7.58783333e+00 6.120901771865881e-19
7.63555556e+00 6.101743972849131e-19
7.68327778e+00 6.082764940954690e-19
7.73100000e+00 6.063961913151239e-19
7.77872222e+00 6.045332185827905e-19
7.82644444e+00 6.026873113161337e-19
7.87416667e+00 6.008582105537252e-19
7.92188889e+00 5.990456628024413e-19
7.96961111e+00 5.972494198898889e-19
8.01733333e+00 5.954692388216739e-19
8.06505556e+00 5.937048816433187e-19
8.11277778e+00 5.919561153066565e-19
8.16050000e+00 5.902227115405269e-19
8.20822222e+00 5.885044467256134e-19
8.25594444e+00 5.868011017732656e-19
8.30366667e+00 5.851124620081575e-19
8.35138889e+00 5.834383170546386e-19
8.39911111e+00 5.817784607266418e-19
8.44683333e+00 5.801326909210172e-19
8.49455556e+00 5.785008095141660e-19
8.54227778e+00 5.768826222618563e-19
8.59000000e+00 5.752779387021019e-19
8.63772222e+00 5.736865720609992e-19
8.68544444e+00 5.721083391614110e-19
8.73316667e+00 5.705430603344007e-19
8.78088889e+00 5.689905593333168e-19
8.82861111e+00 5.674506632504337e-19
8.87633333e+00 5.659232024360635e-19
8.92405556e+00 5.644080104200471e-19
8.97177778e+00 5.629049238355476e-19
9.01950000e+00 5.614137823450631e-19
9.06722222e+00 5.599344285685841e-19
9.11494444e+00 5.584667080138227e-19
9.16266667e+00 5.570104690084430e-19
9.21038889e+00 5.555655626342254e-19
9.25811111e+00 5.541318426630990e-19
9.30583333e+00 5.527091654949821e-19
9.35355556e+00 5.512973900973674e-19
9.40127778e+00 5.498963779465975e-19
9.44900000e+00 5.485059929707733e-19
9.49672222e+00 5.471261014942413e-19
9.54444444e+00 5.457565721836114e-19
9.59216667e+00 5.443972759952517e-19
9.63988889e+00 5.430480861242158e-19
9.68761111e+00 5.417088779545556e-19
9.73533333e+00 5.403795290109748e-19
9.78305556e+00 5.390599189117811e-19
9.83077778e+00 5.377499293230968e-19
9.87850000e+00 5.364494439142866e-19
9.92622222e+00 5.351583483145662e-19
9.97394444e+00 5.338765300707533e-19
1.00216667e+01 5.326038786061279e-19
1.00693889e+01 5.313402851803637e-19
1.01171111e+01 5.300856428505035e-19
1.01648333e+01 5.288398464329408e-19
1.02125556e+01 5.276027924663808e-19
1.02602778e+01 5.263743791757500e-19
1.03080000e+01 5.251545064370258e-19
1.03557222e+01 5.239430757429582e-19
1.04034444e+01 5.227399901696577e-19
1.04511667e+01 5.215451543440233e-19
1.04988889e+01 5.203584744119852e-19
1.05466111e+01 5.191798580075396e-19
1.05943333e+01 5.180092142225506e-19
1.06420556e+01 5.168464535772988e-19
1.06897778e+01 5.156914879917523e-19
1.07375000e+01 5.145442307575429e-19
1.07852222e+01 5.134045965106223e-19
1.08329444e+01 5.122725012045847e-19
1.08806667e+01 5.111478620846311e-19
1.09283889e+01 5.100305976621603e-19
1.09761111e+01 5.089206276899696e-19
1.10238333e+01 5.078178731380438e-19
1.10715556e+01 5.067222561699217e-19
1.11192778e+01 5.056337001196193e-19
1.11670000e+01 5.045521294690960e-19
1.12147222e+01 5.034774698262505e-19
1.12624444e+01 5.024096479034268e-19
1.13101667e+01 5.013485914964234e-19
1.13578889e+01 5.002942294639851e-19
1.14056111e+01 4.992464917077685e-19
1.14533333e+01 4.982053091527674e-19
1.15010556e+01 4.971706137281842e-19
1.15487778e+01 4.961423383487377e-19
1.15965000e+01 4.951204168963938e-19
1.16442222e+01 4.941047842025088e-19
1.16919444e+01 4.930953760303730e-19
1.17396667e+01 4.920921290581471e-19
1.17873889e+01 4.910949808621756e-19
1.18351111e+01 4.901038699006745e-19
1.18828333e+01 4.891187354977768e-19
1.19305556e+01 4.881395178279304e-19
1.19782778e+01 4.871661579006384e-19
1.20260000e+01 4.861985975455321e-19
1.20737222e+01 4.852367793977704e-19
1.21214444e+01 4.842806468837527e-19
1.21691667e+01 4.833301442071438e-19
1.22168889e+01 4.823852163351964e-19
1.22646111e+01 4.814458089853688e-19
1.23123333e+01 4.805118686122265e-19
1.23600556e+01 4.795833423946229e-19
1.24077778e+01 4.786601782231520e-19
1.24555000e+01 4.777423246878646e-19
1.25032222e+01 4.768297310662438e-19
1.25509444e+01 4.759223473114310e-19
1.25986667e+01 4.750201240406984e-19
1.26463889e+01 4.741230125241605e-19
1.26941111e+01 4.732309646737195e-19
1.27418333e+01 4.723439330322383e-19
1.27895556e+01 4.714618707629363e-19
1.28372778e+01 4.705847316390017e-19
1.28850000e+01 4.697124700334162e-19
1.29327222e+01 4.688450409089860e-19
1.29804444e+01 4.679823998085743e-19
1.30281667e+01 4.671245028455319e-19
1.30758889e+01 4.662713066943186e-19
1.31236111e+01 4.654227685813135e-19
1.31713333e+01 4.645788462758076e-19
1.32190556e+01 4.637394980811766e-19
1.32667778e+01 4.629046828262272e-19
1.33145000e+01 4.620743598567152e-19
1.33622222e+01 4.612484890270299e-19
1.34099444e+01 4.604270306920414e-19
1.34576667e+01 4.596099456991066e-19
1.35053889e+01 4.587971953802324e-19
1.35531111e+01 4.579887415443880e-19
1.36008333e+01 4.571845464699690e-19
1.36485556e+01 4.563845728974032e-19
1.36962778e+01 4.555887840219010e-19
1.37440000e+01 4.547971434863428e-19
1.37917222e+01 4.540096153743025e-19
1.38394444e+01 4.532261642032028e-19
1.38871667e+01 4.524467549176010e-19
1.39348889e+01 4.516713528826001e-19
1.39826111e+01 4.508999238773851e-19
1.40303333e+01 4.501324340888792e-19
1.40780556e+01 4.493688501055188e-19
1.41257778e+01 4.486091389111442e-19
1.41735000e+01 4.478532678790037e-19
1.42212222e+01 4.471012047658684e-19
1.42689444e+01 4.463529177062548e-19
1.43166667e+01 4.456083752067545e-19
1.43643889e+01 4.448675461404667e-19
1.44121111e+01 4.441303997415321e-19
1.44598333e+01 4.433969055997675e-19
1.45075556e+01 4.426670336553952e-19
1.45552778e+01 4.419407541938695e-19
1.46030000e+01 4.412180378407959e-19
1.46507222e+01 4.404988555569403e-19
1.46984444e+01 4.397831786333292e-19
1.47461667e+01 4.390709786864349e-19
1.47938889e+01 4.383622276534486e-19
1.48416111e+01 4.376568977876354e-19
1.48893333e+01 4.369549616537723e-19
1.49370556e+01 4.362563921236656e-19
1.49847778e+01 4.355611623717473e-19
1.50325000e+01 4.348692458707490e-19
1.50802222e+01 4.341806163874497e-19
1.51279444e+01 4.334952479784990e-19
1.51756667e+01 4.328131149863118e-19
1.52233889e+01 4.321341920350338e-19
1.52711111e+01 4.314584540265765e-19
1.53188333e+01 4.307858761367205e-19
1.53665556e+01 4.301164338112851e-19
1.54142778e+01 4.294501027623628e-19
1.54620000e+01 4.287868589646191e-19
1.55097222e+01 4.281266786516529e-19
1.55574444e+01 4.274695383124206e-19
1.56051667e+01 4.268154146877186e-19
1.56528889e+01 4.261642847667259e-19
1.57006111e+01 4.255161257836039e-19
1.57483333e+01 4.248709152141535e-19
1.57960556e+01 4.242286307725272e-19
1.58437778e+01 4.235892504079962e-19
1.58915000e+01 4.229527523017706e-19
1.59392222e+01 4.223191148638722e-19
1.59869444e+01 4.216883167300585e-19
1.60346667e+01 4.210603367587973e-19
1.60823889e+01 4.204351540282908e-19
1.61301111e+01 4.198127478335472e-19
1.61778333e+01 4.191930976835018e-19
1.62255556e+01 4.185761832981827e-19
1.62732778e+01 4.179619846059229e-19
1.63210000e+01 4.173504817406181e-19
1.63687222e+01 4.167416550390277e-19
1.64164444e+01 4.161354850381186e-19
1.64641667e+01 4.155319524724523e-19
1.65118889e+01 4.149310382716135e-19
1.65596111e+01 4.143327235576785e-19
1.66073333e+01 4.137369896427244e-19
1.66550556e+01 4.131438180263779e-19
1.67027778e+01 4.125531903934019e-19
1.67505000e+01 4.119650886113203e-19
1.67982222e+01 4.113794947280800e-19
1.68459444e+01 4.107963909697489e-19
1.68936667e+01 4.102157597382507e-19
1.69413889e+01 4.096375836091335e-19
1.69891111e+01 4.090618453293741e-19
1.70368333e+01 4.084885278152151e-19
1.70845556e+01 4.079176141500362e-19
1.71322778e+01 4.073490875822576e-19
1.71800000e+01 4.067829315232753e-19
1.72277222e+01 4.062191295454285e-19
1.72754444e+01 4.056576653799974e-19
1.73231667e+01 4.050985229152313e-19
1.73708889e+01 4.045416861944069e-19
1.74186111e+01 4.039871394139158e-19
1.74663333e+01 4.034348669213803e-19
1.75140556e+01 4.028848532137982e-19
1.75617778e+01 4.023370829357150e-19
1.76095000e+01 4.017915408774224e-19
1.76572222e+01 4.012482119731858e-19
1.77049444e+01 4.007070812994960e-19
1.77526667e+01 4.001681340733478e-19
1.78003889e+01 3.996313556505438e-19
1.78481111e+01 3.990967315240229e-19
1.78958333e+01 3.985642473222139e-19
1.79435556e+01 3.980338888074128e-19
1.79912778e+01 3.975056418741835e-19
1.80390000e+01 3.969794925477826e-19
1.80867222e+01 3.964554269826063e-19
1.81344444e+01 3.959334314606603e-19
1.81821667e+01 3.954134923900516e-19
1.82298889e+01 3.948955963035016e-19
1.82776111e+01 3.943797298568820e-19
1.83253333e+01 3.938658798277694e-19
1.83730556e+01 3.933540331140228e-19
1.84207778e+01 3.928441767323803e-19
1.84685000e+01 3.923362978170756e-19
1.85162222e+01 3.918303836184743e-19
1.85639444e+01 3.913264215017302e-19
1.86116667e+01 3.908243989454596e-19
1.86593889e+01 3.903243035404342e-19
1.87071111e+01 3.898261229882938e-19
1.87548333e+01 3.893298451002752e-19
1.88025556e+01 3.888354577959598e-19
1.88502778e+01 3.883429491020387e-19
1.88980000e+01 3.878523071510946e-19
1.89457222e+01 3.873635201804009e-19
1.89934444e+01 3.868765765307373e-19
1.90411667e+01 3.863914646452214e-19
1.90888889e+01 3.859081730681572e-19
1.91366111e+01 3.854266904438980e-19
1.91843333e+01 3.849470055157269e-19
1.92320556e+01 3.844691071247506e-19
1.92797778e+01 3.839929842088093e-19
1.93275000e+01 3.835186258014013e-19
1.93752222e+01 3.830460210306222e-19
1.94229444e+01 3.825751591181180e-19
1.94706667e+01 3.821060293780529e-19
1.95183889e+01 3.816386212160911e-19
1.95661111e+01 3.811729241283909e-19
1.96138333e+01 3.807089277006143e-19
1.96615556e+01 3.802466216069484e-19
1.97092778e+01 3.797859956091402e-19
1.97570000e+01 3.793270395555445e-19
1.98047222e+01 3.788697433801840e-19
1.98524444e+01 3.784140971018221e-19
1.99001667e+01 3.779600908230479e-19
1.99478889e+01 3.775077147293734e-19
1.99956111e+01 3.770569590883422e-19
2.00433333e+01 3.766078142486498e-19
2.00910556e+01 3.761602706392762e-19
2.01387778e+01 3.757143187686292e-19
2.01865000e+01 3.752699492236984e-19
2.02342222e+01 3.748271526692213e-19
2.02819444e+01 3.743859198468594e-19
2.03296667e+01 3.739462415743849e-19
2.03773889e+01 3.735081087448783e-19
2.04251111e+01 3.730715123259365e-19
2.04728333e+01 3.726364433588902e-19
2.05205556e+01 3.722028929580319e-19
2.05682778e+01 3.717708523098538e-19
2.06160000e+01 3.713403126722953e-19
2.06637222e+01 3.709112653740002e-19
2.07114444e+01 3.704837018135826e-19
2.07591667e+01 3.700576134589033e-19
2.08068889e+01 3.696329918463542e-19
2.08546111e+01 3.692098285801524e-19
2.09023333e+01 3.687881153316434e-19
2.09500556e+01 3.683678438386116e-19
2.09977778e+01 3.679490059046013e-19
2.10455000e+01 3.675315933982449e-19
2.10932222e+01 3.671155982526001e-19
2.11409444e+01 3.667010124644947e-19
2.11886667e+01 3.662878280938806e-19
2.12363889e+01 3.658760372631941e-19
2.12841111e+01 3.654656321567262e-19
2.13318333e+01 3.650566050199986e-19
2.13795556e+01 3.646489481591491e-19
2.14272778e+01 3.642426539403234e-19
2.14750000e+01 3.638377147890743e-19
2.15227222e+01 3.634341231897693e-19
2.15704444e+01 3.630318716850043e-19
2.16181667e+01 3.626309528750253e-19
2.16658889e+01 3.622313594171557e-19
2.17136111e+01 3.618330840252329e-19
2.17613333e+01 3.614361194690488e-19
2.18090556e+01 3.610404585737998e-19
2.18567778e+01 3.606460942195413e-19
2.19045000e+01 3.602530193406499e-19
2.19522222e+01 3.598612269252917e-19
2.19999444e+01 3.594707100148969e-19
2.20476667e+01 3.590814617036407e-19
2.20953889e+01 3.586934751379303e-19
2.21431111e+01 3.583067435158985e-19
2.21908333e+01 3.579212600869022e-19
2.22385556e+01 3.575370181510280e-19
2.22862778e+01 3.571540110586029e-19
2.23340000e+01 3.567722322097107e-19
2.23817222e+01 3.563916750537152e-19
2.24294444e+01 3.560123330887871e-19
2.24771667e+01 3.556341998614378e-19
2.25248889e+01 3.552572689660588e-19
2.25726111e+01 3.548815340444651e-19
2.26203333e+01 3.545069887854453e-19
2.26680556e+01 3.541336269243162e-19
2.27157778e+01 3.537614422424825e-19
2.27635000e+01 3.533904285670024e-19
2.28112222e+01 3.530205797701566e-19
2.28589444e+01 3.526518897690243e-19
2.29066667e+01 3.522843525250622e-19
2.29543889e+01 3.519179620436893e-19
2.30021111e+01 3.515527123738767e-19
2.30498333e+01 3.511885976077409e-19
2.30975556e+01 3.508256118801429e-19
2.31452778e+01 3.504637493682914e-19
2.31930000e+01 3.501030042913505e-19
2.32407222e+01 3.497433709100515e-19
2.32884444e+01 3.493848435263097e-19
2.33361667e+01 3.490274164828450e-19
2.33838889e+01 3.486710841628074e-19
2.34316111e+01 3.483158409894057e-19
2.34793333e+01 3.479616814255415e-19
2.35270556e+01 3.476085999734460e-19
2.35747778e+01 3.472565911743221e-19
2.36225000e+01 3.469056496079901e-19
2.36702222e+01 3.465557698925364e-19
2.37179444e+01 3.462069466839676e-19
2.37656667e+01 3.458591746758673e-19
2.38133889e+01 3.455124485990570e-19
2.38611111e+01 3.451667632212612e-19
2.39088333e+01 3.448221133467753e-19
2.39565556e+01 3.444784938161377e-19
2.40042778e+01 3.441358995058059e-19
2.40520000e+01 3.437943253278350e-19
2.40997222e+01 3.434537662295603e-19
2.41474444e+01 3.431142171932843e-19
2.41951667e+01 3.427756732359650e-19
2.42428889e+01 3.424381294089095e-19
2.42906111e+01 3.421015807974700e-19
2.43383333e+01 3.417660225207433e-19
2.43860556e+01 3.414314497312733e-19
2.44337778e+01 3.410978576147572e-19
2.44815000e+01 3.407652413897541e-19
2.45292222e+01 3.404335963073975e-19
2.45769444e+01 3.401029176511108e-19
2.46246667e+01 3.397732007363247e-19
2.46723889e+01 3.394444409101992e-19
2.47201111e+01 3.391166335513477e-19
2.47678333e+01 3.387897740695639e-19
2.48155556e+01 3.384638579055522e-19
2.48632778e+01 3.381388805306601e-19
2.49110000e+01 3.378148374466145e-19
2.49587222e+01 3.374917241852597e-19
2.50064444e+01 3.371695363082988e-19
2.50541667e+01 3.368482694070379e-19
2.51018889e+01 3.365279191021322e-19
2.51496111e+01 3.362084810433356e-19
2.51973333e+01 3.358899509092528e-19
2.52450556e+01 3.355723244070932e-19
2.52927778e+01 3.352555972724283e-19
2.53405000e+01 3.349397652689512e-19
2.53882222e+01 3.346248241882385e-19
2.54359444e+01 3.343107698495150e-19
2.54836667e+01 3.339975980994202e-19
2.55313889e+01 3.336853048117779e-19
2.55791111e+01 3.333738858873680e-19
2.56268333e+01 3.330633372536999e-19
2.56745556e+01 3.327536548647898e-19
2.57222778e+01 3.324448347009382e-19
2.57700000e+01 3.321368727685116e-19
2.58177222e+01 3.318297650997252e-19
2.58654444e+01 3.315235077524282e-19
2.59131667e+01 3.312180968098915e-19
2.59608889e+01 3.309135283805969e-19
2.60086111e+01 3.306097985980293e-19
2.60563333e+01 3.303069036204703e-19
2.61040556e+01 3.300048396307940e-19
2.61517778e+01 3.297036028362651e-19
2.61995000e+01 3.294031894683392e-19
2.62472222e+01 3.291035957824639e-19
2.62949444e+01 3.288048180578840e-19
2.63426667e+01 3.285068525974462e-19
2.63903889e+01 3.282096957274078e-19
2.64381111e+01 3.279133437972459e-19
2.64858333e+01 3.276177931794697e-19
2.65335556e+01 3.273230402694332e-19
2.65812778e+01 3.270290814851513e-19
2.66290000e+01 3.267359132671164e-19
2.66767222e+01 3.264435320781176e-19
2.67244444e+01 3.261519344030618e-19
2.67721667e+01 3.258611167487953e-19
2.68198889e+01 3.255710756439291e-19
2.68676111e+01 3.252818076386641e-19
2.69153333e+01 3.249933093046192e-19
2.69630556e+01 3.247055772346603e-19
2.70107778e+01 3.244186080427317e-19
2.70585000e+01 3.241323983636882e-19
2.71062222e+01 3.238469448531299e-19
2.71539444e+01 3.235622441872378e-19
2.72016667e+01 3.232782930626113e-19
2.72493889e+01 3.229950881961071e-19
2.72971111e+01 3.227126263246800e-19
2.73448333e+01 3.224309042052247e-19
2.73925556e+01 3.221499186144195e-19
2.74402778e+01 3.218696663485719e-19
2.74880000e+01 3.215901442234643e-19
2.75357222e+01 3.213113490742025e-19
2.75834444e+01 3.210332777550655e-19
2.76311667e+01 3.207559271393559e-19
2.76788889e+01 3.204792941192524e-19
2.77266111e+01 3.202033756056637e-19
2.77743333e+01 3.199281685280835e-19
2.78220556e+01 3.196536698344470e-19
2.78697778e+01 3.193798764909886e-19
2.79175000e+01 3.191067854821013e-19
2.79652222e+01 3.188343938101971e-19
2.80129444e+01 3.185626984955688e-19
2.80606667e+01 3.182916965762532e-19
2.81083889e+01 3.180213851078951e-19
2.81561111e+01 3.177517611636136e-19
2.82038333e+01 3.174828218338683e-19
2.82515556e+01 3.172145642263280e-19
2.82992778e+01 3.169469854657395e-19
2.83470000e+01 3.166800826937990e-19
2.83947222e+01 3.164138530690226e-19
2.84424444e+01 3.161482937666207e-19
2.84901667e+01 3.158834019783707e-19
2.85378889e+01 3.156191749124937e-19
2.85856111e+01 3.153556097935296e-19
2.86333333e+01 3.150927038622155e-19
2.86810556e+01 3.148304543753640e-19
2.87287778e+01 3.145688586057432e-19
2.87765000e+01 3.143079138419575e-19
2.88242222e+01 3.140476173883294e-19
2.88719444e+01 3.137879665647829e-19
2.89196667e+01 3.135289587067271e-19
2.89673889e+01 3.132705911649418e-19
2.90151111e+01 3.130128613054636e-19
2.90628333e+01 3.127557665094728e-19
2.91105556e+01 3.124993041731823e-19
2.91582778e+01 3.122434717077259e-19
2.92060000e+01 3.119882665390495e-19
2.92537222e+01 3.117336861078016e-19
2.93014444e+01 3.114797278692261e-19
2.93491667e+01 3.112263892930547e-19
2.93968889e+01 3.109736678634018e-19
2.94446111e+01 3.107215610786593e-19
2.94923333e+01 3.104700664513922e-19
2.95400556e+01 3.102191815082360e-19
2.95877778e+01 3.099689037897946e-19
2.96355000e+01 3.097192308505384e-19
2.96832222e+01 3.094701602587047e-19
2.97309444e+01 3.092216895961977e-19
2.97786667e+01 3.089738164584903e-19
2.98263889e+01 3.087265384545258e-19
2.98741111e+01 3.084798532066215e-19
2.99218333e+01 3.082337583503728e-19
2.99695556e+01 3.079882515345575e-19
3.00172778e+01 3.077433304210417e-19
3.00650000e+01 3.074989926846867e-19
3.01127222e+01 3.072552360132552e-19
3.01604444e+01 3.070120581073207e-19
3.02081667e+01 3.067694566801755e-19
3.02558889e+01 3.065274294577406e-19
3.03036111e+01 3.062859741784766e-19
3.03513333e+01 3.060450885932941e-19
3.03990556e+01 3.058047704654664e-19
3.04467778e+01 3.055650175705422e-19
3.04945000e+01 3.053258276962587e-19
3.05422222e+01 3.050871986424565e-19
3.05899444e+01 3.048491282209939e-19
3.06376667e+01 3.046116142556632e-19
3.06853889e+01 3.043746545821068e-19
3.07331111e+01 3.041382470477345e-19
3.07808333e+01 3.039023895116414e-19
3.08285556e+01 3.036670798445264e-19
3.08762778e+01 3.034323159286116e-19
3.09240000e+01 3.031980956575619e-19
3.09717222e+01 3.029644169364060e-19
3.10194444e+01 3.027312776814577e-19
3.10671667e+01 3.024986758202374e-19
3.11148889e+01 3.022666092913953e-19
3.11626111e+01 3.020350760446344e-19
3.12103333e+01 3.018040740406342e-19
3.12580556e+01 3.015736012509758e-19
3.13057778e+01 3.013436556580668e-19
3.13535000e+01 3.011142352550667e-19
3.14012222e+01 3.008853380458142e-19
3.14489444e+01 3.006569620447536e-19
3.14966667e+01 3.004291052768626e-19
3.15443889e+01 3.002017657775807e-19
3.15921111e+01 2.999749415927381e-19
3.16398333e+01 2.997486307784846e-19
3.16875556e+01 2.995228314012206e-19
3.17352778e+01 2.992975415375269e-19
3.17830000e+01 2.990727592740962e-19
3.18307222e+01 2.988484827076646e-19
3.18784444e+01 2.986247099449445e-19
3.19261667e+01 2.984014391025569e-19
3.19738889e+01 2.981786683069650e-19
3.20216111e+01 2.979563956944083e-19
3.20693333e+01 2.977346194108370e-19
3.21170556e+01 2.975133376118467e-19
3.21647778e+01 2.972925484626150e-19
3.22125000e+01 2.970722501378363e-19
3.22602222e+01 2.968524408216594e-19
3.23079444e+01 2.966331187076241e-19
3.23556667e+01 2.964142819985990e-19
3.24033889e+01 2.961959289067200e-19
3.24511111e+01 2.959780576533282e-19
3.24988333e+01 2.957606664689099e-19
3.25465556e+01 2.955437535930354e-19
3.25942778e+01 2.953273172742999e-19
3.26420000e+01 2.951113557702634e-19
3.26897222e+01 2.948958673473925e-19
3.27374444e+01 2.946808502810014e-19
3.27851667e+01 2.944663028551940e-19
3.28328889e+01 2.942522233628067e-19
3.28806111e+01 2.940386101053510e-19
3.29283333e+01 2.938254613929572e-19
3.29760556e+01 2.936127755443180e-19
3.30237778e+01 2.934005508866328e-19
3.30715000e+01 2.931887857555528e-19
3.31192222e+01 2.929774784951256e-19
3.31669444e+01 2.927666274577415e-19
3.32146667e+01 2.925562310040788e-19
3.32623889e+01 2.923462875030509e-19
3.33101111e+01 2.921367953317528e-19
3.33578333e+01 2.919277528754086e-19
3.34055556e+01 2.917191585273193e-19
3.34532778e+01 2.915110106888106e-19
3.35010000e+01 2.913033077691816e-19
3.35487222e+01 2.910960481856539e-19
3.35964444e+01 2.908892303633209e-19
3.36441667e+01 2.906828527350974e-19
3.36918889e+01 2.904769137416697e-19
3.37396111e+01 2.902714118314463e-19
3.37873333e+01 2.900663454605086e-19
3.38350556e+01 2.898617130925625e-19
3.38827778e+01 2.896575131988896e-19
3.39305000e+01 2.894537442582998e-19
3.39782222e+01 2.892504047570830e-19
3.40259444e+01 2.890474931889626e-19
3.40736667e+01 2.888450080550482e-19
3.41213889e+01 2.886429478637890e-19
3.41691111e+01 2.884413111309281e-19
3.42168333e+01 2.882400963794564e-19
3.42645556e+01 2.880393021395672e-19
3.43122778e+01 2.878389269486110e-19
3.43600000e+01 2.876389693510510e-19
3.44077222e+01 2.874394278984186e-19
3.44554444e+01 2.872403011492692e-19
3.45031667e+01 2.870415876691386e-19
3.45508889e+01 2.868432860304996e-19
3.45986111e+01 2.866453948127188e-19
3.46463333e+01 2.864479126020141e-19
3.46940556e+01 2.862508379914119e-19
3.47417778e+01 2.860541695807055e-19
3.47895000e+01 2.858579059764127e-19
3.48372222e+01 2.856620457917350e-19
3.48849444e+01 2.854665876465159e-19
3.49326667e+01 2.852715301672004e-19
3.49803889e+01 2.850768719867942e-19
3.50281111e+01 2.848826117448236e-19
3.50758333e+01 2.846887480872957e-19
3.51235556e+01 2.844952796666584e-19
3.51712778e+01 2.843022051417615e-19
3.52190000e+01 2.841095231778173e-19
3.52667222e+01 2.839172324463619e-19
3.53144444e+01 2.837253316252169e-19
3.53621667e+01 2.835338193984512e-19
3.54098889e+01 2.833426944563428e-19
3.54576111e+01 2.831519554953416e-19
3.55053333e+01 2.829616012180318e-19
3.55530556e+01 2.827716303330947e-19
3.56007778e+01 2.825820415552724e-19
3.56485000e+01 2.823928336053308e-19
3.56962222e+01 2.822040052100236e-19
3.57439444e+01 2.820155551020560e-19
3.57916667e+01 2.818274820200498e-19
3.58393889e+01 2.816397847085066e-19
3.58871111e+01 2.814524619177738e-19
3.59348333e+01 2.812655124040093e-19
3.59825556e+01 2.810789349291463e-19
3.60302778e+01 2.808927282608598e-19
3.60780000e+01 2.807068911725315e-19
3.61257222e+01 2.805214224432165e-19
3.61734444e+01 2.803363208576091e-19
3.62211667e+01 2.801515852060098e-19
3.62688889e+01 2.799672142842920e-19
3.63166111e+01 2.797832068938689e-19
3.63643333e+01 2.795995618416608e-19
3.64120556e+01 2.794162779400624e-19
3.64597778e+01 2.792333540069114e-19
3.65075000e+01 2.790507888654551e-19
3.65552222e+01 2.788685813443199e-19
3.66029444e+01 2.786867302774791e-19
3.66506667e+01 2.785052345042215e-19
3.66983889e+01 2.783240928691205e-19
3.67461111e+01 2.781433042220033e-19
3.67938333e+01 2.779628674179198e-19
3.68415556e+01 2.777827813171127e-19
3.68892778e+01 2.776030447849867e-19
3.69370000e+01 2.774236566920790e-19
3.69847222e+01 2.772446159140292e-19
3.70324444e+01 2.770659213315495e-19
3.70801667e+01 2.768875718303960e-19
3.71278889e+01 2.767095663013386e-19
3.71756111e+01 2.765319036401330e-19
3.72233333e+01 2.763545827474910e-19
3.72710556e+01 2.761776025290526e-19
3.73187778e+01 2.760009618953574e-19
3.73665000e+01 2.758246597618163e-19
3.74142222e+01 2.756486950486837e-19
3.74619444e+01 2.754730666810298e-19
3.75096667e+01 2.752977735887127e-19
3.75573889e+01 2.751228147063516e-19
3.76051111e+01 2.749481889732988e-19
3.76528333e+01 2.747738953336133e-19
3.77005556e+01 2.745999327360338e-19
3.77482778e+01 2.744263001339522e-19
3.77960000e+01 2.742529964853867e-19
3.78437222e+01 2.740800207529561e-19
3.78914444e+01 2.739073719038536e-19
3.79391667e+01 2.737350489098204e-19
3.79868889e+01 2.735630507471207e-19
3.80346111e+01 2.733913763965156e-19
3.80823333e+01 2.732200248432382e-19
3.81300556e+01 2.730489950769679e-19
3.81777778e+01 2.728782860918057e-19
3.82255000e+01 2.727078968862494e-19
3.82732222e+01 2.725378264631686e-19
3.83209444e+01 2.723680738297806e-19
3.83686667e+01 2.721986379976259e-19
3.84163889e+01 2.720295179825436e-19
3.84641111e+01 2.718607128046483e-19
3.85118333e+01 2.716922214883055e-19
3.85595556e+01 2.715240430621079e-19
3.86072778e+01 2.713561765588525e-19
3.86550000e+01 2.711886210155169e-19
3.87027222e+01 2.710213754732356e-19
3.87504444e+01 2.708544389772778e-19
3.87981667e+01 2.706878105770241e-19
3.88458889e+01 2.705214893259436e-19
3.88936111e+01 2.703554742815718e-19
3.89413333e+01 2.701897645054874e-19
3.89890556e+01 2.700243590632910e-19
3.90367778e+01 2.698592570245822e-19
3.90845000e+01 2.696944574629379e-19
3.91322222e+01 2.695299594558906e-19
3.91799444e+01 2.693657620849063e-19
3.92276667e+01 2.692018644353634e-19
3.92753889e+01 2.690382655965312e-19
3.93231111e+01 2.688749646615484e-19
3.93708333e+01 2.687119607274022e-19
3.94185556e+01 2.685492528949074e-19
3.94662778e+01 2.683868402686853e-19
3.95140000e+01 2.682247219571433e-19
3.95617222e+01 2.680628970724540e-19
3.96094444e+01 2.679013647305352e-19
3.96571667e+01 2.677401240510293e-19
3.97048889e+01 2.675791741572831e-19
3.97526111e+01 2.674185141763281e-19
3.98003333e+01 2.672581432388606e-19
3.98480556e+01 2.670980604792214e-19
3.98957778e+01 2.669382650353767e-19
3.99435000e+01 2.667787560488986e-19
3.99912222e+01 2.666195326649453e-19
4.00389444e+01 2.664605940322426e-19
4.00866667e+01 2.663019393030639e-19
4.01343889e+01 2.661435676332118e-19
4.01821111e+01 2.659854781819992e-19
4.02298333e+01 2.658276701122301e-19
4.02775556e+01 2.656701425901819e-19
4.03252778e+01 2.655128947855855e-19
4.03730000e+01 2.653559258716085e-19
4.04207222e+01 2.651992350248358e-19
4.04684444e+01 2.650428214252518e-19
4.05161667e+01 2.648866842562225e-19
4.05638889e+01 2.647308227044776e-19
4.06116111e+01 2.645752359600923e-19
4.06593333e+01 2.644199232164704e-19
4.07070556e+01 2.642648836703258e-19
4.07547778e+01 2.641101165216659e-19
4.08025000e+01 2.639556209737736e-19
4.08502222e+01 2.638013962331904e-19
4.08979444e+01 2.636474415096994e-19
4.09456667e+01 2.634937560163081e-19
4.09933889e+01 2.633403389692313e-19
4.10411111e+01 2.631871895878750e-19
4.10888333e+01 2.630343070948187e-19
4.11365556e+01 2.628816907158000e-19
4.11842778e+01 2.627293396796971e-19
4.12320000e+01 2.625772532185129e-19
4.12797222e+01 2.624254305673589e-19
4.13274444e+01 2.622738709644386e-19
4.13751667e+01 2.621225736510321e-19
4.14228889e+01 2.619715378714791e-19
4.14706111e+01 2.618207628731643e-19
4.15183333e+01 2.616702479065007e-19
4.15660556e+01 2.615199922249144e-19
4.16137778e+01 2.613699950848289e-19
4.16615000e+01 2.612202557456495e-19
4.17092222e+01 2.610707734697486e-19
4.17569444e+01 2.609215475224494e-19
4.18046667e+01 2.607725771720117e-19
4.18523889e+01 2.606238616896160e-19
4.19001111e+01 2.604754003493494e-19
4.19478333e+01 2.603271924281900e-19
4.19955556e+01 2.601792372059926e-19
4.20432778e+01 2.600315339654733e-19
4.20910000e+01 2.598840819921959e-19
4.21387222e+01 2.597368805745566e-19
4.21864444e+01 2.595899290037698e-19
4.22341667e+01 2.594432265738539e-19
4.22818889e+01 2.592967725816169e-19
4.23296111e+01 2.591505663266424e-19
4.23773333e+01 2.590046071112753e-19
4.24250556e+01 2.588588942406081e-19
4.24727778e+01 2.587134270224665e-19
4.25205000e+01 2.585682047673963e-19
4.25682222e+01 2.584232267886494e-19
4.26159444e+01 2.582784924021696e-19
4.26636667e+01 2.581340009265801e-19
4.27113889e+01 2.579897516831689e-19
4.27591111e+01 2.578457439958762e-19
4.28068333e+01 2.577019771912811e-19
4.28545556e+01 2.575584505985876e-19
4.29022778e+01 2.574151635496125e-19
4.29500000e+01 2.572721153787715e-19
4.29977222e+01 2.571293054230665e-19
4.30454444e+01 2.569867330220729e-19
4.30931667e+01 2.568443975179266e-19
4.31408889e+01 2.567022982553112e-19
4.31886111e+01 2.565604345814452e-19
4.32363333e+01 2.564188058460697e-19
4.32840556e+01 2.562774114014359e-19
4.33317778e+01 2.561362506022924e-19
4.33795000e+01 2.559953228058729e-19
4.34272222e+01 2.558546273718840e-19
4.34749444e+01 2.557141636624929e-19
4.35226667e+01 2.555739310423156e-19
4.35703889e+01 2.554339288784039e-19
4.36181111e+01 2.552941565402346e-19
4.36658333e+01 2.551546133996968e-19
4.37135556e+01 2.550152988310801e-19
4.37612778e+01 2.548762122110633e-19
4.38090000e+01 2.547373529187020e-19
4.38567222e+01 2.545987203354174e-19
4.39044444e+01 2.544603138449848e-19
4.39521667e+01 2.543221328335216e-19
4.39998889e+01 2.541841766894766e-19
4.40476111e+01 2.540464448036178e-19
4.40953333e+01 2.539089365690219e-19
4.41430556e+01 2.537716513810624e-19
4.41907778e+01 2.536345886373988e-19
4.42385000e+01 2.534977477379656e-19
4.42862222e+01 2.533611280849608e-19
4.43339444e+01 2.532247290828355e-19
4.43816667e+01 2.530885501382826e-19
4.44293889e+01 2.529525906602258e-19
4.44771111e+01 2.528168500598097e-19
4.45248333e+01 2.526813277503878e-19
4.45725556e+01 2.525460231475133e-19
4.46202778e+01 2.524109356689270e-19
4.46680000e+01 2.522760647345480e-19
4.47157222e+01 2.521414097664628e-19
4.47634444e+01 2.520069701889146e-19
4.48111667e+01 2.518727454282933e-19
4.48588889e+01 2.517387349131253e-19
4.49066111e+01 2.516049380740629e-19
4.49543333e+01 2.514713543438746e-19
4.50020556e+01 2.513379831574347e-19
4.50497778e+01 2.512048239517134e-19
4.50975000e+01 2.510718761657665e-19
4.51452222e+01 2.509391392407258e-19
4.51929444e+01 2.508066126197896e-19
4.52406667e+01 2.506742957482117e-19
4.52883889e+01 2.505421880732930e-19
4.53361111e+01 2.504102890443709e-19
4.53838333e+01 2.502785981128100e-19
4.54315556e+01 2.501471147319925e-19
4.54792778e+01 2.500158383573088e-19
4.55270000e+01 2.498847684461476e-19
4.55747222e+01 2.497539044578868e-19
4.56224444e+01 2.496232458538843e-19
4.56701667e+01 2.494927920974682e-19
4.57178889e+01 2.493625426539280e-19
4.57656111e+01 2.492324969905050e-19
4.58133333e+01 2.491026545763837e-19
4.58610556e+01 2.489730148826820e-19
4.59087778e+01 2.488435773824428e-19
4.59565000e+01 2.487143415506243e-19
4.60042222e+01 2.485853068640921e-19
4.60519444e+01 2.484564728016090e-19
4.60996667e+01 2.483278388438273e-19
4.61473889e+01 2.481994044732793e-19
4.61951111e+01 2.480711691743689e-19
4.62428333e+01 2.479431324333627e-19
4.62905556e+01 2.478152937383814e-19
4.63382778e+01 2.476876525793918e-19
4.63860000e+01 2.475602084481969e-19
4.64337222e+01 2.474329608384288e-19
4.64814444e+01 2.473059092455393e-19
4.65291667e+01 2.471790531667922e-19
4.65768889e+01 2.470523921012544e-19
4.66246111e+01 2.469259255497878e-19
4.66723333e+01 2.467996530150411e-19
4.67200556e+01 2.466735740014415e-19
4.67677778e+01 2.465476880151865e-19
4.68155000e+01 2.464219945642361e-19
4.68632222e+01 2.462964931583040e-19
4.69109444e+01 2.461711833088504e-19
4.69586667e+01 2.460460645290735e-19
4.70063889e+01 2.459211363339017e-19
4.70541111e+01 2.457963982399856e-19
4.71018333e+01 2.456718497656903e-19
4.71495556e+01 2.455474904310878e-19
4.71972778e+01 2.454233197579485e-19
4.72450000e+01 2.452993372697342e-19
4.72927222e+01 2.451755424915901e-19
4.73404444e+01 2.450519349503372e-19
4.73881667e+01 2.449285141744649e-19
4.74358889e+01 2.448052796941230e-19
4.74836111e+01 2.446822310411146e-19
4.75313333e+01 2.445593677488884e-19
4.75790556e+01 2.444366893525315e-19
4.76267778e+01 2.443141953887617e-19
4.76745000e+01 2.441918853959204e-19
4.77222222e+01 2.440697589139652e-19
4.77699444e+01 2.439478154844627e-19
4.78176667e+01 2.438260546505811e-19
4.78653889e+01 2.437044759570832e-19
4.79131111e+01 2.435830789503192e-19
4.79608333e+01 2.434618631782195e-19
4.80085556e+01 2.433408281902876e-19
4.80562778e+01 2.432199735375935e-19
4.81040000e+01 2.430992987727661e-19
4.81517222e+01 2.429788034499866e-19
4.81994444e+01 2.428584871249813e-19
4.82471667e+01 2.427383493550154e-19
4.82948889e+01 2.426183896988852e-19
4.83426111e+01 2.424986077169120e-19
4.83903333e+01 2.423790029709350e-19
4.84380556e+01 2.422595750243048e-19
4.84857778e+01 2.421403234418764e-19
4.85335000e+01 2.420212477900029e-19
4.85812222e+01 2.419023476365286e-19
4.86289444e+01 2.417836225507826e-19
4.86766667e+01 2.416650721035719e-19
4.87243889e+01 2.415466958671754e-19
4.87721111e+01 2.414284934153372e-19
4.88198333e+01 2.413104643232598e-19
4.88675556e+01 2.411926081675982e-19
4.89152778e+01 2.410749245264535e-19
4.89630000e+01 2.409574129793658e-19
4.90107222e+01 2.408400731073093e-19
4.90584444e+01 2.407229044926844e-19
4.91061667e+01 2.406059067193128e-19
4.91538889e+01 2.404890793724304e-19
4.92016111e+01 2.403724220386817e-19
4.92493333e+01 2.402559343061133e-19
4.92970556e+01 2.401396157641678e-19
4.93447778e+01 2.400234660036781e-19
4.93925000e+01 2.399074846168612e-19
4.94402222e+01 2.397916711973114e-19
4.94879444e+01 2.396760253399958e-19
4.95356667e+01 2.395605466412470e-19
4.95833889e+01 2.394452346987580e-19
4.96311111e+01 2.393300891115760e-19
4.96788333e+01 2.392151094800965e-19
4.97265556e+01 2.391002954060576e-19
4.97742778e+01 2.389856464925342e-19
4.98220000e+01 2.388711623439323e-19
4.98697222e+01 2.387568425659831e-19
4.99174444e+01 2.386426867657370e-19
4.99651667e+01 2.385286945515590e-19
5.00128889e+01 2.384148655331219e-19
5.00606111e+01 2.383011993214012e-19
5.01083333e+01 2.381876955286695e-19
5.01560556e+01 2.380743537684909e-19
5.02037778e+01 2.379611736557155e-19
5.02515000e+01 2.378481548064738e-19
5.02992222e+01 2.377352968381714e-19
5.03469444e+01 2.376225993694834e-19
5.03946667e+01 2.375100620203492e-19
5.04423889e+01 2.373976844119668e-19
5.04901111e+01 2.372854661667876e-19
5.05378333e+01 2.371734069085113e-19
5.05855556e+01 2.370615062620803e-19
5.06332778e+01 2.369497638536744e-19
5.06810000e+01 2.368381793107059e-19
5.07287222e+01 2.367267522618140e-19
5.07764444e+01 2.366154823368597e-19
5.08241667e+01 2.365043691669211e-19
5.08718889e+01 2.363934123842873e-19
5.09196111e+01 2.362826116224543e-19
5.09673333e+01 2.361719665161192e-19
5.10150556e+01 2.360614767011756e-19
5.10627778e+01 2.359511418147083e-19
5.11105000e+01 2.358409614949883e-19
5.11582222e+01 2.357309353814681e-19
5.12059444e+01 2.356210631147764e-19
5.12536667e+01 2.355113443367133e-19
5.13013889e+01 2.354017786902454e-19
5.13491111e+01 2.352923658195009e-19
5.13968333e+01 2.351831053697649e-19
5.14445556e+01 2.350739969874743e-19
5.14922778e+01 2.349650403202132e-19
5.15400000e+01 2.348562350167081e-19
5.15877222e+01 2.347475807268230e-19
5.16354444e+01 2.346390771015549e-19
5.16831667e+01 2.345307237930286e-19
5.17308889e+01 2.344225204544930e-19
5.17786111e+01 2.343144667403152e-19
5.18263333e+01 2.342065623059767e-19
5.18740556e+01 2.340988068080687e-19
5.19217778e+01 2.339911999042871e-19
5.19695000e+01 2.338837412534285e-19
5.20172222e+01 2.337764305153853e-19
5.20649444e+01 2.336692673511409e-19
5.21126667e+01 2.335622514227660e-19
5.21603889e+01 2.334553823934132e-19
5.22081111e+01 2.333486599273136e-19
5.22558333e+01 2.332420836897711e-19
5.23035556e+01 2.331356533471593e-19
5.23512778e+01 2.330293685669161e-19
5.23990000e+01 2.329232290175398e-19
5.24467222e+01 2.328172343685846e-19
5.24944444e+01 2.327113842906567e-19
5.25421667e+01 2.326056784554093e-19
5.25898889e+01 2.325001165355388e-19
5.26376111e+01 2.323946982047803e-19
5.26853333e+01 2.322894231379038e-19
5.27330556e+01 2.321842910107094e-19
5.27807778e+01 2.320793015000234e-19
5.28285000e+01 2.319744542836943e-19
5.28762222e+01 2.318697490405883e-19
5.29239444e+01 2.317651854505853e-19
5.29716667e+01 2.316607631945748e-19
5.30193889e+01 2.315564819544521e-19
5.30671111e+01 2.314523414131136e-19
5.31148333e+01 2.313483412544533e-19
5.31625556e+01 2.312444811633585e-19
5.32102778e+01 2.311407608257059e-19
5.32580000e+01 2.310371799283576e-19
5.33057222e+01 2.309337381591571e-19
5.33534444e+01 2.308304352069252e-19
5.34011667e+01 2.307272707614565e-19
5.34488889e+01 2.306242445135150e-19
5.34966111e+01 2.305213561548304e-19
5.35443333e+01 2.304186053780944e-19
5.35920556e+01 2.303159918769566e-19
5.36397778e+01 2.302135153460207e-19
5.36875000e+01 2.301111754808408e-19
5.37352222e+01 2.300089719779175e-19
5.37829444e+01 2.299069045346943e-19
5.38306667e+01 2.298049728495533e-19
5.38783889e+01 2.297031766218124e-19
5.39261111e+01 2.296015155517206e-19
5.39738333e+01 2.294999893404548e-19
5.40215556e+01 2.293985976901162e-19
5.40692778e+01 2.292973403037262e-19
5.41170000e+01 2.291962168852233e-19
5.41647222e+01 2.290952271394589e-19
5.42124444e+01 2.289943707721940e-19
5.42601667e+01 2.288936474900958e-19
5.43078889e+01 2.287930570007334e-19
5.43556111e+01 2.286925990125752e-19
5.44033333e+01 2.285922732349845e-19
5.44510556e+01 2.284920793782164e-19
5.44987778e+01 2.283920171534143e-19
5.45465000e+01 2.282920862726063e-19
5.45942222e+01 2.281922864487016e-19
5.46419444e+01 2.280926173954871e-19
5.46896667e+01 2.279930788276244e-19
5.47373889e+01 2.278936704606457e-19
5.47851111e+01 2.277943920109505e-19
5.48328333e+01 2.276952431958027e-19
5.48805556e+01 2.275962237333267e-19
5.49282778e+01 2.274973333425044e-19
5.49760000e+01 2.273985717431714e-19
5.50237222e+01 2.272999386560142e-19
5.50714444e+01 2.272014338025665e-19
5.51191667e+01 2.271030569052061e-19
5.51668889e+01 2.270048076871513e-19
5.52146111e+01 2.269066858724581e-19
5.52623333e+01 2.268086911860167e-19
5.53100556e+01 2.267108233535482e-19
5.53577778e+01 2.266130821016014e-19
5.54055000e+01 2.265154671575498e-19
5.54532222e+01 2.264179782495880e-19
5.55009444e+01 2.263206151067289e-19
5.55486667e+01 2.262233774588005e-19
5.55963889e+01 2.261262650364425e-19
5.56441111e+01 2.260292775711033e-19
5.56918333e+01 2.259324147950370e-19
5.57395556e+01 2.258356764413000e-19
5.57872778e+01 2.257390622437485e-19
5.58350000e+01 2.256425719370348e-19
5.58827222e+01 2.255462052566042e-19
5.59304444e+01 2.254499619386925e-19
5.59781667e+01 2.253538417203229e-19
5.60258889e+01 2.252578443393023e-19
5.60736111e+01 2.251619695342191e-19
5.61213333e+01 2.250662170444396e-19
5.61690556e+01 2.249705866101057e-19
5.62167778e+01 2.248750779721312e-19
5.62645000e+01 2.247796908721992e-19
5.63122222e+01 2.246844250527594e-19
5.63599444e+01 2.245892802570247e-19
5.64076667e+01 2.244942562289687e-19
5.64553889e+01 2.243993527133226e-19
5.65031111e+01 2.243045694555721e-19
5.65508333e+01 2.242099062019551e-19
5.65985556e+01 2.241153626994585e-19
5.66462778e+01 2.240209386958154e-19
5.66940000e+01 2.239266339395018e-19
5.67417222e+01 2.238324481797351e-19
5.67894444e+01 2.237383811664698e-19
5.68371667e+01 2.236444326503955e-19
5.68848889e+01 2.235506023829342e-19
5.69326111e+01 2.234568901162370e-19
5.69803333e+01 2.233632956031821e-19
5.70280556e+01 2.232698185973711e-19
5.70757778e+01 2.231764588531274e-19
5.71235000e+01 2.230832161254924e-19
5.71712222e+01 2.229900901702236e-19
5.72189444e+01 2.228970807437916e-19
5.72666667e+01 2.228041876033772e-19
5.73143889e+01 2.227114105068693e-19
5.73621111e+01 2.226187492128619e-19
5.74098333e+01 2.225262034806511e-19
5.74575556e+01 2.224337730702333e-19
5.75052778e+01 2.223414577423020e-19
5.75530000e+01 2.222492572582453e-19
5.76007222e+01 2.221571713801434e-19
5.76484444e+01 2.220651998707661e-19
5.76961667e+01 2.219733424935698e-19
5.77438889e+01 2.218815990126957e-19
5.77916111e+01 2.217899691929662e-19
5.78393333e+01 2.216984527998838e-19
5.78870556e+01 2.216070495996269e-19
5.79347778e+01 2.215157593590489e-19
5.79825000e+01 2.214245818456744e-19
5.80302222e+01 2.213335168276976e-19
5.80779444e+01 2.212425640739793e-19
5.81256667e+01 2.211517233540447e-19
5.81733889e+01 2.210609944380811e-19
5.82211111e+01 2.209703770969347e-19
5.82688333e+01 2.208798711021093e-19
5.83165556e+01 2.207894762257629e-19
5.83642778e+01 2.206991922407058e-19
5.84120000e+01 2.206090189203979e-19
5.84597222e+01 2.205189560389469e-19
5.85074444e+01 2.204290033711052e-19
5.85551667e+01 2.203391606922678e-19
5.86028889e+01 2.202494277784702e-19
5.86506111e+01 2.201598044063857e-19
5.86983333e+01 2.200702903533233e-19
5.87460556e+01 2.199808853972252e-19
5.87937778e+01 2.198915893166646e-19
5.88415000e+01 2.198024018908434e-19
5.88892222e+01 2.197133228995900e-19
5.89369444e+01 2.196243521233566e-19
5.89846667e+01 2.195354893432174e-19
5.90323889e+01 2.194467343408663e-19
5.90801111e+01 2.193580868986141e-19
5.91278333e+01 2.192695467993871e-19
5.91755556e+01 2.191811138267243e-19
5.92232778e+01 2.190927877647751e-19
5.92710000e+01 2.190045683982975e-19
5.93187222e+01 2.189164555126556e-19
5.93664444e+01 2.188284488938177e-19
5.94141667e+01 2.187405483283537e-19
5.94618889e+01 2.186527536034331e-19
5.95096111e+01 2.185650645068231e-19
5.95573333e+01 2.184774808268862e-19
5.96050556e+01 2.183900023525778e-19
5.96527778e+01 2.183026288734446e-19
5.97005000e+01 2.182153601796221e-19
5.97482222e+01 2.181281960618328e-19
5.97959444e+01 2.180411363113836e-19
5.98436667e+01 2.179541807201642e-19
5.98913889e+01 2.178673290806447e-19
5.99391111e+01 2.177805811858737e-19
5.99868333e+01 2.176939368294761e-19
6.00345556e+01 2.176073958056509e-19
6.00822778e+01 2.175209579091699e-19
6.01300000e+01 2.174346229353745e-19
6.01777222e+01 2.173483906801745e-19
6.02254444e+01 2.172622609400458e-19
6.02731667e+01 2.171762335120286e-19
6.03208889e+01 2.170903081937248e-19
6.03686111e+01 2.170044847832968e-19
6.04163333e+01 2.169187630794649e-19
6.04640556e+01 2.168331428815056e-19
6.05117778e+01 2.167476239892495e-19
6.05595000e+01 2.166622062030795e-19
6.06072222e+01 2.165768893239286e-19
6.06549444e+01 2.164916731532781e-19
6.07026667e+01 2.164065574931559e-19
6.07503889e+01 2.163215421461340e-19
6.07981111e+01 2.162366269153269e-19
6.08458333e+01 2.161518116043899e-19
6.08935556e+01 2.160670960175169e-19
6.09412778e+01 2.159824799594384e-19
6.09890000e+01 2.158979632354199e-19
6.10367222e+01 2.158135456512600e-19
6.10844444e+01 2.157292270132883e-19
6.11321667e+01 2.156450071283635e-19
6.11798889e+01 2.155608858038721e-19
6.12276111e+01 2.154768628477258e-19
6.12753333e+01 2.153929380683603e-19
6.13230556e+01 2.153091112747328e-19
6.13707778e+01 2.152253822763208e-19
6.14185000e+01 2.151417508831200e-19
6.14662222e+01 2.150582169056425e-19
6.15139444e+01 2.149747801549151e-19
6.15616667e+01 2.148914404424772e-19
6.16093889e+01 2.148081975803793e-19
6.16571111e+01 2.147250513811814e-19
6.17048333e+01 2.146420016579507e-19
6.17525556e+01 2.145590482242601e-19
6.18002778e+01 2.144761908941867e-19
6.18480000e+01 2.143934294823095e-19
6.18957222e+01 2.143107638037083e-19
6.19434444e+01 2.142281936739612e-19
6.19911667e+01 2.141457189091438e-19
6.20388889e+01 2.140633393258264e-19
6.20866111e+01 2.139810547410735e-19
6.21343333e+01 2.138988649724410e-19
6.21820556e+01 2.138167698379750e-19
6.22297778e+01 2.137347691562103e-19
6.22775000e+01 2.136528627461683e-19
6.23252222e+01 2.135710504273555e-19
6.23729444e+01 2.134893320197619e-19
6.24206667e+01 2.134077073438593e-19
6.24683889e+01 2.133261762205996e-19
6.25161111e+01 2.132447384714129e-19
6.25638333e+01 2.131633939182066e-19
6.26115556e+01 2.130821423833630e-19
6.26592778e+01 2.130009836897378e-19
6.27070000e+01 2.129199176606591e-19
6.27547222e+01 2.128389441199248e-19
6.28024444e+01 2.127580628918020e-19
6.28501667e+01 2.126772738010244e-19
6.28978889e+01 2.125965766727917e-19
6.29456111e+01 2.125159713327672e-19
6.29933333e+01 2.124354576070767e-19
6.30410556e+01 2.123550353223067e-19
6.30887778e+01 2.122747043055030e-19
6.31365000e+01 2.121944643841688e-19
6.31842222e+01 2.121143153862636e-19
6.32319444e+01 2.120342571402014e-19
6.32796667e+01 2.119542894748492e-19
6.33273889e+01 2.118744122195253e-19
6.33751111e+01 2.117946252039981e-19
6.34228333e+01 2.117149282584844e-19
6.34705556e+01 2.116353212136477e-19
6.35182778e+01 2.115558039005971e-19
6.35660000e+01 2.114763761508853e-19
6.36137222e+01 2.113970377965077e-19
6.36614444e+01 2.113177886699003e-19
6.37091667e+01 2.112386286039387e-19
6.37568889e+01 2.111595574319361e-19
6.38046111e+01 2.110805749876424e-19
6.38523333e+01 2.110016811052426e-19
6.39000556e+01 2.109228756193547e-19
6.39477778e+01 2.108441583650292e-19
6.39955000e+01 2.107655291777471e-19
6.40432222e+01 2.106869878934183e-19
6.40909444e+01 2.106085343483809e-19
6.41386667e+01 2.105301683793987e-19
6.41863889e+01 2.104518898236608e-19
6.42341111e+01 2.103736985187796e-19
6.42818333e+01 2.102955943027894e-19
6.43295556e+01 2.102175770141454e-19
6.43772778e+01 2.101396464917217e-19
6.44250000e+01 2.100618025748103e-19
6.44727222e+01 2.099840451031198e-19
6.45204444e+01 2.099063739167736e-19
6.45681667e+01 2.098287888563089e-19
6.46158889e+01 2.097512897626751e-19
6.46636111e+01 2.096738764772325e-19
6.47113333e+01 2.095965488417509e-19
6.47590556e+01 2.095193066984085e-19
6.48067778e+01 2.094421498897902e-19
6.48545000e+01 2.093650782588863e-19
6.49022222e+01 2.092880916490913e-19
6.49499444e+01 2.092111899042026e-19
6.49976667e+01 2.091343728684189e-19
6.50453889e+01 2.090576403863393e-19
6.50931111e+01 2.089809923029614e-19
6.51408333e+01 2.089044284636806e-19
6.51885556e+01 2.088279487142884e-19
6.52362778e+01 2.087515529009712e-19
6.52840000e+01 2.086752408703090e-19
6.53317222e+01 2.085990124692741e-19
6.53794444e+01 2.085228675452298e-19
6.54271667e+01 2.084468059459292e-19
6.54748889e+01 2.083708275195138e-19
6.55226111e+01 2.082949321145123e-19
6.55703333e+01 2.082191195798393e-19
6.56180556e+01 2.081433897647941e-19
6.56657778e+01 2.080677425190593e-19
6.57135000e+01 2.079921776926997e-19
6.57612222e+01 2.079166951361610e-19
6.58089444e+01 2.078412947002686e-19
6.58566667e+01 2.077659762362262e-19
6.59043889e+01 2.076907395956147e-19
6.59521111e+01 2.076155846303910e-19
6.59998333e+01 2.075405111928866e-19
6.60475556e+01 2.074655191358068e-19
6.60952778e+01 2.073906083122288e-19
6.61430000e+01 2.073157785756012e-19
6.61907222e+01 2.072410297797424e-19
6.62384444e+01 2.071663617788392e-19
6.62861667e+01 2.070917744274464e-19
6.63338889e+01 2.070172675804847e-19
6.63816111e+01 2.069428410932400e-19
6.64293333e+01 2.068684948213622e-19
6.64770556e+01 2.067942286208639e-19
6.65247778e+01 2.067200423481193e-19
6.65725000e+01 2.066459358598630e-19
6.66202222e+01 2.065719090131890e-19
6.66679444e+01 2.064979616655490e-19
6.67156667e+01 2.064240936747521e-19
6.67633889e+01 2.063503048989630e-19
6.68111111e+01 2.062765951967009e-19
6.68588333e+01 2.062029644268389e-19
6.69065556e+01 2.061294124486021e-19
6.69542778e+01 2.060559391215669e-19
6.70020000e+01 2.059825443056602e-19
6.70497222e+01 2.059092278611573e-19
6.70974444e+01 2.058359896486819e-19
6.71451667e+01 2.057628295292041e-19
6.71928889e+01 2.056897473640400e-19
6.72406111e+01 2.056167430148500e-19
6.72883333e+01 2.055438163436379e-19
6.73360556e+01 2.054709672127502e-19
6.73837778e+01 2.053981954848745e-19
6.74315000e+01 2.053255010230383e-19
6.74792222e+01 2.052528836906087e-19
6.75269444e+01 2.051803433512904e-19
6.75746667e+01 2.051078798691253e-19
6.76223889e+01 2.050354931084911e-19
6.76701111e+01 2.049631829341004e-19
6.77178333e+01 2.048909492109993e-19
6.77655556e+01 2.048187918045668e-19
6.78132778e+01 2.047467105805134e-19
6.78610000e+01 2.046747054048805e-19
6.79087222e+01 2.046027761440386e-19
6.79564444e+01 2.045309226646870e-19
6.80041667e+01 2.044591448338524e-19
6.80518889e+01 2.043874425188879e-19
6.80996111e+01 2.043158155874720e-19
6.81473333e+01 2.042442639076075e-19
6.81950556e+01 2.041727873476208e-19
6.82427778e+01 2.041013857761603e-19
6.82905000e+01 2.040300590621960e-19
6.83382222e+01 2.039588070750181e-19
6.83859444e+01 2.038876296842361e-19
6.84336667e+01 2.038165267597777e-19
6.84813889e+01 2.037454981718881e-19
6.85291111e+01 2.036745437911288e-19
6.85768333e+01 2.036036634883764e-19
6.86245556e+01 2.035328571348221e-19
6.86722778e+01 2.034621246019703e-19
6.87200000e+01 2.033914657616377e-19
6.87677222e+01 2.033208804859525e-19
6.88154444e+01 2.032503686473535e-19
6.88631667e+01 2.031799301185885e-19
6.89108889e+01 2.031095647727143e-19
6.89586111e+01 2.030392724830948e-19
6.90063333e+01 2.029690531234008e-19
6.90540556e+01 2.028989065676084e-19
6.91017778e+01 2.028288326899987e-19
6.91495000e+01 2.027588313651563e-19
6.91972222e+01 2.026889024679687e-19
6.92449444e+01 2.026190458736251e-19
6.92926667e+01 2.025492614576156e-19
6.93403889e+01 2.024795490957306e-19
6.93881111e+01 2.024099086640591e-19
6.94358333e+01 2.023403400389886e-19
6.94835556e+01 2.022708430972035e-19
6.95312778e+01 2.022014177156845e-19
6.95790000e+01 2.021320637717079e-19
6.96267222e+01 2.020627811428443e-19
6.96744444e+01 2.019935697069579e-19
6.97221667e+01 2.019244293422054e-19
6.97698889e+01 2.018553599270353e-19
6.98176111e+01 2.017863613401871e-19
6.98653333e+01 2.017174334606901e-19
6.99130556e+01 2.016485761678627e-19
6.99607778e+01 2.015797893413115e-19
7.00085000e+01 2.015110728609302e-19
7.00562222e+01 2.014424266068991e-19
7.01039444e+01 2.013738504596841e-19
7.01516667e+01 2.013053443000356e-19
7.01993889e+01 2.012369080089876e-19
7.02471111e+01 2.011685414678575e-19
7.02948333e+01 2.011002445582443e-19
7.03425556e+01 2.010320171620285e-19
7.03902778e+01 2.009638591613707e-19
7.04380000e+01 2.008957704387112e-19
7.04857222e+01 2.008277508767687e-19
7.05334444e+01 2.007598003585398e-19
7.05811667e+01 2.006919187672980e-19
7.06288889e+01 2.006241059865929e-19
7.06766111e+01 2.005563619002494e-19
7.07243333e+01 2.004886863923667e-19
7.07720556e+01 2.004210793473177e-19
7.08197778e+01 2.003535406497480e-19
7.08675000e+01 2.002860701845751e-19
7.09152222e+01 2.002186678369876e-19
7.09629444e+01 2.001513334924444e-19
7.10106667e+01 2.000840670366739e-19
7.10583889e+01 2.000168683556731e-19
7.11061111e+01 1.999497373357069e-19
7.11538333e+01 1.998826738633071e-19
7.12015556e+01 1.998156778252719e-19
7.12492778e+01 1.997487491086647e-19
7.12970000e+01 1.996818876008138e-19
7.13447222e+01 1.996150931893110e-19
7.13924444e+01 1.995483657620114e-19
7.14401667e+01 1.994817052070323e-19
7.14878889e+01 1.994151114127523e-19
7.15356111e+01 1.993485842678108e-19
7.15833333e+01 1.992821236611069e-19
7.16310556e+01 1.992157294817992e-19
7.16787778e+01 1.991494016193043e-19
7.17265000e+01 1.990831399632963e-19
7.17742222e+01 1.990169444037064e-19
7.18219444e+01 1.989508148307215e-19
7.18696667e+01 1.988847511347840e-19
7.19173889e+01 1.988187532065905e-19
7.19651111e+01 1.987528209370917e-19
7.20128333e+01 1.986869542174911e-19
7.20605556e+01 1.986211529392442e-19
7.21082778e+01 1.985554169940583e-19
7.21560000e+01 1.984897462738913e-19
7.22037222e+01 1.984241406709510e-19
7.22514444e+01 1.983586000776945e-19
7.22991667e+01 1.982931243868275e-19
7.23468889e+01 1.982277134913032e-19
7.23946111e+01 1.981623672843219e-19
7.24423333e+01 1.980970856593304e-19
7.24900556e+01 1.980318685100208e-19
7.25377778e+01 1.979667157303302e-19
7.25855000e+01 1.979016272144396e-19
7.26332222e+01 1.978366028567735e-19
7.26809444e+01 1.977716425519992e-19
7.27286667e+01 1.977067461950258e-19
7.27763889e+01 1.976419136810035e-19
7.28241111e+01 1.975771449053233e-19
7.28718333e+01 1.975124397636158e-19
7.29195556e+01 1.974477981517508e-19
7.29672778e+01 1.973832199658365e-19
7.30150000e+01 1.973187051022188e-19
7.30627222e+01 1.972542534574806e-19
7.31104444e+01 1.971898649284410e-19
7.31581667e+01 1.971255394121548e-19
7.32058889e+01 1.970612768059118e-19
7.32536111e+01 1.969970770072360e-19
7.33013333e+01 1.969329399138847e-19
7.33490556e+01 1.968688654238483e-19
7.33967778e+01 1.968048534353496e-19
7.34445000e+01 1.967409038468423e-19
7.34922222e+01 1.966770165570114e-19
7.35399444e+01 1.966131914647719e-19
7.35876667e+01 1.965494284692684e-19
7.36353889e+01 1.964857274698739e-19
7.36831111e+01 1.964220883661902e-19
7.37308333e+01 1.963585110580459e-19
7.37785556e+01 1.962949954454969e-19
7.38262778e+01 1.962315414288251e-19
7.38740000e+01 1.961681489085378e-19
7.39217222e+01 1.961048177853672e-19
7.39694444e+01 1.960415479602698e-19
7.40171667e+01 1.959783393344255e-19
7.40648889e+01 1.959151918092371e-19
7.41126111e+01 1.958521052863298e-19
7.41603333e+01 1.957890796675503e-19
7.42080556e+01 1.957261148549660e-19
7.42557778e+01 1.956632107508651e-19
7.43035000e+01 1.956003672577552e-19
7.43512222e+01 1.955375842783630e-19
7.43989444e+01 1.954748617156335e-19
7.44466667e+01 1.954121994727298e-19
7.44943889e+01 1.953495974530318e-19
7.45421111e+01 1.952870555601361e-19
7.45898333e+01 1.952245736978553e-19
7.46375556e+01 1.951621517702171e-19
7.46852778e+01 1.950997896814640e-19
7.47330000e+01 1.950374873360525e-19
7.47807222e+01 1.949752446386526e-19
7.48284444e+01 1.949130614941469e-19
7.48761667e+01 1.948509378076306e-19
7.49238889e+01 1.947888734844101e-19
7.49716111e+01 1.947268684300031e-19
7.50193333e+01 1.946649225501376e-19
7.50670556e+01 1.946030357507513e-19
7.51147778e+01 1.945412079379912e-19
7.51625000e+01 1.944794390182129e-19
7.52102222e+01 1.944177288979799e-19
7.52579444e+01 1.943560774840632e-19
7.53056667e+01 1.942944846834406e-19
7.53533889e+01 1.942329504032961e-19
7.54011111e+01 1.941714745510193e-19
7.54488333e+01 1.941100570342050e-19
7.54965556e+01 1.940486977606523e-19
7.55442778e+01 1.939873966383643e-19
7.55920000e+01 1.939261535755473e-19
7.56397222e+01 1.938649684806104e-19
7.56874444e+01 1.938038412621649e-19
7.57351667e+01 1.937427718290237e-19
7.57828889e+01 1.936817600902005e-19
7.58306111e+01 1.936208059549096e-19
7.58783333e+01 1.935599093325653e-19
7.59260556e+01 1.934990701327808e-19
7.59737778e+01 1.934382882653686e-19
7.60215000e+01 1.933775636403390e-19
7.60692222e+01 1.933168961679001e-19
7.61169444e+01 1.932562857584567e-19
7.61646667e+01 1.931957323226107e-19
7.62123889e+01 1.931352357711596e-19
7.62601111e+01 1.930747960150962e-19
7.63078333e+01 1.930144129656085e-19
7.63555556e+01 1.929540865340786e-19
7.64032778e+01 1.928938166320823e-19
7.64510000e+01 1.928336031713887e-19
7.64987222e+01 1.927734460639597e-19
7.65464444e+01 1.927133452219490e-19
7.65941667e+01 1.926533005577023e-19
7.66418889e+01 1.925933119837561e-19
7.66896111e+01 1.925333794128375e-19
7.67373333e+01 1.924735027578635e-19
7.67850556e+01 1.924136819319406e-19
7.68327778e+01 1.923539168483645e-19
7.68805000e+01 1.922942074206187e-19
7.69282222e+01 1.922345535623753e-19
7.69759444e+01 1.921749551874932e-19
7.70236667e+01 1.921154122100182e-19
7.70713889e+01 1.920559245441827e-19
7.71191111e+01 1.919964921044047e-19
7.71668333e+01 1.919371148052873e-19
7.72145556e+01 1.918777925616187e-19
7.72622778e+01 1.918185252883712e-19
7.73100000e+01 1.917593129007007e-19
7.73577222e+01 1.917001553139464e-19
7.74054444e+01 1.916410524436303e-19
7.74531667e+01 1.915820042054566e-19
7.75008889e+01 1.915230105153111e-19
7.75486111e+01 1.914640712892608e-19
7.75963333e+01 1.914051864435534e-19
7.76440556e+01 1.913463558946169e-19
7.76917778e+01 1.912875795590590e-19
7.77395000e+01 1.912288573536664e-19
7.77872222e+01 1.911701891954047e-19
7.78349444e+01 1.911115750014175e-19
7.78826667e+01 1.910530146890265e-19
7.79303889e+01 1.909945081757302e-19
7.79781111e+01 1.909360553792043e-19
7.80258333e+01 1.908776562173002e-19
7.80735556e+01 1.908193106080455e-19
7.81212778e+01 1.907610184696430e-19
7.81690000e+01 1.907027797204703e-19
7.82167222e+01 1.906445942790792e-19
7.82644444e+01 1.905864620641954e-19
7.83121667e+01 1.905283829947182e-19
7.83598889e+01 1.904703569897194e-19
7.84076111e+01 1.904123839684436e-19
7.84553333e+01 1.903544638503072e-19
7.85030556e+01 1.902965965548979e-19
7.85507778e+01 1.902387820019746e-19
7.85985000e+01 1.901810201114669e-19
7.86462222e+01 1.901233108034742e-19
7.86939444e+01 1.900656539982656e-19
7.87416667e+01 1.900080496162794e-19
7.87893889e+01 1.899504975781225e-19
7.88371111e+01 1.898929978045701e-19
7.88848333e+01 1.898355502165653e-19
7.89325556e+01 1.897781547352182e-19
7.89802778e+01 1.897208112818060e-19
7.90280000e+01 1.896635197777722e-19
7.90757222e+01 1.896062801447265e-19
7.91234444e+01 1.895490923044438e-19
7.91711667e+01 1.894919561788640e-19
7.92188889e+01 1.894348716900920e-19
7.92666111e+01 1.893778387603966e-19
7.93143333e+01 1.893208573122102e-19
7.93620556e+01 1.892639272681288e-19
7.94097778e+01 1.892070485509111e-19
7.94575000e+01 1.891502210834780e-19
7.95052222e+01 1.890934447889125e-19
7.95529444e+01 1.890367195904593e-19
7.96006667e+01 1.889800454115240e-19
7.96483889e+01 1.889234221756727e-19
7.96961111e+01 1.888668498066320e-19
7.97438333e+01 1.888103282282882e-19
7.97915556e+01 1.887538573646867e-19
7.98392778e+01 1.886974371400323e-19
7.98870000e+01 1.886410674786878e-19
7.99347222e+01 1.885847483051745e-19
7.99824444e+01 1.885284795441711e-19
8.00301667e+01 1.884722611205135e-19
8.00778889e+01 1.884160929591944e-19
8.01256111e+01 1.883599749853632e-19
8.01733333e+01 1.883039071243249e-19
8.02210556e+01 1.882478893015401e-19
8.02687778e+01 1.881919214426246e-19
8.03165000e+01 1.881360034733490e-19
8.03642222e+01 1.880801353196381e-19
8.04119444e+01 1.880243169075705e-19
8.04596667e+01 1.879685481633785e-19
8.05073889e+01 1.879128290134472e-19
8.05551111e+01 1.878571593843146e-19
8.06028333e+01 1.878015392026708e-19
8.06505556e+01 1.877459683953579e-19
8.06982778e+01 1.876904468893692e-19
8.07460000e+01 1.876349746118492e-19
8.07937222e+01 1.875795514900932e-19
8.08414444e+01 1.875241774515463e-19
8.08891667e+01 1.874688524238040e-19
8.09368889e+01 1.874135763346107e-19
8.09846111e+01 1.873583491118602e-19
8.10323333e+01 1.873031706835948e-19
8.10800556e+01 1.872480409780052e-19
8.11277778e+01 1.871929599234297e-19
8.11755000e+01 1.871379274483544e-19
8.12232222e+01 1.870829434814122e-19
8.12709444e+01 1.870280079513828e-19
8.13186667e+01 1.869731207871924e-19
8.13663889e+01 1.869182819179128e-19
8.14141111e+01 1.868634912727615e-19
8.14618333e+01 1.868087487811012e-19
8.15095556e+01 1.867540543724392e-19
8.15572778e+01 1.866994079764273e-19
8.16050000e+01 1.866448095228614e-19
8.16527222e+01 1.865902589416808e-19
8.17004444e+01 1.865357561629683e-19
8.17481667e+01 1.864813011169494e-19
8.17958889e+01 1.864268937339921e-19
8.18436111e+01 1.863725339446067e-19
8.18913333e+01 1.863182216794451e-19
8.19390556e+01 1.862639568693006e-19
8.19867778e+01 1.862097394451076e-19
8.20345000e+01 1.861555693379409e-19
8.20822222e+01 1.861014464790159e-19
8.21299444e+01 1.860473707996878e-19
8.21776667e+01 1.859933422314511e-19
8.22253889e+01 1.859393607059400e-19
8.22731111e+01 1.858854261549269e-19
8.23208333e+01 1.858315385103230e-19
8.23685556e+01 1.857776977041777e-19
8.24162778e+01 1.857239036686778e-19
8.24640000e+01 1.856701563361477e-19
8.25117222e+01 1.856164556390487e-19
8.25594444e+01 1.855628015099790e-19
8.26071667e+01 1.855091938816726e-19
8.26548889e+01 1.854556326870001e-19
8.27026111e+01 1.854021178589672e-19
8.27503333e+01 1.853486493307150e-19
8.27980556e+01 1.852952270355195e-19
8.28457778e+01 1.852418509067913e-19
8.28935000e+01 1.851885208780751e-19
8.29412222e+01 1.851352368830495e-19
8.29889444e+01 1.850819988555266e-19
8.30366667e+01 1.850288067294517e-19
8.30843889e+01 1.849756604389026e-19
8.31321111e+01 1.849225599180901e-19
8.31798333e+01 1.848695051013568e-19
8.32275556e+01 1.848164959231771e-19
8.32752778e+01 1.847635323181568e-19
8.33230000e+01 1.847106142210330e-19
8.33707222e+01 1.846577415666734e-19
8.34184444e+01 1.846049142900762e-19
8.34661667e+01 1.845521323263698e-19
8.35138889e+01 1.844993956108120e-19
8.35616111e+01 1.844467040787904e-19
8.36093333e+01 1.843940576658217e-19
8.36570556e+01 1.843414563075510e-19
8.37047778e+01 1.842888999397523e-19
8.37525000e+01 1.842363884983274e-19
8.38002222e+01 1.841839219193058e-19
8.38479444e+01 1.841315001388447e-19
8.38956667e+01 1.840791230932284e-19
8.39433889e+01 1.840267907188679e-19
8.39911111e+01 1.839745029523006e-19
8.40388333e+01 1.839222597301902e-19
8.40865556e+01 1.838700609893263e-19
8.41342778e+01 1.838179066666236e-19
8.41820000e+01 1.837657966991224e-19
8.42297222e+01 1.837137310239879e-19
8.42774444e+01 1.836617095785094e-19
8.43251667e+01 1.836097323001009e-19
8.43728889e+01 1.835577991263000e-19
8.44206111e+01 1.835059099947682e-19
8.44683333e+01 1.834540648432900e-19
8.45160556e+01 1.834022636097729e-19
8.45637778e+01 1.833505062322474e-19
8.46115000e+01 1.832987926488658e-19
8.46592222e+01 1.832471227979030e-19
8.47069444e+01 1.831954966177552e-19
8.47546667e+01 1.831439140469403e-19
8.48023889e+01 1.830923750240970e-19
8.48501111e+01 1.830408794879853e-19
8.48978333e+01 1.829894273774851e-19
8.49455556e+01 1.829380186315970e-19
8.49932778e+01 1.828866531894413e-19
8.50410000e+01 1.828353309902578e-19
8.50887222e+01 1.827840519734056e-19
8.51364444e+01 1.827328160783631e-19
8.51841667e+01 1.826816232447269e-19
8.52318889e+01 1.826304734122123e-19
8.52796111e+01 1.825793665206528e-19
8.53273333e+01 1.825283025099993e-19
8.53750556e+01 1.824772813203205e-19
8.54227778e+01 1.824263028918022e-19
8.54705000e+01 1.823753671647471e-19
8.55182222e+01 1.823244740795746e-19
8.55659444e+01 1.822736235768203e-19
8.56136667e+01 1.822228155971358e-19
8.56613889e+01 1.821720500812887e-19
8.57091111e+01 1.821213269701617e-19
8.57568333e+01 1.820706462047529e-19
8.58045556e+01 1.820200077261752e-19
8.58522778e+01 1.819694114756560e-19
8.59000000e+01 1.819188573945371e-19
8.59477222e+01 1.818683454242744e-19
-----------------------------
