Energy (eV)          EEDF (eV^-(3/2))     First Anisotropy
6.77500000000000e-03 9.59921821478091e+00 1.35496984840041e-02
2.03250000000000e-02 9.06195075467068e+00 2.18216166623798e-02
3.38750000000000e-02 8.55475411045791e+00 2.73787651348082e-02
4.74250000000000e-02 8.07594522103058e+00 3.08150127678026e-02
6.09750000000000e-02 7.62393522606997e+00 3.30869844211175e-02
7.45250000000000e-02 7.19722419363975e+00 3.45851989566522e-02
8.80750000000000e-02 6.79439614287170e+00 3.55252126830409e-02
1.01625000000000e-01 6.41411434523120e+00 3.60443894857404e-02
1.15175000000000e-01 6.05511688877068e+00 3.62379249173110e-02
1.28725000000000e-01 5.71621249065124e+00 3.61754771800306e-02
1.42275000000000e-01 5.39627654403729e+00 3.59099674547965e-02
1.55825000000000e-01 5.09424738624604e+00 3.54827022984680e-02
1.69375000000000e-01 4.80912277576841e+00 3.49265738100024e-02
1.82925000000000e-01 4.53995656647082e+00 3.42681713619490e-02
1.96475000000000e-01 4.28585556794154e+00 3.35292371914760e-02
2.10025000000000e-01 4.04597658156330e+00 3.27277059768396e-02
2.23575000000000e-01 3.81952360247665e+00 3.18784694365136e-02
2.37125000000000e-01 3.60574517814914e+00 3.09939527079992e-02
2.50675000000000e-01 3.40393191478524e+00 3.00845579964996e-02
2.64225000000000e-01 3.21341412330227e+00 2.91590121911558e-02
2.77775000000000e-01 3.03355959706086e+00 2.82246434319527e-02
2.91325000000000e-01 2.86377151397564e+00 2.72876040727409e-02
3.04875000000000e-01 2.70348645604466e+00 2.63530524988755e-02
3.18425000000000e-01 2.55217253972555e+00 2.54253028761890e-02
3.31975000000000e-01 2.40932765095442e+00 2.45079495636750e-02
3.45525000000000e-01 2.27447777895055e+00 2.36039712645950e-02
3.59075000000000e-01 2.14717544327793e+00 2.27158187974112e-02
3.72625000000000e-01 2.02699820894403e+00 2.18454894948225e-02
3.86175000000000e-01 1.91354728460840e+00 2.09945905907577e-02
3.99725000000000e-01 1.80644619924935e+00 2.01643934670114e-02
4.13275000000000e-01 1.70533955289755e+00 1.93558802590620e-02
4.26825000000000e-01 1.60989183729097e+00 1.85697840335994e-02
4.40375000000000e-01 1.51978632253760e+00 1.78066235265589e-02
4.53925000000000e-01 1.43472400609166e+00 1.70667332543111e-02
4.67475000000000e-01 1.35442262055545e+00 1.63502896706936e-02
4.81025000000000e-01 1.27861569701448e+00 1.56573339303895e-02
4.94575000000000e-01 1.20705168079766e+00 1.49877917285377e-02
5.08125000000000e-01 1.13949309672830e+00 1.43414906126880e-02
5.21675000000000e-01 1.07571576109600e+00 1.37181751027594e-02
5.35225000000000e-01 1.01550803773431e+00 1.31175199047777e-02
5.48775000000000e-01 9.58670135735747e-01 1.25391414627710e-02
5.62325000000000e-01 9.05013446473626e-01 1.19826080586411e-02
5.75875000000000e-01 8.54359917730699e-01 1.14474486408270e-02
5.89425000000000e-01 8.06541462857787e-01 1.09331605381155e-02
6.02975000000000e-01 7.61399403001752e-01 1.04392161942318e-02
6.16525000000000e-01 7.18783940551913e-01 9.96506904119878e-03
6.30075000000000e-01 6.78553662057635e-01 9.51015861438616e-03
6.43625000000000e-01 6.40575068967575e-01 9.07391499924059e-03
6.57175000000000e-01 6.04722134633415e-01 8.65576268855822e-03
6.70725000000000e-01 5.70875886108056e-01 8.25512391955012e-03
6.84275000000000e-01 5.38924009350542e-01 7.87142155162229e-03
6.97825000000000e-01 5.08760476527623e-01 7.50408153855573e-03
7.11375000000000e-01 4.80285194175221e-01 7.15253504246766e-03
7.24925000000000e-01 4.53403671052277e-01 6.81622023142804e-03
7.38475000000000e-01 4.28026704584780e-01 6.49458379778348e-03
7.52025000000000e-01 4.04070084859510e-01 6.18708223001042e-03
7.65575000000000e-01 3.81454315185214e-01 5.89318286719990e-03
7.79125000000000e-01 3.60104348293965e-01 5.61236476199875e-03
7.92675000000000e-01 3.39949337307294e-01 5.34411937494110e-03
8.06225000000000e-01 3.20922400640739e-01 5.08795112054792e-03
8.19775000000000e-01 3.02960400066665e-01 4.84337778331022e-03
8.33325000000000e-01 2.86003731198881e-01 4.60993081966570e-03
8.46875000000000e-01 2.69996125703829e-01 4.38715556029888e-03
8.60425000000000e-01 2.54884464581989e-01 4.17461132551298e-03
8.73975000000000e-01 2.40618601899909e-01 3.97187146501502e-03
8.87525000000000e-01 2.27151198387938e-01 3.77852333220280e-03
9.01075000000000e-01 2.14437564351486e-01 3.59416820192613e-03
9.14625000000000e-01 2.02435511374522e-01 3.41842113969917e-03
9.28175000000000e-01 1.91105212323218e-01 3.25091082945229e-03
9.41725000000000e-01 1.80409069185173e-01 3.09127936611826e-03
9.55275000000000e-01 1.70311588305675e-01 2.93918201863924e-03
9.68825000000000e-01 1.60779262606969e-01 2.79428696834677e-03
9.82375000000000e-01 1.51780460399707e-01 2.65627502710137e-03
9.95925000000000e-01 1.43285320417613e-01 2.52483933907112e-03
1.00947500000000e+00 1.35265652727046e-01 2.39968506957568e-03
1.02302500000000e+00 1.27694845182652e-01 2.28052908401694e-03
1.03657500000000e+00 1.20547775118681e-01 2.16709961955474e-03
1.05012500000000e+00 1.13800725982934e-01 2.05913595186172e-03
1.06367500000000e+00 1.07431308636701e-01 1.95638805900121e-03
1.07722500000000e+00 1.01418387059544e-01 1.85861628421282e-03
1.09077500000000e+00 9.57420082123575e-02 1.76559099915834e-03
1.10432500000000e+00 9.03833358260114e-02 1.67709226897345e-03
1.11787500000000e+00 8.53245878958194e-02 1.59290952028576e-03
1.13142500000000e+00 8.05489776744466e-02 1.51284121319457e-03
1.14497500000000e+00 7.60406579674368e-02 1.43669451806063e-03
1.15852500000000e+00 7.17846685465141e-02 1.36428499782290e-03
1.17207500000000e+00 6.77668865061582e-02 1.29543629644264e-03
1.18562500000000e+00 6.39739793987185e-02 1.22997983397147e-03
1.19917500000000e+00 6.03933609925512e-02 1.16775450864779e-03
1.21272500000000e+00 5.70131495063705e-02 1.10860640634438e-03
1.22627500000000e+00 5.38221281812196e-02 1.05238851761793e-03
1.23982500000000e+00 5.08097080592250e-02 9.98960462546897e-04
1.25337500000000e+00 4.79658928456212e-02 9.48188223488763e-04
1.26692500000000e+00 4.52812457374452e-02 8.99943885837357e-04
1.28047500000000e+00 4.27468581088256e-02 8.54105386818416e-04
1.29402500000000e+00 4.03543199489539e-02 8.10556272323291e-04
1.30757500000000e+00 3.80956919546402e-02 7.69185461747969e-04
1.32112500000000e+00 3.59634791848465e-02 7.29887020776084e-04
1.33467500000000e+00 3.39506061897729e-02 6.92559942019913e-04
1.34822500000000e+00 3.20503935319673e-02 6.57107933412467e-04
1.36177500000000e+00 3.02565356215468e-02 6.23439214225832e-04
1.37532500000000e+00 2.85630797919797e-02 5.91466318575832e-04
1.38887500000000e+00 2.69644065469942e-02 5.61105906260539e-04
1.40242500000000e+00 2.54552109130662e-02 5.32278580769875e-04
1.41597500000000e+00 2.40304848356069e-02 5.04908714295127e-04
1.42952500000000e+00 2.26855005604343e-02 4.78924279560653e-04
1.44307500000000e+00 2.14157949453817e-02 4.54256688295066e-04
1.45662500000000e+00 2.02171546499857e-02 4.30840636155499e-04
1.47017500000000e+00 1.90856021541046e-02 4.08613953916158e-04
1.48372500000000e+00 1.80173825590743e-02 3.87517464731024e-04
1.49727500000000e+00 1.70089511276028e-02 3.67494847280136e-04
1.51082500000000e+00 1.60569615210548e-02 3.48492504609305e-04
1.52437500000000e+00 1.51582546950955e-02 3.30459438474233e-04
1.53792500000000e+00 1.43098484168436e-02 3.13347129001749e-04
1.55147500000000e+00 1.35089273687489e-02 2.97109419483144e-04
1.56502500000000e+00 1.27528338063545e-02 2.81702406117310e-04
1.57857500000000e+00 1.20390587389442e-02 2.67084332524503e-04
1.59212500000000e+00 1.13652336038072e-02 2.53215488854986e-04
1.60567500000000e+00 1.07291224064944e-02 2.40058115320507e-04
1.61922500000000e+00 1.01286143009836e-02 2.27576309980521e-04
1.63277500000000e+00 9.56171658513198e-03 2.15735940619113e-04
1.64632500000000e+00 9.02654808817329e-03 2.04504560552883e-04
1.65987500000000e+00 8.52133292831542e-03 1.93851328214347e-04
1.67342500000000e+00 8.04439461972528e-03 1.83746930359859e-04
1.68697500000000e+00 7.59415050934502e-03 1.74163508755507e-04
1.70052500000000e+00 7.16910652507928e-03 1.65074590198925e-04
1.71407500000000e+00 6.76785221792597e-03 1.56455019739455e-04
1.72762500000000e+00 6.38905608159854e-03 1.48280896963575e-04
1.74117500000000e+00 6.03146113410861e-03 1.40529515216917e-04
1.75472500000000e+00 5.69388074664713e-03 1.33179303638638e-04
1.76827500000000e+00 5.37519470592267e-03 1.26209771888228e-04
1.78182500000000e+00 5.07434549689027e-03 1.19601457449081e-04
1.79537500000000e+00 4.79033479353575e-03 1.13335875397417e-04
1.80892500000000e+00 4.52222014607048e-03 1.07395470529186e-04
1.82247500000000e+00 4.26911185354359e-03 1.01763571741654e-04
1.83602500000000e+00 4.03017001149380e-03 9.64243485703027e-05
1.84957500000000e+00 3.80460172484401e-03 9.13627697854630e-05
1.86312500000000e+00 3.59165847678986e-03 8.65645639569040e-05
1.87667500000000e+00 3.39063364495147e-03 8.20161818981750e-05
1.89022500000000e+00 3.20086015654586e-03 7.77047609060514e-05
1.90377500000000e+00 3.02170827479931e-03 7.36180907138537e-05
1.91732500000000e+00 2.85258350925391e-03 6.97445810807220e-05
1.93087500000000e+00 2.69292464303418e-03 6.60732309421458e-05
1.94442500000000e+00 2.54220187052735e-03 6.25935990501521e-05
1.95797500000000e+00 2.39991503929757e-03 5.92957760345575e-05
1.97152500000000e+00 2.26559199039999e-03 5.61703578195984e-05
1.98507500000000e+00 2.13878699158740e-03 5.32084203330401e-05
1.99862500000000e+00 2.01907925821006e-03 5.04014954475711e-05
2.01217500000000e+00 1.90607155690076e-03 4.77415480968953e-05
2.02572500000000e+00 1.79938888741143e-03 4.52209545114323e-05
2.03927500000000e+00 1.69867723822727e-03 4.28324815209472e-05
2.05282500000000e+00 1.60360241182909e-03 4.05692668737576e-05
2.06637500000000e+00 1.51384891570556e-03 3.84248005243880e-05
2.07992500000000e+00 1.42911891543548e-03 3.63929068436895e-05
2.09347500000000e+00 1.34913124636588e-03 3.44677277075001e-05
2.10702500000000e+00 1.27362048060648e-03 3.26437064218960e-05
2.12057500000000e+00 1.20233604624437e-03 3.09155724449784e-05
2.13412500000000e+00 1.13504139585613e-03 2.92783268669646e-05
2.14767500000000e+00 1.07151322155836e-03 2.77272286120921e-05
2.16122500000000e+00 1.01154071399163e-03 2.62577813275147e-05
2.17477500000000e+00 9.54924862779179e-04 2.48657209259749e-05
2.18832500000000e+00 9.01477796138795e-04 2.35470037505680e-05
2.20187500000000e+00 8.51022157456572e-04 2.22977953313826e-05
2.21542500000000e+00 8.03390516753818e-04 2.11144597052068e-05
2.22897500000000e+00 7.58424815094081e-04 1.99935492708361e-05
2.24252500000000e+00 7.15975840086685e-04 1.89317951538035e-05
2.25607500000000e+00 6.75902730746284e-04 1.79260980555843e-05
2.26962500000000e+00 6.38072510065385e-04 1.69735195635022e-05
2.28317500000000e+00 6.02359643748752e-04 1.60712738986898e-05
2.29672500000000e+00 5.68645623645411e-04 1.52167200805282e-05
2.31027500000000e+00 5.36818574495926e-04 1.44073544870192e-05
2.32382500000000e+00 5.06772882690000e-04 1.36408037915204e-05
2.33737500000000e+00 4.78408845802487e-04 1.29148182572126e-05
2.35092500000000e+00 4.51632341744841e-04 1.22272653715600e-05
2.36447500000000e+00 4.26354516434127e-04 1.15761238038770e-05
2.37802500000000e+00 4.02491488943186e-04 1.09594776699292e-05
2.39157500000000e+00 3.79964073153501e-04 1.03755110882728e-05
2.40512500000000e+00 3.58697514987152e-04 9.82250301377555e-06
2.41867500000000e+00 3.38621244345854e-04 9.29882233447109e-06
2.43222500000000e+00 3.19668640933969e-04 8.80292321856957e-06
2.44577500000000e+00 3.01776813188366e-04 8.33334069909078e-06
2.45932500000000e+00 2.84886389581571e-04 7.88868648419762e-06
2.47287500000000e+00 2.68941321605656e-04 7.46764498189124e-06
2.48642500000000e+00 2.53888697783111e-04 7.06896952828434e-06
2.49997500000000e+00 2.39678568087501e-04 6.69147880919964e-06
2.51352500000000e+00 2.26263778191297e-04 6.33405346534378e-06
2.52707500000000e+00 2.13599812990831e-04 5.99563287178886e-06
2.54062500000000e+00 2.01644648889155e-04 5.67521208295040e-06
2.55417500000000e+00 1.90358614346616e-04 5.37183893468601e-06
2.56772500000000e+00 1.79704258236393e-04 5.08461129555544e-06
2.58127500000000e+00 1.69646225568181e-04 4.81267445967607e-06
2.59482500000000e+00 1.60151140167593e-04 4.55521867398452e-06
2.60837500000000e+00 1.51187493922003e-04 4.31147679307318e-06
2.62192500000000e+00 1.42725542225275e-04 4.08072205511054e-06
2.63547500000000e+00 1.34737205274452e-04 3.86226597267815e-06
2.64902500000000e+00 1.27195974890854e-04 3.65545633266586e-06
2.66257500000000e+00 1.20076826556403e-04 3.45967529965977e-06
2.67612500000000e+00 1.13356136373253e-04 3.27433761753650e-06
2.68967500000000e+00 1.07011602671193e-04 3.09888890424285e-06
2.70322500000000e+00 1.01022172002673e-04 2.93280403499186e-06
2.71677500000000e+00 9.53679692798859e-05 2.77558560934685e-06
2.73032500000000e+00 9.00302318220658e-05 2.62676249789271e-06
2.74387500000000e+00 8.49912470941585e-05 2.48588846441087e-06
2.75742500000000e+00 8.02342939302515e-05 2.35254085968068e-06
2.77097500000000e+00 7.57435870467237e-05 2.22631938322567e-06
2.78452500000000e+00 7.15042246609900e-05 2.10684490951004e-06
2.79807500000000e+00 6.75021390420205e-05 1.99375837526734e-06
2.81162500000000e+00 6.37240498285431e-05 1.88671972481196e-06
2.82517500000000e+00 6.01574199600223e-05 1.78540691034374e-06
2.83872500000000e+00 5.67904140741777e-05 1.68951494440828e-06
2.85227500000000e+00 5.36118592329896e-05 1.59875500181973e-06
2.86582500000000e+00 5.06112078468678e-05 1.51285356849009e-06
2.87937500000000e+00 4.77785026739505e-05 1.43155163473945e-06
2.89292500000000e+00 4.51043437783904e-05 1.35460393078534e-06
2.90647500000000e+00 4.25798573379825e-05 1.28177820222696e-06
2.92002500000000e+00 4.01966661976263e-05 1.21285452345178e-06
2.93357500000000e+00 3.79468620709087e-05 1.14762464699805e-06
2.94712500000000e+00 3.58229792975618e-05 1.08589138700760e-06
2.96067500000000e+00 3.38179700697137e-05 1.02746803499882e-06
2.97422500000000e+00 3.19251810447236e-05 9.72177806280557e-07
2.98777500000000e+00 3.01383312669959e-05 9.19853315414166e-07
3.00132500000000e+00 2.84514913255066e-05 8.70336079212397e-07
3.01487500000000e+00 2.68590636778830e-05 8.23476045841956e-07
3.02842500000000e+00 2.53557640757424e-05 7.79131148670114e-07
3.04197500000000e+00 2.39366040296525e-05 7.37166883565863e-07
3.05552500000000e+00 2.25968742555277e-05 6.97455908432672e-07
3.06907500000000e+00 2.13321290475282e-05 6.59877663812876e-07
3.08262500000000e+00 2.01381715256072e-05 6.24318013463778e-07
3.09617500000000e+00 1.90110397087519e-05 5.90668903862281e-07
3.10972500000000e+00 1.79469933677032e-05 5.58828041648849e-07
3.12327500000000e+00 1.69425016135284e-05 5.28698588072801e-07
3.13682500000000e+00 1.59942311808604e-05 5.00188869549508e-07
3.15037500000000e+00 1.50990353669224e-05 4.73212103486169e-07
3.16392500000000e+00 1.42539435896356e-05 4.47686138576543e-07
3.17747500000000e+00 1.34561515301574e-05 4.23533208806538e-07
3.19102500000000e+00 1.27030118271421e-05 4.00679700451918e-07
3.20457500000000e+00 1.19920252918425e-05 3.79055931386725e-07
3.21812500000000e+00 1.13208326149015e-05 3.58595942056431e-07
3.23167500000000e+00 1.06872065373143e-05 3.39237297503468e-07
3.24522500000000e+00 1.00890444595808e-05 3.20920899864628e-07
3.25877500000000e+00 9.52436146452327e-06 3.03590810790090e-07
3.27232500000000e+00 8.99128373061657e-06 2.87194083262469e-07
3.28587500000000e+00 8.48804231397331e-06 2.71680602321537e-07
3.29942500000000e+00 8.01296727835112e-06 2.57002934225988e-07
3.31297500000000e+00 7.56448215370285e-06 2.43116183608147e-07
3.32652500000000e+00 7.14109870488124e-06 2.29977858200684e-07
3.34007500000000e+00 6.74141199313875e-06 2.17547740736391e-07
3.35362500000000e+00 6.36409571403492e-06 2.05787767642970e-07
3.36717500000000e+00 6.00789779628057e-06 1.94661914174527e-07
3.38072500000000e+00 5.67163624691437e-06 1.84136085640222e-07
3.39427500000000e+00 5.35419522902462e-06 1.74178014408332e-07
3.40782500000000e+00 5.05452135900048e-06 1.64757162380833e-07
3.42137500000000e+00 4.77162021102585e-06 1.55844628649564e-07
3.43492500000000e+00 4.50455301721640e-06 1.47413062060219e-07
3.44847500000000e+00 4.25243355244968e-06 1.39436578424786e-07
3.46202500000000e+00 4.01442519355104e-06 1.31890682136621e-07
3.47557500000000e+00 3.78973814307660e-06 1.24752191955308e-07
3.48912500000000e+00 3.57762680848098e-06 1.17999170740665e-07
3.50267500000000e+00 3.37738732797273e-06 1.11610858926854e-07
3.51622500000000e+00 3.18835523484742e-06 1.05567611538551e-07
3.52977500000000e+00 3.00990325254782e-06 9.98508385615722e-08
3.54332500000000e+00 2.84143921313446e-06 9.44429484901805e-08
3.55687500000000e+00 2.68240409225907e-06 8.93272948827100e-08
3.57042500000000e+00 2.53227015412056e-06 8.44881257659829e-08
3.58397500000000e+00 2.39053920024755e-06 7.99105357374159e-08
3.59752500000000e+00 2.25674091629646e-06 7.55804206216748e-08
3.61107500000000e+00 2.13043131137912e-06 7.14844345462882e-08
3.62462500000000e+00 2.01119124474115e-06 6.76099493077874e-08
3.63817500000000e+00 1.89862503490198e-06 6.39450159067158e-08
3.65172500000000e+00 1.79235914664123e-06 6.04783281362832e-08
3.66527500000000e+00 1.69204095147429e-06 5.71991881155200e-08
3.67882500000000e+00 1.59733755750410e-06 5.40974736635589e-08
3.69237500000000e+00 1.50793470476588e-06 5.11636074171396e-08
3.70592500000000e+00 1.42353572239944e-06 4.83885275986047e-08
3.71947500000000e+00 1.34386054418844e-06 4.57636603465641e-08
3.73302500000000e+00 1.26864477919978e-06 4.32808935260568e-08
3.74657500000000e+00 1.19763883443934e-06 4.09325519394381e-08
3.76012500000000e+00 1.13060708661250e-06 3.87113738633941e-08
3.77367500000000e+00 1.06732710024122e-06 3.66104888414398e-08
3.78722500000000e+00 1.00758888954299e-06 3.46233966650005e-08
3.80077500000000e+00 9.51194221622428e-07 3.27439474797208e-08
3.81432500000000e+00 8.97955958663137e-07 3.09663229570107e-08
3.82787500000000e+00 8.47697436937017e-07 2.92850184740187e-08
3.84142500000000e+00 8.00251880570419e-07 2.76948262482359e-08
3.85497500000000e+00 7.55461848121729e-07 2.61908193757933e-08
3.86852500000000e+00 7.13178710133974e-07 2.47683367252190e-08
3.88207500000000e+00 6.73262155928757e-07 2.34229686409850e-08
3.89562500000000e+00 6.35579728004903e-07 2.21505434135983e-08
3.90917500000000e+00 6.00006382496764e-07 2.09471144752940e-08
3.92272500000000e+00 5.66424074233652e-07 1.98089482825598e-08
3.93627500000000e+00 5.34721365023446e-07 1.87325128487888e-08
3.94982500000000e+00 5.04793053860546e-07 1.77144668923069e-08
3.96337500000000e+00 4.76539827831048e-07 1.67516495668715e-08
3.97692500000000e+00 4.49867932556736e-07 1.58410707434920e-08
3.99047500000000e+00 4.24688861084291e-07 1.49799018140782e-08
4.00402500000000e+00 4.00919060187349e-07 1.41654669889958e-08
4.01757500000000e+00 3.78479653106806e-07 1.33952350620968e-08
4.03112500000000e+00 3.57296177809330e-07 1.26668116181982e-08
4.04467500000000e+00 3.37298339895515e-07 1.19779316593197e-08
4.05822500000000e+00 3.18419779337756e-07 1.13264526272533e-08
4.07177500000000e+00 3.00597850273776e-07 1.07103478012349e-08
4.08532500000000e+00 2.83773413125097e-07 1.01277000506170e-08
4.09887500000000e+00 2.67890638350624e-07 9.57669592352148e-09
4.11242500000000e+00 2.52896821184119e-07 9.05562005345906e-09
4.12597500000000e+00 2.38742206740810e-07 8.56284986686975e-09
4.13952500000000e+00 2.25379824912765e-07 8.09685057544610e-09
4.15307500000000e+00 2.12765334505161e-07 7.65617043796416e-09
4.16662500000000e+00 2.00856876096229e-07 7.23943627716321e-09
4.18017500000000e+00 1.89614933132621e-07 6.84534923798817e-09
4.19372500000000e+00 1.79002200799256e-07 6.47268077424057e-09
4.20727500000000e+00 1.68983462228507e-07 6.12026885137629e-09
4.22082500000000e+00 1.59525471637955e-07 5.78701435384444e-09
4.23437500000000e+00 1.50596844008910e-07 5.47187768598278e-09
4.24792500000000e+00 1.42167950939616e-07 5.17387555607263e-09
4.26147500000000e+00 1.34210822327547e-07 4.89207793371322e-09
4.27502500000000e+00 1.26699053554531e-07 4.62560517120180e-09
4.28857500000000e+00 1.19607717866721e-07 4.37362528010479e-09
4.30212500000000e+00 1.12913283658650e-07 4.13535135467749e-09
4.31567500000000e+00 1.06593536386886e-07 3.91003913423687e-09
4.32922500000000e+00 1.00627504854181e-07 3.69698469701496e-09
4.34277500000000e+00 9.49953916194874e-08 3.49552227842091e-09
4.35632500000000e+00 8.96785073029145e-08 3.30502220701877e-09
4.36987500000000e+00 8.46592085676408e-08 3.12488895188739e-09
4.38342500000000e+00 7.99208395729661e-08 2.95455927536813e-09
4.39697500000000e+00 7.54476767042352e-08 2.79350048552779e-09
4.41052500000000e+00 7.12248763962220e-08 2.64120878296856e-09
4.42407500000000e+00 6.72384258768346e-08 2.49720769690496e-09
4.43762500000000e+00 6.34750966676916e-08 2.36104660570018e-09
4.45117500000000e+00 5.99224006872672e-08 2.23229933731271e-09
4.46472500000000e+00 5.65685488109392e-08 2.11056284534810e-09
4.47827500000000e+00 5.34024117504287e-08 1.99545595664233e-09
4.49182500000000e+00 5.04134831228132e-08 1.88661818652154e-09
4.50537500000000e+00 4.75918445865654e-08 1.78370861809069e-09
4.51892500000000e+00 4.49281329289235e-08 1.68640484209923e-09
4.53247500000000e+00 4.24135089953800e-08 1.59440195411755e-09
4.54602500000000e+00 4.00396283581839e-08 1.50741160593380e-09
4.55957500000000e+00 3.77986136265244e-08 1.42516110824665e-09
4.57312500000000e+00 3.56830283065114e-08 1.34739258188670e-09
4.58667500000000e+00 3.36858521242112e-08 1.27386215494858e-09
4.60022500000000e+00 3.18004577298491e-08 1.20433920335616e-09
4.61377500000000e+00 3.00205887058764e-08 1.13860563251682e-09
4.62732500000000e+00 2.83403388059243e-08 1.07645519784701e-09
4.64087500000000e+00 2.67541323557508e-08 1.01769286207050e-09
4.65442500000000e+00 2.52567057511467e-08 9.62134187303795e-10
4.66797500000000e+00 2.38430899914005e-08 9.09604760050222e-10
4.68152500000000e+00 2.25085941903651e-08 8.59939647325156e-10
4.69507500000000e+00 2.12487900104084e-08 8.12982882230833e-10
4.70862500000000e+00 2.00594969675940e-08 7.68586977389645e-10
4.72217500000000e+00 1.89367685593302e-08 7.26612464730620e-10
4.73572500000000e+00 1.78768791684534e-08 6.86927460204909e-10
4.74927500000000e+00 1.68763117002888e-08 6.49407252082865e-10
4.76282500000000e+00 1.59317459116632e-08 6.13933911557969e-10
4.77637500000000e+00 1.50400473931429e-08 5.80395924451559e-10
4.78992500000000e+00 1.41982571679347e-08 5.48687842877394e-10
4.80347500000000e+00 1.34035818729346e-08 5.18709955786631e-10
4.81702500000000e+00 1.26533844893440e-08 4.90367977372014e-10
4.83057500000000e+00 1.19451755920909e-08 4.63572752365192e-10
4.84412500000000e+00 1.12766050890217e-08 4.38239977313158e-10
4.85767500000000e+00 1.06454544224487e-08 4.14289936969243e-10
4.87122500000000e+00 1.00496292071769e-08 3.91647254980706e-10
4.88477500000000e+00 9.48715228057988e-09 3.70240658099090e-10
4.89832500000000e+00 8.95615714166194e-09 3.50002753181374e-10
4.91187500000000e+00 8.45488175733586e-09 3.30869816289454e-10
4.92542500000000e+00 7.98166271536252e-09 3.12781593232871e-10
4.93897500000000e+00 7.53492970455002e-09 2.95681110935103e-10
4.95252500000000e+00 7.11320030389578e-09 2.79514499037255e-10
4.96607500000000e+00 6.71507506337973e-09 2.64230821184604e-10
4.97962500000000e+00 6.33923286008521e-09 2.49781915471468e-10
4.99317500000000e+00 5.98442651423742e-09 2.36122243548190e-10
5.00672500000000e+00 5.64947865061173e-09 2.23208747920882e-10
5.02027500000000e+00 5.33327779157880e-09 2.11000716999950e-10
5.03382500000000e+00 5.03477466882147e-09 1.99459657477394e-10
5.04737500000000e+00 4.75297874148467e-09 1.88549173635644e-10
5.06092500000000e+00 4.48695490920415e-09 1.78234853212139e-10
5.07447500000000e+00 4.23582040910674e-09 1.68484159464226e-10
5.08802500000000e+00 3.99874188648523e-09 1.59266329098138e-10
5.10157500000000e+00 3.77493262942738e-09 1.50552275744048e-10
5.11512500000000e+00 3.56364995822247e-09 1.42314498676395e-10
5.12867500000000e+00 3.36419276088258e-09 1.34526996494944e-10
5.14222500000000e+00 3.17589916660052e-09 1.27165185497462e-10
5.15577500000000e+00 2.99814434942419e-09 1.20205822489459e-10
5.16932500000000e+00 2.83033845485904e-09 1.13626931790236e-10
5.18287500000000e+00 2.67192464251842e-09 1.07407736207492e-10
5.19642500000000e+00 2.52237723832669e-09 1.01528591765111e-10
5.20997500000000e+00 2.38119999014333e-09 9.59709259804012e-11
5.22352500000000e+00 2.24792442101962e-09 9.07171794980892e-11
5.23707500000000e+00 2.12210827462343e-09 8.57507508988323e-11
5.25062500000000e+00 2.00333404767345e-09 8.10559445098701e-11
5.26417500000000e+00 1.89120760451296e-09 7.66179210547860e-11
5.27772500000000e+00 1.78535686922576e-09 7.24226509881872e-11
5.29127500000000e+00 1.68543059095433e-09 6.84568703694687e-11
5.30482500000000e+00 1.59109717832298e-09 6.47080391377322e-11
5.31837500000000e+00 1.50204359909827e-09 6.11643016574112e-11
5.33192500000000e+00 1.41797434143529e-09 5.78144494112310e-11
5.34547500000000e+00 1.33861043326299e-09 5.46478857238132e-11
5.35902500000000e+00 1.26368851655438e-09 5.16545924055768e-11
5.37257500000000e+00 1.19295997340974e-09 4.88250982125668e-11
5.38612500000000e+00 1.12619010105289e-09 4.61504490235007e-11
5.39967500000000e+00 1.06315733300292e-09 4.36221796406898e-11
5.41322500000000e+00 1.00365250383673e-09 4.12322871265463e-11
5.42677500000000e+00 9.47478155102910e-10 3.89732055921866e-11
5.44032500000000e+00 8.94447880083456e-10 3.68377823591682e-11
5.45387500000000e+00 8.44385705229153e-10 3.48192554196871e-11
5.46742500000000e+00 7.97125506215979e-10 3.29112321246176e-11
5.48097500000000e+00 7.52510456684769e-10 3.11076690326048e-11
5.49452500000000e+00 7.10392507834883e-10 2.94028528570523e-11
5.50807500000000e+00 6.70631897144970e-10 2.77913824512773e-11
5.52162500000000e+00 6.33096684590594e-10 2.62681517753471e-11
5.53517500000000e+00 5.97662314819718e-10 2.48283337911803e-11
5.54872500000000e+00 5.64211203833196e-10 2.34673652353972e-11
5.56227500000000e+00 5.32632348798715e-10 2.21809322221515e-11
5.57582500000000e+00 5.02820959703432e-10 2.09649566307661e-11
5.58937500000000e+00 4.74678111622969e-10 1.98155832354541e-11
5.60292500000000e+00 4.48110416452891e-10 1.87291675367279e-11
5.61647500000000e+00 4.23029713013351e-10 1.77022642562922e-11
5.63002500000000e+00 3.99352774498539e-10 1.67316164592974e-11
5.64357500000000e+00 3.77001032300177e-10 1.58141452697905e-11
5.65712500000000e+00 3.55900315288580e-10 1.49469401470591e-11
5.67067500000000e+00 3.35980603686138e-10 1.41272496923212e-11
5.68422500000000e+00 3.17175796716479e-10 1.33524729568734e-11
5.69777500000000e+00 2.99423493258293e-10 1.26201512243832e-11
5.71132500000000e+00 2.82664784775934e-10 1.19279602414947e-11
5.72487500000000e+00 2.66844059839691e-10 1.12737028723215e-11
5.73842500000000e+00 2.51908819587034e-10 1.06553021537342e-11
5.75197500000000e+00 2.37809503512485e-10 1.00707947295992e-11
5.76552500000000e+00 2.24499325008014e-10 9.51832464331966e-12
5.77907500000000e+00 2.11934116108223e-10 8.99613746915122e-12
5.79262500000000e+00 2.00072180925133e-10 8.50257476382646e-12
5.80617500000000e+00 1.88874157286214e-10 8.03606882102952e-12
5.81972500000000e+00 1.78302886116519e-10 7.59513771221094e-12
5.83327500000000e+00 1.68323288131493e-10 7.17838059813191e-12
5.84682500000000e+00 1.58902247431275e-10 6.78447329637773e-12
5.86037500000000e+00 1.50008501610217e-10 6.41216409088253e-12
5.87392500000000e+00 1.41612538016965e-10 6.06026977026838e-12
5.88747500000000e+00 1.33686495820850e-10 5.72767188252060e-12
5.90102500000000e+00 1.26204073559625e-10 5.41331319419985e-12
5.91457500000000e+00 1.19140441861736e-10 5.11619434303499e-12
5.92812500000000e+00 1.12472161053530e-10 4.83537067334804e-12
5.94167500000000e+00 1.06177103377975e-10 4.56994924433722e-12
5.95522500000000e+00 1.00234379566795e-10 4.31908600178751e-12
5.96877500000000e+00 9.46242695223537e-11 4.08198310429199e-12
5.98232500000000e+00 8.93281568792708e-11 3.85788639555307e-12
5.99587500000000e+00 8.43284672286169e-11 3.64608301479191e-12
6.00942500000000e+00 7.96086097996962e-11 3.44589913772934e-12
6.02297500000000e+00 7.51529224058948e-11 3.25669784101172e-12
6.03652500000000e+00 7.09466194719053e-11 3.07787708334397e-12
6.05007500000000e+00 6.69757429698639e-11 2.90886779695942e-12
6.06362500000000e+00 6.32271161015871e-11 2.74913208340296e-12
6.07717500000000e+00 5.96882995732103e-11 2.59816150793282e-12
6.09072500000000e+00 5.63475503171316e-11 2.45547548715653e-12
6.10427500000000e+00 5.31937825242842e-11 2.32061976481044e-12
6.11782500000000e+00 5.02165308574303e-11 2.19316497086959e-12
6.13137500000000e+00 4.74059157234031e-11 2.07270525943726e-12
6.14492500000000e+00 4.47526104890591e-11 1.95885702111193e-12
6.15847500000000e+00 4.22478105321508e-11 1.85125766576376e-12
6.17202500000000e+00 3.98832040244194e-11 1.74956447187478e-12
6.18557500000000e+00 3.76509443499552e-11 1.65345349880686e-12
6.19912500000000e+00 3.55436240673008e-11 1.56261855855960e-12
6.21267500000000e+00 3.35542503288928e-11 1.47677024376830e-12
6.22622500000000e+00 3.16762216762749e-11 1.39563500886909e-12
6.23977500000000e+00 2.99033061340822e-11 1.31895430152615e-12
6.25332500000000e+00 2.82296205301021e-11 1.24648374157476e-12
6.26687500000000e+00 2.66496109727910e-11 1.17799234488323e-12
6.28042500000000e+00 2.51580344214613e-11 1.11326178967914e-12
6.29397500000000e+00 2.37499412879853e-11 1.05208572301878e-12
6.30752500000000e+00 2.24206590122784e-11 9.94269105205863e-13
6.32107500000000e+00 2.11657765570630e-11 9.39627590084888e-13
6.33462500000000e+00 1.99811297704577e-11 8.87986939248295e-13
6.34817500000000e+00 1.88627875678222e-11 8.39182468303148e-13
6.36172500000000e+00 1.78070388870028e-11 7.93058523444720e-13
6.37527500000000e+00 1.68103803736914e-11 7.49467986679879e-13
6.38882500000000e+00 1.58695047560349e-11 7.08271808133665e-13
6.40237500000000e+00 1.49812898699158e-11 6.69338563958117e-13
6.41592500000000e+00 1.41427882984875e-11 6.32544038443223e-13
6.42947500000000e+00 1.33512175915837e-11 5.97770829006397e-13
6.44302500000000e+00 1.26039510325469e-11 5.64907972809141e-13
6.45657500000000e+00 1.18985089218366e-11 5.33850593817978e-13
6.47012500000000e+00 1.12325503484932e-11 5.04499569191345e-13
6.48367500000000e+00 1.06038654221523e-11 4.76761213935222e-13
6.49722500000000e+00 1.00103679398331e-11 4.50546982828083e-13
6.51077500000000e+00 9.45008846316521e-12 4.25773188670374e-13
6.52432500000000e+00 8.92116778308324e-12 4.02360735965296e-13
6.53787500000000e+00 8.42185075030139e-12 3.80234869186566e-13
6.55142500000000e+00 7.95048045109615e-12 3.59324934834954e-13
6.56497500000000e+00 7.50549270906992e-12 3.39564156529005e-13
6.57852500000000e+00 7.08541089465040e-12 3.20889422416633e-13
6.59207500000000e+00 6.68884102510196e-12 3.03241084233262e-13
6.60562500000000e+00 6.31446713878894e-12 2.86562767369069e-13
6.61917500000000e+00 5.96104692834101e-12 2.70801191342699e-13
6.63272500000000e+00 5.62740761822998e-12 2.55906000111840e-13
6.64627500000000e+00 5.31244207307829e-12 2.41829601682123e-13
6.65982500000000e+00 5.01510512378508e-12 2.28527016505329e-13
6.67337500000000e+00 4.73441009927877e-12 2.15955734185667e-13
6.68692500000000e+00 4.46942555238717e-12 2.04075578039254e-13
6.70047500000000e+00 4.21927216896027e-12 1.92848577076792e-13
6.71402500000000e+00 3.98311984998930e-12 1.82238845002943e-13
6.72757500000000e+00 3.76018495703924e-12 1.72212465848156e-13
6.74112500000000e+00 3.54972771185437e-12 1.62737385869734e-13
6.75467500000000e+00 3.35104974150753e-12 1.53783311378788e-13
6.76822500000000e+00 3.16349176094732e-12 1.45321612168483e-13
6.78177500000000e+00 2.98643138525286e-12 1.37325230236813e-13
6.79532500000000e+00 2.81928106433650e-12 1.29768593513849e-13
6.80887500000000e+00 2.66148613324105e-12 1.22627534319346e-13
6.82242500000000e+00 2.51252297156172e-12 1.15879212291537e-13
6.83597500000000e+00 2.37189726588501e-12 1.09502041542181e-13
6.84952500000000e+00 2.23914236947886e-12 1.03475621806298e-13
6.86307500000000e+00 2.11381775379072e-12 9.77806733677211e-14
6.87662500000000e+00 1.99550754661518e-12 9.23989755535697e-14
6.89017500000000e+00 1.88381915208021e-12 8.73133086020709e-14
6.90372500000000e+00 1.77838194787271e-12 8.25073987188770e-14
6.91727500000000e+00 1.67884605538020e-12 7.79658661471315e-14
6.93082500000000e+00 1.58488117866759e-12 7.36741760861139e-14
6.94437500000000e+00 1.49617550843631e-12 6.96185923023350e-14
6.95792500000000e+00 1.41243468732880e-12 6.57861332855025e-14
6.97147500000000e+00 1.33338083314477e-12 6.21645308098634e-14
6.98502500000000e+00 1.25875161672800e-12 5.87421907690659e-14
6.99857500000000e+00 1.18829939146374e-12 5.55081561599032e-14
7.01212500000000e+00 1.12179037149808e-12 5.24520720971325e-14
7.02567500000000e+00 1.05900385595223e-12 4.95641527480137e-14
7.03922500000000e+00 9.99731496557612e-13 4.68351500813120e-14
7.05277500000000e+00 9.43776606281220e-13 4.42563243312744e-14
7.06632500000000e+00 8.90953506647240e-13 4.18194160825418e-14
7.07987500000000e+00 8.41086911588994e-13 3.95166198871082e-14
7.09342500000000e+00 7.94011345786653e-13 3.73405593293115e-14
7.10697500000000e+00 7.49570595560533e-13 3.52842634594435e-14
7.12052500000000e+00 7.07617190497855e-13 3.33411445209146e-14
7.13407500000000e+00 6.68011914092807e-13 3.15049769000273e-14
7.14762500000000e+00 6.30623341776049e-13 2.97698772312975e-14
7.16117500000000e+00 5.95327404800659e-13 2.81302855949377e-14
7.17472500000000e+00 5.62006978537356e-13 2.65809477465906e-14
7.18827500000000e+00 5.30551493812802e-13 2.51168983226896e-14
7.20182500000000e+00 5.00856570001266e-13 2.37334449679179e-14
7.21537500000000e+00 4.72823668652124e-13 2.24261533341775e-14
7.22892500000000e+00 4.46359766503788e-13 2.11908329032566e-14
7.24247500000000e+00 4.21377046799031e-13 2.00235235879942e-14
7.25602500000000e+00 3.97792607877365e-13 1.89204830692293e-14
7.26957500000000e+00 3.75528188077468e-13 1.78781748281568e-14
7.28312500000000e+00 3.54509906036821e-13 1.68932568359319e-14
7.29667500000000e+00 3.34668015526732e-13 1.59625708644505e-14
7.31022500000000e+00 3.15936674009238e-13 1.50831323842182e-14
7.32377500000000e+00 2.98253724147854e-13 1.42521210170844e-14
7.33732500000000e+00 2.81560487547143e-13 1.34668715133877e-14
7.35087500000000e+00 2.65801570036676e-13 1.27248652247283e-14
7.36442500000000e+00 2.50924677853218e-13 1.20237220451620e-14
7.37797500000000e+00 2.36880444111197e-13 1.13611927951030e-14
7.39152500000000e+00 2.23622264985597e-13 1.07351520236315e-14
7.40507500000000e+00 2.11106145063685e-13 1.01435912062373e-14
7.41862500000000e+00 1.99290551352390e-13 9.58461231628980e-15
7.43217500000000e+00 1.88136275456870e-13 9.05642174971460e-15
7.44572500000000e+00 1.77606303472946e-13 8.55732458348486e-15
7.45927500000000e+00 1.67665693161634e-13 8.08571914959766e-15
7.47282500000000e+00 1.58281457998214e-13 7.64009190721232e-15
7.48637500000000e+00 1.49422457711063e-13 7.21901259657752e-15
7.49992500000000e+00 1.41059294947021e-13 6.82112965927294e-15
7.51347500000000e+00 1.33164217720382e-13 6.44516591014015e-15
7.52702500000000e+00 1.25711027321818e-13 6.08991444708022e-15
7.54057500000000e+00 1.18674991381622e-13 5.75423478565352e-15
7.55412500000000e+00 1.12032761798804e-13 5.43704920613495e-15
7.56767500000000e+00 1.05762297263678e-13 5.13733930135490e-15
7.58122500000000e+00 9.98427901168635e-14 4.85414271429732e-15
7.59477500000000e+00 9.42545973019781e-14 4.58655005503092e-15
7.60832500000000e+00 8.89791751829015e-14 4.33370198712242e-15
7.62187500000000e+00 8.39990180093138e-14 4.09478647422108e-15
7.63542500000000e+00 7.92975998263119e-14 3.86903617801502e-15
7.64897500000000e+00 7.48593196353399e-14 3.65572599924300e-15
7.66252500000000e+00 7.06694496244582e-14 3.45417075390177e-15
7.67607500000000e+00 6.67140862961592e-14 3.26372297722087e-15
7.68962500000000e+00 6.29801043305564e-14 3.08377084838414e-15
7.70317500000000e+00 5.94551130308461e-14 2.91373622936335e-15
7.71672500000000e+00 5.61274152065137e-14 2.75307281159315e-15
7.73027500000000e+00 5.29859683578429e-14 2.60126436456119e-15
7.74382500000000e+00 5.00203480329254e-14 2.45782308071245e-15
7.75737500000000e+00 4.72207132355757e-14 2.32228801137465e-15
7.77092500000000e+00 4.45777737693615e-14 2.19422358870239e-15
7.78447500000000e+00 4.20827594093867e-14 2.07321822891187e-15
7.79802500000000e+00 3.97273907995269e-14 1.95888301233844e-15
7.81157500000000e+00 3.75038519785444e-14 1.85085043609414e-15
7.82512500000000e+00 3.54047644439140e-14 1.74877323533460e-15
7.83867500000000e+00 3.34231626672949e-14 1.65232326936378e-15
7.85222500000000e+00 3.15524709803988e-14 1.56119046901213e-15
7.86577500000000e+00 2.97864817545553e-14 1.47508184191990e-15
7.87932500000000e+00 2.81193348015636e-14 1.39372053254192e-15
7.89287500000000e+00 2.65454979274786e-14 1.31684493386540e-15
7.90642500000000e+00 2.50597485747986e-14 1.24420784799764e-15
7.91997500000000e+00 2.36571564921394e-14 1.17557569293643e-15
7.93352500000000e+00 2.23330673738840e-14 1.11072775298387e-15
7.94707500000000e+00 2.10830874155214e-14 1.04945547040382e-15
7.96062500000000e+00 1.99030687334201e-14 9.91561776054958e-16
7.97417500000000e+00 1.87890956006572e-14 9.36860456856143e-16
7.98772500000000e+00 1.77374714532262e-14 8.85175558058570e-16
8.00127500000000e+00 1.67447066235060e-14 8.36340818410502e-16
8.01482500000000e+00 1.58075067602879e-14 7.90199136405536e-16
8.02837500000000e+00 1.49227618969312e-14 7.46602065904898e-16
8.04192500000000e+00 1.40875361313745e-14 7.05409339518131e-16
8.05547500000000e+00 1.32990578837550e-14 6.66488418215332e-16
8.06902500000000e+00 1.25547106993088e-14 6.29714065728129e-16
8.08257500000000e+00 1.18520245660314e-14 5.94967946375799e-16
8.09612500000000e+00 1.11886677182889e-14 5.62138245027942e-16
8.10967500000000e+00 1.05624388991794e-14 5.31119307985954e-16
8.12322500000000e+00 9.97126005597027e-15 5.16258784655700e-16
