Energy (eV)          EEDF (eV^-(3/2))     First Anisotropy
1.87500000000000e-01 6.57041991103217e-02 9.79970216176541e-05
5.62500000000000e-01 6.20351527210044e-02 1.57833348056524e-04
9.37500000000000e-01 5.85709928014908e-02 1.98054447588070e-04
1.31250000000000e+00 5.53002781049130e-02 2.22942050785859e-04
1.68750000000000e+00 5.22122062852055e-02 2.39411894440441e-04
2.06250000000000e+00 4.92965782196791e-02 2.50286664756385e-04
2.43750000000000e+00 4.65437643238901e-02 2.57124236914034e-04
2.81250000000000e+00 4.39446727475505e-02 2.60917314297519e-04
3.18750000000000e+00 4.14907193464387e-02 2.62353850695090e-04
3.56250000000000e+00 3.91737993311351e-02 2.61937264099844e-04
3.93750000000000e+00 3.69862604989460e-02 2.60050040991459e-04
4.31250000000000e+00 3.49208779606074e-02 2.56990754251985e-04
4.68750000000000e+00 3.29708302782972e-02 2.52997187195780e-04
5.06250000000000e+00 3.11296769361457e-02 2.48261591089820e-04
5.43750000000000e+00 2.93913370688355e-02 2.42941200940646e-04
5.81250000000000e+00 2.77500693780365e-02 2.37165745145262e-04
6.18750000000000e+00 2.62004531703446e-02 2.31042968331920e-04
6.56250000000000e+00 2.47373704540984e-02 2.24662794368651e-04
6.93750000000000e+00 2.33559890359427e-02 2.18100530527217e-04
7.31250000000000e+00 2.20517465613125e-02 2.11419377969696e-04
7.68750000000000e+00 2.08203354461255e-02 2.04672429064168e-04
8.06250000000000e+00 1.96576886499185e-02 1.97904277565055e-04
8.43750000000000e+00 1.85599662434374e-02 1.91152331657755e-04
8.81250000000000e+00 1.75235427263197e-02 1.84447895431910e-04
9.18750000000000e+00 1.65449950529802e-02 1.77817067409642e-04
9.56250000000000e+00 1.56210913271548e-02 1.71281492779119e-04
9.93750000000000e+00 1.47487801277618e-02 1.64858997363330e-04
1.03125000000000e+01 1.39251804308273e-02 1.58564125046906e-04
1.06875000000000e+01 1.31475720941893e-02 1.52408595700247e-04
1.10625000000000e+01 1.24133868735542e-02 1.46401697114472e-04
1.14375000000000e+01 1.17201999402331e-02 1.40550621773121e-04
1.18125000000000e+01 1.10657218725440e-02 1.34860757213909e-04
1.21875000000000e+01 1.04477910944294e-02 1.29335937118326e-04
1.25625000000000e+01 9.86436673631515e-03 1.23978658995062e-04
1.29375000000000e+01 9.31352189463308e-03 1.18790273312728e-04
1.33125000000000e+01 8.79343726774420e-03 1.13771148127493e-04
1.36875000000000e+01 8.30239514724401e-03 1.08920812597100e-04
1.40625000000000e+01 7.83877374480476e-03 1.04238082240198e-04
1.44375000000000e+01 7.40104183581742e-03 9.97211683636170e-05
1.48125000000000e+01 6.98775370214286e-03 9.53677737201696e-05
1.51875000000000e+01 6.59754435726929e-03 9.11751761607902e-05
1.55625000000000e+01 6.22912503810599e-03 8.71403017954335e-05
1.59375000000000e+01 5.88127894852366e-03 8.32597889678501e-05
1.63125000000000e+01 5.55285724058362e-03 7.95300441728583e-05
1.66875000000000e+01 5.24277522018268e-03 7.59472908951709e-05
1.70625000000000e+01 4.95000876458201e-03 7.25076122215654e-05
1.74375000000000e+01 4.67359093998787e-03 6.92069879694320e-05
1.78125000000000e+01 4.41260880801312e-03 6.60413269814415e-05
1.81875000000000e+01 4.16620041047184e-03 6.30064951557810e-05
1.85625000000000e+01 3.93355192254880e-03 6.00983397120451e-05
1.89375000000000e+01 3.71389496494120e-03 5.73127101327742e-05
1.93125000000000e+01 3.50650406609562e-03 5.46454761684196e-05
1.96875000000000e+01 3.31069426615832e-03 5.20925432480203e-05
2.00625000000000e+01 3.12581885472558e-03 4.96498655981354e-05
2.04375000000000e+01 2.95126723492223e-03 4.73134573377773e-05
2.08125000000000e+01 2.78646290675413e-03 4.50794017865606e-05
2.11875000000000e+01 2.63086156307403e-03 4.29438591964377e-05
2.15625000000000e+01 2.48394929187229e-03 4.09030730937290e-05
2.19375000000000e+01 2.34524087895507e-03 3.89533753972969e-05
2.23125000000000e+01 2.21427820540418e-03 3.70911904602478e-05
2.26875000000000e+01 2.09062873452578e-03 3.53130381662210e-05
2.30625000000000e+01 1.97388408329072e-03 3.36155361968387e-05
2.34375000000000e+01 1.86365867354838e-03 3.19954015740358e-05
2.38125000000000e+01 1.75958845855923e-03 3.04494515695652e-05
2.41875000000000e+01 1.66132972064021e-03 2.89746040638168e-05
2.45625000000000e+01 1.56855793595192e-03 2.75678774270279e-05
2.49375000000000e+01 1.48096670267815e-03 2.62263899879047e-05
2.53125000000000e+01 1.39826672905796e-03 2.49473591474795e-05
2.56875000000000e+01 1.32018487792790e-03 2.37281001896005e-05
2.60625000000000e+01 1.24646326461886e-03 2.25660248337225e-05
2.64375000000000e+01 1.17685840522796e-03 2.14586395705369e-05
2.68125000000000e+01 1.11114041245266e-03 2.04035438163976e-05
2.71875000000000e+01 1.04909223633095e-03 1.93984279184062e-05
2.75625000000000e+01 9.90508947380009e-04 1.84410710383491e-05
2.79375000000000e+01 9.35197059765819e-04 1.75293389404030e-05
2.83125000000000e+01 8.82973892268229e-04 1.66611817045897e-05
2.86875000000000e+01 8.33666964930937e-04 1.58346313853351e-05
2.90625000000000e+01 7.87113429403678e-04 1.50477996321400e-05
2.94375000000000e+01 7.43159531095182e-04 1.42988752872638e-05
2.98125000000000e+01 7.01660101360520e-04 1.35861219734471e-05
3.01875000000000e+01 6.62478078045667e-04 1.29078756830152e-05
3.05625000000000e+01 6.25484052805763e-04 1.22625423782027e-05
3.09375000000000e+01 5.90555843701977e-04 1.16485956111975e-05
3.13125000000000e+01 5.57578091665361e-04 1.10645741712038e-05
3.16875000000000e+01 5.26441879494936e-04 1.05090797647557e-05
3.20625000000000e+01 4.97044372131627e-04 9.98077473455939e-06
3.24375000000000e+01 4.69288477019998e-04 9.47837982129377e-06
3.28125000000000e+01 4.43082523436011e-04 9.00067197204491e-06
3.31875000000000e+01 4.18339959721741e-04 8.54648219838038e-06
3.35625000000000e+01 3.94979067427069e-04 8.11469348647377e-06
3.39375000000000e+01 3.72922691414241e-04 7.70423876116375e-06
3.43125000000000e+01 3.52097985033903e-04 7.31409890536825e-06
3.46875000000000e+01 3.32436169530982e-04 6.94330083586203e-06
3.50625000000000e+01 3.13872306885797e-04 6.59091563606699e-06
3.54375000000000e+01 2.96345085340151e-04 6.25605674618718e-06
3.58125000000000e+01 2.79796616900054e-04 5.93787821074377e-06
3.61875000000000e+01 2.64172246146269e-04 5.63557298332478e-06
3.65625000000000e+01 2.49420369721245e-04 5.34837128815468e-06
3.69375000000000e+01 2.35492265896234e-04 5.07553903790877e-06
3.73125000000000e+01 2.22341933655706e-04 4.81637630704254e-06
3.76875000000000e+01 2.09925940767589e-04 4.57021585977421e-06
3.80625000000000e+01 1.98203280337562e-04 4.33642173174702e-06
3.84375000000000e+01 1.87135235373614e-04 4.11438786430475e-06
3.88125000000000e+01 1.76685250913586e-04 3.90353679023758e-06
3.91875000000000e+01 1.66818813293344e-04 3.70331836979163e-06
3.95625000000000e+01 1.57503336156847e-04 3.51320857568737e-06
3.99375000000000e+01 1.48708052831633e-04 3.33270832585295e-06
4.03125000000000e+01 1.40403914714249e-04 3.16134236255073e-06
4.06875000000000e+01 1.32563495330044e-04 2.99865817655588e-06
4.10625000000000e+01 1.25160899750434e-04 2.84422497503494e-06
4.14375000000000e+01 1.18171679068482e-04 2.69763269176707e-06
4.18125000000000e+01 1.11572749650323e-04 2.55849103835274e-06
4.21875000000000e+01 1.05342316895740e-04 2.42642859506135e-06
4.25625000000000e+01 9.94598032560926e-05 2.30109193998012e-06
4.29375000000000e+01 9.39057802718664e-05 2.18214481514231e-06
4.33125000000000e+01 8.86619044053646e-05 2.06926732833104e-06
4.36875000000000e+01 8.37108564566296e-05 1.96215518927663e-06
4.40625000000000e+01 7.90362843624916e-05 1.86051897898901e-06
4.44375000000000e+01 7.46227491898265e-05 1.76408345099284e-06
4.48125000000000e+01 7.04556741446518e-05 1.67258686326031e-06
4.51875000000000e+01 6.65212964286515e-05 1.58578033966541e-06
4.55625000000000e+01 6.28066217841224e-05 1.50342725981350e-06
4.59375000000000e+01 5.92993815772176e-05 1.42530267613052e-06
4.63125000000000e+01 5.59879922777411e-05 1.35119275712758e-06
4.66875000000000e+01 5.28615172016686e-05 1.28089425578815e-06
4.70625000000000e+01 4.99096303900369e-05 1.21421400205715e-06
4.74375000000000e+01 4.71225825049053e-05 1.15096841844288e-06
4.78125000000000e+01 4.44911686297496e-05 1.09098305777484e-06
4.81875000000000e+01 4.20066978679439e-05 1.03409216219174e-06
4.85625000000000e+01 3.96609646389198e-05 9.80138242465766e-07
4.89375000000000e+01 3.74462215772031e-05 9.28971676799844e-07
4.93125000000000e+01 3.53551539448179e-05 8.80450328265177e-07
4.96875000000000e+01 3.33808554725519e-05 8.34439180076374e-07
5.00625000000000e+01 3.15168055502902e-05 7.90809987930925e-07
5.04375000000000e+01 2.97568476910836e-05 7.49440948668450e-07
5.08125000000000e+01 2.80951691978248e-05 7.10216384533358e-07
5.11875000000000e+01 2.65262819653750e-05 6.73026442352064e-07
5.15625000000000e+01 2.50450043547365e-05 6.37766806962553e-07
5.19375000000000e+01 2.36464440794050e-05 6.04338428260191e-07
5.23125000000000e+01 2.23259820473811e-05 5.72647261248957e-07
5.26875000000000e+01 2.10792571054737e-05 5.42604018511820e-07
5.30625000000000e+01 1.99021516355104e-05 5.14123934537790e-07
5.34375000000000e+01 1.87907779548832e-05 4.87126541366286e-07
5.38125000000000e+01 1.77414654765125e-05 4.61535455031716e-07
5.41875000000000e+01 1.67507485858235e-05 4.37278172312740e-07
5.45625000000000e+01 1.58153551946953e-05 4.14285877311646e-07
5.49375000000000e+01 1.49321959345782e-05 3.92493257409263e-07
5.53125000000000e+01 1.40983539530887e-05 3.71838328160304e-07
5.56875000000000e+01 1.33110752803811e-05 3.52262266712788e-07
5.60625000000000e+01 1.25677597334798e-05 3.33709253353157e-07
5.64375000000000e+01 1.18659523285299e-05 3.16126320796092e-07
5.68125000000000e+01 1.12033351726052e-05 2.99463210854740e-07
5.71875000000000e+01 1.05777198082913e-05 2.83672238143122e-07
5.75625000000000e+01 9.98703998576357e-06 2.68708160477925e-07
5.79375000000000e+01 9.42934483848386e-06 2.54528055661734e-07
5.83125000000000e+01 8.90279243998083e-06 2.41091204343990e-07
5.86875000000000e+01 8.40564372043095e-06 2.28358978669630e-07
5.90625000000000e+01 7.93625672294932e-06 2.16294736438502e-07
5.94375000000000e+01 7.49308118062006e-06 2.04863720511220e-07
5.98125000000000e+01 7.07465339635549e-06 1.94032963209164e-07
6.01875000000000e+01 6.67959140867370e-06 1.83771195467935e-07
6.05625000000000e+01 6.30659042742813e-06 1.74048760514599e-07
6.09375000000000e+01 5.95441852441473e-06 1.64837531849696e-07
6.13125000000000e+01 5.62191256462363e-06 1.56110835325119e-07
6.16875000000000e+01 5.30797436469745e-06 1.47843375118686e-07
6.20625000000000e+01 5.01156706590856e-06 1.40011163415551e-07
6.24375000000000e+01 4.73171170967607e-06 1.32591453615439e-07
6.28125000000000e+01 4.46748400431247e-06 1.25562676893249e-07
6.31875000000000e+01 4.21801127232117e-06 1.18904381948653e-07
6.35625000000000e+01 3.98246956816279e-06 1.12597177788114e-07
6.39375000000000e+01 3.76008095697074e-06 1.06622679390163e-07
6.43125000000000e+01 3.55011094522846e-06 1.00963456111840e-07
6.46875000000000e+01 3.35186605492255e-06 9.56029827010200e-08
6.50625000000000e+01 3.16469153315969e-06 9.05255927857785e-08
6.54375000000000e+01 2.98796918968293e-06 8.57164347181238e-08
6.58125000000000e+01 2.82111535514509e-06 8.11614296553382e-08
6.61875000000000e+01 2.66357895339608e-06 7.68472317677637e-08
6.65625000000000e+01 2.51483968141731e-06 7.27611904672499e-08
6.69375000000000e+01 2.37440629089198e-06 6.88913145555934e-08
6.73125000000000e+01 2.24181496573573e-06 6.52262381971701e-08
6.76875000000000e+01 2.11662779022907e-06 6.17551886246284e-08
6.80625000000000e+01 1.99843130269214e-06 5.84679554909337e-08
6.84375000000000e+01 1.88683512992504e-06 5.53548617852912e-08
6.88125000000000e+01 1.78147069790353e-06 5.24067362345008e-08
6.91875000000000e+01 1.68199001447200e-06 4.96148871151418e-08
6.95625000000000e+01 1.58806452001307e-06 4.69710774056382e-08
6.99375000000000e+01 1.49938400229803e-06 4.44675012107485e-08
7.03125000000000e+01 1.41565557193404e-06 4.20967613943409e-08
7.06875000000000e+01 1.33660269502431e-06 3.98518483594752e-08
7.10625000000000e+01 1.26196427984638e-06 3.77261199178276e-08
7.14375000000000e+01 1.19149381453195e-06 3.57132821933646e-08
7.18125000000000e+01 1.12495855290033e-06 3.38073715078937e-08
7.21875000000000e+01 1.06213874575651e-06 3.20027371987243e-08
7.25625000000000e+01 1.00282691511494e-06 3.02940253211450e-08
7.29375000000000e+01 9.46827168952084e-07 2.86761631907748e-08
7.33125000000000e+01 8.93954554224411e-07 2.71443447230863e-08
7.36875000000000e+01 8.44034446015150e-07 2.56940165295340e-08
7.40625000000000e+01 7.96901970792206e-07 2.43208647317430e-08
7.44375000000000e+01 7.52401461872449e-07 2.30208024571447e-08
7.48125000000000e+01 7.10385945293907e-07 2.17899579812854e-08
7.51875000000000e+01 6.70716654397820e-07 2.06246634837699e-08
7.55625000000000e+01 6.33262571517352e-07 1.95214443864691e-08
7.59375000000000e+01 5.97899995259269e-07 1.84770092441971e-08
7.63125000000000e+01 5.64512131949422e-07 1.74882401595603e-08
7.66875000000000e+01 5.32988709892687e-07 1.65521836951126e-08
7.70625000000000e+01 5.03225615173357e-07 1.56660422573054e-08
7.74375000000000e+01 4.75124547793124e-07 1.48271659280068e-08
7.78125000000000e+01 4.48592697010970e-07 1.40330447205963e-08
7.81875000000000e+01 4.23542434812686e-07 1.32813012388001e-08
7.85625000000000e+01 3.99891026497632e-07 1.25696837175427e-08
7.89375000000000e+01 3.77560357426883e-07 1.18960594261413e-08
7.93125000000000e+01 3.56476675030265e-07 1.12584084151668e-08
7.96875000000000e+01 3.36570345220214e-07 1.06548175892489e-08
8.00625000000000e+01 3.17775622407936e-07 1.00834750890018e-08
8.04375000000000e+01 3.00030432362306e-07 9.54266496610488e-09
8.08125000000000e+01 2.83276167194327e-07 9.03076213638792e-09
8.11875000000000e+01 2.67457491790057e-07 8.54622759654201e-09
8.15625000000000e+01 2.52522161052667e-07 8.08760389081391e-09
8.19375000000000e+01 2.38420847350068e-07 7.65351081473760e-09
8.23125000000000e+01 2.25106977598171e-07 7.24264134361964e-09
8.26875000000000e+01 2.12536579441735e-07 6.85375777412487e-09
8.30625000000000e+01 2.00668136024762e-07 6.48568806790573e-09
8.34375000000000e+01 1.89462448870790e-07 6.13732238678569e-09
8.38125000000000e+01 1.78882508420208e-07 5.80760980954638e-09
8.41875000000000e+01 1.68893371797006e-07 5.49555522087868e-09
8.45625000000000e+01 1.59462047401273e-07 5.20021636354404e-09
8.49375000000000e+01 1.50557385946253e-07 4.92070104525290e-09
8.53125000000000e+01 1.42149977580107e-07 4.65616449220444e-09
8.56875000000000e+01 1.34212054752588e-07 4.40580684164693e-09
8.60625000000000e+01 1.26717400505819e-07 4.16887076621269e-09
8.64375000000000e+01 1.19641261886295e-07 3.94463922315489e-09
8.68125000000000e+01 1.12960268192115e-07 3.73243332196874e-09
8.71875000000000e+01 1.06652353785449e-07 3.53161030421672e-09
8.75625000000000e+01 1.00696685215293e-07 3.34156162969664e-09
8.79375000000000e+01 9.50735924098396e-08 3.16171116339518e-09
8.83125000000000e+01 8.97645037111864e-08 2.99151345795678e-09
8.86875000000000e+01 8.47518845378316e-08 2.83045212667165e-09
8.90625000000000e+01 8.00191794723733e-08 2.67803830224477e-09
8.94375000000000e+01 7.55507575831389e-08 2.53380917685441e-09
8.98125000000000e+01 7.13318607991585e-08 2.39732661924150e-09
9.01875000000000e+01 6.73485551679776e-08 2.26817586479249e-09
9.05625000000000e+01 6.35876848353243e-08 2.14596427478812e-09
9.09375000000000e+01 6.00368285946401e-08 2.03032016118965e-09
9.13125000000000e+01 5.66842588629656e-08 1.92089167352301e-09
9.16875000000000e+01 5.35189029476908e-08 1.81734574460027e-09
9.20625000000000e+01 5.05303064762431e-08 1.71936709198767e-09
9.24375000000000e+01 4.77085988679299e-08 1.62665727229081e-09
9.28125000000000e+01 4.50444607338996e-08 1.53893378548000e-09
9.31875000000000e+01 4.25290930975492e-08 1.45592922662413e-09
9.35625000000000e+01 4.01541883337233e-08 1.37739048253816e-09
9.39375000000000e+01 3.79119027307224e-08 1.30307797098052e-09
9.43125000000000e+01 3.57948305845005e-08 1.23276492015939e-09
9.46875000000000e+01 3.37959797394923e-08 1.16623668642455e-09
9.50625000000000e+01 3.19087484952853e-08 1.10329010813234e-09
9.54375000000000e+01 3.01269038028683e-08 1.04373289377667e-09
9.58125000000000e+01 2.84445606784418e-08 9.87383042578844e-10
9.61875000000000e+01 2.68561627668000e-08 9.34068295823636e-10
9.65625000000000e+01 2.53564639900906e-08 8.83625617318840e-10
9.69375000000000e+01 2.39405112213419e-08 8.35900701440617e-10
9.73125000000000e+01 2.26036279255335e-08 7.90747507307520e-10
9.76875000000000e+01 2.13413987141801e-08 7.48027817702743e-10
9.80625000000000e+01 2.01496547624160e-08 7.07610821436416e-10
9.84375000000000e+01 1.90244600404184e-08 6.69372717908609e-10
9.88125000000000e+01 1.79620983136923e-08 6.33196342698826e-10
9.91875000000000e+01 1.69590608692857e-08 5.98970813069423e-10
9.95625000000000e+01 1.60120349273947e-08 5.66591192329001e-10
9.99375000000000e+01 1.51178927000870e-08 5.35958172057203e-10
1.00312500000000e+02 1.42736810610075e-08 5.06977771244948e-10
1.00687500000000e+02 1.34766117919459e-08 4.79561051453904e-10
1.01062500000000e+02 1.27240523740549e-08 4.53623847146263e-10
1.01437500000000e+02 1.20135172933044e-08 4.29086510380584e-10
1.01812500000000e+02 1.13426598314551e-08 4.05873669111877e-10
1.02187500000000e+02 1.07092643154399e-08 3.83913998374293e-10
1.02562500000000e+02 1.01112387995543e-08 3.63140003662815e-10
1.02937500000000e+02 9.54660815628701e-09 3.43487815866487e-10
1.03312500000000e+02 9.01350755297197e-09 3.24896997139850e-10
1.03687500000000e+02 8.51017629271598e-09 3.07310357131660e-10
1.04062500000000e+02 8.03495199926087e-09 2.90673779020676e-10
1.04437500000000e+02 7.58626512657378e-09 2.74936054837367e-10
1.04812500000000e+02 7.16263377503234e-09 2.60048729577944e-10
1.05187500000000e+02 6.76265879708378e-09 2.45965953643232e-10
1.05562500000000e+02 6.38501917621330e-09 2.32644343159630e-10
1.05937500000000e+02 6.02846766395962e-09 2.20042847762836e-10
1.06312500000000e+02 5.69182666056768e-09 2.08122625447224e-10
1.06687500000000e+02 5.37398432567358e-09 1.96846924104778e-10
1.07062500000000e+02 5.07389090617616e-09 1.86180969397413e-10
1.07437500000000e+02 4.79055526916712e-09 1.76091858625413e-10
1.07812500000000e+02 4.52304162846897e-09 1.66548460272549e-10
1.08187500000000e+02 4.27046645396912e-09 1.57521318925425e-10
1.08562500000000e+02 4.03199555354274e-09 1.48982565280605e-10
1.08937500000000e+02 3.80684131792643e-09 1.40905830968311e-10
1.09312500000000e+02 3.59426011944342e-09 1.33266167935830e-10
1.09687500000000e+02 3.39354985598879e-09 1.26039972147454e-10
1.10062500000000e+02 3.20404763216326e-09 1.19204911370651e-10
1.10437500000000e+02 3.02512756989680e-09 1.12739856830422e-10
1.10812500000000e+02 2.85619874133114e-09 1.06624818525375e-10
1.11187500000000e+02 2.69670321713404e-09 1.00840884010038e-10
1.11562500000000e+02 2.54611422379937e-09 9.53701604582874e-11
1.11937500000000e+02 2.40393440384702e-09 9.01957198326674e-11
1.12312500000000e+02 2.26969417317654e-09 8.53015469936461e-11
1.12687500000000e+02 2.14295017014922e-09 8.06724905917182e-11
1.13062500000000e+02 2.02328379127640e-09 7.62942165936129e-11
1.13437500000000e+02 1.91029980867765e-09 7.21531643017843e-11
1.13812500000000e+02 1.80362506474275e-09 6.82365047338594e-11
1.14187500000000e+02 1.70290723968619e-09 6.45321012358265e-11
1.14562500000000e+02 1.60781368792368e-09 6.10284722094709e-11
1.14937500000000e+02 1.51803033942771e-09 5.77147558409239e-11
1.15312500000000e+02 1.43326066243343e-09 5.45806767232321e-11
1.15687500000000e+02 1.35322468406892e-09 5.16165142715627e-11
1.16062500000000e+02 1.27765806567547e-09 4.88130728350624e-11
1.16437500000000e+02 1.20631122976356e-09 4.61616534145125e-11
1.16812500000000e+02 1.13894853572136e-09 4.36540268997694e-11
1.17187500000000e+02 1.07534750155322e-09 4.12824087455709e-11
1.17562500000000e+02 1.01529806907768e-09 3.90394350086337e-11
1.17937500000000e+02 9.58601910158300e-10 3.69181396730855e-11
1.18312500000000e+02 9.05071771675784e-10 3.49119331951699e-11
1.18687500000000e+02 8.54530857078169e-10 3.30145822018503e-11
1.19062500000000e+02 8.06812242466371e-10 3.12201902814370e-11
1.19437500000000e+02 7.61758325286629e-10 2.95231798076638e-11
1.19812500000000e+02 7.19220303809008e-10 2.79182747417740e-11
1.20187500000000e+02 6.79057685672794e-10 2.64004843601389e-11
1.20562500000000e+02 6.41137823875650e-10 2.49650878577408e-11
1.20937500000000e+02 6.05335478674006e-10 2.36076197805054e-11
1.21312500000000e+02 5.71532403947764e-10 2.23238562419882e-11
1.21687500000000e+02 5.39616956663169e-10 2.11098018822975e-11
1.22062500000000e+02 5.09483728144020e-10 1.99616775293927e-11
1.22437500000000e+02 4.81033195933382e-10 1.88759085250304e-11
1.22812500000000e+02 4.54171395096005e-10 1.78491136796500e-11
1.23187500000000e+02 4.28809607875832e-10 1.68780948224052e-11
1.23562500000000e+02 4.04864070683614e-10 1.59598269143551e-11
1.23937500000000e+02 3.82255697446897e-10 1.50914486945471e-11
1.24312500000000e+02 3.60909818408659e-10 1.42702538303385e-11
1.24687500000000e+02 3.40755933511930e-10 1.34936825448483e-11
1.25062500000000e+02 3.21727479555876e-10 1.27593136958778e-11
1.25437500000000e+02 3.03761610354329e-10 1.20648572820165e-11
1.25812500000000e+02 2.86798989170679e-10 1.14081473529527e-11
1.26187500000000e+02 2.70783592743587e-10 1.07871353022411e-11
1.26562500000000e+02 2.55662526256286e-10 1.01998835219444e-11
1.26937500000000e+02 2.41385848638328e-10 9.64455939967479e-12
1.27312500000000e+02 2.27906407622823e-10 9.11942963960007e-12
1.27687500000000e+02 2.15179684014388e-10 8.62285488997566e-12
1.28062500000000e+02 2.03163644653469e-10 8.15328466069514e-12
1.28437500000000e+02 1.91818603591412e-10 7.70925251524067e-12
1.28812500000000e+02 1.81107091017777e-10 7.28937152225273e-12
1.29187500000000e+02 1.70993729507005e-10 6.89232995273336e-12
1.29562500000000e+02 1.61445117175698e-10 6.51688720964760e-12
1.29937500000000e+02 1.52429717364619e-10 6.16186997740001e-12
1.30312500000000e+02 1.43917754481058e-10 5.82616857933581e-12
1.30687500000000e+02 1.35881115657553e-10 5.50873353205296e-12
1.31062500000000e+02 1.28293257902183e-10 5.20857228591486e-12
1.31437500000000e+02 1.21129120433749e-10 4.92474614172402e-12
1.31812500000000e+02 1.14365041912340e-10 4.65636733405652e-12
1.32187500000000e+02 1.07978682291885e-10 4.40259627226844e-12
1.32562500000000e+02 1.01948949036617e-10 4.16263893066920e-12
1.32937500000000e+02 9.62559274577474e-11 3.93574437981397e-12
1.33312500000000e+02 9.08808149402632e-11 3.72120245130094e-12
1.33687500000000e+02 8.58058588426347e-11 3.51834152886878e-12
1.34062500000000e+02 8.10142978643148e-11 3.32652645897741e-12
1.34437500000000e+02 7.64903066873887e-11 3.14515657442265e-12
1.34812500000000e+02 7.22189437095392e-11 2.97366382488232e-12
1.35187500000000e+02 6.81861016957002e-11 2.81151100862003e-12
1.35562500000000e+02 6.43784611854168e-11 2.65819009988410e-12
1.35937500000000e+02 6.07834465020249e-11 2.51322066683340e-12
1.36312500000000e+02 5.73891842183615e-11 2.37614837509994e-12
1.36687500000000e+02 5.41844639418286e-11 2.24654357236228e-12
1.37062500000000e+02 5.11587012892922e-11 2.12399994955265e-12
1.37437500000000e+02 4.83019029295338e-11 2.00813327455671e-12
1.37812500000000e+02 4.56046335777963e-11 1.89858019448842e-12
1.38187500000000e+02 4.30579848334174e-11 1.79499710283346e-12
1.38562500000000e+02 4.06535457576281e-11 1.69705906795468e-12
1.38937500000000e+02 3.83833750943423e-11 1.60445881964205e-12
1.39312500000000e+02 3.62399750421901e-11 1.51690579056890e-12
1.39687500000000e+02 3.42162664911702e-11 1.43412520968518e-12
1.40062500000000e+02 3.23055656421342e-11 1.35585724473872e-12
1.40437500000000e+02 3.05015619318830e-11 1.28185619126750e-12
1.40812500000000e+02 2.87982971909677e-11 1.21188970554887e-12
1.41187500000000e+02 2.71901459653577e-11 1.14573807912748e-12
1.41562500000000e+02 2.56717969369846e-11 1.08319355267247e-12
1.41937500000000e+02 2.42382353817976e-11 1.02405966703527e-12
1.42312500000000e+02 2.28847266073938e-11 9.68150649494945e-13
1.42687500000000e+02 2.16068003155236e-11 9.15290833286378e-13
1.43062500000000e+02 2.04002358378218e-11 8.65314108609663e-13
1.43437500000000e+02 1.92610481960048e-11 8.18063403416236e-13
1.43812500000000e+02 1.81854749404911e-11 7.73390192359539e-13
1.44187500000000e+02 1.71699637239799e-11 7.31154032385077e-13
1.44562500000000e+02 1.62111605689428e-11 6.91222123517144e-13
1.44937500000000e+02 1.53058987902817e-11 6.53468893477451e-13
1.45312500000000e+02 1.44511885365666e-11 6.17775604844742e-13
1.45687500000000e+02 1.36442069153099e-11 5.84029983534241e-13
1.46062500000000e+02 1.28822886696640e-11 5.52125867441764e-13
1.46437500000000e+02 1.21629173757501e-11 5.21962874159893e-13
1.46812500000000e+02 1.14837171315447e-11 4.93446086732636e-13
1.47187500000000e+02 1.08424447098738e-11 4.66485756470895e-13
1.47562500000000e+02 1.02369821495992e-11 4.40997021904027e-13
1.47937500000000e+02 9.66532976052706e-12 4.16899642992758e-13
1.48312500000000e+02 9.12559951893516e-12 3.94117749776041e-13
1.48687500000000e+02 8.61600883190647e-12 3.72579604669270e-13
1.49062500000000e+02 8.13487464987425e-12 3.52217377673574e-13
1.49437500000000e+02 7.68060790793361e-12 3.32966933796025e-13
1.49812500000000e+02 7.25170827756077e-12 3.14767632018452e-13
1.50187500000000e+02 6.84675921140615e-12 2.97562135188475e-13
1.50562500000000e+02 6.46442326479565e-12 2.81296230240221e-13
1.50937500000000e+02 6.10343767848802e-12 2.65918658184335e-13
1.51312500000000e+02 5.76261020809948e-12 2.51380953337206e-13
1.51687500000000e+02 5.44081518642111e-12 2.37637291288071e-13
1.52062500000000e+02 5.13698980562378e-12 2.24644345129783e-13
1.52437500000000e+02 4.85013060707189e-12 2.12361149504762e-13
1.52812500000000e+02 4.57929016715250e-12 2.00748972041929e-13
1.53187500000000e+02 4.32357396817391e-12 1.89771191783401e-13
1.53562500000000e+02 4.08213744399932e-12 1.79393184221477e-13
1.53937500000000e+02 3.85418319065774e-12 1.69582212587029e-13
1.54312500000000e+02 3.63895833271977e-12 1.60307325049845e-13
1.54687500000000e+02 3.43575203673980e-12 1.51539257509870e-13
1.55062500000000e+02 3.24389316355239e-12 1.43250341675722e-13
1.55437500000000e+02 3.06274805166881e-12 1.35414418143312e-13
1.55812500000000e+02 2.89171842445284e-12 1.28006754202950e-13
1.56187500000000e+02 2.73023941416396e-12 1.21003966118085e-13
1.56562500000000e+02 2.57777769634151e-12 1.14383945632732e-13
1.56937500000000e+02 2.43382972836853e-12 1.08125790477827e-13
1.57312500000000e+02 2.29792008639743e-12 1.02209738659229e-13
1.57687500000000e+02 2.16959989514484e-12 9.66171063218366e-14
1.58062500000000e+02 2.04844534536977e-12 9.13302289954985e-14
1.58437500000000e+02 1.93405629413848e-12 8.63324060388787e-14
1.58812500000000e+02 1.82605494325330e-12 8.16078481074667e-14
1.59187500000000e+02 1.72408459148038e-12 7.71416274813274e-14
1.59562500000000e+02 1.62780845645550e-12 7.29196310971157e-14
1.59937500000000e+02 1.53690856237675e-12 6.89285161373273e-14
1.60312500000000e+02 1.45108468981071e-12 6.51556680377325e-14
1.60687500000000e+02 1.37005338414328e-12 6.15891607814937e-14
1.61062500000000e+02 1.29354701940057e-12 5.82177193556075e-14
1.61437500000000e+02 1.22131291434780e-12 5.50306842520631e-14
1.61812500000000e+02 1.15311249794687e-12 5.20179779025014e-14
1.62187500000000e+02 1.08872052141637e-12 4.91700729411950e-14
1.62562500000000e+02 1.02792431429161e-12 4.64779621968850e-14
1.62937500000000e+02 9.70523082027750e-13 4.39331303194151e-14
1.63312500000000e+02 9.16327242826008e-13 4.15275269522123e-14
1.63687500000000e+02 8.65157801492768e-13 3.92535413664961e-14
1.64062500000000e+02 8.16845758263595e-13 3.71039784776701e-14
1.64437500000000e+02 7.71231550639615e-13 3.50720361686763e-14
1.64812500000000e+02 7.28164526392808e-13 3.31512838491725e-14
1.65187500000000e+02 6.87502445999681e-13 3.13356421832666e-14
1.65562500000000e+02 6.49111012859982e-13 2.96193639221979e-14
1.65937500000000e+02 6.12863429748884e-13 2.79970157818091e-14
1.66312500000000e+02 5.78639980037722e-13 2.64634613079282e-14
1.66687500000000e+02 5.46327632300147e-13 2.50138446758691e-14
1.67062500000000e+02 5.15819666997824e-13 2.36435753731868e-14
1.67437500000000e+02 4.87015324012697e-13 2.23483137175860e-14
1.67812500000000e+02 4.59819469861727e-13 2.11239571645041e-14
1.68187500000000e+02 4.34142283494980e-13 1.99666273613558e-14
1.68562500000000e+02 4.09898959639342e-13 1.88726579077710e-14
1.68937500000000e+02 3.87009428708083e-13 1.78385827833696e-14
1.69312500000000e+02 3.65398092351199e-13 1.68611254067073e-14
1.69687500000000e+02 3.44993573773121e-13 1.59371882910053e-14
1.70062500000000e+02 3.25728481993153e-13 1.50638432641508e-14
1.70437500000000e+02 3.07539189270052e-13 1.42383222222196e-14
1.70812500000000e+02 2.90365620955643e-13 1.34580083874508e-14
1.71187500000000e+02 2.74151057083399e-13 1.27204280431810e-14
1.71562500000000e+02 2.58841945036691e-13 1.20232427197447e-14
1.71937500000000e+02 2.44387722677996e-13 1.13642418067621e-14
1.72312500000000e+02 2.30740651354907e-13 1.07413355685727e-14
1.72687500000000e+02 2.17855658231396e-13 1.01525485408390e-14
1.73062500000000e+02 2.05690187423603e-13 9.59601328754080e-15
1.73437500000000e+02 1.94204059448475e-13 9.06996449871270e-15
1.73812500000000e+02 1.83359338521071e-13 8.57273341034622e-15
1.74187500000000e+02 1.73120207262221e-13 8.10274252889104e-15
1.74562500000000e+02 1.63452848402757e-13 7.65850064374517e-15
1.74937500000000e+02 1.54325333093596e-13 7.23859811202923e-15
1.75312500000000e+02 1.45707515452802e-13 6.84170240079590e-15
1.75687500000000e+02 1.37570933001341e-13 6.46655387263373e-15
1.76062500000000e+02 1.29888712658681e-13 6.11196180138964e-15
1.76437500000000e+02 1.22635481987790e-13 5.77680060545780e-15
1.76812500000000e+02 1.15787285396368e-13 5.46000628676672e-15
1.77187500000000e+02 1.09321505017568e-13 5.16057306424268e-15
1.77562500000000e+02 1.03216786008881e-13 4.87755019113925e-15
1.77937500000000e+02 9.74529660224767e-14 4.61003894620126e-15
1.78312500000000e+02 9.20110086140531e-14 4.35718978917775e-15
1.78687500000000e+02 8.68729403702575e-14 4.11819967171576e-15
1.79062500000000e+02 8.20217915470352e-14 3.89230949515574e-15
1.79437500000000e+02 7.74415400228423e-14 3.67880170721136e-15
1.79812500000000e+02 7.31170583816182e-14 3.47699802995359e-15
1.80187500000000e+02 6.90340639507436e-14 3.28625731193247e-15
1.80562500000000e+02 6.51790716289738e-14 3.10597349766031e-15
1.80937500000000e+02 6.15393493485491e-14 2.93557370804999e-15
1.81312500000000e+02 5.81028760243851e-14 2.77451642575103e-15
1.81687500000000e+02 5.48583018514585e-14 2.62228977965652e-15
1.82062500000000e+02 5.17949108192632e-14 2.47840992316645e-15
1.82437500000000e+02 4.89025853195291e-14 2.34241950108831e-15
1.82812500000000e+02 4.61717727303124e-14 2.21388620033475e-15
1.83187500000000e+02 4.35934538660941e-14 2.09240137984256e-15
1.83562500000000e+02 4.11591131896835e-14 1.97757877538643e-15
1.83937500000000e+02 3.88607106875464e-14 1.86905327519734e-15
1.84312500000000e+02 3.66906553156665e-14 1.76647976251828e-15
1.84687500000000e+02 3.46417799282416e-14 1.66953202144121e-15
1.85062500000000e+02 3.27073176064073e-14 1.57790170256876e-15
1.85437500000000e+02 3.08808793088105e-14 1.49129734523231e-15
1.85812500000000e+02 2.91564327702161e-14 1.40944345317716e-15
1.86187500000000e+02 2.75282825784560e-14 1.33207962079344e-15
1.86562500000000e+02 2.59910513639185e-14 1.25895970713133e-15
1.86937500000000e+02 2.45396620394523e-14 1.18985105508956e-15
1.87312500000000e+02 2.31693210320271e-14 1.12453375330902e-15
1.87687500000000e+02 2.18755024507711e-14 1.06279993843759e-15
1.88062500000000e+02 2.06539331390941e-14 1.00445313556022e-15
1.88437500000000e+02 1.95005785615283e-14 9.49307634708418e-16
1.88812500000000e+02 1.84116294786756e-14 8.97187901477146e-16
1.89187500000000e+02 1.73834893662492e-14 8.47928019885110e-16
1.89562500000000e+02 1.64127625366616e-14 8.01371165715820e-16
1.89937500000000e+02 1.54962429239236e-14 7.57369108673419e-16
1.90312500000000e+02 1.46309034948176e-14 7.15781741778004e-16
1.90687500000000e+02 1.38138862513692e-14 6.76476636511314e-16
1.91062500000000e+02 1.30424927916009e-14 6.39328622304960e-16
1.91437500000000e+02 1.23141753973905e-14 6.04219389040306e-16
1.91812500000000e+02 1.16265286200004e-14 5.71037111301775e-16
1.92187500000000e+02 1.09772813354871e-14 5.39676093194054e-16
1.92562500000000e+02 1.03642892437510e-14 5.10036432598772e-16
1.92937500000000e+02 9.78552778645409e-15 4.82023703807541e-16
1.93312500000000e+02 9.23908546041399e-15 4.55548657526382e-16
1.93687500000000e+02 8.72315750439095e-15 4.30526937301492e-16
1.94062500000000e+02 8.23603993841642e-15 4.06878811468170e-16
1.94437500000000e+02 7.77612393597683e-15 3.84528919773846e-16
1.94812500000000e+02 7.34189051046519e-15 3.63406033872549e-16
1.95187500000000e+02 6.93190549835127e-15 3.43442830931996e-16
1.95562500000000e+02 6.54481482250108e-15 3.24575679635972e-16
1.95937500000000e+02 6.17934002000142e-15 3.06744437903900e-16
1.96312500000000e+02 5.83427401971918e-15 2.89892261686522e-16
1.96687500000000e+02 5.50847715564978e-15 2.73965424231681e-16
1.97062500000000e+02 5.20087340288757e-15 2.58913145247342e-16
1.97437500000000e+02 4.91044682378693e-15 2.44687429420267e-16
1.97812500000000e+02 4.63623821257632e-15 2.31242913778388e-16
1.98187500000000e+02 4.37734192734342e-15 2.18536723412937e-16
1.98562500000000e+02 4.13290289892825e-15 2.06528335102809e-16
1.98937500000000e+02 3.90211380684529e-15 1.95179448408677e-16
1.99312500000000e+02 3.68421241290745e-15 1.84453863828043e-16
1.99687500000000e+02 3.47847904374551e-15 1.74317367624727e-16
2.00062500000000e+02 3.28423421390840e-15 1.64737622967464e-16
2.00437500000000e+02 3.10083638169408e-15 1.55684067032254e-16
2.00812500000000e+02 2.92767983029904e-15 1.47127813741992e-16
2.01187500000000e+02 2.76419266728839e-15 1.39041561834760e-16
2.01562500000000e+02 2.60983493577931e-15 1.31399507969072e-16
2.01937500000000e+02 2.46409683109965e-15 1.24177264590269e-16
2.02312500000000e+02 2.32649701703156e-15 1.17351782297411e-16
2.02687500000000e+02 2.19658103607937e-15 1.10901276464218e-16
2.03062500000000e+02 2.07391980851100e-15 1.04805157881140e-16
2.03437500000000e+02 1.95810821521583e-15 9.90439671983407e-17
2.03812500000000e+02 1.84876375969837e-15 9.35993129614642e-17
2.04187500000000e+02 1.74552530478880e-15 8.84538130434149e-17
2.04562500000000e+02 1.64805187989791e-15 8.35910392861684e-17
2.04937500000000e+02 1.55602155487724e-15 7.89954651768035e-17
2.05312500000000e+02 1.46913037676493e-15 7.46524163915542e-17
2.05687500000000e+02 1.38709136590576e-15 7.05480240507964e-17
2.06062500000000e+02 1.30963356812965e-15 6.66691805364731e-17
2.06437500000000e+02 1.23650115985837e-15 6.30034977315859e-17
2.06812500000000e+02 1.16745260318474e-15 5.95392675490672e-17
2.07187500000000e+02 1.10225984813387e-15 5.62654246246188e-17
2.07562500000000e+02 1.04070757947150e-15 5.31715110549553e-17
2.07937500000000e+02 9.82592505572145e-16 5.02476430693872e-17
2.08312500000000e+02 9.27722686998059e-16 4.74844795288191e-17
2.08687500000000e+02 8.75916902571679e-16 4.48731921520281e-17
2.09062500000000e+02 8.27004050847760e-16 4.24054373745753e-17
2.09437500000000e+02 7.80822585008441e-16 4.00733297508901e-17
2.09812500000000e+02 7.37219979314827e-16 3.78694168149564e-17
2.10187500000000e+02 6.96052225352932e-16 3.57866553196666e-17
2.10562500000000e+02 6.57183356410190e-16 3.38183887792875e-17
2.10937500000000e+02 6.20484998411683e-16 3.19583262436175e-17
2.11312500000000e+02 5.85835945932937e-16 3.02005222363264e-17
2.11687500000000e+02 5.53121761888961e-16 2.85393577936679e-17
2.12062500000000e+02 5.22234399577406e-16 2.69695225432494e-17
2.12437500000000e+02 4.93071845827543e-16 2.54859977658462e-17
2.12812500000000e+02 4.65537784076488e-16 2.40840403863731e-17
2.13187500000000e+02 4.39541276259868e-16 2.27591678430753e-17
2.13562500000000e+02 4.14996462466323e-16 2.15071437867921e-17
2.13937500000000e+02 3.91822277363867e-16 2.03239645647863e-17
2.14312500000000e+02 3.69942182461533e-16 1.92058464461228e-17
2.14687500000000e+02 3.49283913322032e-16 1.81492135479377e-17
2.15062500000000e+02 3.29779240890538e-16 1.71506864241685e-17
2.15437500000000e+02 3.11363746151315e-16 1.62070712804187e-17
2.15812500000000e+02 2.93976607367957e-16 1.53153497806236e-17
2.16187500000000e+02 2.77560399204521e-16 1.44726694130635e-17
2.16562500000000e+02 2.62060903064119e-16 1.36763343850507e-17
2.16937500000000e+02 2.47426928018567e-16 1.29237970172950e-17
2.17312500000000e+02 2.33610141737649e-16 1.22126496105459e-17
2.17687500000000e+02 2.20564910859619e-16 1.15406167586066e-17
2.18062500000000e+02 2.08248150275709e-16 1.09055480832380e-17
2.18437500000000e+02 1.96619180830879e-16 1.03054113678125e-17
2.18812500000000e+02 1.85639594970824e-16 9.73828606784399e-18
2.19187500000000e+02 1.75273129891504e-16 9.20235717772128e-18
2.19562500000000e+02 1.65485547772241e-16 8.69590943410552e-18
2.19937500000000e+02 1.56244522696838e-16 8.21732183752154e-18
2.20312500000000e+02 1.47519533889216e-16 7.76506247468740e-18
2.20687500000000e+02 1.39281764910994e-16 7.33768362508301e-18
2.21062500000000e+02 1.31504008488056e-16 6.93381713616288e-18
2.21437500000000e+02 1.24160576651780e-16 6.55217005247344e-18
2.21812500000000e+02 1.17227215898158e-16 6.19152048474327e-18
2.22187500000000e+02 1.10681027084585e-16 5.85071370577946e-18
2.22562500000000e+02 1.04500389799765e-16 5.52865846072402e-18
2.22937500000000e+02 9.86648909569401e-17 5.22432347990759e-18
2.23312500000000e+02 9.31552573746171e-17 4.93673418318266e-18
2.23687500000000e+02 8.79532921221025e-17 4.66496956522812e-18
2.24062500000000e+02 8.30418144196309e-17 4.40815925189329e-18
2.24437500000000e+02 7.84046028945798e-17 4.16548071819469e-18
2.24812500000000e+02 7.40263420063657e-17 4.04921454744722e-18
