SPECIES: e / A
PROCESS: E + A -> E + A, Elastic
PARAM.:  m/M = 0.0000195921, complete set
COMMENT: [e + A(gnd) -> e + A(gnd), Elastic]
UPDATED: 2018-06-05 11:00:00
COLUMNS: Energy (eV) | Cross section (m2)
-----------------------------
0.00000000e+00 3.817931736712294e-17
6.52000000e-03 2.088096203036953e-17
1.30400000e-02 1.476506984937312e-17
1.95600000e-02 1.205562904917220e-17
2.60800000e-02 1.044048101518477e-17
3.26000000e-02 9.338250107099661e-18
3.91200000e-02 8.524617052139196e-18
4.56400000e-02 7.892261809734303e-18
5.21600000e-02 7.382534924686558e-18
5.86800000e-02 6.960320676789842e-18
6.52000000e-02 6.603139975146173e-18
7.17200000e-02 6.295846937853946e-18
7.82400000e-02 6.027814524586101e-18
8.47600000e-02 5.791336867808769e-18
9.12800000e-02 5.580671844562740e-18
9.78000000e-02 5.391441213094040e-18
1.04320000e-01 5.220240507592383e-18
1.10840000e-01 5.064377177395611e-18
1.17360000e-01 4.921689949791038e-18
1.23880000e-01 4.790421228120562e-18
1.30400000e-01 4.669125053549831e-18
1.36920000e-01 4.556599480365103e-18
1.43440000e-01 4.451836063069086e-18
1.49960000e-01 4.353981562710529e-18
1.56480000e-01 4.262308526069598e-18
1.63000000e-01 4.176192406073906e-18
1.69520000e-01 4.095093571363240e-18
1.76040000e-01 4.018543016390734e-18
1.82560000e-01 3.946130904867152e-18
1.89080000e-01 3.877497305691649e-18
1.95600000e-01 3.812324642147422e-18
2.02120000e-01 3.750331492074139e-18
2.08640000e-01 3.691267462343279e-18
2.15160000e-01 3.634908924346657e-18
2.21680000e-01 3.581055444622823e-18
2.28200000e-01 3.529526780558283e-18
2.34720000e-01 3.480160338394921e-18
2.41240000e-01 3.432809011754368e-18
2.47760000e-01 3.387339335144038e-18
2.54280000e-01 3.343629899597197e-18
2.60800000e-01 3.301569987573087e-18
2.67320000e-01 3.261058392135955e-18
2.73840000e-01 3.222002391717263e-18
2.80360000e-01 3.184316856800756e-18
2.86880000e-01 3.147923468926973e-18
2.93400000e-01 3.112750035699887e-18
2.99920000e-01 3.078729888153816e-18
3.06440000e-01 3.045801349027711e-18
3.12960000e-01 3.013907262293051e-18
3.19480000e-01 2.982994575767076e-18
3.26000000e-01 2.953013969874623e-18
3.32520000e-01 2.923919526647153e-18
3.39040000e-01 2.895668433904385e-18
3.45560000e-01 2.868220720282722e-18
3.52080000e-01 2.841539017379732e-18
3.58600000e-01 2.815588345795064e-18
3.65120000e-01 2.790335922281370e-18
3.71640000e-01 2.765750985587104e-18
3.78160000e-01 2.741804638887133e-18
3.84680000e-01 2.718469706965742e-18
3.91200000e-01 2.695720606547020e-18
3.97720000e-01 2.673533228365783e-18
4.04240000e-01 2.651884829743086e-18
4.10760000e-01 2.630753936578101e-18
4.17280000e-01 2.610120253796191e-18
4.23800000e-01 2.589964583404224e-18
4.30320000e-01 2.570268749401020e-18
4.36840000e-01 2.551015528875352e-18
4.43360000e-01 2.532188588697805e-18
4.49880000e-01 2.513772427277591e-18
4.56400000e-01 2.495752320912285e-18
4.62920000e-01 2.478114274308484e-18
4.69440000e-01 2.460844974895519e-18
4.75960000e-01 2.443931750593294e-18
4.82480000e-01 2.427362530729804e-18
4.89000000e-01 2.411125809834441e-18
4.95520000e-01 2.395210614060281e-18
5.02040000e-01 2.379606470012724e-18
5.08560000e-01 2.364303375783273e-18
5.15080000e-01 2.349291774006446e-18
5.21600000e-01 2.334562526774915e-18
5.28120000e-01 2.320106892263281e-18
5.34640000e-01 2.305916502924633e-18
5.41160000e-01 2.291983345136333e-18
5.47680000e-01 2.278299740182551e-18
5.54200000e-01 2.264858326471019e-18
5.60720000e-01 2.251652042890446e-18
5.67240000e-01 2.238674113223123e-18
5.73760000e-01 2.225918031534543e-18
5.80280000e-01 2.213377548468500e-18
5.86800000e-01 2.201046658382058e-18
5.93320000e-01 2.188919587260250e-18
5.99840000e-01 2.176990781355265e-18
6.06360000e-01 2.165254896499335e-18
6.12880000e-01 2.153706788044629e-18
6.19400000e-01 2.142341501387121e-18
6.25920000e-01 2.131154263034799e-18
6.32440000e-01 2.120140472183642e-18
6.38960000e-01 2.109295692767588e-18
6.45480000e-01 2.098615645951315e-18
6.52000000e-01 2.088096203036953e-18
6.58520000e-01 2.077733378758036e-18
6.65040000e-01 2.067523324935962e-18
6.71560000e-01 2.057462324476003e-18
6.78080000e-01 2.047546785681620e-18
6.84600000e-01 2.037773236867318e-18
6.91120000e-01 2.028138321251676e-18
6.97640000e-01 2.018638792113525e-18
7.04160000e-01 2.009271508195367e-18
7.10680000e-01 2.000033429339276e-18
7.17200000e-01 1.990921612341504e-18
7.23720000e-01 1.981933207012958e-18
7.30240000e-01 1.973065452433576e-18
7.36760000e-01 1.964315673389415e-18
7.43280000e-01 1.955681276982018e-18
7.49800000e-01 1.947159749400301e-18
7.56320000e-01 1.938748652845825e-18
7.62840000e-01 1.930445622602923e-18
7.69360000e-01 1.922248364245683e-18
7.75880000e-01 1.914154650974289e-18
7.82400000e-01 1.906162321073711e-18
7.88920000e-01 1.898269275488139e-18
7.95440000e-01 1.890473475505008e-18
8.01960000e-01 1.882772940542782e-18
8.08480000e-01 1.875165746037069e-18
8.15000000e-01 1.867650021419932e-18
8.21520000e-01 1.860223948187580e-18
8.28040000e-01 1.852885758051911e-18
8.34560000e-01 1.845633731171639e-18
8.41080000e-01 1.838466194458979e-18
8.47600000e-01 1.831381519958118e-18
8.54120000e-01 1.824378123291896e-18
8.60640000e-01 1.817454462173328e-18
8.67160000e-01 1.810609034978803e-18
8.73680000e-01 1.803840379379949e-18
8.80200000e-01 1.797147071031347e-18
8.86720000e-01 1.790527722311411e-18
8.93240000e-01 1.783980981113913e-18
8.99760000e-01 1.777505529687752e-18
9.06280000e-01 1.771100083522724e-18
9.12800000e-01 1.764763390279141e-18
9.19320000e-01 1.758494228759274e-18
9.25840000e-01 1.752291407918709e-18
9.32360000e-01 1.746153765915796e-18
9.38880000e-01 1.740080169197461e-18
9.45400000e-01 1.734069511619762e-18
9.51920000e-01 1.728120713601628e-18
9.58440000e-01 1.722232721310315e-18
9.64960000e-01 1.716404505877184e-18
9.71480000e-01 1.710635062642479e-18
9.78000000e-01 1.704923410427839e-18
9.84520000e-01 1.699268590835352e-18
9.91040000e-01 1.693669667572019e-18
9.97560000e-01 1.688125725798537e-18
1.00408000e+00 1.682635871501380e-18
1.01060000e+00 1.677199230887198e-18
1.01712000e+00 1.671814949798598e-18
1.02364000e+00 1.666482193150433e-18
1.03016000e+00 1.661200144385732e-18
1.03668000e+00 1.655968004950492e-18
1.04320000e+00 1.650784993786543e-18
1.04972000e+00 1.645650346841777e-18
1.05624000e+00 1.640563316597013e-18
1.06276000e+00 1.635523171608869e-18
1.06928000e+00 1.630529196067978e-18
1.07580000e+00 1.625580689371953e-18
1.08232000e+00 1.620676965712529e-18
1.08884000e+00 1.615817353676313e-18
1.09536000e+00 1.611001195858632e-18
1.10188000e+00 1.606227848489964e-18
1.10840000e+00 1.601496681074473e-18
1.11492000e+00 1.596807076040187e-18
1.12144000e+00 1.592158428400378e-18
1.12796000e+00 1.587550145425724e-18
1.13448000e+00 1.582981646326851e-18
1.14100000e+00 1.578452361946860e-18
1.14752000e+00 1.573961734463487e-18
1.15404000e+00 1.569509217100514e-18
1.16056000e+00 1.565094273848133e-18
1.16708000e+00 1.560716379191890e-18
1.17360000e+00 1.556375017849943e-18
1.18012000e+00 1.552069684518302e-18
1.18664000e+00 1.547799883623781e-18
1.19316000e+00 1.543565129084394e-18
1.19968000e+00 1.539364944076908e-18
1.20620000e+00 1.535198860811328e-18
1.21272000e+00 1.531066420312056e-18
1.21924000e+00 1.526967172205490e-18
1.22576000e+00 1.522900674513856e-18
1.23228000e+00 1.518866493455034e-18
1.23880000e+00 1.514864203248202e-18
1.24532000e+00 1.510893385925068e-18
1.25184000e+00 1.506953631146525e-18
1.25836000e+00 1.503044536024543e-18
1.26488000e+00 1.499165704949101e-18
1.27140000e+00 1.495316749420026e-18
1.27792000e+00 1.491497287883538e-18
1.28444000e+00 1.487706945573381e-18
1.29096000e+00 1.483945354356362e-18
1.29748000e+00 1.480212152582166e-18
1.30400000e+00 1.476506984937311e-18
1.31052000e+00 1.472829502303100e-18
1.31704000e+00 1.469179361617445e-18
1.32356000e+00 1.465556225740443e-18
1.33008000e+00 1.461959763323576e-18
1.33660000e+00 1.458389648682432e-18
1.34312000e+00 1.454845561672818e-18
1.34964000e+00 1.451327187570176e-18
1.35616000e+00 1.447834216952192e-18
1.36268000e+00 1.444366345584492e-18
1.36920000e+00 1.440923274309341e-18
1.37572000e+00 1.437504708937243e-18
1.38224000e+00 1.434110360141361e-18
1.38876000e+00 1.430739943354657e-18
1.39528000e+00 1.427393178669695e-18
1.40180000e+00 1.424069790740991e-18
1.40832000e+00 1.420769508689866e-18
1.41484000e+00 1.417492066011711e-18
1.42136000e+00 1.414237200485588e-18
1.42788000e+00 1.411004654086111e-18
1.43440000e+00 1.407794172897532e-18
1.44092000e+00 1.404605507029959e-18
1.44744000e+00 1.401438410537664e-18
1.45396000e+00 1.398292641339401e-18
1.46048000e+00 1.395167961140685e-18
1.46700000e+00 1.392064135357969e-18
1.47352000e+00 1.388980933044674e-18
1.48004000e+00 1.385918126819014e-18
1.48656000e+00 1.382875492793552e-18
1.49308000e+00 1.379852810506466e-18
1.49960000e+00 1.376849862854451e-18
1.50612000e+00 1.373866436027221e-18
1.51264000e+00 1.370902319443566e-18
1.51916000e+00 1.367957305688924e-18
1.52568000e+00 1.365031190454414e-18
1.53220000e+00 1.362123772477305e-18
1.53872000e+00 1.359234853482871e-18
1.54524000e+00 1.356364238127595e-18
1.55176000e+00 1.353511733943689e-18
1.55828000e+00 1.350677151284892e-18
1.56480000e+00 1.347860303273510e-18
1.57132000e+00 1.345061005748668e-18
1.57784000e+00 1.342279077215738e-18
1.58436000e+00 1.339514338796911e-18
1.59088000e+00 1.336766614182892e-18
1.59740000e+00 1.334035729585666e-18
1.60392000e+00 1.331321513692338e-18
1.61044000e+00 1.328623797619989e-18
1.61696000e+00 1.325942414871543e-18
1.62348000e+00 1.323277201292601e-18
1.63000000e+00 1.320627995029235e-18
1.63652000e+00 1.317994636486699e-18
1.64304000e+00 1.315376968289050e-18
1.64956000e+00 1.312774835239644e-18
1.65608000e+00 1.310188084282483e-18
1.66260000e+00 1.307616564464408e-18
1.66912000e+00 1.305060126898096e-18
1.67564000e+00 1.302518624725850e-18
1.68216000e+00 1.299991913084170e-18
1.68868000e+00 1.297479849069066e-18
1.69520000e+00 1.294982291702112e-18
1.70172000e+00 1.292499101897216e-18
1.70824000e+00 1.290030142428087e-18
1.71476000e+00 1.287575277896380e-18
1.72128000e+00 1.285134374700510e-18
1.72780000e+00 1.282707301005115e-18
1.73432000e+00 1.280293926711142e-18
1.74084000e+00 1.277894123426562e-18
1.74736000e+00 1.275507764437676e-18
1.75388000e+00 1.273134724681014e-18
1.76040000e+00 1.270774880715807e-18
1.76692000e+00 1.268428110697015e-18
1.77344000e+00 1.266094294348903e-18
1.77996000e+00 1.263773312939150e-18
1.78648000e+00 1.261465049253478e-18
1.79300000e+00 1.259169387570789e-18
1.79952000e+00 1.256886213638795e-18
1.80604000e+00 1.254615414650139e-18
1.81256000e+00 1.252356879218979e-18
1.81908000e+00 1.250110497358046e-18
1.82560000e+00 1.247876160456142e-18
1.83212000e+00 1.245653761256088e-18
1.83864000e+00 1.243443193833091e-18
1.84516000e+00 1.241244353573547e-18
1.85168000e+00 1.239057137154242e-18
1.85820000e+00 1.236881442521961e-18
1.86472000e+00 1.234717168873487e-18
1.87124000e+00 1.232564216635984e-18
1.87776000e+00 1.230422487447759e-18
1.88428000e+00 1.228291884139384e-18
1.89080000e+00 1.226172310715178e-18
1.89732000e+00 1.224063672335045e-18
1.90384000e+00 1.221965875296647e-18
1.91036000e+00 1.219878827017914e-18
1.91688000e+00 1.217802436019885e-18
1.92340000e+00 1.215736611909867e-18
1.92992000e+00 1.213681265364902e-18
1.93644000e+00 1.211636308115552e-18
1.94296000e+00 1.209601652929972e-18
1.94948000e+00 1.207577213598280e-18
1.95600000e+00 1.205562904917220e-18
1.96252000e+00 1.203558642675096e-18
1.96904000e+00 1.201564343636986e-18
1.97556000e+00 1.199579925530223e-18
1.98208000e+00 1.197605307030140e-18
1.98860000e+00 1.195640407746072e-18
1.99512000e+00 1.193685148207608e-18
2.00164000e+00 1.191739449851091e-18
2.00816000e+00 1.189803235006362e-18
2.01468000e+00 1.187876426883733e-18
2.02120000e+00 1.185958949561199e-18
2.02772000e+00 1.184050727971872e-18
2.03424000e+00 1.182151687891636e-18
2.04076000e+00 1.180261755927024e-18
2.04728000e+00 1.178380859503301e-18
2.05380000e+00 1.176508926852761e-18
2.06032000e+00 1.174645887003223e-18
2.06684000e+00 1.172791669766732e-18
2.07336000e+00 1.170946205728451e-18
2.07988000e+00 1.169109426235745e-18
2.08640000e+00 1.167281263387458e-18
2.09292000e+00 1.165461650023365e-18
2.09944000e+00 1.163650519713814e-18
2.10596000e+00 1.161847806749538e-18
2.11248000e+00 1.160053446131641e-18
2.11900000e+00 1.158267373561754e-18
2.12552000e+00 1.156489525432361e-18
2.13204000e+00 1.154719838817281e-18
2.13856000e+00 1.152958251462317e-18
2.14508000e+00 1.151204701776052e-18
2.15160000e+00 1.149459128820811e-18
2.15812000e+00 1.147721472303761e-18
2.16464000e+00 1.145991672568167e-18
2.17116000e+00 1.144269670584789e-18
2.17768000e+00 1.142555407943422e-18
2.18420000e+00 1.140848826844573e-18
2.19072000e+00 1.139149870091276e-18
2.19724000e+00 1.137458481081040e-18
2.20376000e+00 1.135774603797932e-18
2.21028000e+00 1.134098182804780e-18
2.21680000e+00 1.132429163235510e-18
2.22332000e+00 1.130767490787604e-18
2.22984000e+00 1.129113111714679e-18
2.23636000e+00 1.127465972819186e-18
2.24288000e+00 1.125826021445223e-18
2.24940000e+00 1.124193205471468e-18
2.25592000e+00 1.122567473304219e-18
2.26244000e+00 1.120948773870548e-18
2.26896000e+00 1.119337056611561e-18
2.27548000e+00 1.117732271475767e-18
2.28200000e+00 1.116134368912548e-18
2.28852000e+00 1.114543299865732e-18
2.29504000e+00 1.112959015767271e-18
2.30156000e+00 1.111381468531011e-18
2.30808000e+00 1.109810610546563e-18
2.31460000e+00 1.108246394673266e-18
2.32112000e+00 1.106688774234250e-18
2.32764000e+00 1.105137703010580e-18
2.33416000e+00 1.103593135235501e-18
2.34068000e+00 1.102055025588760e-18
2.34720000e+00 1.100523329191029e-18
2.35372000e+00 1.098998001598396e-18
2.36024000e+00 1.097478998796957e-18
2.36676000e+00 1.095966277197473e-18
2.37328000e+00 1.094459793630125e-18
2.37980000e+00 1.092959505339333e-18
2.38632000e+00 1.091465369978664e-18
2.39284000e+00 1.089977345605807e-18
2.39936000e+00 1.088495390677632e-18
2.40588000e+00 1.087019464045318e-18
2.41240000e+00 1.085549524949553e-18
2.41892000e+00 1.084085533015805e-18
2.42544000e+00 1.082627448249667e-18
2.43196000e+00 1.081175231032268e-18
2.43848000e+00 1.079728842115749e-18
2.44500000e+00 1.078288242618808e-18
2.45152000e+00 1.076853394022314e-18
2.45804000e+00 1.075424258164978e-18
2.46456000e+00 1.074000797239088e-18
2.47108000e+00 1.072582973786313e-18
2.47760000e+00 1.071170750693560e-18
2.48412000e+00 1.069764091188895e-18
2.49064000e+00 1.068362958837519e-18
2.49716000e+00 1.066967317537806e-18
2.50368000e+00 1.065577131517399e-18
2.51020000e+00 1.064192365329353e-18
2.51672000e+00 1.062812983848342e-18
2.52324000e+00 1.061438952266919e-18
2.52976000e+00 1.060070236091821e-18
2.53628000e+00 1.058706801140338e-18
2.54280000e+00 1.057348613536726e-18
2.54932000e+00 1.055995639708668e-18
2.55584000e+00 1.054647846383794e-18
2.56236000e+00 1.053305200586240e-18
2.56888000e+00 1.051967669633264e-18
2.57540000e+00 1.050635221131897e-18
2.58192000e+00 1.049307822975658e-18
2.58844000e+00 1.047985443341294e-18
2.59496000e+00 1.046668050685586e-18
2.60148000e+00 1.045355613742180e-18
2.60800000e+00 1.044048101518476e-18
2.61452000e+00 1.042745483292552e-18
2.62104000e+00 1.041447728610130e-18
2.62756000e+00 1.040154807281590e-18
2.63408000e+00 1.038866689379018e-18
2.64060000e+00 1.037583345233295e-18
2.64712000e+00 1.036304745431230e-18
2.65364000e+00 1.035030860812724e-18
2.66016000e+00 1.033761662467981e-18
2.66668000e+00 1.032497121734752e-18
2.67320000e+00 1.031237210195615e-18
2.67972000e+00 1.029981899675291e-18
2.68624000e+00 1.028731162238001e-18
2.69276000e+00 1.027484970184855e-18
2.69928000e+00 1.026243296051272e-18
2.70580000e+00 1.025006112604441e-18
2.71232000e+00 1.023773392840810e-18
2.71884000e+00 1.022545109983614e-18
2.72536000e+00 1.021321237480427e-18
2.73188000e+00 1.020101749000756e-18
2.73840000e+00 1.018886618433659e-18
2.74492000e+00 1.017675819885397e-18
2.75144000e+00 1.016469327677119e-18
2.75796000e+00 1.015267116342570e-18
2.76448000e+00 1.014069160625838e-18
2.77100000e+00 1.012875435479122e-18
2.77752000e+00 1.011685916060535e-18
2.78404000e+00 1.010500577731931e-18
2.79056000e+00 1.009319396056762e-18
2.79708000e+00 1.008142346797964e-18
2.80360000e+00 1.006969405915862e-18
2.81012000e+00 1.005800549566117e-18
2.81664000e+00 1.004635754097684e-18
2.82316000e+00 1.003474996050801e-18
2.82968000e+00 1.002318252155010e-18
2.83620000e+00 1.001165499327192e-18
2.84272000e+00 1.000016714669638e-18
2.84924000e+00 9.988718754681314e-19
2.85576000e+00 9.977309591900681e-19
2.86228000e+00 9.965939434825914e-19
2.86880000e+00 9.954608061707519e-19
2.87532000e+00 9.943315252556920e-19
2.88184000e+00 9.932060789128527e-19
2.88836000e+00 9.920844454902004e-19
2.89488000e+00 9.909666035064788e-19
2.90140000e+00 9.898525316494804e-19
2.90792000e+00 9.887422087743398e-19
2.91444000e+00 9.876356139018477e-19
2.92096000e+00 9.865327262167879e-19
2.92748000e+00 9.854335250662902e-19
2.93400000e+00 9.843379899582076e-19
2.94052000e+00 9.832461005595117e-19
2.94704000e+00 9.821578366947075e-19
2.95356000e+00 9.810731783442666e-19
2.96008000e+00 9.799921056430825e-19
2.96660000e+00 9.789145988789404e-19
2.97312000e+00 9.778406384910092e-19
2.97964000e+00 9.767702050683490e-19
2.98616000e+00 9.757032793484384e-19
2.99268000e+00 9.746398422157175e-19
2.99920000e+00 9.735798747001506e-19
3.00572000e+00 9.725233579758039e-19
3.01224000e+00 9.714702733594422e-19
3.01876000e+00 9.704206023091404e-19
3.02528000e+00 9.693743264229123e-19
3.03180000e+00 9.683314274373568e-19
3.03832000e+00 9.672918872263169e-19
3.04484000e+00 9.662556877995585e-19
3.05136000e+00 9.652228113014614e-19
3.05788000e+00 9.641932400097279e-19
3.06440000e+00 9.631669563341043e-19
3.07092000e+00 9.621439428151205e-19
3.07744000e+00 9.611241821228414e-19
3.08396000e+00 9.601076570556338e-19
3.09048000e+00 9.590943505389477e-19
3.09700000e+00 9.580842456241122e-19
3.10352000e+00 9.570773254871447e-19
3.11004000e+00 9.560735734275737e-19
3.11656000e+00 9.550729728672755e-19
3.12308000e+00 9.540755073493242e-19
3.12960000e+00 9.530811605368554e-19
3.13612000e+00 9.520899162119413e-19
3.14264000e+00 9.511017582744811e-19
3.14916000e+00 9.501166707411008e-19
3.15568000e+00 9.491346377440696e-19
3.16220000e+00 9.481556435302246e-19
3.16872000e+00 9.471796724599106e-19
3.17524000e+00 9.462067090059294e-19
3.18176000e+00 9.452367377525040e-19
3.18828000e+00 9.442697433942509e-19
3.19480000e+00 9.433057107351677e-19
3.20132000e+00 9.423446246876278e-19
3.20784000e+00 9.413864702713911e-19
3.21436000e+00 9.404312326126214e-19
3.22088000e+00 9.394788969429174e-19
3.22740000e+00 9.385294485983545e-19
3.23392000e+00 9.375828730185347e-19
3.24044000e+00 9.366391557456497e-19
3.24696000e+00 9.356982824235543e-19
3.25348000e+00 9.347602387968474e-19
3.26000000e+00 9.338250107099660e-19
3.26652000e+00 9.328925841062877e-19
-----------------------------
