SPECIES: e / A
PROCESS: E + A -> E + A, Elastic
PARAM.:  m/M = 0.0000195921, complete set
COMMENT: [e + A(gnd) -> e + A(gnd), Elastic]
UPDATED: 2018-06-05 11:00:00
COLUMNS: Energy (eV) | Cross section (m2)
-----------------------------
0.00000000e+00 6.759588983336896e-17
2.08000000e-03 3.696941973706070e-17
4.16000000e-03 2.614132739260742e-17
6.24000000e-03 2.134430443697626e-17
8.32000000e-03 1.848470986853035e-17
1.04000000e-02 1.653322712415803e-17
1.24800000e-02 1.509270240709603e-17
1.45600000e-02 1.397312724837507e-17
1.66400000e-02 1.307066369630371e-17
1.87200000e-02 1.232313991235357e-17
2.08000000e-02 1.169075701438950e-17
2.28800000e-02 1.114669945318089e-17
2.49600000e-02 1.067215221848813e-17
2.70400000e-02 1.025347219124022e-17
2.91200000e-02 9.880493031708538e-18
3.12000000e-02 9.545463130705860e-18
3.32800000e-02 9.242354934265176e-18
3.53600000e-02 8.966401323158563e-18
3.74400000e-02 8.713775797535806e-18
3.95200000e-02 8.481366559746612e-18
4.16000000e-02 8.266613562079014e-18
4.36800000e-02 8.067388778270243e-18
4.57600000e-02 7.881906771192587e-18
4.78400000e-02 7.708656894503268e-18
4.99200000e-02 7.546351203548015e-18
5.20000000e-02 7.393883947412143e-18
5.40800000e-02 7.250299717133645e-18
5.61600000e-02 7.114768145658754e-18
5.82400000e-02 6.986563624187537e-18
6.03200000e-02 6.865048900282864e-18
6.24000000e-02 6.749661709288286e-18
6.44800000e-02 6.639903797629401e-18
6.65600000e-02 6.535331848151855e-18
6.86400000e-02 6.435549929869839e-18
7.07200000e-02 6.340203178445452e-18
7.28000000e-02 6.248972477124250e-18
7.48800000e-02 6.161569956176785e-18
7.69600000e-02 6.077735166039468e-18
7.90400000e-02 5.997231808125649e-18
8.11200000e-02 5.919844929740881e-18
8.32000000e-02 5.845378507194752e-18
8.52800000e-02 5.773653355175653e-18
8.73600000e-02 5.704505311583147e-18
8.94400000e-02 5.637783655927735e-18
9.15200000e-02 5.573349726590443e-18
9.36000000e-02 5.511075708052676e-18
9.56800000e-02 5.450843563943694e-18
9.77600000e-02 5.392544095628455e-18
9.98400000e-02 5.336076109244066e-18
1.01920000e-01 5.281345676722959e-18
1.04000000e-01 5.228265478521483e-18
1.06080000e-01 5.176754217587814e-18
1.08160000e-01 5.126736095620109e-18
1.10240000e-01 5.078140343938454e-18
1.12320000e-01 5.030900802365343e-18
1.14400000e-01 4.984955540414439e-18
1.16480000e-01 4.940246515854269e-18
1.18560000e-01 4.896719266365597e-18
1.20640000e-01 4.854322630567264e-18
1.22720000e-01 4.813008495160909e-18
1.24800000e-01 4.772731565352930e-18
1.26880000e-01 4.733449156062876e-18
1.28960000e-01 4.695121001730059e-18
1.31040000e-01 4.657709082791692e-18
1.33120000e-01 4.621177467132588e-18
1.35200000e-01 4.585492165003369e-18
1.37280000e-01 4.550620996075573e-18
1.39360000e-01 4.516533467451730e-18
1.41440000e-01 4.483200661579281e-18
1.43520000e-01 4.450595133131927e-18
1.45600000e-01 4.418690814022655e-18
1.47680000e-01 4.387462925801347e-18
1.49760000e-01 4.356887898767903e-18
1.51840000e-01 4.326943297200856e-18
1.53920000e-01 4.297607750162455e-18
1.56000000e-01 4.268860887395253e-18
1.58080000e-01 4.240683279873306e-18
1.60160000e-01 4.213056384613755e-18
1.62240000e-01 4.185962493392578e-18
1.64320000e-01 4.159384685042275e-18
1.66400000e-01 4.133306781039507e-18
1.68480000e-01 4.107713304117857e-18
1.70560000e-01 4.082589439665166e-18
1.72640000e-01 4.057920999686722e-18
1.74720000e-01 4.033694389135122e-18
1.76800000e-01 4.009896574425322e-18
1.78880000e-01 3.986515053969187e-18
1.80960000e-01 3.963537830578255e-18
1.83040000e-01 3.940953385596294e-18
1.85120000e-01 3.918750654634963e-18
1.87200000e-01 3.896919004796501e-18
1.89280000e-01 3.875448213276875e-18
1.91360000e-01 3.854328447251634e-18
1.93440000e-01 3.833550244954553e-18
1.95520000e-01 3.813104497866360e-18
1.97600000e-01 3.792982433937392e-18
1.99680000e-01 3.773175601774007e-18
2.01760000e-01 3.753675855723971e-18
2.03840000e-01 3.734475341801060e-18
2.05920000e-01 3.715566484393629e-18
2.08000000e-01 3.696941973706071e-18
2.10080000e-01 3.678594753885860e-18
2.12160000e-01 3.660518011792403e-18
2.14240000e-01 3.642705166367080e-18
2.16320000e-01 3.625149858566823e-18
2.18400000e-01 3.607845941826249e-18
2.20480000e-01 3.590787473015867e-18
2.22560000e-01 3.573968703866152e-18
2.24640000e-01 3.557384072829377e-18
2.26720000e-01 3.541028197353037e-18
2.28800000e-01 3.524895866540501e-18
2.30880000e-01 3.508982034176142e-18
2.32960000e-01 3.493281812093768e-18
2.35040000e-01 3.477790463868544e-18
2.37120000e-01 3.462503398813930e-18
2.39200000e-01 3.447416166266347e-18
2.41280000e-01 3.432524450141432e-18
2.43360000e-01 3.417824063746738e-18
2.45440000e-01 3.403310944836740e-18
2.47520000e-01 3.388981150896864e-18
2.49600000e-01 3.374830854644143e-18
2.51680000e-01 3.360856339732792e-18
2.53760000e-01 3.347053996653800e-18
2.55840000e-01 3.333420318818249e-18
2.57920000e-01 3.319951898814701e-18
2.60000000e-01 3.306645424831606e-18
2.62080000e-01 3.293497677236180e-18
2.64160000e-01 3.280505525301737e-18
2.66240000e-01 3.267665924075927e-18
2.68320000e-01 3.254975911382751e-18
2.70400000e-01 3.242432604951666e-18
2.72480000e-01 3.230033199667458e-18
2.74560000e-01 3.217774964934920e-18
2.76640000e-01 3.205655242152711e-18
2.78720000e-01 3.193671442291110e-18
2.80800000e-01 3.181821043568620e-18
2.82880000e-01 3.170101589222726e-18
2.84960000e-01 3.158510685370297e-18
2.87040000e-01 3.147045998953431e-18
2.89120000e-01 3.135705255766711e-18
2.91200000e-01 3.124486238562125e-18
2.93280000e-01 3.113386785228016e-18
2.95360000e-01 3.102404787038703e-18
2.97440000e-01 3.091538186971547e-18
2.99520000e-01 3.080784978088392e-18
3.01600000e-01 3.070143201978532e-18
3.03680000e-01 3.059610947260405e-18
3.05760000e-01 3.049186348139466e-18
3.07840000e-01 3.038867583019734e-18
3.09920000e-01 3.028652873166676e-18
3.12000000e-01 3.018540481419206e-18
3.14080000e-01 3.008528710948672e-18
3.16160000e-01 2.998615904062825e-18
3.18240000e-01 2.988800441052855e-18
3.20320000e-01 2.979080739081666e-18
3.22400000e-01 2.969455251111670e-18
3.24480000e-01 2.959922464870441e-18
3.26560000e-01 2.950480901852660e-18
3.28640000e-01 2.941129116356865e-18
3.30720000e-01 2.931865694555565e-18
3.32800000e-01 2.922689253597376e-18
3.34880000e-01 2.913598440739874e-18
3.36960000e-01 2.904591932511935e-18
3.39040000e-01 2.895668433904384e-18
3.41120000e-01 2.886826677587827e-18
3.43200000e-01 2.878065423156593e-18
3.45280000e-01 2.869383456397775e-18
3.47360000e-01 2.860779588584364e-18
3.49440000e-01 2.852252655791573e-18
3.51520000e-01 2.843801518235439e-18
3.53600000e-01 2.835425059632852e-18
3.55680000e-01 2.827122186582205e-18
3.57760000e-01 2.818891827963868e-18
3.59840000e-01 2.810732934359763e-18
3.61920000e-01 2.802644477491302e-18
3.64000000e-01 2.794625449675015e-18
3.66080000e-01 2.786674863295222e-18
3.68160000e-01 2.778791750293106e-18
3.70240000e-01 2.770975161671605e-18
3.72320000e-01 2.763224167015522e-18
3.74400000e-01 2.755537854026338e-18
3.76480000e-01 2.747915328071168e-18
3.78560000e-01 2.740355711745368e-18
3.80640000e-01 2.732858144448309e-18
3.82720000e-01 2.725421781971847e-18
3.84800000e-01 2.718045796101045e-18
3.86880000e-01 2.710729374226715e-18
3.88960000e-01 2.703471718969377e-18
3.91040000e-01 2.696272047814227e-18
3.93120000e-01 2.689129592756748e-18
3.95200000e-01 2.682043599958586e-18
3.97280000e-01 2.675013329413356e-18
3.99360000e-01 2.668038054622033e-18
4.01440000e-01 2.661117062277596e-18
4.03520000e-01 2.654249651958637e-18
4.05600000e-01 2.647435135831615e-18
4.07680000e-01 2.640672838361479e-18
4.09760000e-01 2.633962096030377e-18
4.11840000e-01 2.627302257064195e-18
4.13920000e-01 2.620692681166655e-18
4.16000000e-01 2.614132739260742e-18
4.18080000e-01 2.607621813237210e-18
4.20160000e-01 2.601159295709950e-18
4.22240000e-01 2.594744589777988e-18
4.24320000e-01 2.588377108793907e-18
4.26400000e-01 2.582056276138499e-18
4.28480000e-01 2.575781525001433e-18
4.30560000e-01 2.569552298167756e-18
4.32640000e-01 2.563368047810055e-18
4.34720000e-01 2.557228235286083e-18
4.36800000e-01 2.551132330941707e-18
4.38880000e-01 2.545079813918983e-18
4.40960000e-01 2.539070171969227e-18
4.43040000e-01 2.533102901270911e-18
4.45120000e-01 2.527177506252252e-18
4.47200000e-01 2.521293499418340e-18
4.49280000e-01 2.515450401182672e-18
4.51360000e-01 2.509647739702963e-18
4.53440000e-01 2.503885050721109e-18
4.55520000e-01 2.498161877407162e-18
4.57600000e-01 2.492477770207220e-18
4.59680000e-01 2.486832286695104e-18
4.61760000e-01 2.481224991427716e-18
4.63840000e-01 2.475655455803958e-18
4.65920000e-01 2.470123257927134e-18
4.68000000e-01 2.464627982470714e-18
4.70080000e-01 2.459169220547357e-18
4.72160000e-01 2.453746569581130e-18
4.74240000e-01 2.448359633182799e-18
4.76320000e-01 2.443008021028123e-18
4.78400000e-01 2.437691348739064e-18
4.80480000e-01 2.432409237767823e-18
4.82560000e-01 2.427161315283632e-18
4.84640000e-01 2.421947214062220e-18
4.86720000e-01 2.416766572377882e-18
4.88800000e-01 2.411619033898071e-18
4.90880000e-01 2.406504247580455e-18
4.92960000e-01 2.401421867572364e-18
4.95040000e-01 2.396371553112563e-18
4.97120000e-01 2.391352968435284e-18
4.99200000e-01 2.386365782676465e-18
5.01280000e-01 2.381409669782131e-18
5.03360000e-01 2.376484308418856e-18
5.05440000e-01 2.371589381886252e-18
5.07520000e-01 2.366724578031438e-18
5.09600000e-01 2.361889589165433e-18
5.11680000e-01 2.357084111981407e-18
5.13760000e-01 2.352307847474771e-18
5.15840000e-01 2.347560500865029e-18
5.17920000e-01 2.342841781519364e-18
5.20000000e-01 2.338151402877901e-18
5.22080000e-01 2.333489082380618e-18
5.24160000e-01 2.328854541395846e-18
5.26240000e-01 2.324247505150328e-18
5.28320000e-01 2.319667702660796e-18
5.30400000e-01 2.315114866667018e-18
5.32480000e-01 2.310588733566294e-18
5.34560000e-01 2.306089043349352e-18
5.36640000e-01 2.301615539537606e-18
5.38720000e-01 2.297167969121756e-18
5.40800000e-01 2.292746082501685e-18
5.42880000e-01 2.288349633427621e-18
5.44960000e-01 2.283978378942541e-18
5.47040000e-01 2.279632079325775e-18
5.49120000e-01 2.275310498037787e-18
5.51200000e-01 2.271013401666109e-18
5.53280000e-01 2.266740559872386e-18
5.55360000e-01 2.262491745340519e-18
5.57440000e-01 2.258266733725865e-18
5.59520000e-01 2.254065303605492e-18
5.61600000e-01 2.249887236429428e-18
5.63680000e-01 2.245732316472920e-18
5.65760000e-01 2.241600330789641e-18
5.67840000e-01 2.237491069165858e-18
5.69920000e-01 2.233404324075507e-18
5.72000000e-01 2.229339890636178e-18
5.74080000e-01 2.225297566565963e-18
5.76160000e-01 2.221277152141186e-18
5.78240000e-01 2.217278450154939e-18
5.80320000e-01 2.213301265876467e-18
5.82400000e-01 2.209345407011328e-18
5.84480000e-01 2.205410683662344e-18
5.86560000e-01 2.201496908291315e-18
5.88640000e-01 2.197603895681475e-18
5.90720000e-01 2.193731462900674e-18
5.92800000e-01 2.189879429265275e-18
5.94880000e-01 2.186047616304745e-18
5.96960000e-01 2.182235847726922e-18
5.99040000e-01 2.178443949383951e-18
6.01120000e-01 2.174671749238866e-18
6.03200000e-01 2.170919077332800e-18
6.05280000e-01 2.167185765752834e-18
6.07360000e-01 2.163471648600428e-18
6.09440000e-01 2.159776561960465e-18
6.11520000e-01 2.156100343870862e-18
6.13600000e-01 2.152442834292752e-18
6.15680000e-01 2.148803875081228e-18
6.17760000e-01 2.145183309956613e-18
6.19840000e-01 2.141580984476277e-18
6.21920000e-01 2.137996746006964e-18
6.24000000e-01 2.134430443697626e-18
6.26080000e-01 2.130881928452761e-18
6.28160000e-01 2.127351052906228e-18
6.30240000e-01 2.123837671395547e-18
6.32320000e-01 2.120341639936653e-18
6.34400000e-01 2.116862816199121e-18
6.36480000e-01 2.113401059481817e-18
6.38560000e-01 2.109956230689008e-18
6.40640000e-01 2.106528192306878e-18
6.42720000e-01 2.103116808380474e-18
6.44800000e-01 2.099721944491064e-18
6.46880000e-01 2.096343467733884e-18
6.48960000e-01 2.092981246696289e-18
6.51040000e-01 2.089635151436280e-18
6.53120000e-01 2.086305053461416e-18
6.55200000e-01 2.082990825708084e-18
6.57280000e-01 2.079692342521138e-18
6.59360000e-01 2.076409479633890e-18
6.61440000e-01 2.073142114148447e-18
6.63520000e-01 2.069890124516384e-18
6.65600000e-01 2.066653390519753e-18
6.67680000e-01 2.063431793252421e-18
6.69760000e-01 2.060225215101716e-18
6.71840000e-01 2.057033539730398e-18
6.73920000e-01 2.053856652058928e-18
6.76000000e-01 2.050694438248044e-18
6.78080000e-01 2.047546785681620e-18
6.80160000e-01 2.044413582949832e-18
6.82240000e-01 2.041294719832583e-18
6.84320000e-01 2.038190087283229e-18
6.86400000e-01 2.035099577412557e-18
6.88480000e-01 2.032023083473043e-18
6.90560000e-01 2.028960499843361e-18
6.92640000e-01 2.025911722013156e-18
6.94720000e-01 2.022876646568065e-18
6.96800000e-01 2.019855171174981e-18
6.98880000e-01 2.016847194567561e-18
7.00960000e-01 2.013852616531975e-18
7.03040000e-01 2.010871337892878e-18
7.05120000e-01 2.007903260499618e-18
7.07200000e-01 2.004948287212661e-18
7.09280000e-01 2.002006321890240e-18
7.11360000e-01 1.999077269375216e-18
7.13440000e-01 1.996161035482153e-18
7.15520000e-01 1.993257526984593e-18
7.17600000e-01 1.990366651602543e-18
7.19680000e-01 1.987488317990152e-18
7.21760000e-01 1.984622435723593e-18
7.23840000e-01 1.981768915289128e-18
7.25920000e-01 1.978927668071366e-18
7.28000000e-01 1.976098606341708e-18
7.30080000e-01 1.973281643246960e-18
7.32160000e-01 1.970476692798147e-18
7.34240000e-01 1.967683669859476e-18
7.36320000e-01 1.964902490137491e-18
7.38400000e-01 1.962133070170386e-18
7.40480000e-01 1.959375327317482e-18
7.42560000e-01 1.956629179748872e-18
7.44640000e-01 1.953894546435224e-18
7.46720000e-01 1.951171347137737e-18
7.48800000e-01 1.948459502398251e-18
7.50880000e-01 1.945758933529511e-18
7.52960000e-01 1.943069562605579e-18
7.55040000e-01 1.940391312452387e-18
7.57120000e-01 1.937724106638437e-18
7.59200000e-01 1.935067869465638e-18
7.61280000e-01 1.932422525960285e-18
7.63360000e-01 1.929788001864167e-18
7.65440000e-01 1.927164223625817e-18
7.67520000e-01 1.924551118391884e-18
7.69600000e-01 1.921948613998637e-18
7.71680000e-01 1.919356638963594e-18
7.73760000e-01 1.916775122477276e-18
7.75840000e-01 1.914203994395087e-18
7.77920000e-01 1.911643185229299e-18
7.80000000e-01 1.909092626141172e-18
7.82080000e-01 1.906552248933180e-18
7.84160000e-01 1.904021986041349e-18
7.86240000e-01 1.901501770527716e-18
7.88320000e-01 1.898991536072883e-18
7.90400000e-01 1.896491216968696e-18
7.92480000e-01 1.894000748111013e-18
7.94560000e-01 1.891520064992588e-18
7.96640000e-01 1.889049103696054e-18
7.98720000e-01 1.886587800887004e-18
8.00800000e-01 1.884136093807171e-18
8.02880000e-01 1.881693920267712e-18
8.04960000e-01 1.879261218642578e-18
8.07040000e-01 1.876837927861986e-18
8.09120000e-01 1.874423987405975e-18
8.11200000e-01 1.872019337298064e-18
8.13280000e-01 1.869623918098988e-18
8.15360000e-01 1.867237670900530e-18
8.17440000e-01 1.864860537319435e-18
8.19520000e-01 1.862492459491412e-18
8.21600000e-01 1.860133380065216e-18
8.23680000e-01 1.857783242196814e-18
8.25760000e-01 1.855441989543636e-18
8.27840000e-01 1.853109566258897e-18
8.29920000e-01 1.850785916986003e-18
8.32000000e-01 1.848470986853036e-18
8.34080000e-01 1.846164721467307e-18
8.36160000e-01 1.843867066909992e-18
8.38240000e-01 1.841577969730836e-18
8.40320000e-01 1.839297376942930e-18
8.42400000e-01 1.837025236017559e-18
8.44480000e-01 1.834761494879122e-18
8.46560000e-01 1.832506101900118e-18
8.48640000e-01 1.830259005896202e-18
8.50720000e-01 1.828020156121304e-18
8.52800000e-01 1.825789502262818e-18
8.54880000e-01 1.823566994436851e-18
8.56960000e-01 1.821352583183540e-18
8.59040000e-01 1.819146219462427e-18
8.61120000e-01 1.816947854647898e-18
8.63200000e-01 1.814757440524682e-18
8.65280000e-01 1.812574929283411e-18
8.67360000e-01 1.810400273516235e-18
8.69440000e-01 1.808233426212497e-18
8.71520000e-01 1.806074340754466e-18
8.73600000e-01 1.803922970913125e-18
8.75680000e-01 1.801779270844009e-18
8.77760000e-01 1.799643195083110e-18
8.79840000e-01 1.797514698542818e-18
8.81920000e-01 1.795393736507934e-18
8.84000000e-01 1.793280264631713e-18
8.86080000e-01 1.791174238931979e-18
8.88160000e-01 1.789075615787276e-18
8.90240000e-01 1.786984351933076e-18
8.92320000e-01 1.784900404458030e-18
8.94400000e-01 1.782823730800269e-18
8.96480000e-01 1.780754288743759e-18
8.98560000e-01 1.778692036414688e-18
9.00640000e-01 1.776636932277917e-18
9.02720000e-01 1.774588935133457e-18
9.04800000e-01 1.772548004113005e-18
9.06880000e-01 1.770514098676519e-18
9.08960000e-01 1.768487178608833e-18
9.11040000e-01 1.766467204016321e-18
9.13120000e-01 1.764454135323594e-18
9.15200000e-01 1.762447933270250e-18
9.17280000e-01 1.760448558907653e-18
9.19360000e-01 1.758455973595757e-18
9.21440000e-01 1.756470138999974e-18
9.23520000e-01 1.754491017088071e-18
9.25600000e-01 1.752518570127116e-18
9.27680000e-01 1.750552760680451e-18
9.29760000e-01 1.748593551604714e-18
9.31840000e-01 1.746640906046884e-18
9.33920000e-01 1.744694787441376e-18
9.36000000e-01 1.742755159507161e-18
9.38080000e-01 1.740821986244927e-18
9.40160000e-01 1.738895231934272e-18
9.42240000e-01 1.736974861130933e-18
9.44320000e-01 1.735060838664046e-18
9.46400000e-01 1.733153129633439e-18
9.48480000e-01 1.731251699406965e-18
9.50560000e-01 1.729356513617855e-18
9.52640000e-01 1.727467538162114e-18
9.54720000e-01 1.725584739195938e-18
9.56800000e-01 1.723708083133173e-18
9.58880000e-01 1.721837536642797e-18
9.60960000e-01 1.719973066646429e-18
9.63040000e-01 1.718114640315879e-18
9.65120000e-01 1.716262225070716e-18
9.67200000e-01 1.714415788575871e-18
9.69280000e-01 1.712575298739263e-18
9.71360000e-01 1.710740723709462e-18
9.73440000e-01 1.708912031873369e-18
9.75520000e-01 1.707089191853931e-18
9.77600000e-01 1.705272172507876e-18
9.79680000e-01 1.703460942923483e-18
9.81760000e-01 1.701655472418370e-18
9.83840000e-01 1.699855730537311e-18
9.85920000e-01 1.698061687050082e-18
9.88000000e-01 1.696273311949323e-18
9.90080000e-01 1.694490575448432e-18
9.92160000e-01 1.692713447979485e-18
9.94240000e-01 1.690941900191169e-18
9.96320000e-01 1.689175902946753e-18
9.98400000e-01 1.687415427322071e-18
1.00048000e+00 1.685660444603534e-18
1.00256000e+00 1.683910926286162e-18
1.00464000e+00 1.682166844071640e-18
1.00672000e+00 1.680428169866396e-18
1.00880000e+00 1.678694875779699e-18
1.01088000e+00 1.676966934121781e-18
1.01296000e+00 1.675244317401980e-18
1.01504000e+00 1.673526998326900e-18
1.01712000e+00 1.671814949798598e-18
1.01920000e+00 1.670108144912786e-18
1.02128000e+00 1.668406556957056e-18
1.02336000e+00 1.666710159409125e-18
1.02544000e+00 1.665018925935094e-18
1.02752000e+00 1.663332830387742e-18
1.02960000e+00 1.661651846804813e-18
1.03168000e+00 1.659975949407350e-18
1.03376000e+00 1.658305112598029e-18
1.03584000e+00 1.656639310959514e-18
1.03792000e+00 1.654978519252840e-18
1.04000000e+00 1.653322712415803e-18
1.04208000e+00 1.651671865561369e-18
-----------------------------
