SPECIES: e / A
PROCESS: E + A -> E + A, Elastic
PARAM.:  m/M = 0.0000195921, complete set
COMMENT: [e + A(gnd) -> e + A(gnd), Elastic]
UPDATED: 2018-06-05 11:00:00
COLUMNS: Energy (eV) | Cross section (m2)
-----------------------------
0.00000000e+00 4.069077961143782e-18
5.74000000e-01 2.225452634164254e-18
1.14800000e+00 1.573632648827009e-18
1.72200000e+00 1.284865677403494e-18
2.29600000e+00 1.112726317082127e-18
2.87000000e+00 9.952526741394485e-19
3.44400000e+00 9.085372334058574e-19
4.01800000e+00 8.411420320788887e-19
4.59200000e+00 7.868163244135044e-19
5.16600000e+00 7.418175447214180e-19
5.74000000e+00 7.037499148780494e-19
6.31400000e+00 6.709992160209900e-19
6.88800000e+00 6.424328387017469e-19
7.46200000e+00 6.172295064304323e-19
8.03600000e+00 5.947772348240147e-19
8.61000000e+00 5.746093993261055e-19
9.18400000e+00 5.563631585410634e-19
9.75800000e+00 5.397515456157809e-19
1.03320000e+01 5.245442162756696e-19
1.09060000e+01 5.105538492609670e-19
1.14800000e+01 4.976263370697243e-19
1.20540000e+01 4.856335786474552e-19
1.26280000e+01 4.744680958192991e-19
1.32020000e+01 4.640389520245329e-19
1.37760000e+01 4.542686167029287e-19
1.43500000e+01 4.450905268328508e-19
1.49240000e+01 4.364471695453845e-19
1.54980000e+01 4.282885591344979e-19
1.60720000e+01 4.205710160394443e-19
1.66460000e+01 4.132561794981419e-19
1.72200000e+01 4.063102027970180e-19
1.77940000e+01 3.997030925053526e-19
1.83680000e+01 3.934081622067522e-19
1.89420000e+01 3.874015779957464e-19
1.95160000e+01 3.816619780608389e-19
2.00900000e+01 3.761701524921408e-19
2.06640000e+01 3.709087723607090e-19
2.12380000e+01 3.658621593526430e-19
2.18120000e+01 3.610160889733242e-19
2.23860000e+01 3.563576216893900e-19
2.29600000e+01 3.518749574390247e-19
2.35340000e+01 3.475573097823393e-19
2.41080000e+01 3.433947966335062e-19
2.46820000e+01 3.393783450529778e-19
2.52560000e+01 3.354996080104950e-19
2.58300000e+01 3.317508913798162e-19
2.64040000e+01 3.281250897112462e-19
2.69780000e+01 3.246156295613359e-19
2.75520000e+01 3.212164193508734e-19
2.81260000e+01 3.179218048806077e-19
2.87000000e+01 3.147265297654018e-19
2.92740000e+01 3.116257001567877e-19
2.98480000e+01 3.086147532152162e-19
3.04220000e+01 3.056894288698975e-19
3.09960000e+01 3.028457444686191e-19
3.15700000e+01 3.000799719744000e-19
3.21440000e+01 2.973886174120073e-19
3.27180000e+01 2.947684023066189e-19
3.32920000e+01 2.922162468903813e-19
3.38660000e+01 2.897292548812500e-19
3.44400000e+01 2.873046996630528e-19
3.50140000e+01 2.849400117168356e-19
3.55880000e+01 2.826327671717687e-19
3.61620000e+01 2.803806773596296e-19
3.67360000e+01 2.781815792705317e-19
3.73100000e+01 2.760334268194180e-19
3.78840000e+01 2.739342828431615e-19
3.84580000e+01 2.718823117571227e-19
3.90320000e+01 2.698757728078905e-19
3.96060000e+01 2.679130138658359e-19
4.01800000e+01 2.659924657071704e-19
4.07540000e+01 2.641126367405332e-19
4.13280000e+01 2.622721081378348e-19
4.19020000e+01 2.604695293332349e-19
4.24760000e+01 2.587036138578072e-19
4.30500000e+01 2.569731354806987e-19
4.36240000e+01 2.552769246304835e-19
4.41980000e+01 2.536138650729781e-19
4.47720000e+01 2.519828908240779e-19
4.53460000e+01 2.503829832782151e-19
4.59200000e+01 2.488131685348621e-19
4.64940000e+01 2.472725149071394e-19
4.70680000e+01 2.457601305980458e-19
4.76420000e+01 2.442751615311464e-19
4.82160000e+01 2.428167893237276e-19
4.87900000e+01 2.413842293914929e-19
4.93640000e+01 2.399767291748286e-19
4.99380000e+01 2.385935664775286e-19
5.05120000e+01 2.372340479096496e-19
5.10860000e+01 2.358975074268679e-19
5.16600000e+01 2.345833049593498e-19
5.22340000e+01 2.332908251237238e-19
5.28080000e+01 2.320194760122665e-19
5.33820000e+01 2.307686880538912e-19
5.39560000e+01 2.295379129419609e-19
5.45300000e+01 2.283266226243406e-19
5.51040000e+01 2.271343083514644e-19
5.56780000e+01 2.259604797785186e-19
5.62520000e+01 2.248046641181441e-19
5.68260000e+01 2.236664053403300e-19
5.74000000e+01 2.225452634164254e-19
5.79740000e+01 2.214408136044218e-19
5.85480000e+01 2.203526457728703e-19
5.91220000e+01 2.192803637609889e-19
5.96960000e+01 2.182235847726922e-19
6.02700000e+01 2.171819388024401e-19
6.08440000e+01 2.161550680909472e-19
6.14180000e+01 2.151426266089374e-19
6.19920000e+01 2.141442795672490e-19
6.25660000e+01 2.131597029517173e-19
6.31400000e+01 2.121885830813673e-19
6.37140000e+01 2.112306161885463e-19
6.42880000e+01 2.102855080197222e-19
6.48620000e+01 2.093529734557561e-19
6.54360000e+01 2.084327361505346e-19
6.60100000e+01 2.075245281869239e-19
6.65840000e+01 2.066280897490710e-19
6.71580000e+01 2.057431688101441e-19
6.77320000e+01 2.048695208346575e-19
6.83060000e+01 2.040069084945845e-19
6.88800000e+01 2.031551013985090e-19
6.94540000e+01 2.023138758331140e-19
7.00280000e+01 2.014830145163488e-19
7.06020000e+01 2.006623063616557e-19
7.11760000e+01 1.998515462526763e-19
7.17500000e+01 1.990505348278897e-19
7.23240000e+01 1.982590782746716e-19
7.28980000e+01 1.974769881322888e-19
7.34720000e+01 1.967040811033761e-19
7.40460000e+01 1.959401788734664e-19
7.46200000e+01 1.951851079381711e-19
7.51940000e+01 1.944386994376301e-19
7.57680000e+01 1.937007889978732e-19
7.63420000e+01 1.929712165787539e-19
7.69160000e+01 1.922498263281365e-19
7.74900000e+01 1.915364664420351e-19
7.80640000e+01 1.908309890304194e-19
7.86380000e+01 1.901332499884168e-19
7.92120000e+01 1.894431088726581e-19
7.97860000e+01 1.887604287825250e-19
8.03600000e+01 1.880850762460704e-19
8.09340000e+01 1.874169211103971e-19
8.15080000e+01 1.867558364362903e-19
8.20820000e+01 1.861016983969090e-19
8.26560000e+01 1.854543861803545e-19
8.32300000e+01 1.848137818959401e-19
8.38040000e+01 1.841797704839988e-19
8.43780000e+01 1.835522396290705e-19
8.49520000e+01 1.829310796763215e-19
8.55260000e+01 1.823161835510539e-19
8.61000000e+01 1.817074466811715e-19
8.66740000e+01 1.811047669224745e-19
8.72480000e+01 1.805080444866621e-19
8.78220000e+01 1.799171818719270e-19
8.83960000e+01 1.793320837960330e-19
8.89700000e+01 1.787526571317710e-19
8.95440000e+01 1.781788108446950e-19
9.01180000e+01 1.776104559330412e-19
9.06920000e+01 1.770475053697438e-19
9.12660000e+01 1.764898740464582e-19
9.18400000e+01 1.759374787195123e-19
9.24140000e+01 1.753902379577067e-19
9.29880000e+01 1.748480720918899e-19
9.35620000e+01 1.743109031662378e-19
9.41360000e+01 1.737786548911696e-19
9.47100000e+01 1.732512525978352e-19
9.52840000e+01 1.727286231941129e-19
9.58580000e+01 1.722106951220593e-19
9.64320000e+01 1.716973983167531e-19
9.70060000e+01 1.711886641664811e-19
9.75800000e+01 1.706844254742138e-19
9.81540000e+01 1.701846164203224e-19
9.87280000e+01 1.696891725264889e-19
9.93020000e+01 1.691980306207663e-19
9.98760000e+01 1.687111288037438e-19
1.00450000e+02 1.682284064157777e-19
1.01024000e+02 1.677498040052475e-19
1.01598000e+02 1.672752632977994e-19
1.02172000e+02 1.668047271665422e-19
1.02746000e+02 1.663381396031599e-19
1.03320000e+02 1.658754456899081e-19
1.03894000e+02 1.654165915724626e-19
1.04468000e+02 1.649615244335901e-19
1.05042000e+02 1.645101924676102e-19
1.05616000e+02 1.640625448556231e-19
1.06190000e+02 1.636185317414741e-19
1.06764000e+02 1.631781042084295e-19
1.07338000e+02 1.627412142565402e-19
1.07912000e+02 1.623078147806680e-19
1.08486000e+02 1.618778595491517e-19
1.09060000e+02 1.614513031830930e-19
1.09634000e+02 1.610281011362380e-19
1.10208000e+02 1.606082096754367e-19
1.10782000e+02 1.601915858616602e-19
1.11356000e+02 1.597781875315562e-19
1.11930000e+02 1.593679732795259e-19
1.12504000e+02 1.589609024403038e-19
1.13078000e+02 1.585569350720258e-19
1.13652000e+02 1.581560319397664e-19
1.14226000e+02 1.577581544995332e-19
1.14800000e+02 1.573632648827009e-19
1.15374000e+02 1.569713258808726e-19
1.15948000e+02 1.565823009311530e-19
1.16522000e+02 1.561961541018218e-19
1.17096000e+02 1.558128500783939e-19
1.17670000e+02 1.554323541500527e-19
1.18244000e+02 1.550546321964481e-19
1.18818000e+02 1.546796506748443e-19
1.19392000e+02 1.543073766076081e-19
1.19966000e+02 1.539377775700270e-19
1.20540000e+02 1.535708216784471e-19
1.21114000e+02 1.532064775787197e-19
1.21688000e+02 1.528447144349487e-19
1.22262000e+02 1.524855019185287e-19
1.22836000e+02 1.521288101974650e-19
1.23410000e+02 1.517746099259676e-19
1.23984000e+02 1.514228722343096e-19
1.24558000e+02 1.510735687189440e-19
1.25132000e+02 1.507266714328695e-19
1.25706000e+02 1.503821528762383e-19
1.26280000e+02 1.500399859872000e-19
1.26854000e+02 1.497001441329722e-19
1.27428000e+02 1.493626011011340e-19
1.28002000e+02 1.490273310911333e-19
1.28576000e+02 1.486943087060037e-19
1.29150000e+02 1.483635089442836e-19
1.29724000e+02 1.480349071921324e-19
1.30298000e+02 1.477084792156379e-19
1.30872000e+02 1.473842011533095e-19
1.31446000e+02 1.470620495087515e-19
1.32020000e+02 1.467420011435127e-19
1.32594000e+02 1.464240332701054e-19
1.33168000e+02 1.461081234451906e-19
1.33742000e+02 1.457942495629248e-19
1.34316000e+02 1.454823898484615e-19
1.34890000e+02 1.451725228516075e-19
1.35464000e+02 1.448646274406250e-19
1.36038000e+02 1.445586827961791e-19
1.36612000e+02 1.442546684054242e-19
1.37186000e+02 1.439525640562279e-19
1.37760000e+02 1.436523498315264e-19
1.38334000e+02 1.433540061038088e-19
1.38908000e+02 1.430575135297281e-19
1.39482000e+02 1.427628530448326e-19
1.40056000e+02 1.424700058584178e-19
1.40630000e+02 1.421789534484926e-19
1.41204000e+02 1.418896775568593e-19
1.41778000e+02 1.416021601843023e-19
1.42352000e+02 1.413163835858844e-19
1.42926000e+02 1.410323302663467e-19
1.43500000e+02 1.407499829756099e-19
1.44074000e+02 1.404693247043740e-19
1.44648000e+02 1.401903386798148e-19
1.45222000e+02 1.399130083613732e-19
1.45796000e+02 1.396373174366368e-19
1.46370000e+02 1.393632498173088e-19
1.46944000e+02 1.390907896352659e-19
1.47518000e+02 1.388199212386981e-19
1.48092000e+02 1.385506291883332e-19
1.48666000e+02 1.382828982537397e-19
1.49240000e+02 1.380167134097090e-19
1.49814000e+02 1.377520598327140e-19
1.50388000e+02 1.374889228974412e-19
1.50962000e+02 1.372272881733964e-19
1.51536000e+02 1.369671414215808e-19
1.52110000e+02 1.367084685912355e-19
1.52684000e+02 1.364512558166548e-19
1.53258000e+02 1.361954894140639e-19
1.53832000e+02 1.359411558785614e-19
1.54406000e+02 1.356882418811239e-19
1.54980000e+02 1.354367342656727e-19
1.55554000e+02 1.351866200461983e-19
1.56128000e+02 1.349378864039452e-19
1.56702000e+02 1.346905206846518e-19
1.57276000e+02 1.344445103958465e-19
1.57850000e+02 1.341998432041980e-19
1.58424000e+02 1.339565069329180e-19
1.58998000e+02 1.337144895592159e-19
1.59572000e+02 1.334737792118038e-19
1.60146000e+02 1.332343641684509e-19
1.60720000e+02 1.329962328535852e-19
1.61294000e+02 1.327593738359435e-19
1.61868000e+02 1.325237758262660e-19
1.62442000e+02 1.322894276750367e-19
1.63016000e+02 1.320563183702666e-19
1.63590000e+02 1.318244370353212e-19
1.64164000e+02 1.315937729267880e-19
1.64738000e+02 1.313643154323866e-19
1.65312000e+02 1.311360540689174e-19
1.65886000e+02 1.309089784802502e-19
1.66460000e+02 1.306830784353508e-19
1.67034000e+02 1.304583438263447e-19
1.67608000e+02 1.302347646666175e-19
1.68182000e+02 1.300123310889509e-19
1.68756000e+02 1.297910333436939e-19
1.69330000e+02 1.295708617969676e-19
1.69904000e+02 1.293518069289036e-19
1.70478000e+02 1.291338593319155e-19
1.71052000e+02 1.289170097090015e-19
1.71626000e+02 1.287012488720791e-19
1.72200000e+02 1.284865677403494e-19
1.72774000e+02 1.282729573386924e-19
1.73348000e+02 1.280604087960909e-19
1.73922000e+02 1.278489133440827e-19
1.74496000e+02 1.276384623152418e-19
1.75070000e+02 1.274290471416862e-19
1.75644000e+02 1.272206593536129e-19
1.76218000e+02 1.270132905778592e-19
1.76792000e+02 1.268069325364891e-19
1.77366000e+02 1.266015770454060e-19
1.77940000e+02 1.263972160129892e-19
1.78514000e+02 1.261938414387545e-19
1.79088000e+02 1.259914454120390e-19
1.79662000e+02 1.257900201107085e-19
1.80236000e+02 1.255895577998880e-19
1.80810000e+02 1.253900508307136e-19
1.81384000e+02 1.251914916391076e-19
1.81958000e+02 1.249938727445729e-19
1.82532000e+02 1.247971867490102e-19
1.83106000e+02 1.246014263355544e-19
1.83680000e+02 1.244065842674311e-19
1.84254000e+02 1.242126533868332e-19
1.84828000e+02 1.240196266138166e-19
1.85402000e+02 1.238274969452144e-19
1.85976000e+02 1.236362574535697e-19
1.86550000e+02 1.234459012860865e-19
1.87124000e+02 1.232564216635984e-19
1.87698000e+02 1.230678118795547e-19
1.88272000e+02 1.228800652990229e-19
1.88846000e+02 1.226931753577089e-19
1.89420000e+02 1.225071355609927e-19
1.89994000e+02 1.223219394829807e-19
1.90568000e+02 1.221375807655732e-19
1.91142000e+02 1.219540531175477e-19
1.91716000e+02 1.217713503136572e-19
1.92290000e+02 1.215894661937433e-19
1.92864000e+02 1.214083946618638e-19
1.93438000e+02 1.212281296854346e-19
1.94012000e+02 1.210486652943853e-19
1.94586000e+02 1.208699955803294e-19
1.95160000e+02 1.206921146957465e-19
1.95734000e+02 1.205150168531791e-19
1.96308000e+02 1.203386963244414e-19
1.96882000e+02 1.201631474398412e-19
1.97456000e+02 1.199883645874143e-19
1.98030000e+02 1.198143422121706e-19
1.98604000e+02 1.196410748153529e-19
1.99178000e+02 1.194685569537073e-19
1.99752000e+02 1.192967832387643e-19
2.00326000e+02 1.191257483361326e-19
2.00900000e+02 1.189554469648029e-19
2.01474000e+02 1.187858738964633e-19
2.02048000e+02 1.186170239548248e-19
2.02622000e+02 1.184488920149579e-19
2.03196000e+02 1.182814730026392e-19
2.03770000e+02 1.181147618937082e-19
2.04344000e+02 1.179487537134339e-19
2.04918000e+02 1.177834435358917e-19
2.05492000e+02 1.176188264833490e-19
2.06066000e+02 1.174548977256608e-19
2.06640000e+02 1.172916524796749e-19
2.07214000e+02 1.171290860086449e-19
2.07788000e+02 1.169671936216538e-19
2.08362000e+02 1.168059706730449e-19
2.08936000e+02 1.166454125618619e-19
2.09510000e+02 1.164855147312978e-19
2.10084000e+02 1.163262726681512e-19
2.10658000e+02 1.161676819022919e-19
2.11232000e+02 1.160097380061332e-19
2.11806000e+02 1.158524365941131e-19
2.12380000e+02 1.156957733221827e-19
2.12954000e+02 1.155397438873024e-19
2.13528000e+02 1.153843440269456e-19
2.14102000e+02 1.152295695186093e-19
2.14676000e+02 1.150754161793324e-19
2.15250000e+02 1.149218798652211e-19
2.15824000e+02 1.147689564709805e-19
2.16398000e+02 1.146166419294539e-19
2.16972000e+02 1.144649322111687e-19
2.17546000e+02 1.143138233238881e-19
2.18120000e+02 1.141633113121703e-19
2.18694000e+02 1.140133922569335e-19
2.19268000e+02 1.138640622750271e-19
2.19842000e+02 1.137153175188096e-19
2.20416000e+02 1.135671541757322e-19
2.20990000e+02 1.134195684679277e-19
2.21564000e+02 1.132725566518070e-19
2.22138000e+02 1.131261150176593e-19
2.22712000e+02 1.129802398892593e-19
2.23286000e+02 1.128349276234798e-19
2.23860000e+02 1.126901746099093e-19
2.24434000e+02 1.125459772704750e-19
2.25008000e+02 1.124023320590721e-19
2.25582000e+02 1.122592354611965e-19
2.26156000e+02 1.121166839935846e-19
2.26730000e+02 1.119746742038564e-19
2.27304000e+02 1.118332026701650e-19
2.27878000e+02 1.116922660008498e-19
2.28452000e+02 1.115518608340950e-19
2.29026000e+02 1.114119838375931e-19
2.29600000e+02 1.112726317082127e-19
2.30174000e+02 1.111338011716705e-19
2.30748000e+02 1.109954889822084e-19
2.31322000e+02 1.108576919222750e-19
2.31896000e+02 1.107204068022109e-19
2.32470000e+02 1.105836304599387e-19
2.33044000e+02 1.104473597606572e-19
2.33618000e+02 1.103115915965394e-19
2.34192000e+02 1.101763228864352e-19
2.34766000e+02 1.100415505755772e-19
2.35340000e+02 1.099072716352913e-19
2.35914000e+02 1.097734830627108e-19
2.36488000e+02 1.096401818804944e-19
2.37062000e+02 1.095073651365477e-19
2.37636000e+02 1.093750299037488e-19
2.38210000e+02 1.092431732796770e-19
2.38784000e+02 1.091117923863461e-19
2.39358000e+02 1.089808843699400e-19
2.39932000e+02 1.088504464005525e-19
2.40506000e+02 1.087204756719305e-19
2.41080000e+02 1.085909694012200e-19
2.41654000e+02 1.084619248287165e-19
2.42228000e+02 1.083333392176175e-19
2.42802000e+02 1.082052098537786e-19
2.43376000e+02 1.080775340454736e-19
2.43950000e+02 1.079503091231562e-19
2.44524000e+02 1.078235324392259e-19
2.45098000e+02 1.076972013677968e-19
2.45672000e+02 1.075713133044687e-19
2.46246000e+02 1.074458656661020e-19
2.46820000e+02 1.073208558905947e-19
2.47394000e+02 1.071962814366632e-19
2.47968000e+02 1.070721397836245e-19
2.48542000e+02 1.069484284311827e-19
2.49116000e+02 1.068251448992172e-19
2.49690000e+02 1.067022867275738e-19
2.50264000e+02 1.065798514758587e-19
2.50838000e+02 1.064578367232346e-19
2.51412000e+02 1.063362400682202e-19
2.51986000e+02 1.062150591284910e-19
2.52560000e+02 1.060942915406837e-19
2.53134000e+02 1.059739349602026e-19
2.53708000e+02 1.058539870610282e-19
2.54282000e+02 1.057344455355287e-19
2.54856000e+02 1.056153080942731e-19
2.55430000e+02 1.054965724658476e-19
2.56004000e+02 1.053782363966732e-19
2.56578000e+02 1.052602976508262e-19
2.57152000e+02 1.051427540098611e-19
2.57726000e+02 1.050256032726348e-19
2.58300000e+02 1.049088432551339e-19
2.58874000e+02 1.047924717903034e-19
2.59448000e+02 1.046764867278780e-19
2.60022000e+02 1.045608859342151e-19
2.60596000e+02 1.044456672921298e-19
2.61170000e+02 1.043308287007324e-19
2.61744000e+02 1.042163680752673e-19
2.62318000e+02 1.041022833469540e-19
2.62892000e+02 1.039885724628300e-19
2.63466000e+02 1.038752333855959e-19
2.64040000e+02 1.037622640934619e-19
2.64614000e+02 1.036496625799964e-19
2.65188000e+02 1.035374268539762e-19
2.65762000e+02 1.034255549392386e-19
2.66336000e+02 1.033140448745355e-19
2.66910000e+02 1.032028947133889e-19
2.67484000e+02 1.030921025239479e-19
2.68058000e+02 1.029816663888481e-19
2.68632000e+02 1.028715844050720e-19
2.69206000e+02 1.027618546838113e-19
2.69780000e+02 1.026524753503307e-19
2.70354000e+02 1.025434445438335e-19
2.70928000e+02 1.024347604173288e-19
2.71502000e+02 1.023264211374995e-19
2.72076000e+02 1.022184248845733e-19
2.72650000e+02 1.021107698521934e-19
2.73224000e+02 1.020034542472923e-19
2.73798000e+02 1.018964762899658e-19
2.74372000e+02 1.017898342133496e-19
2.74946000e+02 1.016835262634964e-19
2.75520000e+02 1.015775506992545e-19
2.76094000e+02 1.014719057921486e-19
2.76668000e+02 1.013665898262609e-19
2.77242000e+02 1.012616010981145e-19
2.77816000e+02 1.011569379165570e-19
2.78390000e+02 1.010525986026468e-19
2.78964000e+02 1.009485814895397e-19
2.79538000e+02 1.008448849223768e-19
2.80112000e+02 1.007415072581744e-19
2.80686000e+02 1.006384468657142e-19
2.81260000e+02 1.005357021254356e-19
2.81834000e+02 1.004332714293285e-19
2.82408000e+02 1.003311531808279e-19
2.82982000e+02 1.002293457947089e-19
2.83556000e+02 1.001278476969839e-19
2.84130000e+02 1.000266573248000e-19
2.84704000e+02 9.992577312633815e-20
2.85278000e+02 9.982519356071309e-20
2.85852000e+02 9.972491709787451e-20
2.86426000e+02 9.962494221850929e-20
2.87000000e+02 9.952526741394484e-20
2.87574000e+02 9.942589118605350e-20
-----------------------------
