SPECIES: e / A
PROCESS: E + A -> E + A, Elastic
PARAM.:  m/M = 0.0000195921, complete set
COMMENT: [e + A(gnd) -> e + A(gnd), Elastic]
UPDATED: 2018-06-05 11:00:00
COLUMNS: Energy (eV) | Cross section (m2)
-----------------------------
0.00000000e+00 2.525566584118936e-17
1.49000000e-02 1.381278230856216e-17
2.98000000e-02 9.767112037437881e-18
4.47000000e-02 7.974813584106064e-18
5.96000000e-02 6.906391154281082e-18
7.45000000e-02 6.177264040070295e-18
8.94000000e-02 5.639044764019994e-18
1.04300000e-01 5.220740986046876e-18
1.19200000e-01 4.883556018718940e-18
1.34100000e-01 4.604260769520722e-18
1.49000000e-01 4.367985291913514e-18
1.63900000e-01 4.164710566214523e-18
1.78800000e-01 3.987406792053032e-18
1.93700000e-01 3.830976528487903e-18
2.08600000e-01 3.691621354052288e-18
2.23500000e-01 3.566445056389980e-18
2.38400000e-01 3.453195577140541e-18
2.53300000e-01 3.350091790697927e-18
2.68200000e-01 3.255704012479294e-18
2.83100000e-01 3.168869590113101e-18
2.98000000e-01 3.088632020035147e-18
3.12900000e-01 3.014196213663476e-18
3.27800000e-01 2.944895083049556e-18
3.42700000e-01 2.880164209567768e-18
3.57600000e-01 2.819522382009997e-18
3.72500000e-01 2.762556461712432e-18
3.87400000e-01 2.708909481860295e-18
4.02300000e-01 2.658271194702022e-18
4.17200000e-01 2.610370493023438e-18
4.32100000e-01 2.564969281954450e-18
4.47000000e-01 2.521857484102594e-18
4.61900000e-01 2.480848938359401e-18
4.76800000e-01 2.441778009359470e-18
4.91700000e-01 2.404496766500835e-18
5.06600000e-01 2.368872622799888e-18
5.21500000e-01 2.334786347544019e-18
5.36400000e-01 2.302130384760361e-18
5.51300000e-01 2.270807423396974e-18
5.66200000e-01 2.240729175864809e-18
5.81100000e-01 2.211815329981629e-18
5.96000000e-01 2.183992645956757e-18
6.10900000e-01 2.157194175276538e-18
6.25800000e-01 2.131358582508259e-18
6.40700000e-01 2.106429554371225e-18
6.55600000e-01 2.082355283107262e-18
6.70500000e-01 2.059088013356765e-18
6.85400000e-01 2.036583643516161e-18
7.00300000e-01 2.014801374000689e-18
7.15200000e-01 1.993703396026516e-18
7.30100000e-01 1.973254615508881e-18
7.45000000e-01 1.953422407487576e-18
7.59900000e-01 1.934176397169403e-18
7.74800000e-01 1.915488264243951e-18
7.89700000e-01 1.897331567604573e-18
8.04600000e-01 1.879681588006665e-18
8.19500000e-01 1.862515186533463e-18
8.34400000e-01 1.845810677026144e-18
8.49300000e-01 1.829547710878618e-18
8.64200000e-01 1.813707172805181e-18
8.79100000e-01 1.798271086366898e-18
8.94000000e-01 1.783222528194990e-18
9.08900000e-01 1.768545549980603e-18
9.23800000e-01 1.754225107413379e-18
9.38700000e-01 1.740246995348958e-18
9.53600000e-01 1.726597788570270e-18
9.68500000e-01 1.713264787581022e-18
9.83400000e-01 1.700235968933866e-18
9.98300000e-01 1.687499939651642e-18
1.01320000e+00 1.675045895348963e-18
1.02810000e+00 1.662863581704276e-18
1.04300000e+00 1.650943258970147e-18
1.05790000e+00 1.639275669242612e-18
1.07280000e+00 1.627852006239647e-18
1.08770000e+00 1.616663887364532e-18
1.10260000e+00 1.605703327852752e-18
1.11750000e+00 1.594962716821213e-18
1.13240000e+00 1.584434795056550e-18
1.14730000e+00 1.574112634395233e-18
1.16220000e+00 1.563989618562371e-18
1.17710000e+00 1.554059425348832e-18
1.19200000e+00 1.544316010017574e-18
1.20690000e+00 1.534753589840240e-18
1.22180000e+00 1.525366629674162e-18
1.23670000e+00 1.516149828498013e-18
1.25160000e+00 1.507098106831738e-18
1.26650000e+00 1.498206594972912e-18
1.28140000e+00 1.489470621987650e-18
1.29630000e+00 1.480885705399523e-18
1.31120000e+00 1.472447541524778e-18
1.32610000e+00 1.464151996406525e-18
1.34100000e+00 1.455995097304505e-18
1.35590000e+00 1.447973024700649e-18
1.37080000e+00 1.440082104783884e-18
1.38570000e+00 1.432318802380597e-18
1.40060000e+00 1.424679714299860e-18
1.41550000e+00 1.417161563064958e-18
1.43040000e+00 1.409761191004999e-18
1.44530000e+00 1.402475554682409e-18
1.46020000e+00 1.395301719633983e-18
1.47510000e+00 1.388236855404841e-18
1.49000000e+00 1.381278230856216e-18
1.50490000e+00 1.374423209729394e-18
1.51980000e+00 1.367669246449450e-18
1.53470000e+00 1.361013882153608e-18
1.54960000e+00 1.354454740930147e-18
1.56450000e+00 1.347989526254802e-18
1.57940000e+00 1.341616017612496e-18
1.59430000e+00 1.335332067293144e-18
1.60920000e+00 1.329135597351011e-18
1.62410000e+00 1.323024596717854e-18
1.63900000e+00 1.316997118460739e-18
1.65390000e+00 1.311051277176044e-18
1.66880000e+00 1.305185246511719e-18
1.68370000e+00 1.299397256810419e-18
1.69860000e+00 1.293685592866596e-18
1.71350000e+00 1.288048591791096e-18
1.72840000e+00 1.282484640977225e-18
1.74330000e+00 1.276992176162634e-18
1.75820000e+00 1.271569679581734e-18
1.77310000e+00 1.266215678203680e-18
1.78800000e+00 1.260928742051297e-18
1.80290000e+00 1.255707482596560e-18
1.81780000e+00 1.250550551228577e-18
1.83270000e+00 1.245456637790202e-18
1.84760000e+00 1.240424469179700e-18
1.86250000e+00 1.235452808014059e-18
1.87740000e+00 1.230540451350763e-18
1.89230000e+00 1.225686229465037e-18
1.90720000e+00 1.220889004679735e-18
1.92210000e+00 1.216147670245210e-18
1.93700000e+00 1.211461149266671e-18
1.95190000e+00 1.206828393676658e-18
1.96680000e+00 1.202248383250417e-18
1.98170000e+00 1.197720124662064e-18
1.99660000e+00 1.193242650579566e-18
2.01150000e+00 1.188815018796660e-18
2.02640000e+00 1.184436311399944e-18
2.04130000e+00 1.180105633969468e-18
2.05620000e+00 1.175822114811244e-18
2.07110000e+00 1.171584904220178e-18
2.08600000e+00 1.167393173772009e-18
2.10090000e+00 1.163246115642925e-18
2.11580000e+00 1.159142941955567e-18
2.13070000e+00 1.155082884150241e-18
2.14560000e+00 1.151065192380180e-18
2.16050000e+00 1.147089134929795e-18
2.17540000e+00 1.143153997654866e-18
2.19030000e+00 1.139259083443724e-18
2.20520000e+00 1.135403711698487e-18
2.22010000e+00 1.131587217835481e-18
2.23500000e+00 1.127808952803999e-18
2.24990000e+00 1.124068282622634e-18
2.26480000e+00 1.120364587932405e-18
2.27970000e+00 1.116697263565975e-18
2.29460000e+00 1.113065718132290e-18
2.30950000e+00 1.109469373615961e-18
2.32440000e+00 1.105907664990814e-18
2.33930000e+00 1.102380039846987e-18
2.35420000e+00 1.098885958031029e-18
2.36910000e+00 1.095424891298475e-18
2.38400000e+00 1.091996322978379e-18
2.39890000e+00 1.088599747649319e-18
2.41380000e+00 1.085234670826431e-18
2.42870000e+00 1.081900608659010e-18
2.44360000e+00 1.078597087638269e-18
2.45850000e+00 1.075323644314861e-18
2.47340000e+00 1.072079825025766e-18
2.48830000e+00 1.068865185630191e-18
2.50320000e+00 1.065679291254129e-18
2.51810000e+00 1.062521716043243e-18
2.53300000e+00 1.059392042923754e-18
2.54790000e+00 1.056289863371034e-18
2.56280000e+00 1.053214777185612e-18
2.57770000e+00 1.050166392276307e-18
2.59260000e+00 1.047144324450227e-18
2.60750000e+00 1.044148197209375e-18
2.62240000e+00 1.041177641553631e-18
2.63730000e+00 1.038232295789850e-18
2.65220000e+00 1.035311805346875e-18
2.66710000e+00 1.032415822596246e-18
2.68200000e+00 1.029544006678382e-18
2.69690000e+00 1.026696023334068e-18
2.71180000e+00 1.023871544741025e-18
2.72670000e+00 1.021070249355416e-18
2.74160000e+00 1.018291821758081e-18
2.75650000e+00 1.015535952505356e-18
2.77140000e+00 1.012802337984315e-18
2.78630000e+00 1.010090680272260e-18
2.80120000e+00 1.007400687000344e-18
2.81610000e+00 1.004732071221159e-18
2.83100000e+00 1.002084551280159e-18
2.84590000e+00 9.994578506908012e-19
2.86080000e+00 9.968516980132580e-19
2.87570000e+00 9.942658267365961e-19
2.89060000e+00 9.916999751642963e-19
2.90550000e+00 9.891538863030098e-19
2.92040000e+00 9.866273077544403e-19
2.93530000e+00 9.841199916102423e-19
2.95020000e+00 9.816316943498519e-19
2.96510000e+00 9.791621767411369e-19
2.98000000e+00 9.767112037437881e-19
2.99490000e+00 9.742785444153530e-19
3.00980000e+00 9.718639718198351e-19
3.02470000e+00 9.694672629387698e-19
3.03960000e+00 9.670881985847017e-19
3.05450000e+00 9.647265633169870e-19
3.06940000e+00 9.623821453598446e-19
3.08430000e+00 9.600547365225893e-19
3.09920000e+00 9.577441321219756e-19
3.11410000e+00 9.554501309065877e-19
3.12900000e+00 9.531725349832124e-19
3.14390000e+00 9.509111497451330e-19
3.15880000e+00 9.486657838022867e-19
3.17370000e+00 9.464362489132263e-19
3.18860000e+00 9.442223599188334e-19
3.20350000e+00 9.420239346777296e-19
3.21840000e+00 9.398407940033324e-19
3.23330000e+00 9.376727616025115e-19
3.24820000e+00 9.355196640157918e-19
3.26310000e+00 9.333813305590597e-19
3.27800000e+00 9.312575932667315e-19
3.29290000e+00 9.291482868363346e-19
3.30780000e+00 9.270532485744646e-19
3.32270000e+00 9.249723183440765e-19
3.33760000e+00 9.229053385130721e-19
3.35250000e+00 9.208521539041443e-19
3.36740000e+00 9.188126117458450e-19
3.38230000e+00 9.167865616248385e-19
3.39720000e+00 9.147738554393091e-19
3.41210000e+00 9.127743473534874e-19
3.42700000e+00 9.107878937532671e-19
3.44190000e+00 9.088143532028786e-19
3.45680000e+00 9.068535864025906e-19
3.47170000e+00 9.049054561474119e-19
3.48660000e+00 9.029698272867650e-19
3.50150000e+00 9.010465666851033e-19
3.51640000e+00 8.991355431834492e-19
3.53130000e+00 8.972366275618234e-19
3.54620000e+00 8.953496925025455e-19
3.56110000e+00 8.934746125543782e-19
3.57600000e+00 8.916112640974950e-19
3.59090000e+00 8.897595253092484e-19
3.60580000e+00 8.879192761307164e-19
3.62070000e+00 8.860903982340074e-19
3.63560000e+00 8.842727749903017e-19
3.65050000e+00 8.824662914386134e-19
3.66540000e+00 8.806708342552493e-19
3.68030000e+00 8.788862917239493e-19
3.69520000e+00 8.771125537066897e-19
3.71010000e+00 8.753495116151325e-19
3.72500000e+00 8.735970583827030e-19
3.73990000e+00 8.718550884372790e-19
3.75480000e+00 8.701234976744791e-19
3.76970000e+00 8.684021834315295e-19
3.78460000e+00 8.666910444616985e-19
3.79950000e+00 8.649899809092836e-19
3.81440000e+00 8.632988942851352e-19
3.82930000e+00 8.616176874427058e-19
3.84420000e+00 8.599462645546093e-19
3.85910000e+00 8.582845310896787e-19
3.87400000e+00 8.566323937905110e-19
3.88890000e+00 8.549897606514834e-19
3.90380000e+00 8.533565408972332e-19
3.91870000e+00 8.517326449615876e-19
3.93360000e+00 8.501179844669332e-19
3.94850000e+00 8.485124722040128e-19
3.96340000e+00 8.469160221121426e-19
3.97830000e+00 8.453285492598351e-19
3.99320000e+00 8.437499698258212e-19
4.00810000e+00 8.421802010804607e-19
4.02300000e+00 8.406191613675313e-19
4.03790000e+00 8.390667700863873e-19
4.05280000e+00 8.375229476744817e-19
4.06770000e+00 8.359876155902362e-19
4.08260000e+00 8.344606962962608e-19
4.09750000e+00 8.329421132429048e-19
4.11240000e+00 8.314317908521382e-19
4.12730000e+00 8.299296545017537e-19
4.14220000e+00 8.284356305098797e-19
4.15710000e+00 8.269496461198000e-19
4.17200000e+00 8.254716294850736e-19
4.18690000e+00 8.240015096549413e-19
4.20180000e+00 8.225392165600233e-19
4.21670000e+00 8.210846809982898e-19
4.23160000e+00 8.196378346213062e-19
4.24650000e+00 8.181986099207443e-19
4.26140000e+00 8.167669402151503e-19
4.27630000e+00 8.153427596369712e-19
4.29120000e+00 8.139260031198234e-19
4.30610000e+00 8.125166063860096e-19
4.32100000e+00 8.111145059342687e-19
4.33590000e+00 8.097196390277586e-19
4.35080000e+00 8.083319436822662e-19
4.36570000e+00 8.069513586546381e-19
4.38060000e+00 8.055778234314277e-19
4.39550000e+00 8.042112782177560e-19
4.41040000e+00 8.028516639263761e-19
4.42530000e+00 8.014989221669446e-19
4.44020000e+00 8.001529952354873e-19
4.45510000e+00 7.988138261040613e-19
4.47000000e+00 7.974813584106067e-19
4.48490000e+00 7.961555364489812e-19
4.49980000e+00 7.948363051591812e-19
4.51470000e+00 7.935236101177353e-19
4.52960000e+00 7.922173975282752e-19
4.54450000e+00 7.909176142122761e-19
4.55940000e+00 7.896242075999626e-19
4.57430000e+00 7.883371257213786e-19
4.58920000e+00 7.870563171976165e-19
4.60410000e+00 7.857817312322028e-19
4.61900000e+00 7.845133176026374e-19
4.63390000e+00 7.832510266520795e-19
4.64880000e+00 7.819948092811854e-19
4.66370000e+00 7.807446169400849e-19
4.67860000e+00 7.795004016205007e-19
4.69350000e+00 7.782621158480063e-19
4.70840000e+00 7.770297126744161e-19
4.72330000e+00 7.758031456703106e-19
4.73820000e+00 7.745823689176884e-19
4.75310000e+00 7.733673370027471e-19
4.76800000e+00 7.721580050087868e-19
4.78290000e+00 7.709543285092363e-19
4.79780000e+00 7.697562635607978e-19
4.81270000e+00 7.685637666967092e-19
4.82760000e+00 7.673767949201201e-19
4.84250000e+00 7.661953056975805e-19
4.85740000e+00 7.650192569526390e-19
4.87230000e+00 7.638486070595489e-19
4.88720000e+00 7.626833148370809e-19
4.90210000e+00 7.615233395424370e-19
4.91700000e+00 7.603686408652691e-19
4.93190000e+00 7.592191789217936e-19
4.94680000e+00 7.580749142490063e-19
4.96170000e+00 7.569358077989918e-19
4.97660000e+00 7.558018209333259e-19
4.99150000e+00 7.546729154175731e-19
5.00640000e+00 7.535490534158689e-19
5.02130000e+00 7.524301974855962e-19
5.03620000e+00 7.513163105721446e-19
5.05110000e+00 7.502073560037566e-19
5.06600000e+00 7.491032974864561e-19
5.08090000e+00 7.480040990990602e-19
5.09580000e+00 7.469097252882696e-19
5.11070000e+00 7.458201408638393e-19
5.12560000e+00 7.447353109938251e-19
5.14050000e+00 7.436552011999076e-19
5.15540000e+00 7.425797773527889e-19
5.17030000e+00 7.415090056676638e-19
5.18520000e+00 7.404428526997615e-19
5.20010000e+00 7.393812853399579e-19
5.21500000e+00 7.383242708104576e-19
5.22990000e+00 7.372717766605429e-19
5.24480000e+00 7.362237707623889e-19
5.25970000e+00 7.351802213069452e-19
5.27460000e+00 7.341410967998800e-19
5.28950000e+00 7.331063660575885e-19
5.30440000e+00 7.320759982032624e-19
5.31930000e+00 7.310499626630193e-19
5.33420000e+00 7.300282291620932e-19
5.34910000e+00 7.290107677210818e-19
5.36400000e+00 7.279975486522524e-19
5.37890000e+00 7.269885425559033e-19
5.39380000e+00 7.259837203167810e-19
5.40870000e+00 7.249830531005515e-19
5.42360000e+00 7.239865123503244e-19
5.43850000e+00 7.229940697832315e-19
5.45340000e+00 7.220056973870537e-19
5.46830000e+00 7.210213674169012e-19
5.48320000e+00 7.200410523919421e-19
5.49810000e+00 7.190647250921793e-19
5.51300000e+00 7.180923585552772e-19
5.52790000e+00 7.171239260734336e-19
5.54280000e+00 7.161594011902986e-19
5.55770000e+00 7.151987576979391e-19
5.57260000e+00 7.142419696338477e-19
5.58750000e+00 7.132890112779959e-19
5.60240000e+00 7.123398571499300e-19
5.61730000e+00 7.113944820059092e-19
5.63220000e+00 7.104528608360864e-19
5.64710000e+00 7.095149688617288e-19
5.66200000e+00 7.085807815324790e-19
5.67690000e+00 7.076502745236566e-19
5.69180000e+00 7.067234237335975e-19
5.70670000e+00 7.058002052810317e-19
5.72160000e+00 7.048805955024993e-19
5.73650000e+00 7.039645709498029e-19
5.75140000e+00 7.030521083874959e-19
5.76630000e+00 7.021431847904081e-19
5.78120000e+00 7.012377773412045e-19
5.79610000e+00 7.003358634279795e-19
5.81100000e+00 6.994374206418856e-19
5.82590000e+00 6.985424267747945e-19
5.84080000e+00 6.976508598169915e-19
5.85570000e+00 6.967626979549022e-19
5.87060000e+00 6.958779195688506e-19
5.88550000e+00 6.949965032308498e-19
5.90040000e+00 6.941184277024205e-19
5.91530000e+00 6.932436719324436e-19
5.93020000e+00 6.923722150550388e-19
5.94510000e+00 6.915040363874749e-19
5.96000000e+00 6.906391154281081e-19
5.97490000e+00 6.897774318543488e-19
5.98980000e+00 6.889189655206550e-19
6.00470000e+00 6.880636964565554e-19
6.01960000e+00 6.872116048646971e-19
6.03450000e+00 6.863626711189217e-19
6.04940000e+00 6.855168757623658e-19
6.06430000e+00 6.846741995055889e-19
6.07920000e+00 6.838346232247251e-19
6.09410000e+00 6.829981279596604e-19
6.10900000e+00 6.821646949122346e-19
6.12390000e+00 6.813343054444665e-19
6.13880000e+00 6.805069410768038e-19
6.15370000e+00 6.796825834863954e-19
6.16860000e+00 6.788612145053871e-19
6.18350000e+00 6.780428161192408e-19
6.19840000e+00 6.772273704650737e-19
6.21330000e+00 6.764148598300216e-19
6.22820000e+00 6.756052666496228e-19
6.24310000e+00 6.747985735062228e-19
6.25800000e+00 6.739947631274011e-19
6.27290000e+00 6.731938183844178e-19
6.28780000e+00 6.723957222906802e-19
6.30270000e+00 6.716004580002295e-19
6.31760000e+00 6.708080088062481e-19
6.33250000e+00 6.700183581395853e-19
6.34740000e+00 6.692314895673015e-19
6.36230000e+00 6.684473867912327e-19
6.37720000e+00 6.676660336465721e-19
6.39210000e+00 6.668874141004708e-19
6.40700000e+00 6.661115122506558e-19
6.42190000e+00 6.653383123240659e-19
6.43680000e+00 6.645677986755055e-19
6.45170000e+00 6.637999557863137e-19
6.46660000e+00 6.630347682630529e-19
6.48150000e+00 6.622722208362121e-19
6.49640000e+00 6.615122983589269e-19
6.51130000e+00 6.607549858057159e-19
6.52620000e+00 6.600002682712336e-19
6.54110000e+00 6.592481309690368e-19
6.55600000e+00 6.584985592303696e-19
6.57090000e+00 6.577515385029601e-19
6.58580000e+00 6.570070543498355e-19
6.60070000e+00 6.562650924481487e-19
6.61560000e+00 6.555256385880219e-19
6.63050000e+00 6.547886786714035e-19
6.64540000e+00 6.540541987109385e-19
6.66030000e+00 6.533221848288544e-19
6.67520000e+00 6.525926232558595e-19
6.69010000e+00 6.518655003300544e-19
6.70500000e+00 6.511408024958586e-19
6.71990000e+00 6.504185163029487e-19
6.73480000e+00 6.496986284052095e-19
6.74970000e+00 6.489811255596981e-19
6.76460000e+00 6.482659946256219e-19
6.77950000e+00 6.475532225633266e-19
6.79440000e+00 6.468427964332979e-19
6.80930000e+00 6.461347033951751e-19
6.82420000e+00 6.454289307067761e-19
6.83910000e+00 6.447254657231344e-19
6.85400000e+00 6.440242958955480e-19
6.86890000e+00 6.433254087706381e-19
6.88380000e+00 6.426287919894216e-19
6.89870000e+00 6.419344332863919e-19
6.91360000e+00 6.412423204886125e-19
6.92850000e+00 6.405524415148206e-19
6.94340000e+00 6.398647843745410e-19
6.95830000e+00 6.391793371672115e-19
6.97320000e+00 6.384960880813171e-19
6.98810000e+00 6.378150253935358e-19
7.00300000e+00 6.371361374678932e-19
7.01790000e+00 6.364594127549280e-19
7.03280000e+00 6.357848397908668e-19
7.04770000e+00 6.351124071968073e-19
7.06260000e+00 6.344421036779140e-19
7.07750000e+00 6.337739180226203e-19
7.09240000e+00 6.331078391018401e-19
7.10730000e+00 6.324438558681911e-19
7.12220000e+00 6.317819573552240e-19
7.13710000e+00 6.311221326766619e-19
7.15200000e+00 6.304643710256485e-19
7.16690000e+00 6.298086616740044e-19
7.18180000e+00 6.291549939714932e-19
7.19670000e+00 6.285033573450930e-19
7.21160000e+00 6.278537412982802e-19
7.22650000e+00 6.272061354103180e-19
7.24140000e+00 6.265605293355550e-19
7.25630000e+00 6.259169128027305e-19
7.27120000e+00 6.252752756142885e-19
7.28610000e+00 6.246356076456992e-19
7.30100000e+00 6.239978988447877e-19
7.31590000e+00 6.233621392310709e-19
7.33080000e+00 6.227283188951009e-19
7.34570000e+00 6.220964279978168e-19
7.36060000e+00 6.214664567699027e-19
7.37550000e+00 6.208383955111543e-19
7.39040000e+00 6.202122345898502e-19
7.40530000e+00 6.195879644421324e-19
7.42020000e+00 6.189655755713927e-19
7.43510000e+00 6.183450585476660e-19
7.45000000e+00 6.177264040070295e-19
7.46490000e+00 6.171096026510101e-19
7.47980000e+00 6.164946452459971e-19
7.49470000e+00 6.158815226226615e-19
7.50960000e+00 6.152702256753813e-19
7.52450000e+00 6.146607453616752e-19
7.53940000e+00 6.140530727016387e-19
7.55430000e+00 6.134471987773896e-19
7.56920000e+00 6.128431147325186e-19
7.58410000e+00 6.122408117715443e-19
7.59900000e+00 6.116402811593766e-19
7.61390000e+00 6.110415142207841e-19
7.62880000e+00 6.104445023398675e-19
7.64370000e+00 6.098492369595393e-19
7.65860000e+00 6.092557095810085e-19
7.67350000e+00 6.086639117632709e-19
7.68840000e+00 6.080738351226050e-19
7.70330000e+00 6.074854713320731e-19
7.71820000e+00 6.068988121210280e-19
7.73310000e+00 6.063138492746243e-19
7.74800000e+00 6.057305746333353e-19
7.76290000e+00 6.051489800924755e-19
7.77780000e+00 6.045690576017271e-19
7.79270000e+00 6.039907991646720e-19
7.80760000e+00 6.034141968383288e-19
7.82250000e+00 6.028392427326952e-19
7.83740000e+00 6.022659290102927e-19
7.85230000e+00 6.016942478857203e-19
7.86720000e+00 6.011241916252086e-19
7.88210000e+00 6.005557525461810e-19
7.89700000e+00 5.999889230168193e-19
7.91190000e+00 5.994236954556328e-19
7.92680000e+00 5.988600623310321e-19
7.94170000e+00 5.982980161609084e-19
7.95660000e+00 5.977375495122159e-19
7.97150000e+00 5.971786550005588e-19
7.98640000e+00 5.966213252897829e-19
8.00130000e+00 5.960655530915716e-19
8.01620000e+00 5.955113311650439e-19
8.03110000e+00 5.949586523163605e-19
8.04600000e+00 5.944075093983300e-19
8.06090000e+00 5.938578953100210e-19
8.07580000e+00 5.933098029963783e-19
8.09070000e+00 5.927632254478422e-19
8.10560000e+00 5.922181556999720e-19
8.12050000e+00 5.916745868330732e-19
8.13540000e+00 5.911325119718288e-19
8.15030000e+00 5.905919242849340e-19
8.16520000e+00 5.900528169847342e-19
8.18010000e+00 5.895151833268679e-19
8.19500000e+00 5.889790166099111e-19
8.20990000e+00 5.884443101750281e-19
8.22480000e+00 5.879110574056222e-19
8.23970000e+00 5.873792517269939e-19
8.25460000e+00 5.868488866059985e-19
8.26950000e+00 5.863199555507105e-19
8.28440000e+00 5.857924521100890e-19
8.29930000e+00 5.852663698736473e-19
8.31420000e+00 5.847417024711263e-19
8.32910000e+00 5.842184435721700e-19
8.34400000e+00 5.836965868860047e-19
8.35890000e+00 5.831761261611213e-19
8.37380000e+00 5.826570551849614e-19
8.38870000e+00 5.821393677836051e-19
8.40360000e+00 5.816230578214627e-19
8.41850000e+00 5.811081192009696e-19
8.43340000e+00 5.805945458622839e-19
8.44830000e+00 5.800823317829861e-19
8.46320000e+00 5.795714709777836e-19
8.47810000e+00 5.790619574982161e-19
8.49300000e+00 5.785537854323650e-19
8.50790000e+00 5.780469489045654e-19
8.52280000e+00 5.775414420751203e-19
8.53770000e+00 5.770372591400188e-19
8.55260000e+00 5.765343943306556e-19
8.56750000e+00 5.760328419135536e-19
8.58240000e+00 5.755325961900902e-19
8.59730000e+00 5.750336514962244e-19
8.61220000e+00 5.745360022022282e-19
8.62710000e+00 5.740396427124195e-19
8.64200000e+00 5.735445674648976e-19
8.65690000e+00 5.730507709312816e-19
8.67180000e+00 5.725582476164515e-19
8.68670000e+00 5.720669920582910e-19
8.70160000e+00 5.715769988274329e-19
8.71650000e+00 5.710882625270074e-19
8.73140000e+00 5.706007777923923e-19
8.74630000e+00 5.701145392909659e-19
8.76120000e+00 5.696295417218618e-19
8.77610000e+00 5.691457798157258e-19
8.79100000e+00 5.686632483344765e-19
8.80590000e+00 5.681819420710657e-19
8.82080000e+00 5.677018558492436e-19
8.83570000e+00 5.672229845233247e-19
8.85060000e+00 5.667453229779554e-19
8.86550000e+00 5.662688661278855e-19
8.88040000e+00 5.657936089177403e-19
8.89530000e+00 5.653195463217955e-19
8.91020000e+00 5.648466733437534e-19
8.92510000e+00 5.643749850165228e-19
8.94000000e+00 5.639044764019995e-19
8.95490000e+00 5.634351425908481e-19
8.96980000e+00 5.629669787022882e-19
8.98470000e+00 5.624999798838808e-19
8.99960000e+00 5.620341413113171e-19
9.01450000e+00 5.615694581882086e-19
9.02940000e+00 5.611059257458807e-19
9.04430000e+00 5.606435392431662e-19
9.05920000e+00 5.601822939662023e-19
9.07410000e+00 5.597221852282284e-19
9.08900000e+00 5.592632083693863e-19
9.10390000e+00 5.588053587565215e-19
9.11880000e+00 5.583486317829877e-19
9.13370000e+00 5.578930228684513e-19
9.14860000e+00 5.574385274586987e-19
9.16350000e+00 5.569851410254449e-19
9.17840000e+00 5.565328590661450e-19
9.19330000e+00 5.560816771038046e-19
9.20820000e+00 5.556315906867957e-19
9.22310000e+00 5.551825953886709e-19
9.23800000e+00 5.547346868079805e-19
9.25290000e+00 5.542878605680923e-19
9.26780000e+00 5.538421123170107e-19
9.28270000e+00 5.533974377272001e-19
9.29760000e+00 5.529538324954072e-19
9.31250000e+00 5.525112923424865e-19
9.32740000e+00 5.520698130132274e-19
9.34230000e+00 5.516293902761816e-19
9.35720000e+00 5.511900199234933e-19
9.37210000e+00 5.507516977707301e-19
9.38700000e+00 5.503144196567157e-19
9.40190000e+00 5.498781814433639e-19
9.41680000e+00 5.494429790155143e-19
9.43170000e+00 5.490088082807691e-19
9.44660000e+00 5.485756651693316e-19
9.46150000e+00 5.481435456338457e-19
9.47640000e+00 5.477124456492376e-19
9.49130000e+00 5.472823612125575e-19
9.50620000e+00 5.468532883428245e-19
9.52110000e+00 5.464252230808708e-19
9.53600000e+00 5.459981614891893e-19
9.55090000e+00 5.455720996517804e-19
9.56580000e+00 5.451470336740022e-19
9.58070000e+00 5.447229596824202e-19
9.59560000e+00 5.442998738246594e-19
9.61050000e+00 5.438777722692575e-19
9.62540000e+00 5.434566512055188e-19
9.64030000e+00 5.430365068433695e-19
9.65520000e+00 5.426173354132156e-19
9.67010000e+00 5.421991331657991e-19
9.68500000e+00 5.417818963720590e-19
9.69990000e+00 5.413656213229899e-19
9.71480000e+00 5.409503043295049e-19
9.72970000e+00 5.405359417222974e-19
9.74460000e+00 5.401225298517055e-19
9.75950000e+00 5.397100650875769e-19
9.77440000e+00 5.392985438191345e-19
9.78930000e+00 5.388879624548441e-19
9.80420000e+00 5.384783174222829e-19
9.81910000e+00 5.380696051680088e-19
9.83400000e+00 5.376618221574304e-19
9.84890000e+00 5.372549648746795e-19
9.86380000e+00 5.368490298224829e-19
9.87870000e+00 5.364440135220373e-19
9.89360000e+00 5.360399125128829e-19
9.90850000e+00 5.356367233527795e-19
9.92340000e+00 5.352344426175842e-19
9.93830000e+00 5.348330669011279e-19
9.95320000e+00 5.344325928150956e-19
9.96810000e+00 5.340330169889048e-19
9.98300000e+00 5.336343360695878e-19
9.99790000e+00 5.332365467216722e-19
1.00128000e+01 5.328396456270647e-19
1.00277000e+01 5.324436294849348e-19
1.00426000e+01 5.320484950115982e-19
1.00575000e+01 5.316542389404044e-19
1.00724000e+01 5.312608580216217e-19
1.00873000e+01 5.308683490223255e-19
1.01022000e+01 5.304767087262868e-19
1.01171000e+01 5.300859339338604e-19
1.01320000e+01 5.296960214618769e-19
1.01469000e+01 5.293069681435319e-19
1.01618000e+01 5.289187708282798e-19
1.01767000e+01 5.285314263817251e-19
1.01916000e+01 5.281449316855168e-19
1.02065000e+01 5.277592836372432e-19
1.02214000e+01 5.273744791503269e-19
1.02363000e+01 5.269905151539208e-19
1.02512000e+01 5.266073885928061e-19
1.02661000e+01 5.262250964272893e-19
1.02810000e+01 5.258436356331010e-19
1.02959000e+01 5.254630032012962e-19
1.03108000e+01 5.250831961381537e-19
1.03257000e+01 5.247042114650775e-19
1.03406000e+01 5.243260462184992e-19
1.03555000e+01 5.239486974497797e-19
1.03704000e+01 5.235721622251133e-19
1.03853000e+01 5.231964376254319e-19
1.04002000e+01 5.228215207463099e-19
1.04151000e+01 5.224474086978694e-19
1.04300000e+01 5.220740986046875e-19
1.04449000e+01 5.217015876057028e-19
1.04598000e+01 5.213298728541236e-19
1.04747000e+01 5.209589515173365e-19
1.04896000e+01 5.205888207768154e-19
1.05045000e+01 5.202194778280325e-19
1.05194000e+01 5.198509198803677e-19
1.05343000e+01 5.194831441570211e-19
1.05492000e+01 5.191161478949248e-19
1.05641000e+01 5.187499283446555e-19
1.05790000e+01 5.183844827703483e-19
1.05939000e+01 5.180198084496108e-19
1.06088000e+01 5.176559026734376e-19
1.06237000e+01 5.172927627461263e-19
1.06386000e+01 5.169303859851933e-19
1.06535000e+01 5.165687697212905e-19
1.06684000e+01 5.162079112981230e-19
1.06833000e+01 5.158478080723667e-19
1.06982000e+01 5.154884574135880e-19
1.07131000e+01 5.151298567041615e-19
1.07280000e+01 5.147720033391911e-19
1.07429000e+01 5.144148947264308e-19
1.07578000e+01 5.140585282862042e-19
1.07727000e+01 5.137029014513282e-19
1.07876000e+01 5.133480116670338e-19
1.08025000e+01 5.129938563908901e-19
1.08174000e+01 5.126404330927268e-19
1.08323000e+01 5.122877392545593e-19
1.08472000e+01 5.119357723705125e-19
1.08621000e+01 5.115845299467468e-19
1.08770000e+01 5.112340095013830e-19
1.08919000e+01 5.108842085644293e-19
1.09068000e+01 5.105351246777080e-19
1.09217000e+01 5.101867553947831e-19
1.09366000e+01 5.098390982808880e-19
1.09515000e+01 5.094921509128543e-19
1.09664000e+01 5.091459108790403e-19
1.09813000e+01 5.088003757792617e-19
1.09962000e+01 5.084555432247206e-19
1.10111000e+01 5.081114108379366e-19
1.10260000e+01 5.077679762526782e-19
1.10409000e+01 5.074252371138941e-19
1.10558000e+01 5.070831910776453e-19
1.10707000e+01 5.067418358110382e-19
1.10856000e+01 5.064011689921574e-19
1.11005000e+01 5.060611883099995e-19
1.11154000e+01 5.057218914644073e-19
1.11303000e+01 5.053832761660041e-19
1.11452000e+01 5.050453401361298e-19
1.11601000e+01 5.047080811067751e-19
1.11750000e+01 5.043714968205187e-19
1.11899000e+01 5.040355850304631e-19
1.12048000e+01 5.037003435001722e-19
1.12197000e+01 5.033657700036080e-19
1.12346000e+01 5.030318623250698e-19
1.12495000e+01 5.026986182591310e-19
1.12644000e+01 5.023660356105793e-19
1.12793000e+01 5.020341121943548e-19
1.12942000e+01 5.017028458354905e-19
1.13091000e+01 5.013722343690523e-19
1.13240000e+01 5.010422756400794e-19
1.13389000e+01 5.007129675035255e-19
1.13538000e+01 5.003843078241996e-19
1.13687000e+01 5.000562944767089e-19
1.13836000e+01 4.997289253454006e-19
1.13985000e+01 4.994021983243041e-19
1.14134000e+01 4.990761113170749e-19
1.14283000e+01 4.987506622369372e-19
1.14432000e+01 4.984258490066290e-19
1.14581000e+01 4.981016695583456e-19
1.14730000e+01 4.977781218336841e-19
1.14879000e+01 4.974552037835891e-19
1.15028000e+01 4.971329133682980e-19
1.15177000e+01 4.968112485572869e-19
1.15326000e+01 4.964902073292167e-19
1.15475000e+01 4.961697876718801e-19
1.15624000e+01 4.958499875821481e-19
1.15773000e+01 4.955308050659177e-19
1.15922000e+01 4.952122381380602e-19
1.16071000e+01 4.948942848223681e-19
1.16220000e+01 4.945769431515049e-19
1.16369000e+01 4.942602111669536e-19
1.16518000e+01 4.939440869189645e-19
1.16667000e+01 4.936285684665076e-19
1.16816000e+01 4.933136538772202e-19
1.16965000e+01 4.929993412273578e-19
1.17114000e+01 4.926856286017456e-19
1.17263000e+01 4.923725140937279e-19
1.17412000e+01 4.920599958051211e-19
1.17561000e+01 4.917480718461646e-19
1.17710000e+01 4.914367403354722e-19
1.17859000e+01 4.911259993999855e-19
1.18008000e+01 4.908158471749259e-19
1.18157000e+01 4.905062818037482e-19
1.18306000e+01 4.901973014380931e-19
1.18455000e+01 4.898889042377417e-19
1.18604000e+01 4.895810883705685e-19
1.18753000e+01 4.892738520124968e-19
1.18902000e+01 4.889671933474525e-19
1.19051000e+01 4.886611105673194e-19
1.19200000e+01 4.883556018718941e-19
1.19349000e+01 4.880506654688416e-19
1.19498000e+01 4.877462995736517e-19
1.19647000e+01 4.874425024095943e-19
1.19796000e+01 4.871392722076765e-19
1.19945000e+01 4.868366072065988e-19
1.20094000e+01 4.865345056527126e-19
1.20243000e+01 4.862329657999771e-19
1.20392000e+01 4.859319859099175e-19
1.20541000e+01 4.856315642515822e-19
1.20690000e+01 4.853316991015016e-19
1.20839000e+01 4.850323887436460e-19
1.20988000e+01 4.847336314693849e-19
1.21137000e+01 4.844354255774456e-19
1.21286000e+01 4.841377693738730e-19
1.21435000e+01 4.838406611719886e-19
1.21584000e+01 4.835440992923508e-19
1.21733000e+01 4.832480820627149e-19
1.21882000e+01 4.829526078179933e-19
1.22031000e+01 4.826576749002163e-19
1.22180000e+01 4.823632816584935e-19
1.22329000e+01 4.820694264489740e-19
1.22478000e+01 4.817761076348088e-19
1.22627000e+01 4.814833235861118e-19
1.22776000e+01 4.811910726799223e-19
1.22925000e+01 4.808993533001667e-19
1.23074000e+01 4.806081638376218e-19
1.23223000e+01 4.803175026898763e-19
1.23372000e+01 4.800273682612946e-19
1.23521000e+01 4.797377589629802e-19
1.23670000e+01 4.794486732127385e-19
1.23819000e+01 4.791601094350407e-19
1.23968000e+01 4.788720660609878e-19
1.24117000e+01 4.785845415282752e-19
1.24266000e+01 4.782975342811563e-19
1.24415000e+01 4.780110427704077e-19
1.24564000e+01 4.777250654532938e-19
1.24713000e+01 4.774396007935324e-19
1.24862000e+01 4.771546472612591e-19
1.25011000e+01 4.768702033329938e-19
1.25160000e+01 4.765862674916062e-19
1.25309000e+01 4.763028382262816e-19
1.25458000e+01 4.760199140324869e-19
1.25607000e+01 4.757374934119384e-19
1.25756000e+01 4.754555748725665e-19
1.25905000e+01 4.751741569284842e-19
1.26054000e+01 4.748932380999533e-19
1.26203000e+01 4.746128169133523e-19
1.26352000e+01 4.743328919011433e-19
1.26501000e+01 4.740534616018406e-19
1.26650000e+01 4.737745245599777e-19
1.26799000e+01 4.734960793260759e-19
1.26948000e+01 4.732181244566131e-19
1.27097000e+01 4.729406585139917e-19
1.27246000e+01 4.726636800665077e-19
1.27395000e+01 4.723871876883193e-19
1.27544000e+01 4.721111799594167e-19
1.27693000e+01 4.718356554655910e-19
1.27842000e+01 4.715606127984041e-19
1.27991000e+01 4.712860505551578e-19
1.28140000e+01 4.710119673388648e-19
1.28289000e+01 4.707383617582176e-19
1.28438000e+01 4.704652324275601e-19
1.28587000e+01 4.701925779668574e-19
1.28736000e+01 4.699203970016662e-19
1.28885000e+01 4.696486881631067e-19
1.29034000e+01 4.693774500878328e-19
1.29183000e+01 4.691066814180038e-19
1.29332000e+01 4.688363808012558e-19
1.29481000e+01 4.685665468906731e-19
1.29630000e+01 4.682971783447603e-19
1.29779000e+01 4.680282738274141e-19
1.29928000e+01 4.677598320078959e-19
1.30077000e+01 4.674918515608030e-19
1.30226000e+01 4.672243311660426e-19
1.30375000e+01 4.669572695088037e-19
1.30524000e+01 4.666906652795298e-19
1.30673000e+01 4.664245171738922e-19
1.30822000e+01 4.661588238927631e-19
1.30971000e+01 4.658935841421894e-19
1.31120000e+01 4.656287966333657e-19
1.31269000e+01 4.653644600826080e-19
1.31418000e+01 4.651005732113276e-19
1.31567000e+01 4.648371347460059e-19
1.31716000e+01 4.645741434181673e-19
1.31865000e+01 4.643115979643545e-19
1.32014000e+01 4.640494971261025e-19
1.32163000e+01 4.637878396499137e-19
1.32312000e+01 4.635266242872323e-19
1.32461000e+01 4.632658497944195e-19
1.32610000e+01 4.630055149327287e-19
1.32759000e+01 4.627456184682804e-19
1.32908000e+01 4.624861591720383e-19
1.33057000e+01 4.622271358197841e-19
1.33206000e+01 4.619685471920939e-19
1.33355000e+01 4.617103920743139e-19
1.33504000e+01 4.614526692565361e-19
1.33653000e+01 4.611953775335748e-19
1.33802000e+01 4.609385157049430e-19
1.33951000e+01 4.606820825748290e-19
1.34100000e+01 4.604260769520721e-19
1.34249000e+01 4.601704976501407e-19
1.34398000e+01 4.599153434871081e-19
1.34547000e+01 4.596606132856302e-19
1.34696000e+01 4.594063058729225e-19
1.34845000e+01 4.591524200807371e-19
1.34994000e+01 4.588989547453408e-19
1.35143000e+01 4.586459087074921e-19
1.35292000e+01 4.583932808124192e-19
1.35441000e+01 4.581410699097981e-19
1.35590000e+01 4.578892748537299e-19
1.35739000e+01 4.576378945027197e-19
1.35888000e+01 4.573869277196545e-19
1.36037000e+01 4.571363733717815e-19
1.36186000e+01 4.568862303306868e-19
1.36335000e+01 4.566364974722743e-19
1.36484000e+01 4.563871736767437e-19
1.36633000e+01 4.561382578285702e-19
1.36782000e+01 4.558897488164834e-19
1.36931000e+01 4.556416455334460e-19
1.37080000e+01 4.553939468766335e-19
1.37229000e+01 4.551466517474138e-19
1.37378000e+01 4.548997590513258e-19
1.37527000e+01 4.546532676980605e-19
1.37676000e+01 4.544071766014393e-19
1.37825000e+01 4.541614846793950e-19
1.37974000e+01 4.539161908539511e-19
1.38123000e+01 4.536712940512025e-19
1.38272000e+01 4.534267932012953e-19
1.38421000e+01 4.531826872384075e-19
1.38570000e+01 4.529389751007290e-19
1.38719000e+01 4.526956557304430e-19
1.38868000e+01 4.524527280737059e-19
1.39017000e+01 4.522101910806289e-19
1.39166000e+01 4.519680437052578e-19
1.39315000e+01 4.517262849055557e-19
1.39464000e+01 4.514849136433825e-19
1.39613000e+01 4.512439288844772e-19
1.39762000e+01 4.510033295984391e-19
1.39911000e+01 4.507631147587091e-19
1.40060000e+01 4.505232833425517e-19
1.40209000e+01 4.502838343310357e-19
1.40358000e+01 4.500447667090175e-19
1.40507000e+01 4.498060794651219e-19
1.40656000e+01 4.495677715917246e-19
1.40805000e+01 4.493298420849341e-19
1.40954000e+01 4.490922899445744e-19
1.41103000e+01 4.488551141741665e-19
1.41252000e+01 4.486183137809117e-19
1.41401000e+01 4.483818877756740e-19
1.41550000e+01 4.481458351729619e-19
1.41699000e+01 4.479101549909123e-19
1.41848000e+01 4.476748462512728e-19
1.41997000e+01 4.474399079793846e-19
1.42146000e+01 4.472053392041655e-19
1.42295000e+01 4.469711389580933e-19
1.42444000e+01 4.467373062771891e-19
1.42593000e+01 4.465038402010000e-19
1.42742000e+01 4.462707397725836e-19
1.42891000e+01 4.460380040384901e-19
1.43040000e+01 4.458056320487475e-19
1.43189000e+01 4.455736228568440e-19
1.43338000e+01 4.453419755197125e-19
1.43487000e+01 4.451106890977147e-19
1.43636000e+01 4.448797626546242e-19
1.43785000e+01 4.446491952576113e-19
1.43934000e+01 4.444189859772271e-19
1.44083000e+01 4.441891338873877e-19
1.44232000e+01 4.439596380653582e-19
1.44381000e+01 4.437304975917378e-19
1.44530000e+01 4.435017115504439e-19
1.44679000e+01 4.432732790286965e-19
1.44828000e+01 4.430451991170037e-19
1.44977000e+01 4.428174709091455e-19
1.45126000e+01 4.425900935021596e-19
1.45275000e+01 4.423630659963257e-19
1.45424000e+01 4.421363874951508e-19
1.45573000e+01 4.419100571053544e-19
1.45722000e+01 4.416840739368536e-19
1.45871000e+01 4.414584371027482e-19
1.46020000e+01 4.412331457193067e-19
1.46169000e+01 4.410081989059512e-19
1.46318000e+01 4.407835957852430e-19
1.46467000e+01 4.405593354828685e-19
1.46616000e+01 4.403354171276247e-19
1.46765000e+01 4.401118398514049e-19
1.46914000e+01 4.398886027891850e-19
1.47063000e+01 4.396657050790088e-19
1.47212000e+01 4.394431458619746e-19
1.47361000e+01 4.392209242822210e-19
1.47510000e+01 4.389990394869130e-19
1.47659000e+01 4.387774906262286e-19
1.47808000e+01 4.385562768533448e-19
1.47957000e+01 4.383353973244242e-19
1.48106000e+01 4.381148511986012e-19
1.48255000e+01 4.378946376379692e-19
1.48404000e+01 4.376747558075662e-19
1.48553000e+01 4.374552048753627e-19
1.48702000e+01 4.372359840122473e-19
1.48851000e+01 4.370170923920146e-19
1.49000000e+01 4.367985291913515e-19
1.49149000e+01 4.365802935898240e-19
1.49298000e+01 4.363623847698651e-19
1.49447000e+01 4.361448019167612e-19
1.49596000e+01 4.359275442186395e-19
1.49745000e+01 4.357106108664555e-19
1.49894000e+01 4.354940010539799e-19
1.50043000e+01 4.352777139777866e-19
1.50192000e+01 4.350617488372395e-19
1.50341000e+01 4.348461048344810e-19
1.50490000e+01 4.346307811744183e-19
1.50639000e+01 4.344157770647123e-19
1.50788000e+01 4.342010917157648e-19
1.50937000e+01 4.339867243407063e-19
1.51086000e+01 4.337726741553841e-19
1.51235000e+01 4.335589403783503e-19
1.51384000e+01 4.333455222308492e-19
1.51533000e+01 4.331324189368063e-19
1.51682000e+01 4.329196297228157e-19
1.51831000e+01 4.327071538181286e-19
1.51980000e+01 4.324949904546418e-19
1.52129000e+01 4.322831388668856e-19
1.52278000e+01 4.320715982920126e-19
1.52427000e+01 4.318603679697860e-19
1.52576000e+01 4.316494471425676e-19
1.52725000e+01 4.314388350553075e-19
1.52874000e+01 4.312285309555319e-19
1.53023000e+01 4.310185340933320e-19
1.53172000e+01 4.308088437213529e-19
1.53321000e+01 4.305994590947822e-19
1.53470000e+01 4.303903794713392e-19
1.53619000e+01 4.301816041112636e-19
1.53768000e+01 4.299731322773046e-19
1.53917000e+01 4.297649632347099e-19
1.54066000e+01 4.295570962512149e-19
1.54215000e+01 4.293495305970320e-19
1.54364000e+01 4.291422655448394e-19
1.54513000e+01 4.289353003697709e-19
1.54662000e+01 4.287286343494051e-19
1.54811000e+01 4.285222667637546e-19
1.54960000e+01 4.283161968952555e-19
1.55109000e+01 4.281104240287574e-19
1.55258000e+01 4.279049474515125e-19
1.55407000e+01 4.276997664531650e-19
1.55556000e+01 4.274948803257417e-19
1.55705000e+01 4.272902883636407e-19
1.55854000e+01 4.270859898636217e-19
1.56003000e+01 4.268819841247962e-19
1.56152000e+01 4.266782704486166e-19
1.56301000e+01 4.264748481388668e-19
1.56450000e+01 4.262717165016519e-19
1.56599000e+01 4.260688748453882e-19
1.56748000e+01 4.258663224807938e-19
1.56897000e+01 4.256640587208781e-19
1.57046000e+01 4.254620828809323e-19
1.57195000e+01 4.252603942785199e-19
1.57344000e+01 4.250589922334666e-19
1.57493000e+01 4.248578760678510e-19
1.57642000e+01 4.246570451059948e-19
1.57791000e+01 4.244564986744534e-19
1.57940000e+01 4.242562361020064e-19
1.58089000e+01 4.240562567196480e-19
1.58238000e+01 4.238565598605778e-19
1.58387000e+01 4.236571448601915e-19
1.58536000e+01 4.234580110560713e-19
1.58685000e+01 4.232591577879771e-19
1.58834000e+01 4.230605843978369e-19
1.58983000e+01 4.228622902297380e-19
1.59132000e+01 4.226642746299175e-19
1.59281000e+01 4.224665369467538e-19
1.59430000e+01 4.222690765307569e-19
1.59579000e+01 4.220718927345600e-19
1.59728000e+01 4.218749849129106e-19
1.59877000e+01 4.216783524226610e-19
1.60026000e+01 4.214819946227603e-19
1.60175000e+01 4.212859108742450e-19
1.60324000e+01 4.210901005402303e-19
1.60473000e+01 4.208945629859023e-19
1.60622000e+01 4.206992975785080e-19
1.60771000e+01 4.205043036873475e-19
1.60920000e+01 4.203095806837656e-19
1.61069000e+01 4.201151279411427e-19
1.61218000e+01 4.199209448348866e-19
1.61367000e+01 4.197270307424245e-19
1.61516000e+01 4.195333850431937e-19
1.61665000e+01 4.193400071186341e-19
1.61814000e+01 4.191468963521795e-19
1.61963000e+01 4.189540521292494e-19
1.62112000e+01 4.187614738372408e-19
1.62261000e+01 4.185691608655202e-19
1.62410000e+01 4.183771126054149e-19
1.62559000e+01 4.181853284502056e-19
1.62708000e+01 4.179938077951181e-19
1.62857000e+01 4.178025500373153e-19
1.63006000e+01 4.176115545758889e-19
1.63155000e+01 4.174208208118518e-19
1.63304000e+01 4.172303481481304e-19
1.63453000e+01 4.170401359895564e-19
1.63602000e+01 4.168501837428590e-19
1.63751000e+01 4.166604908166572e-19
1.63900000e+01 4.164710566214524e-19
1.64049000e+01 4.162818805696200e-19
1.64198000e+01 4.160929620754024e-19
1.64347000e+01 4.159043005549011e-19
1.64496000e+01 4.157158954260691e-19
1.64645000e+01 4.155277461087034e-19
1.64794000e+01 4.153398520244375e-19
1.64943000e+01 4.151522125967339e-19
1.65092000e+01 4.149648272508768e-19
1.65241000e+01 4.147776954139647e-19
1.65390000e+01 4.145908165149025e-19
1.65539000e+01 4.144041899843952e-19
1.65688000e+01 4.142178152549398e-19
1.65837000e+01 4.140316917608182e-19
1.65986000e+01 4.138458189380902e-19
1.66135000e+01 4.136601962245862e-19
1.66284000e+01 4.134748230599000e-19
1.66433000e+01 4.132896988853821e-19
1.66582000e+01 4.131048231441318e-19
1.66731000e+01 4.129201952809910e-19
1.66880000e+01 4.127358147425368e-19
1.67029000e+01 4.125516809770743e-19
1.67178000e+01 4.123677934346305e-19
1.67327000e+01 4.121841515669463e-19
1.67476000e+01 4.120007548274706e-19
1.67625000e+01 4.118176026713530e-19
1.67774000e+01 4.116346945554367e-19
1.67923000e+01 4.114520299382525e-19
1.68072000e+01 4.112696082800117e-19
1.68221000e+01 4.110874290425988e-19
1.68370000e+01 4.109054916895662e-19
1.68519000e+01 4.107237956861261e-19
1.68668000e+01 4.105423404991449e-19
1.68817000e+01 4.103611255971361e-19
1.68966000e+01 4.101801504502542e-19
1.69115000e+01 4.099994145302878e-19
1.69264000e+01 4.098189173106531e-19
1.69413000e+01 4.096386582663881e-19
1.69562000e+01 4.094586368741450e-19
1.69711000e+01 4.092788526121852e-19
1.69860000e+01 4.090993049603722e-19
1.70009000e+01 4.089199934001647e-19
1.70158000e+01 4.087409174146119e-19
1.70307000e+01 4.085620764883457e-19
1.70456000e+01 4.083834701075752e-19
1.70605000e+01 4.082050977600806e-19
1.70754000e+01 4.080269589352064e-19
1.70903000e+01 4.078490531238562e-19
1.71052000e+01 4.076713798184856e-19
1.71201000e+01 4.074939385130968e-19
1.71350000e+01 4.073167287032323e-19
1.71499000e+01 4.071397498859688e-19
1.71648000e+01 4.069630015599117e-19
1.71797000e+01 4.067864832251881e-19
1.71946000e+01 4.066101943834421e-19
1.72095000e+01 4.064341345378281e-19
1.72244000e+01 4.062583031930048e-19
1.72393000e+01 4.060826998551301e-19
1.72542000e+01 4.059073240318547e-19
1.72691000e+01 4.057321752323164e-19
1.72840000e+01 4.055572529671343e-19
1.72989000e+01 4.053825567484033e-19
1.73138000e+01 4.052080860896881e-19
1.73287000e+01 4.050338405060175e-19
1.73436000e+01 4.048598195138793e-19
1.73585000e+01 4.046860226312137e-19
1.73734000e+01 4.045124493774084e-19
1.73883000e+01 4.043390992732929e-19
1.74032000e+01 4.041659718411331e-19
1.74181000e+01 4.039930666046250e-19
1.74330000e+01 4.038203830888902e-19
1.74479000e+01 4.036479208204697e-19
1.74628000e+01 4.034756793273191e-19
1.74777000e+01 4.033036581388021e-19
1.74926000e+01 4.031318567856864e-19
1.75075000e+01 4.029602748001376e-19
1.75224000e+01 4.027889117157138e-19
1.75373000e+01 4.026177670673607e-19
1.75522000e+01 4.024468403914055e-19
1.75671000e+01 4.022761312255526e-19
1.75820000e+01 4.021056391088780e-19
1.75969000e+01 4.019353635818236e-19
1.76118000e+01 4.017653041861927e-19
1.76267000e+01 4.015954604651442e-19
1.76416000e+01 4.014258319631881e-19
1.76565000e+01 4.012564182261797e-19
1.76714000e+01 4.010872188013150e-19
1.76863000e+01 4.009182332371253e-19
1.77012000e+01 4.007494610834723e-19
1.77161000e+01 4.005809018915432e-19
1.77310000e+01 4.004125552138451e-19
1.77459000e+01 4.002444206042010e-19
1.77608000e+01 4.000764976177436e-19
1.77757000e+01 3.999087858109117e-19
1.77906000e+01 3.997412847414441e-19
1.78055000e+01 3.995739939683754e-19
1.78204000e+01 3.994069130520306e-19
1.78353000e+01 3.992400415540214e-19
1.78502000e+01 3.990733790372395e-19
1.78651000e+01 3.989069250658535e-19
1.78800000e+01 3.987406792053033e-19
1.78949000e+01 3.985746410222953e-19
1.79098000e+01 3.984088100847980e-19
1.79247000e+01 3.982431859620370e-19
1.79396000e+01 3.980777682244906e-19
1.79545000e+01 3.979125564438848e-19
1.79694000e+01 3.977475501931887e-19
1.79843000e+01 3.975827490466101e-19
1.79992000e+01 3.974181525795906e-19
1.80141000e+01 3.972537603688012e-19
1.80290000e+01 3.970895719921377e-19
1.80439000e+01 3.969255870287159e-19
1.80588000e+01 3.967618050588677e-19
1.80737000e+01 3.965982256641355e-19
1.80886000e+01 3.964348484272691e-19
1.81035000e+01 3.962716729322200e-19
1.81184000e+01 3.961086987641376e-19
1.81333000e+01 3.959459255093648e-19
1.81482000e+01 3.957833527554331e-19
1.81631000e+01 3.956209800910587e-19
1.81780000e+01 3.954588071061381e-19
1.81929000e+01 3.952968333917433e-19
1.82078000e+01 3.951350585401179e-19
1.82227000e+01 3.949734821446727e-19
1.82376000e+01 3.948121037999813e-19
1.82525000e+01 3.946509231017761e-19
1.82674000e+01 3.944899396469436e-19
1.82823000e+01 3.943291530335204e-19
1.82972000e+01 3.941685628606893e-19
1.83121000e+01 3.940081687287744e-19
1.83270000e+01 3.938479702392376e-19
1.83419000e+01 3.936879669946741e-19
1.83568000e+01 3.935281585988083e-19
1.83717000e+01 3.933685446564895e-19
1.83866000e+01 3.932091247736884e-19
1.84015000e+01 3.930498985574923e-19
1.84164000e+01 3.928908656161014e-19
1.84313000e+01 3.927320255588249e-19
1.84462000e+01 3.925733779960764e-19
1.84611000e+01 3.924149225393706e-19
1.84760000e+01 3.922566588013187e-19
1.84909000e+01 3.920985863956246e-19
1.85058000e+01 3.919407049370815e-19
1.85207000e+01 3.917830140415670e-19
1.85356000e+01 3.916255133260398e-19
1.85505000e+01 3.914682024085356e-19
1.85654000e+01 3.913110809081634e-19
1.85803000e+01 3.911541484451013e-19
1.85952000e+01 3.909974046405927e-19
1.86101000e+01 3.908408491169431e-19
1.86250000e+01 3.906844814975152e-19
1.86399000e+01 3.905283014067260e-19
1.86548000e+01 3.903723084700424e-19
1.86697000e+01 3.902165023139779e-19
1.86846000e+01 3.900608825660886e-19
1.86995000e+01 3.899054488549693e-19
1.87144000e+01 3.897502008102504e-19
1.87293000e+01 3.895951380625932e-19
1.87442000e+01 3.894402602436872e-19
1.87591000e+01 3.892855669862458e-19
1.87740000e+01 3.891310579240031e-19
1.87889000e+01 3.889767326917096e-19
1.88038000e+01 3.888225909251294e-19
1.88187000e+01 3.886686322610357e-19
1.88336000e+01 3.885148563372081e-19
1.88485000e+01 3.883612627924283e-19
1.88634000e+01 3.882078512664770e-19
1.88783000e+01 3.880546214001302e-19
1.88932000e+01 3.879015728351553e-19
1.89081000e+01 3.877487052143084e-19
1.89230000e+01 3.875960181813301e-19
1.89379000e+01 3.874435113809421e-19
1.89528000e+01 3.872911844588442e-19
1.89677000e+01 3.871390370617102e-19
1.89826000e+01 3.869870688371849e-19
1.89975000e+01 3.868352794338807e-19
1.90124000e+01 3.866836685013735e-19
1.90273000e+01 3.865322356902006e-19
1.90422000e+01 3.863809806518557e-19
1.90571000e+01 3.862299030387872e-19
1.90720000e+01 3.860790025043934e-19
1.90869000e+01 3.859282787030201e-19
1.91018000e+01 3.857777312899568e-19
1.91167000e+01 3.856273599214337e-19
1.91316000e+01 3.854771642546181e-19
1.91465000e+01 3.853271439476114e-19
1.91614000e+01 3.851772986594457e-19
1.91763000e+01 3.850276280500802e-19
1.91912000e+01 3.848781317803989e-19
1.92061000e+01 3.847288095122063e-19
1.92210000e+01 3.845796609082248e-19
1.92359000e+01 3.844306856320915e-19
1.92508000e+01 3.842818833483546e-19
1.92657000e+01 3.841332537224708e-19
1.92806000e+01 3.839847964208016e-19
1.92955000e+01 3.838365111106107e-19
1.93104000e+01 3.836883974600601e-19
1.93253000e+01 3.835404551382079e-19
1.93402000e+01 3.833926838150045e-19
1.93551000e+01 3.832450831612899e-19
1.93700000e+01 3.830976528487902e-19
1.93849000e+01 3.829503925501153e-19
1.93998000e+01 3.828033019387548e-19
1.94147000e+01 3.826563806890758e-19
1.94296000e+01 3.825096284763195e-19
1.94445000e+01 3.823630449765983e-19
1.94594000e+01 3.822166298668929e-19
1.94743000e+01 3.820703828250490e-19
1.94892000e+01 3.819243035297744e-19
1.95041000e+01 3.817783916606365e-19
1.95190000e+01 3.816326468980585e-19
1.95339000e+01 3.814870689233174e-19
1.95488000e+01 3.813416574185404e-19
1.95637000e+01 3.811964120667021e-19
1.95786000e+01 3.810513325516219e-19
1.95935000e+01 3.809064185579608e-19
1.96084000e+01 3.807616697712185e-19
1.96233000e+01 3.806170858777310e-19
1.96382000e+01 3.804726665646672e-19
1.96531000e+01 3.803284115200262e-19
1.96680000e+01 3.801843204326346e-19
1.96829000e+01 3.800403929921435e-19
1.96978000e+01 3.798966288890263e-19
1.97127000e+01 3.797530278145746e-19
1.97276000e+01 3.796095894608968e-19
1.97425000e+01 3.794663135209147e-19
1.97574000e+01 3.793231996883606e-19
1.97723000e+01 3.791802476577749e-19
1.97872000e+01 3.790374571245031e-19
1.98021000e+01 3.788948277846933e-19
1.98170000e+01 3.787523593352932e-19
1.98319000e+01 3.786100514740477e-19
1.98468000e+01 3.784679038994959e-19
1.98617000e+01 3.783259163109686e-19
1.98766000e+01 3.781840884085860e-19
1.98915000e+01 3.780424198932542e-19
1.99064000e+01 3.779009104666630e-19
1.99213000e+01 3.777595598312836e-19
1.99362000e+01 3.776183676903653e-19
1.99511000e+01 3.774773337479334e-19
1.99660000e+01 3.773364577087866e-19
1.99809000e+01 3.771957392784936e-19
1.99958000e+01 3.770551781633917e-19
2.00107000e+01 3.769147740705835e-19
2.00256000e+01 3.767745267079344e-19
2.00405000e+01 3.766344357840704e-19
2.00554000e+01 3.764945010083749e-19
2.00703000e+01 3.763547220909870e-19
2.00852000e+01 3.762150987427981e-19
2.01001000e+01 3.760756306754502e-19
2.01150000e+01 3.759363176013330e-19
2.01299000e+01 3.757971592335811e-19
2.01448000e+01 3.756581552860723e-19
2.01597000e+01 3.755193054734245e-19
2.01746000e+01 3.753806095109933e-19
2.01895000e+01 3.752420671148699e-19
2.02044000e+01 3.751036780018783e-19
2.02193000e+01 3.749654418895731e-19
2.02342000e+01 3.748273584962369e-19
2.02491000e+01 3.746894275408780e-19
2.02640000e+01 3.745516487432281e-19
2.02789000e+01 3.744140218237395e-19
2.02938000e+01 3.742765465035833e-19
2.03087000e+01 3.741392225046465e-19
2.03236000e+01 3.740020495495301e-19
2.03385000e+01 3.738650273615463e-19
2.03534000e+01 3.737281556647164e-19
2.03683000e+01 3.735914341837684e-19
2.03832000e+01 3.734548626441348e-19
2.03981000e+01 3.733184407719504e-19
2.04130000e+01 3.731821682940492e-19
2.04279000e+01 3.730460449379633e-19
2.04428000e+01 3.729100704319197e-19
2.04577000e+01 3.727742445048381e-19
2.04726000e+01 3.726385668863295e-19
2.04875000e+01 3.725030373066926e-19
2.05024000e+01 3.723676554969126e-19
2.05173000e+01 3.722324211886586e-19
2.05322000e+01 3.720973341142811e-19
2.05471000e+01 3.719623940068104e-19
2.05620000e+01 3.718276005999538e-19
2.05769000e+01 3.716929536280936e-19
2.05918000e+01 3.715584528262851e-19
2.06067000e+01 3.714240979302540e-19
2.06216000e+01 3.712898886763944e-19
2.06365000e+01 3.711558248017671e-19
2.06514000e+01 3.710219060440966e-19
2.06663000e+01 3.708881321417694e-19
2.06812000e+01 3.707545028338319e-19
2.06961000e+01 3.706210178599882e-19
2.07110000e+01 3.704876769605979e-19
2.07259000e+01 3.703544798766739e-19
2.07408000e+01 3.702214263498807e-19
2.07557000e+01 3.700885161225317e-19
2.07706000e+01 3.699557489375874e-19
2.07855000e+01 3.698231245386537e-19
2.08004000e+01 3.696906426699790e-19
2.08153000e+01 3.695583030764527e-19
2.08302000e+01 3.694261055036031e-19
2.08451000e+01 3.692940496975952e-19
2.08600000e+01 3.691621354052288e-19
2.08749000e+01 3.690303623739361e-19
2.08898000e+01 3.688987303517801e-19
2.09047000e+01 3.687672390874525e-19
2.09196000e+01 3.686358883302715e-19
2.09345000e+01 3.685046778301796e-19
2.09494000e+01 3.683736073377425e-19
2.09643000e+01 3.682426766041459e-19
2.09792000e+01 3.681118853811945e-19
2.09941000e+01 3.679812334213094e-19
2.10090000e+01 3.678507204775266e-19
2.10239000e+01 3.677203463034945e-19
2.10388000e+01 3.675901106534726e-19
2.10537000e+01 3.674600132823289e-19
2.10686000e+01 3.673300539455384e-19
2.10835000e+01 3.672002323991811e-19
2.10984000e+01 3.670705483999400e-19
2.11133000e+01 3.669410017050990e-19
2.11282000e+01 3.668115920725415e-19
2.11431000e+01 3.666823192607479e-19
2.11580000e+01 3.665531830287942e-19
2.11729000e+01 3.664241831363500e-19
2.11878000e+01 3.662953193436762e-19
2.12027000e+01 3.661665914116237e-19
2.12176000e+01 3.660379991016312e-19
2.12325000e+01 3.659095421757236e-19
2.12474000e+01 3.657812203965098e-19
2.12623000e+01 3.656530335271813e-19
2.12772000e+01 3.655249813315096e-19
2.12921000e+01 3.653970635738457e-19
2.13070000e+01 3.652692800191167e-19
2.13219000e+01 3.651416304328250e-19
2.13368000e+01 3.650141145810466e-19
2.13517000e+01 3.648867322304284e-19
2.13666000e+01 3.647594831481873e-19
2.13815000e+01 3.646323671021078e-19
2.13964000e+01 3.645053838605409e-19
2.14113000e+01 3.643785331924015e-19
2.14262000e+01 3.642518148671671e-19
2.14411000e+01 3.641252286548762e-19
2.14560000e+01 3.639987743261262e-19
2.14709000e+01 3.638724516520718e-19
2.14858000e+01 3.637462604044232e-19
2.15007000e+01 3.636202003554444e-19
2.15156000e+01 3.634942712779516e-19
2.15305000e+01 3.633684729453114e-19
2.15454000e+01 3.632428051314389e-19
2.15603000e+01 3.631172676107962e-19
2.15752000e+01 3.629918601583905e-19
2.15901000e+01 3.628665825497729e-19
2.16050000e+01 3.627414345610363e-19
2.16199000e+01 3.626164159688133e-19
2.16348000e+01 3.624915265502757e-19
2.16497000e+01 3.623667660831317e-19
2.16646000e+01 3.622421343456248e-19
2.16795000e+01 3.621176311165320e-19
2.16944000e+01 3.619932561751622e-19
2.17093000e+01 3.618690093013547e-19
2.17242000e+01 3.617448902754770e-19
2.17391000e+01 3.616208988784241e-19
2.17540000e+01 3.614970348916158e-19
2.17689000e+01 3.613732980969959e-19
2.17838000e+01 3.612496882770305e-19
2.17987000e+01 3.611262052147056e-19
2.18136000e+01 3.610028486935269e-19
2.18285000e+01 3.608796184975168e-19
2.18434000e+01 3.607565144112136e-19
2.18583000e+01 3.606335362196699e-19
2.18732000e+01 3.605106837084506e-19
2.18881000e+01 3.603879566636319e-19
2.19030000e+01 3.602653548717991e-19
2.19179000e+01 3.601428781200456e-19
2.19328000e+01 3.600205261959710e-19
2.19477000e+01 3.598982988876798e-19
2.19626000e+01 3.597761959837795e-19
2.19775000e+01 3.596542172733797e-19
2.19924000e+01 3.595323625460896e-19
2.20073000e+01 3.594106315920176e-19
2.20222000e+01 3.592890242017687e-19
2.20371000e+01 3.591675401664441e-19
2.20520000e+01 3.590461792776386e-19
2.20669000e+01 3.589249413274398e-19
2.20818000e+01 3.588038261084263e-19
2.20967000e+01 3.586828334136665e-19
2.21116000e+01 3.585619630367168e-19
2.21265000e+01 3.584412147716202e-19
2.21414000e+01 3.583205884129052e-19
2.21563000e+01 3.582000837555834e-19
2.21712000e+01 3.580797005951493e-19
2.21861000e+01 3.579594387275777e-19
2.22010000e+01 3.578392979493230e-19
2.22159000e+01 3.577192780573174e-19
2.22308000e+01 3.575993788489695e-19
2.22457000e+01 3.574796001221631e-19
2.22606000e+01 3.573599416752552e-19
2.22755000e+01 3.572404033070755e-19
2.22904000e+01 3.571209848169238e-19
2.23053000e+01 3.570016860045698e-19
2.23202000e+01 3.568825066702507e-19
2.23351000e+01 3.567634466146705e-19
2.23500000e+01 3.566445056389980e-19
2.23649000e+01 3.565256835448659e-19
2.23798000e+01 3.564069801343692e-19
2.23947000e+01 3.562883952100637e-19
2.24096000e+01 3.561699285749650e-19
2.24245000e+01 3.560515800325468e-19
2.24394000e+01 3.559333493867393e-19
2.24543000e+01 3.558152364419286e-19
2.24692000e+01 3.556972410029546e-19
2.24841000e+01 3.555793628751102e-19
2.24990000e+01 3.554616018641392e-19
2.25139000e+01 3.553439577762359e-19
2.25288000e+01 3.552264304180432e-19
2.25437000e+01 3.551090195966513e-19
2.25586000e+01 3.549917251195962e-19
2.25735000e+01 3.548745467948592e-19
2.25884000e+01 3.547574844308644e-19
2.26033000e+01 3.546405378364782e-19
2.26182000e+01 3.545237068210079e-19
2.26331000e+01 3.544069911942001e-19
2.26480000e+01 3.542903907662395e-19
2.26629000e+01 3.541739053477478e-19
2.26778000e+01 3.540575347497822e-19
2.26927000e+01 3.539412787838342e-19
2.27076000e+01 3.538251372618283e-19
2.27225000e+01 3.537091099961207e-19
2.27374000e+01 3.535931967994980e-19
2.27523000e+01 3.534773974851761e-19
2.27672000e+01 3.533617118667987e-19
2.27821000e+01 3.532461397584363e-19
2.27970000e+01 3.531306809745845e-19
2.28119000e+01 3.530153353301634e-19
2.28268000e+01 3.529001026405159e-19
2.28417000e+01 3.527849827214063e-19
2.28566000e+01 3.526699753890196e-19
2.28715000e+01 3.525550804599601e-19
2.28864000e+01 3.524402977512496e-19
2.29013000e+01 3.523256270803272e-19
2.29162000e+01 3.522110682650470e-19
2.29311000e+01 3.520966211236779e-19
2.29460000e+01 3.519822854749015e-19
2.29609000e+01 3.518680611378112e-19
2.29758000e+01 3.517539479319117e-19
2.29907000e+01 3.516399456771166e-19
2.30056000e+01 3.515260541937479e-19
2.30205000e+01 3.514122733025351e-19
2.30354000e+01 3.512986028246129e-19
2.30503000e+01 3.511850425815215e-19
2.30652000e+01 3.510715923952041e-19
2.30801000e+01 3.509582520880066e-19
2.30950000e+01 3.508450214826758e-19
2.31099000e+01 3.507319004023591e-19
2.31248000e+01 3.506188886706022e-19
2.31397000e+01 3.505059861113490e-19
2.31546000e+01 3.503931925489396e-19
2.31695000e+01 3.502805078081099e-19
2.31844000e+01 3.501679317139897e-19
2.31993000e+01 3.500554640921025e-19
2.32142000e+01 3.499431047683632e-19
2.32291000e+01 3.498308535690780e-19
2.32440000e+01 3.497187103209428e-19
2.32589000e+01 3.496066748510421e-19
2.32738000e+01 3.494947469868478e-19
2.32887000e+01 3.493829265562182e-19
2.33036000e+01 3.492712133873973e-19
2.33185000e+01 3.491596073090127e-19
2.33334000e+01 3.490481081500755e-19
2.33483000e+01 3.489367157399786e-19
2.33632000e+01 3.488254299084958e-19
2.33781000e+01 3.487142504857805e-19
2.33930000e+01 3.486031773023654e-19
2.34079000e+01 3.484922101891601e-19
2.34228000e+01 3.483813489774511e-19
2.34377000e+01 3.482705934989003e-19
2.34526000e+01 3.481599435855439e-19
2.34675000e+01 3.480493990697917e-19
2.34824000e+01 3.479389597844253e-19
2.34973000e+01 3.478286255625979e-19
2.35122000e+01 3.477183962378325e-19
2.35271000e+01 3.476082716440214e-19
2.35420000e+01 3.474982516154249e-19
2.35569000e+01 3.473883359866700e-19
2.35718000e+01 3.472785245927500e-19
2.35867000e+01 3.471688172690228e-19
2.36016000e+01 3.470592138512103e-19
2.36165000e+01 3.469497141753973e-19
2.36314000e+01 3.468403180780300e-19
2.36463000e+01 3.467310253959159e-19
2.36612000e+01 3.466218359662218e-19
2.36761000e+01 3.465127496264735e-19
2.36910000e+01 3.464037662145543e-19
2.37059000e+01 3.462948855687044e-19
2.37208000e+01 3.461861075275194e-19
2.37357000e+01 3.460774319299498e-19
2.37506000e+01 3.459688586152998e-19
2.37655000e+01 3.458603874232262e-19
2.37804000e+01 3.457520181937374e-19
2.37953000e+01 3.456437507671927e-19
2.38102000e+01 3.455355849843008e-19
2.38251000e+01 3.454275206861196e-19
2.38400000e+01 3.453195577140541e-19
2.38549000e+01 3.452116959098566e-19
2.38698000e+01 3.451039351156251e-19
2.38847000e+01 3.449962751738022e-19
2.38996000e+01 3.448887159271744e-19
2.39145000e+01 3.447812572188713e-19
2.39294000e+01 3.446738988923642e-19
2.39443000e+01 3.445666407914655e-19
2.39592000e+01 3.444594827603275e-19
2.39741000e+01 3.443524246434417e-19
2.39890000e+01 3.442454662856376e-19
2.40039000e+01 3.441386075320820e-19
2.40188000e+01 3.440318482282777e-19
2.40337000e+01 3.439251882200630e-19
2.40486000e+01 3.438186273536105e-19
2.40635000e+01 3.437121654754261e-19
2.40784000e+01 3.436058024323485e-19
2.40933000e+01 3.434995380715477e-19
2.41082000e+01 3.433933722405244e-19
2.41231000e+01 3.432873047871090e-19
2.41380000e+01 3.431813355594608e-19
2.41529000e+01 3.430754644060670e-19
2.41678000e+01 3.429696911757418e-19
2.41827000e+01 3.428640157176252e-19
2.41976000e+01 3.427584378811829e-19
2.42125000e+01 3.426529575162044e-19
2.42274000e+01 3.425475744728029e-19
2.42423000e+01 3.424422886014139e-19
2.42572000e+01 3.423370997527944e-19
2.42721000e+01 3.422320077780225e-19
2.42870000e+01 3.421270125284958e-19
2.43019000e+01 3.420221138559310e-19
2.43168000e+01 3.419173116123625e-19
2.43317000e+01 3.418126056501424e-19
2.43466000e+01 3.417079958219388e-19
2.43615000e+01 3.416034819807354e-19
2.43764000e+01 3.414990639798302e-19
2.43913000e+01 3.413947416728352e-19
2.44062000e+01 3.412905149136750e-19
2.44211000e+01 3.411863835565865e-19
2.44360000e+01 3.410823474561173e-19
2.44509000e+01 3.409784064671257e-19
2.44658000e+01 3.408745604447791e-19
2.44807000e+01 3.407708092445537e-19
2.44956000e+01 3.406671527222332e-19
2.45105000e+01 3.405635907339086e-19
2.45254000e+01 3.404601231359764e-19
2.45403000e+01 3.403567497851387e-19
2.45552000e+01 3.402534705384019e-19
2.45701000e+01 3.401502852530759e-19
2.45850000e+01 3.400471937867732e-19
2.45999000e+01 3.399441959974086e-19
2.46148000e+01 3.398412917431977e-19
2.46297000e+01 3.397384808826561e-19
2.46446000e+01 3.396357632745992e-19
2.46595000e+01 3.395331387781412e-19
2.46744000e+01 3.394306072526935e-19
2.46893000e+01 3.393281685579651e-19
2.47042000e+01 3.392258225539607e-19
2.47191000e+01 3.391235691009809e-19
2.47340000e+01 3.390214080596204e-19
2.47489000e+01 3.389193392907680e-19
2.47638000e+01 3.388173626556055e-19
2.47787000e+01 3.387154780156066e-19
2.47936000e+01 3.386136852325368e-19
2.48085000e+01 3.385119841684522e-19
2.48234000e+01 3.384103746856983e-19
2.48383000e+01 3.383088566469101e-19
2.48532000e+01 3.382074299150108e-19
2.48681000e+01 3.381060943532110e-19
2.48830000e+01 3.380048498250081e-19
2.48979000e+01 3.379036961941854e-19
2.49128000e+01 3.378026333248114e-19
2.49277000e+01 3.377016610812390e-19
2.49426000e+01 3.376007793281049e-19
2.49575000e+01 3.374999879303285e-19
2.49724000e+01 3.373992867531114e-19
2.49873000e+01 3.372986756619366e-19
2.50022000e+01 3.371981545225677e-19
2.50171000e+01 3.370977232010482e-19
2.50320000e+01 3.369973815637005e-19
2.50469000e+01 3.368971294771259e-19
2.50618000e+01 3.367969668082028e-19
2.50767000e+01 3.366968934240865e-19
2.50916000e+01 3.365969091922089e-19
2.51065000e+01 3.364970139802769e-19
2.51214000e+01 3.363972076562721e-19
2.51363000e+01 3.362974900884502e-19
2.51512000e+01 3.361978611453401e-19
2.51661000e+01 3.360983206957429e-19
2.51810000e+01 3.359988686087318e-19
2.51959000e+01 3.358995047536510e-19
2.52108000e+01 3.358002290001147e-19
2.52257000e+01 3.357010412180071e-19
2.52406000e+01 3.356019412774808e-19
2.52555000e+01 3.355029290489569e-19
2.52704000e+01 3.354040044031241e-19
2.52853000e+01 3.353051672109374e-19
2.53002000e+01 3.352064173436181e-19
2.53151000e+01 3.351077546726528e-19
2.53300000e+01 3.350091790697927e-19
2.53449000e+01 3.349106904070529e-19
2.53598000e+01 3.348122885567117e-19
2.53747000e+01 3.347139733913101e-19
2.53896000e+01 3.346157447836508e-19
2.54045000e+01 3.345176026067976e-19
2.54194000e+01 3.344195467340748e-19
2.54343000e+01 3.343215770390667e-19
2.54492000e+01 3.342236933956164e-19
2.54641000e+01 3.341258956778253e-19
2.54790000e+01 3.340281837600529e-19
2.54939000e+01 3.339305575169156e-19
2.55088000e+01 3.338330168232861e-19
2.55237000e+01 3.337355615542927e-19
2.55386000e+01 3.336381915853189e-19
2.55535000e+01 3.335409067920027e-19
2.55684000e+01 3.334437070502354e-19
2.55833000e+01 3.333465922361616e-19
2.55982000e+01 3.332495622261782e-19
2.56131000e+01 3.331526168969337e-19
2.56280000e+01 3.330557561253279e-19
2.56429000e+01 3.329589797885107e-19
2.56578000e+01 3.328622877638818e-19
2.56727000e+01 3.327656799290903e-19
2.56876000e+01 3.326691561620330e-19
2.57025000e+01 3.325727163408553e-19
2.57174000e+01 3.324763603439492e-19
2.57323000e+01 3.323800880499536e-19
2.57472000e+01 3.322838993377528e-19
2.57621000e+01 3.321877940864764e-19
2.57770000e+01 3.320917721754989e-19
2.57919000e+01 3.319958334844386e-19
2.58068000e+01 3.318999778931568e-19
2.58217000e+01 3.318042052817579e-19
2.58366000e+01 3.317085155305879e-19
2.58515000e+01 3.316129085202346e-19
2.58664000e+01 3.315173841315264e-19
2.58813000e+01 3.314219422455320e-19
2.58962000e+01 3.313265827435593e-19
2.59111000e+01 3.312313055071556e-19
2.59260000e+01 3.311361104181060e-19
2.59409000e+01 3.310409973584338e-19
2.59558000e+01 3.309459662103989e-19
2.59707000e+01 3.308510168564980e-19
2.59856000e+01 3.307561491794634e-19
2.60005000e+01 3.306613630622629e-19
2.60154000e+01 3.305666583880987e-19
2.60303000e+01 3.304720350404071e-19
2.60452000e+01 3.303774929028580e-19
2.60601000e+01 3.302830318593538e-19
2.60750000e+01 3.301886517940294e-19
2.60899000e+01 3.300943525912512e-19
2.61048000e+01 3.300001341356168e-19
2.61197000e+01 3.299059963119539e-19
2.61346000e+01 3.298119390053204e-19
2.61495000e+01 3.297179621010033e-19
2.61644000e+01 3.296240654845184e-19
2.61793000e+01 3.295302490416094e-19
2.61942000e+01 3.294365126582475e-19
2.62091000e+01 3.293428562206311e-19
2.62240000e+01 3.292492796151848e-19
2.62389000e+01 3.291557827285587e-19
2.62538000e+01 3.290623654476285e-19
2.62687000e+01 3.289690276594942e-19
2.62836000e+01 3.288757692514801e-19
2.62985000e+01 3.287825901111337e-19
2.63134000e+01 3.286894901262257e-19
2.63283000e+01 3.285964691847489e-19
2.63432000e+01 3.285035271749177e-19
2.63581000e+01 3.284106639851683e-19
2.63730000e+01 3.283178795041570e-19
2.63879000e+01 3.282251736207603e-19
2.64028000e+01 3.281325462240743e-19
2.64177000e+01 3.280399972034142e-19
2.64326000e+01 3.279475264483131e-19
2.64475000e+01 3.278551338485225e-19
2.64624000e+01 3.277628192940110e-19
2.64773000e+01 3.276705826749638e-19
2.64922000e+01 3.275784238817826e-19
2.65071000e+01 3.274863428050844e-19
2.65220000e+01 3.273943393357017e-19
2.65369000e+01 3.273024133646813e-19
2.65518000e+01 3.272105647832840e-19
2.65667000e+01 3.271187934829842e-19
2.65816000e+01 3.270270993554693e-19
2.65965000e+01 3.269354822926389e-19
2.66114000e+01 3.268439421866047e-19
2.66263000e+01 3.267524789296895e-19
2.66412000e+01 3.266610924144272e-19
2.66561000e+01 3.265697825335618e-19
2.66710000e+01 3.264785491800469e-19
2.66859000e+01 3.263873922470457e-19
2.67008000e+01 3.262963116279297e-19
2.67157000e+01 3.262053072162789e-19
2.67306000e+01 3.261143789058806e-19
2.67455000e+01 3.260235265907297e-19
2.67604000e+01 3.259327501650272e-19
2.67753000e+01 3.258420495231806e-19
2.67902000e+01 3.257514245598026e-19
2.68051000e+01 3.256608751697113e-19
2.68200000e+01 3.255704012479293e-19
2.68349000e+01 3.254800026896831e-19
2.68498000e+01 3.253896793904027e-19
2.68647000e+01 3.252994312457213e-19
2.68796000e+01 3.252092581514743e-19
2.68945000e+01 3.251191600036998e-19
2.69094000e+01 3.250291366986363e-19
2.69243000e+01 3.249391881327245e-19
2.69392000e+01 3.248493142026047e-19
2.69541000e+01 3.247595148051176e-19
2.69690000e+01 3.246697898373035e-19
2.69839000e+01 3.245801391964014e-19
2.69988000e+01 3.244905627798491e-19
2.70137000e+01 3.244010604852821e-19
2.70286000e+01 3.243116322105338e-19
2.70435000e+01 3.242222778536345e-19
2.70584000e+01 3.241329973128109e-19
2.70733000e+01 3.240437904864861e-19
2.70882000e+01 3.239546572732783e-19
2.71031000e+01 3.238655975720013e-19
2.71180000e+01 3.237766112816633e-19
2.71329000e+01 3.236876983014665e-19
2.71478000e+01 3.235988585308069e-19
2.71627000e+01 3.235100918692738e-19
2.71776000e+01 3.234213982166489e-19
2.71925000e+01 3.233327774729065e-19
2.72074000e+01 3.232442295382122e-19
2.72223000e+01 3.231557543129233e-19
2.72372000e+01 3.230673516975876e-19
2.72521000e+01 3.229790215929434e-19
2.72670000e+01 3.228907638999189e-19
2.72819000e+01 3.228025785196316e-19
2.72968000e+01 3.227144653533881e-19
2.73117000e+01 3.226264243026831e-19
2.73266000e+01 3.225384552691998e-19
2.73415000e+01 3.224505581548087e-19
2.73564000e+01 3.223627328615672e-19
2.73713000e+01 3.222749792917198e-19
2.73862000e+01 3.221872973476968e-19
2.74011000e+01 3.220996869321144e-19
2.74160000e+01 3.220121479477740e-19
2.74309000e+01 3.219246802976617e-19
2.74458000e+01 3.218372838849483e-19
2.74607000e+01 3.217499586129880e-19
2.74756000e+01 3.216627043853190e-19
2.74905000e+01 3.215755211056623e-19
2.75054000e+01 3.214884086779213e-19
2.75203000e+01 3.214013670061817e-19
2.75352000e+01 3.213143959947108e-19
2.75501000e+01 3.212274955479573e-19
2.75650000e+01 3.211406655705505e-19
2.75799000e+01 3.210539059673001e-19
2.75948000e+01 3.209672166431959e-19
2.76097000e+01 3.208805975034070e-19
2.76246000e+01 3.207940484532815e-19
2.76395000e+01 3.207075693983463e-19
2.76544000e+01 3.206211602443063e-19
2.76693000e+01 3.205348208970443e-19
2.76842000e+01 3.204485512626201e-19
2.76991000e+01 3.203623512472711e-19
2.77140000e+01 3.202762207574103e-19
2.77289000e+01 3.201901596996272e-19
2.77438000e+01 3.201041679806870e-19
2.77587000e+01 3.200182455075298e-19
2.77736000e+01 3.199323921872705e-19
2.77885000e+01 3.198466079271986e-19
2.78034000e+01 3.197608926347771e-19
2.78183000e+01 3.196752462176428e-19
2.78332000e+01 3.195896685836057e-19
2.78481000e+01 3.195041596406482e-19
2.78630000e+01 3.194187192969248e-19
2.78779000e+01 3.193333474607623e-19
2.78928000e+01 3.192480440406586e-19
2.79077000e+01 3.191628089452827e-19
2.79226000e+01 3.190776420834740e-19
2.79375000e+01 3.189925433642426e-19
2.79524000e+01 3.189075126967679e-19
2.79673000e+01 3.188225499903988e-19
2.79822000e+01 3.187376551546532e-19
2.79971000e+01 3.186528280992176e-19
2.80120000e+01 3.185680687339466e-19
2.80269000e+01 3.184833769688626e-19
2.80418000e+01 3.183987527141553e-19
2.80567000e+01 3.183141958801814e-19
2.80716000e+01 3.182297063774640e-19
2.80865000e+01 3.181452841166928e-19
2.81014000e+01 3.180609290087228e-19
2.81163000e+01 3.179766409645745e-19
2.81312000e+01 3.178924198954334e-19
2.81461000e+01 3.178082657126496e-19
2.81610000e+01 3.177241783277374e-19
2.81759000e+01 3.176401576523750e-19
2.81908000e+01 3.175562035984037e-19
2.82057000e+01 3.174723160778280e-19
2.82206000e+01 3.173884950028152e-19
2.82355000e+01 3.173047402856944e-19
2.82504000e+01 3.172210518389570e-19
2.82653000e+01 3.171374295752558e-19
2.82802000e+01 3.170538734074045e-19
2.82951000e+01 3.169703832483777e-19
2.83100000e+01 3.168869590113101e-19
2.83249000e+01 3.168036006094966e-19
2.83398000e+01 3.167203079563916e-19
2.83547000e+01 3.166370809656086e-19
2.83696000e+01 3.165539195509201e-19
2.83845000e+01 3.164708236262568e-19
2.83994000e+01 3.163877931057076e-19
2.84143000e+01 3.163048279035193e-19
2.84292000e+01 3.162219279340956e-19
2.84441000e+01 3.161390931119975e-19
2.84590000e+01 3.160563233519425e-19
2.84739000e+01 3.159736185688041e-19
2.84888000e+01 3.158909786776120e-19
2.85037000e+01 3.158084035935512e-19
2.85186000e+01 3.157258932319617e-19
2.85335000e+01 3.156434475083386e-19
2.85484000e+01 3.155610663383310e-19
2.85633000e+01 3.154787496377422e-19
2.85782000e+01 3.153964973225290e-19
2.85931000e+01 3.153143093088020e-19
2.86080000e+01 3.152321855128242e-19
2.86229000e+01 3.151501258510114e-19
2.86378000e+01 3.150681302399316e-19
2.86527000e+01 3.149861985963048e-19
2.86676000e+01 3.149043308370022e-19
2.86825000e+01 3.148225268790466e-19
2.86974000e+01 3.147407866396112e-19
2.87123000e+01 3.146591100360198e-19
2.87272000e+01 3.145774969857466e-19
2.87421000e+01 3.144959474064150e-19
2.87570000e+01 3.144144612157982e-19
2.87719000e+01 3.143330383318184e-19
2.87868000e+01 3.142516786725465e-19
2.88017000e+01 3.141703821562016e-19
2.88166000e+01 3.140891487011511e-19
2.88315000e+01 3.140079782259098e-19
2.88464000e+01 3.139268706491401e-19
2.88613000e+01 3.138458258896511e-19
2.88762000e+01 3.137648438663988e-19
2.88911000e+01 3.136839244984854e-19
2.89060000e+01 3.136030677051590e-19
2.89209000e+01 3.135222734058134e-19
2.89358000e+01 3.134415415199879e-19
2.89507000e+01 3.133608719673663e-19
2.89656000e+01 3.132802646677775e-19
2.89805000e+01 3.131997195411943e-19
2.89954000e+01 3.131192365077335e-19
2.90103000e+01 3.130388154876559e-19
2.90252000e+01 3.129584564013652e-19
2.90401000e+01 3.128781591694082e-19
2.90550000e+01 3.127979237124742e-19
2.90699000e+01 3.127177499513950e-19
2.90848000e+01 3.126376378071442e-19
2.90997000e+01 3.125575872008373e-19
2.91146000e+01 3.124775980537306e-19
2.91295000e+01 3.123976702872220e-19
2.91444000e+01 3.123178038228496e-19
2.91593000e+01 3.122379985822922e-19
2.91742000e+01 3.121582544873683e-19
2.91891000e+01 3.120785714600362e-19
2.92040000e+01 3.119989494223939e-19
2.92189000e+01 3.119193882966779e-19
2.92338000e+01 3.118398880052639e-19
2.92487000e+01 3.117604484706657e-19
2.92636000e+01 3.116810696155355e-19
2.92785000e+01 3.116017513626630e-19
2.92934000e+01 3.115224936349755e-19
2.93083000e+01 3.114432963555376e-19
2.93232000e+01 3.113641594475504e-19
2.93381000e+01 3.112850828343520e-19
2.93530000e+01 3.112060664394162e-19
2.93679000e+01 3.111271101863532e-19
2.93828000e+01 3.110482139989084e-19
2.93977000e+01 3.109693778009626e-19
2.94126000e+01 3.108906015165319e-19
2.94275000e+01 3.108118850697665e-19
2.94424000e+01 3.107332283849513e-19
2.94573000e+01 3.106546313865055e-19
2.94722000e+01 3.105760939989816e-19
2.94871000e+01 3.104976161470657e-19
2.95020000e+01 3.104191977555772e-19
2.95169000e+01 3.103408387494680e-19
2.95318000e+01 3.102625390538230e-19
2.95467000e+01 3.101842985938591e-19
2.95616000e+01 3.101061172949251e-19
2.95765000e+01 3.100279950825014e-19
2.95914000e+01 3.099499318822000e-19
2.96063000e+01 3.098719276197637e-19
2.96212000e+01 3.097939822210662e-19
2.96361000e+01 3.097160956121115e-19
2.96510000e+01 3.096382677190340e-19
2.96659000e+01 3.095604984680977e-19
2.96808000e+01 3.094827877856964e-19
2.96957000e+01 3.094051355983530e-19
2.97106000e+01 3.093275418327194e-19
2.97255000e+01 3.092500064155764e-19
2.97404000e+01 3.091725292738330e-19
2.97553000e+01 3.090951103345264e-19
2.97702000e+01 3.090177495248215e-19
2.97851000e+01 3.089404467720110e-19
2.98000000e+01 3.088632020035147e-19
2.98149000e+01 3.087860151468794e-19
-----------------------------
