Energy (eV)          EEDF (eV^-(3/2))     First Anisotropy
1.52666666666667e-03 2.30656067553064e+01 1.99076140390137e-02
4.58000000000000e-03 2.25410099799809e+01 3.26089259964286e-02
7.63333333333333e-03 2.20283444651260e+01 4.23531858100064e-02
1.06866666666667e-02 2.15273388509799e+01 4.93465998388896e-02
1.37400000000000e-02 2.10377279490234e+01 5.48497589312326e-02
1.67933333333333e-02 2.05592525987920e+01 5.93513318668096e-02
1.98466666666667e-02 2.00916595397241e+01 6.31101963845462e-02
2.29000000000000e-02 1.96347012680048e+01 6.62862077168156e-02
2.59533333333333e-02 1.91881359078735e+01 6.89876696185840e-02
2.90066666666667e-02 1.87517270878612e+01 7.12927023234608e-02
3.20600000000000e-02 1.83252438106800e+01 7.32602631586496e-02
3.51133333333333e-02 1.79084603319180e+01 7.49363964486990e-02
3.81666666666667e-02 1.75011560435173e+01 7.63580372364014e-02
4.12200000000000e-02 1.71031153537054e+01 7.75554560808603e-02
4.42733333333333e-02 1.67141275734030e+01 7.85539004075377e-02
4.73266666666667e-02 1.63339868068968e+01 7.93747370996368e-02
5.03800000000000e-02 1.59624918404747e+01 8.00362719458576e-02
5.34333333333333e-02 1.55994460362480e+01 8.05543522985451e-02
5.64866666666667e-02 1.52446572297578e+01 8.09428205000542e-02
5.95400000000000e-02 1.48979376264495e+01 8.12138614623842e-02
6.25933333333333e-02 1.45591037024910e+01 8.13782734411520e-02
6.56466666666667e-02 1.42279761089745e+01 8.14456824678770e-02
6.87000000000000e-02 1.39043795755581e+01 8.14247142964077e-02
7.17533333333333e-02 1.35881428178513e+01 8.13231337770443e-02
7.48066666666667e-02 1.32790984478421e+01 8.11479593445260e-02
7.78600000000000e-02 1.29770828841459e+01 8.09055578600155e-02
8.09133333333333e-02 1.26819362655367e+01 8.06017237403249e-02
8.39666666666667e-02 1.23935023672316e+01 8.02417457784452e-02
8.70200000000000e-02 1.21116285172528e+01 7.98304638773158e-02
9.00733333333333e-02 1.18361655157061e+01 7.93723174269032e-02
9.31266666666667e-02 1.15669675565619e+01 7.88713870519642e-02
9.61800000000000e-02 1.13038921496888e+01 7.83314307455371e-02
9.92333333333333e-02 1.10468000455026e+01 7.77559152023813e-02
1.02286666666667e-01 1.07955551618976e+01 7.71480433059963e-02
1.05340000000000e-01 1.05500245121034e+01 7.65107784747194e-02
1.08393333333333e-01 1.03100781315786e+01 7.58468656244325e-02
1.11446666666667e-01 1.00755890153225e+01 7.51588502331517e-02
1.14500000000000e-01 9.84643304498254e+00 7.44490955146538e-02
1.17553333333333e-01 9.62248892361769e+00 7.37197968124397e-02
1.20606666666667e-01 9.40363811617602e+00 7.29729953844384e-02
1.23660000000000e-01 9.18976478188991e+00 7.22105907928262e-02
1.26713333333333e-01 8.98075571333989e+00 7.14343512583921e-02
1.29766666666667e-01 8.77650028058208e+00 7.06459238217939e-02
1.32820000000000e-01 8.57689036839111e+00 6.98468435540552e-02
1.35873333333333e-01 8.38182031934944e+00 6.90385411909148e-02
1.38926666666667e-01 8.19118688144355e+00 6.82223508093256e-02
1.41980000000000e-01 8.00488914976447e+00 6.73995168349856e-02
1.45033333333333e-01 7.82282851336310e+00 6.65711997880114e-02
1.48086666666667e-01 7.64490860613149e+00 6.57384822032582e-02
1.51140000000000e-01 7.47103525261268e+00 6.49023740669131e-02
1.54193333333333e-01 7.30111641837722e+00 6.40638172157767e-02
1.57246666666667e-01 7.13506216400799e+00 6.32236899835846e-02
1.60300000000000e-01 6.97278459470527e+00 6.23828114891795e-02
1.63353333333333e-01 6.81419781395451e+00 6.15419450539528e-02
1.66406666666667e-01 6.65921788043742e+00 6.07018019028199e-02
1.69460000000000e-01 6.50776276114755e+00 5.98630445944984e-02
1.72513333333333e-01 6.35975228813358e+00 5.90262897087353e-02
1.75566666666667e-01 6.21510811816515e+00 5.81921108318115e-02
1.78620000000000e-01 6.07375368909980e+00 5.73610413337422e-02
1.81673333333333e-01 5.93561417949932e+00 5.65335765030369e-02
1.84726666666667e-01 5.80061647088597e+00 5.57101759812591e-02
1.87780000000000e-01 5.66868910712351e+00 5.48912660347607e-02
1.90833333333333e-01 5.53976225671736e+00 5.40772412651430e-02
1.93886666666667e-01 5.41376767750387e+00 5.32684666130691e-02
1.96940000000000e-01 5.29063867882816e+00 5.24652792330257e-02
1.99993333333333e-01 5.17031008635059e+00 5.16679898736166e-02
2.03046666666667e-01 5.05271820901992e+00 5.08768845400559e-02
2.06100000000000e-01 4.93780080384767e+00 5.00922260531268e-02
2.09153333333333e-01 4.82549704305534e+00 4.93142551695796e-02
2.12206666666667e-01 4.71574748318959e+00 4.85431919709474e-02
2.15260000000000e-01 4.60849403230888e+00 4.77792371684012e-02
2.18313333333333e-01 4.50367991931642e+00 4.70225730164842e-02
2.21366666666667e-01 4.40124966508333e+00 4.62733644801792e-02
2.24420000000000e-01 4.30114905187745e+00 4.55317603332371e-02
2.27473333333333e-01 4.20332509473713e+00 4.47978939061114e-02
2.30526666666667e-01 4.10772601447575e+00 4.40718840716753e-02
2.33580000000000e-01 4.01430120919561e+00 4.33538361741860e-02
2.36633333333333e-01 3.92300122756699e+00 4.26438426431666e-02
2.39686666666667e-01 3.83377774359492e+00 4.19419838295845e-02
2.42740000000000e-01 3.74658353007247e+00 4.12483287948260e-02
2.45793333333333e-01 3.66137243363870e+00 4.05629358154491e-02
2.48846666666667e-01 3.57809935119536e+00 3.98858530951510e-02
2.51900000000000e-01 3.49672020516472e+00 3.92171194372192e-02
2.54953333333333e-01 3.41719192020840e+00 3.85567646599093e-02
2.58006666666667e-01 3.33947240118820e+00 3.79048102045760e-02
2.61060000000000e-01 3.26352051010369e+00 3.72612697105225e-02
2.64113333333333e-01 3.18929604436138e+00 3.66261493568045e-02
2.67166666666667e-01 3.11675971618064e+00 3.59994483830516e-02
2.70220000000000e-01 3.04587313109498e+00 3.53811595821124e-02
2.73273333333333e-01 2.97659876766855e+00 3.47712695810263e-02
2.76326666666667e-01 2.90889995825394e+00 3.41697592880506e-02
2.79380000000000e-01 2.84274086894957e+00 3.35766043157306e-02
2.82433333333333e-01 2.77808648066728e+00 3.29917752113803e-02
2.85486666666667e-01 2.71490257115458e+00 3.24152378414603e-02
2.88540000000000e-01 2.65315569630816e+00 3.18469537555026e-02
2.91593333333333e-01 2.59281317250273e+00 3.12868803745470e-02
2.94646666666667e-01 2.53384305979572e+00 3.07349713221208e-02
2.97700000000000e-01 2.47621414450410e+00 3.01911767376869e-02
3.00753333333333e-01 2.41989592271042e+00 2.96554434299852e-02
3.03806666666667e-01 2.36485858457328e+00 2.91277151623293e-02
3.06860000000000e-01 2.31107299808094e+00 2.86079329228333e-02
3.09913333333333e-01 2.25851069365639e+00 2.80960350483949e-02
3.12966666666667e-01 2.20714384950142e+00 2.75919574707915e-02
3.16020000000000e-01 2.15694527644688e+00 2.70956339497847e-02
3.19073333333333e-01 2.10788840358350e+00 2.66069961725055e-02
3.22126666666667e-01 2.05994726457227e+00 2.61259739658205e-02
3.25180000000000e-01 2.01309648351651e+00 2.56524954974694e-02
3.28233333333333e-01 1.96731126155023e+00 2.51864873548198e-02
3.31286666666667e-01 1.92256736405167e+00 2.47278747281399e-02
3.34340000000000e-01 1.87884110746770e+00 2.42765815841421e-02
3.37393333333333e-01 1.83610934679590e+00 2.38325307274321e-02
3.40446666666667e-01 1.79434946364226e+00 2.33956439586311e-02
3.43500000000000e-01 1.75353935393311e+00 2.29658422240564e-02
3.46553333333333e-01 1.71365741623150e+00 2.25430456626506e-02
3.49606666666667e-01 1.67468254058366e+00 2.21271737423244e-02
3.52660000000000e-01 1.63659409705836e+00 2.17181453889647e-02
3.55713333333333e-01 1.59937192484194e+00 2.13158790211899e-02
3.58766666666667e-01 1.56299632182180e+00 2.09202926678056e-02
3.61820000000000e-01 1.52744803389712e+00 2.05313040788745e-02
3.64873333333333e-01 1.49270824480069e+00 2.01488307502792e-02
3.67926666666667e-01 1.45875856637106e+00 1.97727900247754e-02
3.70980000000000e-01 1.42558102858234e+00 1.94030991874832e-02
3.74033333333333e-01 1.39315807004439e+00 1.90396754819286e-02
3.77086666666667e-01 1.36147252891846e+00 1.86824361968405e-02
3.80140000000000e-01 1.33050763361735e+00 1.83312987480937e-02
3.83193333333333e-01 1.30024699393883e+00 1.79861806876511e-02
3.86246666666667e-01 1.27067459258239e+00 1.76469997779554e-02
3.89300000000000e-01 1.24177477647447e+00 1.73136740620846e-02
3.92353333333333e-01 1.21353224849289e+00 1.69861218667984e-02
3.95406666666667e-01 1.18593205954517e+00 1.66642618661309e-02
3.98460000000000e-01 1.15895960047662e+00 1.63480131412840e-02
4.01513333333333e-01 1.13260059434638e+00 1.60372951787987e-02
4.04566666666667e-01 1.10684108903032e+00 1.57320279247453e-02
4.07620000000000e-01 1.08166744967264e+00 1.54321318356792e-02
4.10673333333333e-01 1.05706635147676e+00 1.51375278728070e-02
4.13726666666667e-01 1.03302477279827e+00 1.48481375479854e-02
4.16780000000000e-01 1.00952998810327e+00 1.45638829668939e-02
4.19833333333333e-01 9.86569561239942e-01 1.42846868199346e-02
4.22886666666667e-01 9.64131338989067e-01 1.40104724210963e-02
4.25940000000000e-01 9.42203444495113e-01 1.37411637443497e-02
4.28993333333333e-01 9.20774270986309e-01 1.34766854119083e-02
4.32046666666667e-01 8.99832475752619e-01 1.32169627268808e-02
4.35100000000000e-01 8.79366974017675e-01 1.29619217037654e-02
4.38153333333333e-01 8.59366933077486e-01 1.27114890546068e-02
4.41206666666667e-01 8.39821766677652e-01 1.24655922162411e-02
4.44260000000000e-01 8.20721129296426e-01 1.22241593756570e-02
4.47313333333333e-01 8.02054910674176e-01 1.19871194545020e-02
4.50366666666667e-01 7.83813230563455e-01 1.17544021316248e-02
4.53420000000000e-01 7.65986433395519e-01 1.15259378639723e-02
4.56473333333333e-01 7.48565083174499e-01 1.13016578698320e-02
4.59526666666667e-01 7.31539958575677e-01 1.10814941472863e-02
4.62580000000000e-01 7.14902047969671e-01 1.08653794912341e-02
4.65633333333333e-01 6.98642544656994e-01 1.06532474756941e-02
4.68686666666667e-01 6.82752842291529e-01 1.04450324687127e-02
4.71740000000000e-01 6.67224530238300e-01 1.02406696460227e-02
4.74793333333333e-01 6.52049389125754e-01 1.00400949726840e-02
4.77846666666667e-01 6.37219386572905e-01 9.84324521491781e-03
4.80900000000000e-01 6.22726672858281e-01 9.65005795085355e-03
4.83953333333333e-01 6.08563576768733e-01 9.46047155173965e-03
4.87006666666667e-01 5.94722601610161e-01 9.27442519111851e-03
4.90060000000000e-01 5.81196421166724e-01 9.09185885305585e-03
4.93113333333333e-01 5.67977875826408e-01 8.91271331311860e-03
4.96166666666667e-01 5.55059968856568e-01 8.73693014525395e-03
4.99220000000000e-01 5.42435862633885e-01 8.56445172784750e-03
5.02273333333333e-01 5.30098875028260e-01 8.39522122463155e-03
5.05326666666667e-01 5.18042475925622e-01 8.22918258958695e-03
5.08380000000000e-01 5.06260283710462e-01 8.06628057113451e-03
5.11433333333333e-01 4.94746061890818e-01 7.90646069310998e-03
5.14486666666667e-01 4.83493715851985e-01 7.74966925796854e-03
5.17540000000000e-01 4.72497289574653e-01 7.59585334937559e-03
5.20593333333333e-01 4.61750962484922e-01 7.44496081336143e-03
5.23646666666667e-01 4.51249046423605e-01 7.29694026007369e-03
5.26700000000000e-01 4.40985982584164e-01 7.15174106500063e-03
5.29753333333333e-01 4.30956338572747e-01 7.00931335039894e-03
5.32806666666667e-01 4.21154805578798e-01 6.86960798580859e-03
5.35860000000000e-01 4.11576195518042e-01 6.73257658811339e-03
5.38913333333333e-01 4.02215438288540e-01 6.59817150331750e-03
5.41966666666667e-01 3.93067579129264e-01 6.46634580601100e-03
5.45020000000000e-01 3.84127775954369e-01 6.33705329844708e-03
5.48073333333333e-01 3.75391296792201e-01 6.21024849272736e-03
5.51126666666667e-01 3.66853517319377e-01 6.08588660938364e-03
5.54180000000000e-01 3.58509918373504e-01 5.96392357562825e-03
5.57233333333333e-01 3.50356083562956e-01 5.84431600799665e-03
5.60286666666667e-01 3.42387696964801e-01 5.72702121018891e-03
5.63340000000000e-01 3.34600540804020e-01 5.61199717063048e-03
5.66393333333333e-01 3.26990493222652e-01 5.49920254560941e-03
5.69446666666667e-01 3.19553526130709e-01 5.38859665650356e-03
5.72500000000000e-01 3.12285703040727e-01 5.28013948677193e-03
5.75553333333333e-01 3.05183176985651e-01 5.17379166561368e-03
5.78606666666667e-01 2.98242188512596e-01 5.06951446469122e-03
5.81660000000000e-01 2.91459063662308e-01 4.96726979465661e-03
5.84713333333333e-01 2.84830212025880e-01 4.86702018935254e-03
5.87766666666667e-01 2.78352124871875e-01 4.76872880212711e-03
5.90820000000000e-01 2.72021373260982e-01 4.67235940198600e-03
5.93873333333333e-01 2.65834606232317e-01 4.57787635834879e-03
5.96926666666667e-01 2.59788549055042e-01 4.48524463703927e-03
5.99980000000000e-01 2.53880001469174e-01 4.39442979614214e-03
6.03033333333333e-01 2.48105835992812e-01 4.30539797132196e-03
6.06086666666667e-01 2.42462996290004e-01 4.21811587156132e-03
6.09140000000000e-01 2.36948495529242e-01 4.13255077479125e-03
6.12193333333333e-01 2.31559414803567e-01 4.04867051377555e-03
6.15246666666667e-01 2.26292901606956e-01 3.96644347165928e-03
6.18300000000000e-01 2.21146168302621e-01 3.88583857743217e-03
6.21353333333333e-01 2.16116490648467e-01 3.80682529237713e-03
6.24406666666667e-01 2.11201206374791e-01 3.72937360548336e-03
6.27460000000000e-01 2.06397713755037e-01 3.65345402879413e-03
6.30513333333333e-01 2.01703470229574e-01 3.57903758441480e-03
6.33566666666667e-01 1.97115991077981e-01 3.50609579983701e-03
6.36620000000000e-01 1.92632848085398e-01 3.43460070321501e-03
6.39673333333333e-01 1.88251668258066e-01 3.36452481092573e-03
6.42726666666667e-01 1.83970132583923e-01 3.29584112284455e-03
6.45780000000000e-01 1.79785974788136e-01 3.22852311758754e-03
6.48833333333333e-01 1.75696980134301e-01 3.16254474061394e-03
6.51886666666667e-01 1.71700984267464e-01 3.09788039948777e-03
6.54940000000000e-01 1.67795872052887e-01 3.03450495911828e-03
6.57993333333333e-01 1.63979576457168e-01 2.97239373039331e-03
6.61046666666667e-01 1.60250077468241e-01 2.91152246545569e-03
6.64100000000000e-01 1.56605401011774e-01 2.85186735296958e-03
6.67153333333333e-01 1.53043617906912e-01 2.79340500727136e-03
6.70206666666667e-01 1.49562842858107e-01 2.73611246368562e-03
6.73260000000000e-01 1.46161233443983e-01 2.67996717384032e-03
6.76313333333333e-01 1.42836989142698e-01 2.62494699532127e-03
6.79366666666667e-01 1.39588350390858e-01 2.57103018704823e-03
6.82420000000000e-01 1.36413597639972e-01 2.51819540465815e-03
6.85473333333333e-01 1.33311050446814e-01 2.46642169064817e-03
6.88526666666667e-01 1.30279066594947e-01 2.41568846982914e-03
6.91580000000000e-01 1.27316041214252e-01 2.36597554479290e-03
6.94633333333333e-01 1.24420405931957e-01 2.31726308652803e-03
6.97686666666667e-01 1.21590628052598e-01 2.26953162996506e-03
7.00740000000000e-01 1.18825209736421e-01 2.22276206954091e-03
7.03793333333333e-01 1.16122687207008e-01 2.17693565027111e-03
7.06846666666667e-01 1.13481629985817e-01 2.13203396339829e-03
7.09900000000000e-01 1.10900640125495e-01 2.08803894206438e-03
7.12953333333333e-01 1.08378351470345e-01 2.04493285282298e-03
7.16006666666667e-01 1.05913428941802e-01 2.00269829140009e-03
7.19060000000000e-01 1.03504567822991e-01 1.96131817848268e-03
7.22113333333333e-01 1.01150493068513e-01 1.92077575165452e-03
7.25166666666667e-01 9.88499586374645e-02 1.88105456127646e-03
7.28220000000000e-01 9.66017468258184e-02 1.84213846639773e-03
7.31273333333333e-01 9.44046676222322e-02 1.80401162709867e-03
7.34326666666667e-01 9.22575580854595e-02 1.76665850049620e-03
7.37380000000000e-01 9.01592817213489e-02 1.73006383678233e-03
7.40433333333333e-01 8.81087278816081e-02 1.69421267195761e-03
7.43486666666667e-01 8.61048111826529e-02 1.65909032396547e-03
7.46540000000000e-01 8.41464709242407e-02 1.62468238886161e-03
7.49593333333333e-01 8.22326705283274e-02 1.59097473392168e-03
7.52646666666667e-01 8.03623969965971e-02 1.55795349390714e-03
7.55700000000000e-01 7.85346603679460e-02 1.52560506736767e-03
7.58753333333333e-01 7.67484931947587e-02 1.49391611010701e-03
7.61806666666667e-01 7.50029500365453e-02 1.46287353158190e-03
7.64860000000000e-01 7.32971069536783e-02 1.43246449133850e-03
7.67913333333333e-01 7.16300610185927e-02 1.40267639282076e-03
7.70966666666667e-01 7.00009298431293e-02 1.37349687990293e-03
7.74020000000000e-01 6.84088511061001e-02 1.34491383346012e-03
7.77073333333333e-01 6.68529820970832e-02 1.31691536550386e-03
7.80126666666667e-01 6.53324992752302e-02 1.28948981584779e-03
7.83180000000000e-01 6.38465978283983e-02 1.26262574881184e-03
7.86233333333333e-01 6.23944912473667e-02 1.23631194766998e-03
7.89286666666667e-01 6.09754109140151e-02 1.21053741144811e-03
7.92340000000000e-01 5.95886056899111e-02 1.18529135176057e-03
7.95393333333333e-01 5.82333415189205e-02 1.16056318755546e-03
7.98446666666667e-01 5.69089010428017e-02 1.13634254204331e-03
8.01500000000000e-01 5.56145832172807e-02 1.11261923966388e-03
8.04553333333333e-01 5.43497029411606e-02 1.08938330111519e-03
8.07606666666667e-01 5.31135906975087e-02 1.06662494041060e-03
8.10660000000000e-01 5.19055921953804e-02 1.04433456197392e-03
8.13713333333333e-01 5.07250680236624e-02 1.02250275593825e-03
8.16766666666667e-01 4.95713933161482e-02 1.00112029532917e-03
8.19820000000000e-01 4.84439574171976e-02 9.80178133285320e-04
8.22873333333333e-01 4.73421635586630e-02 9.59667398614095e-04
8.25926666666667e-01 4.62654285472649e-02 9.39579393097973e-04
8.28980000000000e-01 4.52131824525861e-02 9.19905588837671e-04
8.32033333333333e-01 4.41848683055424e-02 9.00637624051921e-04
8.35086666666667e-01 4.31799418065740e-02 8.81767300503923e-04
8.38140000000000e-01 4.21978710344819e-02 8.63286580963801e-04
8.41193333333333e-01 4.12381361650059e-02 8.45187585240348e-04
8.44246666666667e-01 4.03002291984465e-02 8.27462587724229e-04
8.47300000000000e-01 3.93836536879506e-02 8.10104014966379e-04
8.50353333333333e-01 3.84879244768566e-02 7.93104441929942e-04
8.53406666666667e-01 3.76125674444529e-02 7.76456589646799e-04
8.56460000000000e-01 3.67571192524138e-02 7.60153322908314e-04
8.59513333333333e-01 3.59211270996588e-02 7.44187646726307e-04
8.62566666666667e-01 3.51041484850427e-02 7.28552704099253e-04
8.65620000000000e-01 3.43057509707265e-02 7.13241773811767e-04
8.68673333333333e-01 3.35255119533852e-02 6.98248267093812e-04
8.71726666666667e-01 3.27630184427004e-02 6.83565725492908e-04
8.74780000000000e-01 3.20178668405364e-02 6.69187818778667e-04
8.77833333333333e-01 3.12896627274050e-02 6.55108341789886e-04
8.80886666666667e-01 3.05780206557095e-02 6.41321212409091e-04
8.83940000000000e-01 2.98825639436691e-02 6.27820469568314e-04
8.86993333333333e-01 2.92029244760244e-02 6.14600270274294e-04
8.90046666666667e-01 2.85387425110496e-02 6.01654887681576e-04
8.93100000000000e-01 2.78896664882412e-02 5.88978709195757e-04
8.96153333333333e-01 2.72553528423127e-02 5.76566233667406e-04
8.99206666666667e-01 2.66354658230605e-02 5.64412069559972e-04
9.02260000000000e-01 2.60296773158956e-02 5.52510933146772e-04
9.05313333333333e-01 2.54376666682423e-02 5.40857645864634e-04
9.08366666666667e-01 2.48591205214015e-02 5.29447132572892e-04
9.11420000000000e-01 2.42937326430675e-02 5.18274419840399e-04
9.14473333333333e-01 2.37412037653041e-02 5.07334633450343e-04
9.17526666666667e-01 2.32012414276056e-02 4.96622996746681e-04
9.20580000000000e-01 2.26735598205988e-02 4.86134829007480e-04
9.23633333333333e-01 2.21578796348240e-02 4.75865543092762e-04
9.26686666666667e-01 2.16539279142484e-02 4.65810643874720e-04
9.29740000000000e-01 2.11614379104060e-02 4.55965726693799e-04
9.32793333333333e-01 2.06801489412625e-02 4.46326475141813e-04
9.35846666666667e-01 2.02098062544861e-02 4.36888659572422e-04
9.38900000000000e-01 1.97501608913276e-02 4.27648135636400e-04
9.41953333333333e-01 1.93009695548965e-02 4.18600842192629e-04
9.45006666666667e-01 1.88619944825398e-02 4.09742799895335e-04
9.48060000000000e-01 1.84330033188110e-02 4.01070109805084e-04
9.51113333333333e-01 1.80137689925312e-02 3.92578951420678e-04
9.54166666666667e-01 1.76040695976681e-02 3.84265581339745e-04
9.57220000000000e-01 1.72036882747874e-02 3.76126331942102e-04
9.60273333333333e-01 1.68124130963130e-02 3.68157609535863e-04
9.63326666666667e-01 1.64300369553397e-02 3.60355893088082e-04
9.66380000000000e-01 1.60563574550016e-02 3.52717732977203e-04
9.69433333333333e-01 1.56911768013829e-02 3.45239749247057e-04
9.72486666666667e-01 1.53343016997380e-02 3.37918630404368e-04
9.75540000000000e-01 1.49855432512463e-02 3.30751132237096e-04
9.78593333333333e-01 1.46447168530645e-02 3.23734076170298e-04
9.81646666666667e-01 1.43116421014603e-02 3.16864348127411e-04
9.84700000000000e-01 1.39861426954605e-02 3.10138897411396e-04
9.87753333333333e-01 1.36680463435687e-02 3.03554735156785e-04
9.90806666666667e-01 1.33571846733517e-02 2.97108933251722e-04
9.93860000000000e-01 1.30533931415209e-02 2.90798623278938e-04
9.96913333333333e-01 1.27565109468709e-02 2.84620995058576e-04
9.99966666666667e-01 1.24663809458886e-02 2.78573295508482e-04
1.00302000000000e+00 1.21828495695131e-02 2.72652828240611e-04
1.00607333333333e+00 1.19057667385063e-02 2.66856951120341e-04
1.00912666666667e+00 1.16349857914336e-02 2.61183075745049e-04
1.01218000000000e+00 1.13703634002238e-02 2.55628667741604e-04
1.01523333333333e+00 1.11117594945892e-02 2.50191243312128e-04
1.01828666666667e+00 1.08590371940709e-02 2.44868369379089e-04
1.02134000000000e+00 1.06120627292878e-02 2.39657663716822e-04
1.02439333333333e+00 1.03707053713941e-02 2.34556791726929e-04
1.02744666666667e+00 1.01348373686055e-02 2.29563466558085e-04
1.03050000000000e+00 9.90433387275234e-03 2.24675449213737e-04
1.03355333333333e+00 9.67907287343964e-03 2.19890545541825e-04
1.03660666666667e+00 9.45893513875854e-03 2.15206606332206e-04
1.03966000000000e+00 9.24380414678668e-03 2.10621527403255e-04
1.04271333333333e+00 9.03356602413643e-03 2.06133246791628e-04
1.04576666666667e+00 8.82810949057706e-03 2.01739744829890e-04
1.04882000000000e+00 8.62732579514772e-03 1.97439044214490e-04
1.05187333333333e+00 8.43110865880198e-03 1.93229207382252e-04
1.05492666666667e+00 8.23935422268321e-03 1.89108336570528e-04
1.05798000000000e+00 8.05196098853907e-03 1.85074573868768e-04
1.06103333333333e+00 7.86882976518911e-03 1.81126098769295e-04
1.06408666666667e+00 7.68986362021325e-03 1.77261128212102e-04
1.06714000000000e+00 7.51496782437735e-03 1.73477916622001e-04
1.07019333333333e+00 7.34404980166921e-03 1.69774753622080e-04
1.07324666666667e+00 7.17701908417550e-03 1.66149964065026e-04
1.07630000000000e+00 7.01378726024777e-03 1.62601908057651e-04
1.07935333333333e+00 6.85426792786912e-03 1.59128978826201e-04
1.08240666666667e+00 6.69837665250959e-03 1.55729602735900e-04
1.08546000000000e+00 6.54603091878046e-03 1.52402239304468e-04
1.08851333333333e+00 6.39715008690944e-03 1.49145379209168e-04
1.09156666666667e+00 6.25165535337855e-03 1.45957544296093e-04
1.09462000000000e+00 6.10946970583143e-03 1.42837287584098e-04
1.09767333333333e+00 5.97051788244990e-03 1.39783191404187e-04
1.10072666666667e+00 5.83472633519106e-03 1.36793867399885e-04
1.10378000000000e+00 5.70202318772825e-03 1.33867956522902e-04
1.10683333333333e+00 5.57233819753568e-03 1.31004127296024e-04
1.10988666666667e+00 5.44560272155341e-03 1.28201075805801e-04
1.11294000000000e+00 5.32174967695766e-03 1.25457525691093e-04
1.11599333333333e+00 5.20071350577280e-03 1.22772226521265e-04
1.11904666666667e+00 5.08243014280445e-03 1.20143953782274e-04
1.12210000000000e+00 4.96683697904824e-03 1.17571508859127e-04
1.12515333333333e+00 4.85387282866089e-03 1.15053717521706e-04
1.12820666666667e+00 4.74347789901183e-03 1.12589429905239e-04
1.13126000000000e+00 4.63559375655269e-03 1.10177520487587e-04
1.13431333333333e+00 4.53016329599021e-03 1.07816886675539e-04
1.13736666666667e+00 4.42713071231670e-03 1.05506448780537e-04
1.14042000000000e+00 4.32644146897453e-03 1.03245149991612e-04
1.14347333333333e+00 4.22804226908407e-03 1.01031955055474e-04
1.14652666666667e+00 4.13188102932255e-03 9.88658502482481e-05
1.14958000000000e+00 4.03790685022894e-03 9.67458433448017e-05
1.15263333333333e+00 3.94606998934994e-03 9.46709623863957e-05
1.15568666666667e+00 3.85632183684535e-03 9.26402556491188e-05
1.15874000000000e+00 3.76861488778919e-03 9.06527916102396e-05
1.16179333333333e+00 3.68290271710589e-03 8.87076577976045e-05
1.16484666666667e+00 3.59913995678829e-03 8.68039607553857e-05
1.16790000000000e+00 3.51728227006059e-03 8.49408260080331e-05
1.17095333333333e+00 3.43728632798537e-03 8.31173969859810e-05
1.17400666666667e+00 3.35910978818791e-03 8.13328349892437e-05
1.17706000000000e+00 3.28271127075553e-03 7.95863191494826e-05
1.18011333333333e+00 3.20805033640412e-03 7.78770454269472e-05
1.18316666666667e+00 3.13508746660934e-03 7.62042265723953e-05
1.18622000000000e+00 3.06378404112554e-03 7.45670920877140e-05
1.18927333333333e+00 2.99410231760779e-03 7.29648872893743e-05
1.19232666666667e+00 2.92600541305712e-03 7.13968732690912e-05
1.19538000000000e+00 2.85945728284998e-03 6.98623268533890e-05
1.19843333333333e+00 2.79442270171882e-03 6.83605397291485e-05
1.20148666666667e+00 2.73086724642455e-03 6.68908184033771e-05
1.20454000000000e+00 2.66875727619498e-03 6.54524841620649e-05
1.20759333333333e+00 2.60805991497328e-03 6.40448722537001e-05
1.21064666666667e+00 2.54874303523677e-03 6.26673318484681e-05
1.21370000000000e+00 2.49077523974936e-03 6.13192259967017e-05
1.21675333333333e+00 2.43412584499355e-03 5.99999308665117e-05
1.21980666666667e+00 2.37876486605971e-03 5.87088357026989e-05
1.22286000000000e+00 2.32466299962427e-03 5.74453427850569e-05
1.22591333333333e+00 2.27179160848621e-03 5.62088667165288e-05
1.22896666666667e+00 2.22012270745624e-03 5.49988343820711e-05
1.23202000000000e+00 2.16962894747819e-03 5.38146849070376e-05
1.23507333333333e+00 2.12028360119649e-03 5.26558689925081e-05
1.23812666666667e+00 2.07206054977907e-03 5.15218488743140e-05
1.24118000000000e+00 2.02493426810518e-03 5.04120982816961e-05
1.24423333333333e+00 1.97887981129501e-03 4.93261018166773e-05
1.24728666666667e+00 1.93387280240472e-03 4.82633549134317e-05
1.25034000000000e+00 1.88988941860894e-03 4.72233637973818e-05
1.25339333333333e+00 1.84690637862838e-03 4.62056449056910e-05
1.25644666666667e+00 1.80490093123941e-03 4.52097248471279e-05
1.25950000000000e+00 1.76385084238425e-03 4.42351403617497e-05
1.26255333333333e+00 1.72373438343684e-03 4.32814377797859e-05
1.26560666666667e+00 1.68453032047303e-03 4.23481729821283e-05
1.26866000000000e+00 1.64621790224618e-03 4.14349113607156e-05
1.27171333333333e+00 1.60877684923533e-03 4.05412273132641e-05
1.27476666666667e+00 1.57218734362577e-03 3.96667042044949e-05
1.27782000000000e+00 1.53643001809189e-03 3.88109343273203e-05
1.28087333333333e+00 1.50148594557543e-03 3.79735184310406e-05
1.28392666666667e+00 1.46733662992956e-03 3.71540656833998e-05
1.28698000000000e+00 1.43396399545461e-03 3.63521936326554e-05
1.29003333333333e+00 1.40135037735788e-03 3.55675277670233e-05
1.29308666666667e+00 1.36947851301717e-03 3.47997014776364e-05
1.29614000000000e+00 1.33833153221900e-03 3.40483560215636e-05
1.29919333333333e+00 1.30789294825431e-03 3.33131401104314e-05
1.30224666666667e+00 1.27814664976077e-03 3.25937098743436e-05
1.30530000000000e+00 1.24907689161596e-03 3.18897288259051e-05
1.30835333333333e+00 1.22066828662687e-03 3.12008674760822e-05
1.31140666666667e+00 1.19290579791244e-03 3.05268032991317e-05
1.31446000000000e+00 1.16577473040791e-03 2.98672206976709e-05
1.31751333333333e+00 1.13926072310840e-03 2.92218106439709e-05
1.32056666666667e+00 1.11334974195602e-03 2.85902706459292e-05
1.32362000000000e+00 1.08802807191431e-03 2.79723047132146e-05
1.32667333333333e+00 1.06328230972893e-03 2.73676230223091e-05
1.32972666666667e+00 1.03909935728598e-03 2.67759418835511e-05
1.33278000000000e+00 1.01546641421826e-03 2.61969837083735e-05
1.33583333333333e+00 9.92370971148550e-04 2.56304766965201e-05
1.33888666666667e+00 9.69800803488030e-04 2.50761548041752e-05
1.34194000000000e+00 9.47743964538538e-04 2.45337577123092e-05
1.34499333333333e+00 9.26188779186386e-04 2.40030305345994e-05
1.34804666666667e+00 9.05123838111643e-04 2.34837237866548e-05
1.35110000000000e+00 8.84537991353177e-04 2.29755933554745e-05
1.35415333333333e+00 8.64420342422893e-04 2.24784002267004e-05
1.35720666666667e+00 8.44760242898752e-04 2.19919104549396e-05
1.36026000000000e+00 8.25547286421472e-04 2.15158951343342e-05
1.36331333333333e+00 8.06771303201181e-04 2.10501301438652e-05
1.36636666666667e+00 7.88422354968776e-04 2.05943961187705e-05
1.36942000000000e+00 7.70490729375284e-04 2.01484784222179e-05
1.37247333333333e+00 7.52966934864785e-04 1.97121669074651e-05
1.37552666666667e+00 7.35841695960369e-04 1.92852558903641e-05
1.37858000000000e+00 7.19105948039150e-04 1.88675441221278e-05
1.38163333333333e+00 7.02750832547013e-04 1.84588345672288e-05
1.38468666666667e+00 6.86767692597042e-04 1.80589343769774e-05
1.38774000000000e+00 6.71148068094945e-04 1.76676548633668e-05
1.39079333333333e+00 6.55883691272852e-04 1.72848112916683e-05
1.39384666666667e+00 6.40966482579519e-04 1.69102228550671e-05
1.39690000000000e+00 6.26388546132643e-04 1.65437126495685e-05
1.39995333333333e+00 6.12142165550439e-04 1.61851074803145e-05
1.40300666666667e+00 5.98219800114299e-04 1.58342378372596e-05
1.40606000000000e+00 5.84614080526060e-04 1.54909378711159e-05
1.40911333333333e+00 5.71317805017500e-04 1.51550452124839e-05
1.41216666666667e+00 5.58323935767414e-04 1.48264009485450e-05
1.41522000000000e+00 5.45625594943365e-04 1.45048496000240e-05
1.41827333333333e+00 5.33216061070570e-04 1.41902389522839e-05
1.42132666666667e+00 5.21088765686551e-04 1.38824200330118e-05
1.42438000000000e+00 5.09237289648262e-04 1.35812470901734e-05
1.42743333333333e+00 4.97655359743086e-04 1.32865774342811e-05
1.43048666666667e+00 4.86336845565311e-04 1.29982714170475e-05
1.43354000000000e+00 4.75275756070839e-04 1.27161924103038e-05
1.43659333333333e+00 4.64466236414141e-04 1.24402066587027e-05
1.43964666666667e+00 4.53902565031871e-04 1.21701832593121e-05
1.44270000000000e+00 4.43579150428540e-04 1.19059941414714e-05
1.44575333333333e+00 4.33490528224366e-04 1.16475139292363e-05
1.44880666666667e+00 4.23631358432300e-04 1.13946199218859e-05
1.45186000000000e+00 4.13996422459175e-04 1.11471920746886e-05
1.45491333333333e+00 4.04580620350382e-04 1.09051128704437e-05
1.45796666666667e+00 3.95378968247503e-04 1.06682673008742e-05
1.46102000000000e+00 3.86386595590469e-04 1.04365428482718e-05
1.46407333333333e+00 3.77598742545949e-04 1.02098293655344e-05
1.46712666666667e+00 3.69010757633613e-04 9.98801905841446e-06
1.47018000000000e+00 3.60618095115823e-04 9.77100646801461e-06
1.47323333333333e+00 3.52416312597479e-04 9.55868835875840e-06
1.47628666666667e+00 3.44401068809744e-04 9.35096370146542e-06
1.47934000000000e+00 3.36568121174682e-04 9.14773365666744e-06
1.48239333333333e+00 3.28913323565136e-04 8.94890146998700e-06
1.48544666666667e+00 3.21432624235478e-04 8.75437245601059e-06
1.48850000000000e+00 3.14122063549455e-04 8.56405398239568e-06
1.49155333333333e+00 3.06977771889433e-04 8.37785537216735e-06
1.49460666666667e+00 2.99995967724426e-04 8.19568788835959e-06
1.49766000000000e+00 2.93172955490209e-04 8.01746471888398e-06
1.50071333333333e+00 2.86505123637958e-04 7.84310088528595e-06
1.50376666666667e+00 2.79988942830470e-04 7.67251322812581e-06
1.50682000000000e+00 2.73620963964323e-04 7.50562039258019e-06
1.50987333333333e+00 2.67397816348628e-04 7.34234274323026e-06
1.51292666666667e+00 2.61316206020930e-04 7.18260235015351e-06
1.51598000000000e+00 2.55372913901897e-04 7.02632297522887e-06
1.51903333333333e+00 2.49564794095506e-04 6.87342999255830e-06
1.52208666666667e+00 2.43888772316696e-04 6.72385037524097e-06
1.52514000000000e+00 2.38341844169693e-04 6.57751268235330e-06
1.52819333333333e+00 2.32921073561535e-04 6.43434698463167e-06
1.53124666666667e+00 2.27623591234067e-04 6.29428485190090e-06
1.53430000000000e+00 2.22446593157616e-04 6.15725934070175e-06
1.53735333333333e+00 2.17387339050299e-04 6.02320492488605e-06
1.54040666666667e+00 2.12443151007433e-04 5.89205748367254e-06
1.54346000000000e+00 2.07611412002837e-04 5.76375428989489e-06
1.54651333333333e+00 2.02889564506857e-04 5.63823394518414e-06
1.54956666666667e+00 1.98275109206750e-04 5.51543636862547e-06
1.55262000000000e+00 1.93765603608374e-04 5.39530278559964e-06
1.55567333333333e+00 1.89358660746373e-04 5.27777566724958e-06
1.55872666666667e+00 1.85051947989479e-04 5.16279871971206e-06
1.56178000000000e+00 1.80843185735882e-04 5.05031687352676e-06
1.56483333333333e+00 1.76730146209408e-04 4.94027622710368e-06
1.56788666666667e+00 1.72710652344127e-04 4.83262403650461e-06
1.57094000000000e+00 1.68782576567110e-04 4.72730870539432e-06
1.57399333333333e+00 1.64943839674874e-04 4.62427973224444e-06
1.57704666666667e+00 1.61192409792032e-04 4.52348770063989e-06
1.58010000000000e+00 1.57526301235580e-04 4.42488426974819e-06
1.58315333333333e+00 1.53943573466258e-04 4.32842212501277e-06
1.58620666666667e+00 1.50442330116333e-04 4.23405496896034e-06
1.58926000000000e+00 1.47020717929946e-04 4.14173751216478e-06
1.59231333333333e+00 1.43676925784403e-04 4.05142542719890e-06
1.59536666666667e+00 1.40409183782489e-04 3.96307533992009e-06
1.59842000000000e+00 1.37215762263799e-04 3.87664482090608e-06
1.60147333333333e+00 1.34094970891275e-04 3.79209234244929e-06
1.60452666666667e+00 1.31045157803790e-04 3.70937727029879e-06
1.60758000000000e+00 1.28064708693688e-04 3.62845985554571e-06
1.61063333333333e+00 1.25152045954229e-04 3.54930119445916e-06
1.61368666666667e+00 1.22305627888438e-04 3.47186322066311e-06
1.61674000000000e+00 1.19523947848418e-04 3.39610869744995e-06
1.61979333333333e+00 1.16805533439648e-04 3.32200118027036e-06
1.62284666666667e+00 1.14148945782355e-04 3.24950500932407e-06
1.62590000000000e+00 1.11552778708468e-04 3.17858530228144e-06
1.62895333333333e+00 1.09015658018970e-04 3.10920791925174e-06
1.63200666666667e+00 1.06536240794319e-04 3.04133945576805e-06
1.63506000000000e+00 1.04113214645170e-04 2.97494723589687e-06
1.63811333333333e+00 1.01745297019252e-04 2.90999927952111e-06
1.64116666666667e+00 9.94312345575735e-05 2.84646429569988e-06
1.64422000000000e+00 9.71698023953253e-05 2.78431167614760e-06
1.64727333333333e+00 9.49598035149622e-05 2.72351146467831e-06
1.65032666666667e+00 9.28000681451719e-05 2.66403435092224e-06
1.65338000000000e+00 9.06894531085793e-05 2.60585166415598e-06
1.65643333333333e+00 8.86268412179684e-05 2.54893534476541e-06
1.65948666666667e+00 8.66111407151648e-05 2.49325793830138e-06
1.66254000000000e+00 8.46412846624136e-05 2.43879258964363e-06
1.66559333333333e+00 8.27162303788607e-05 2.38551301634889e-06
1.66864666666667e+00 8.08349589167014e-05 2.33339350302879e-06
1.67170000000000e+00 7.89964744933059e-05 2.28240889583060e-06
1.67475333333333e+00 7.71998039652756e-05 2.23253457754613e-06
1.67780666666667e+00 7.54439963393845e-05 2.18374646229554e-06
1.68086000000000e+00 7.37281222427230e-05 2.13602099030925e-06
1.68391333333333e+00 7.20512734318233e-05 2.08933510468098e-06
1.68696666666667e+00 7.04125623360844e-05 2.04366624634207e-06
1.69002000000000e+00 6.88111215633875e-05 1.99899234912918e-06
1.69307333333333e+00 6.72461034419523e-05 1.95529181807289e-06
1.69612666666667e+00 6.57166795940892e-05 1.91254352464779e-06
1.69918000000000e+00 6.42220404749104e-05 1.87072680211130e-06
1.70223333333333e+00 6.27613949447348e-05 1.82982142522642e-06
1.70528666666667e+00 6.13339698711543e-05 1.78980760577334e-06
1.70834000000000e+00 5.99390096986234e-05 1.75066598814543e-06
1.71139333333333e+00 5.85757760493763e-05 1.71237763041137e-06
1.71444666666667e+00 5.72435473519271e-05 1.67492400007483e-06
1.71750000000000e+00 5.59416184394707e-05 1.63828696991433e-06
1.72055333333333e+00 5.46693001774099e-05 1.60244880029624e-06
1.72360666666667e+00 5.34259191165357e-05 1.56739213516955e-06
1.72666000000000e+00 5.22108171183084e-05 1.53309999813700e-06
1.72971333333333e+00 5.10233510072220e-05 1.49955577593616e-06
1.73276666666667e+00 4.98628922470250e-05 1.46674321465723e-06
1.73582000000000e+00 4.87288265910822e-05 1.43464641603311e-06
1.73887333333333e+00 4.76205537579195e-05 1.40324982201149e-06
1.74192666666667e+00 4.65374871289560e-05 1.37253821118385e-06
1.74498000000000e+00 4.54790534222671e-05 1.34249669528308e-06
1.74803333333333e+00 4.44446923897634e-05 1.31311070477438e-06
1.75108666666667e+00 4.34338565350061e-05 1.28436598548442e-06
1.75414000000000e+00 4.24460108088044e-05 1.25624859529529e-06
1.75719333333333e+00 4.14806323265862e-05 1.22874489068716e-06
1.76024666666667e+00 4.05372101049629e-05 1.20184152355677e-06
1.76330000000000e+00 3.96152447776986e-05 1.17552543809740e-06
1.76635333333333e+00 3.87142483319274e-05 1.14978385823033e-06
1.76940666666667e+00 3.78337438622216e-05 1.12460428460253e-06
1.77246000000000e+00 3.69732653055691e-05 1.09997449164283e-06
1.77551333333333e+00 3.61323571951800e-05 1.07588251582326e-06
1.77856666666667e+00 3.53105744308966e-05 1.05231665282648e-06
1.78162000000000e+00 3.45074820319062e-05 1.02926545476865e-06
1.78467333333333e+00 3.37226549069636e-05 1.00671771923579e-06
1.78772666666667e+00 3.29556776400579e-05 9.84662486611881e-07
1.79078000000000e+00 3.22061442596734e-05 9.63089037459218e-07
1.79383333333333e+00 3.14736580243334e-05 9.41986882278880e-07
1.79688666666667e+00 3.07578312225105e-05 9.21345758990602e-07
1.79994000000000e+00 3.00582849573274e-05 9.01155630462235e-07
1.80299333333333e+00 2.93746489464010e-05 8.81406674946317e-07
1.80604666666667e+00 2.87065613350495e-05 8.62089283703551e-07
1.80910000000000e+00 2.80536684953998e-05 8.43194058673229e-07
1.81215333333333e+00 2.74156248395781e-05 8.24711803541290e-07
1.81520666666667e+00 2.67920926453312e-05 8.06633521499552e-07
1.81826000000000e+00 2.61827418685755e-05 7.88950413049383e-07
1.82131333333333e+00 2.55872499690445e-05 7.71653867659495e-07
1.82436666666667e+00 2.50053017474993e-05 7.54735461653511e-07
1.82742000000000e+00 2.44365891708198e-05 7.38186956139578e-07
1.83047333333333e+00 2.38808112092784e-05 7.22000289218961e-07
1.83352666666667e+00 2.33376736845694e-05 7.06167573994894e-07
1.83658000000000e+00 2.28068891066037e-05 6.90681096621171e-07
1.83963333333333e+00 2.22881765216324e-05 6.75533309025139e-07
1.84268666666667e+00 2.17812613703778e-05 6.60716827031149e-07
1.84574000000000e+00 2.12858753357464e-05 6.46224428521544e-07
1.84879333333333e+00 2.08017562010809e-05 6.32049046640126e-07
1.85184666666667e+00 2.03286477177198e-05 6.18183768023795e-07
1.85490000000000e+00 1.98662994628999e-05 6.04621831069719e-07
1.85795333333333e+00 1.94144667074592e-05 5.91356619587537e-07
1.86100666666667e+00 1.89729102922007e-05 5.78381661133198e-07
1.86406000000000e+00 1.85413964953008e-05 5.65690625376388e-07
1.86711333333333e+00 1.81196969088339e-05 5.53277318171811e-07
1.87016666666667e+00 1.77075883233552e-05 5.41135679989535e-07
1.87322000000000e+00 1.73048526041785e-05 5.29259784377062e-07
1.87627333333333e+00 1.69112765761349e-05 5.17643832422038e-07
1.87932666666667e+00 1.65266519158277e-05 5.06282151273712e-07
1.88238000000000e+00 1.61507750361867e-05 4.95169192694340e-07
1.88543333333333e+00 1.57834469789116e-05 4.84299527887443e-07
1.88848666666667e+00 1.54244733138893e-05 4.73667846105286e-07
1.89154000000000e+00 1.50736640314709e-05 4.63268953284606e-07
1.89459333333333e+00 1.47308334420873e-05 4.53097767216282e-07
1.89764666666667e+00 1.43958000823526e-05 4.43149316233943e-07
1.90070000000000e+00 1.40683866145478e-05 4.33418737929300e-07
1.90375333333333e+00 1.37484197329296e-05 4.23901274640691e-07
1.90680666666667e+00 1.34357300760765e-05 4.14592272218244e-07
1.90986000000000e+00 1.31301521330958e-05 4.05487178814266e-07
1.91291333333333e+00 1.28315241561800e-05 3.96581540669641e-07
1.91596666666667e+00 1.25396880787807e-05 3.87871000951216e-07
1.91902000000000e+00 1.22544894280887e-05 3.79351298613007e-07
1.92207333333333e+00 1.19757772434220e-05 3.71018264460725e-07
1.92512666666667e+00 1.17034039998393e-05 3.62867820057312e-07
1.92818000000000e+00 1.14372255264746e-05 3.54895976650954e-07
1.93123333333333e+00 1.11771009303668e-05 3.47098831499378e-07
1.93428666666667e+00 1.09228925251522e-05 3.39472566839630e-07
1.93734000000000e+00 1.06744657548613e-05 3.32013448879082e-07
1.94039333333333e+00 1.04316891228272e-05 3.24717824362375e-07
1.94344666666667e+00 1.01944341251199e-05 3.17582119601766e-07
1.94650000000000e+00 9.96257517943934e-06 3.10602839527516e-07
1.94955333333333e+00 9.73598955876477e-06 3.03776564481457e-07
1.95260666666667e+00 9.51455732921452e-06 2.97099949304472e-07
1.95566000000000e+00 9.29816128369519e-06 2.90569722442842e-07
1.95871333333333e+00 9.08668687997547e-06 2.84182682953461e-07
1.96176666666667e+00 8.88002218267754e-06 2.77935699645172e-07
1.96482000000000e+00 8.67805780136396e-06 2.71825710237885e-07
1.96787333333333e+00 8.48068683274082e-06 2.65849718565467e-07
1.97092666666667e+00 8.28780480650645e-06 2.60004793767809e-07
1.97398000000000e+00 8.09930962757891e-06 2.54288069499692e-07
1.97703333333333e+00 7.91510152215322e-06 2.48696741318301e-07
1.98008666666667e+00 7.73508298715087e-06 2.43228065923117e-07
1.98314000000000e+00 7.55915873631104e-06 2.37879360411641e-07
1.98619333333333e+00 7.38723564984477e-06 2.32647999839348e-07
1.98924666666667e+00 7.21922272724610e-06 2.27531416504632e-07
1.99230000000000e+00 7.05503103698832e-06 2.22527099248689e-07
1.99535333333333e+00 6.89457366953544e-06 2.17632591176528e-07
1.99840666666667e+00 6.73776569329133e-06 2.12845488984373e-07
2.00146000000000e+00 6.58452410765997e-06 2.08163442301127e-07
2.00451333333333e+00 6.43476779919026e-06 2.03584151559815e-07
2.00756666666667e+00 6.28841750045455e-06 1.99105367364967e-07
2.01062000000000e+00 6.14539574624797e-06 1.94724889873274e-07
2.01367333333333e+00 6.00562683265748e-06 1.90440566805517e-07
2.01672666666667e+00 5.86903677867524e-06 1.86250292851615e-07
2.01978000000000e+00 5.73555328532681e-06 1.82152009088188e-07
2.02283333333333e+00 5.60510569746964e-06 1.78143701121696e-07
2.02588666666667e+00 5.47762496795939e-06 1.74223398528972e-07
2.02894000000000e+00 5.35304361951107e-06 1.70389174309516e-07
2.03199333333333e+00 5.23129570904502e-06 1.66639143151204e-07
2.03504666666667e+00 5.11231679423634e-06 1.62971460904218e-07
2.03810000000000e+00 4.99604389792632e-06 1.59384324066065e-07
2.04115333333333e+00 4.88241547484593e-06 1.55875968161753e-07
2.04420666666667e+00 4.77137138038997e-06 1.52444667249170e-07
2.04726000000000e+00 4.66285283740818e-06 1.49088733434900e-07
2.05031333333333e+00 4.55680240514768e-06 1.45806515361322e-07
2.05336666666667e+00 4.45316395010400e-06 1.42596397741592e-07
2.05642000000000e+00 4.35188261503265e-06 1.39456800904463e-07
2.05947333333333e+00 4.25290478996257e-06 1.36386179381230e-07
2.06252666666667e+00 4.15617808498592e-06 1.33383021468583e-07
2.06558000000000e+00 4.06165130134162e-06 1.30445848800744e-07
2.06863333333333e+00 3.96927440436170e-06 1.27573215029650e-07
2.07168666666667e+00 3.87899849807097e-06 1.24763705414053e-07
2.07474000000000e+00 3.79077579820391e-06 1.22015936417348e-07
2.07779333333333e+00 3.70455960695504e-06 1.19328554474854e-07
2.08084666666667e+00 3.62030428926816e-06 1.16700235607614e-07
2.08390000000000e+00 3.53796524765725e-06 1.14129685044395e-07
2.08695333333333e+00 3.45749889864060e-06 1.11615636070328e-07
2.09000666666667e+00 3.37886265060721e-06 1.09156849663938e-07
2.09306000000000e+00 3.30201488032111e-06 1.06752114141902e-07
2.09611333333333e+00 3.22691491092697e-06 1.04400244083675e-07
2.09916666666667e+00 3.15352299128873e-06 1.02100079990375e-07
2.10222000000000e+00 3.08180027406485e-06 9.98504879509535e-08
2.10527333333333e+00 3.01170879518050e-06 9.76503586377871e-08
2.10832666666667e+00 2.94321145454062e-06 9.54986069861401e-08
2.11138000000000e+00 2.87627199557096e-06 9.33941718804630e-08
2.11443333333333e+00 2.81085498605911e-06 9.13360152162856e-08
2.11748666666667e+00 2.74692580015060e-06 8.93231215990164e-08
2.12054000000000e+00 2.68445059925764e-06 8.73544980491898e-08
2.12359333333333e+00 2.62339631417779e-06 8.54291731262717e-08
2.12664666666667e+00 2.56373062828771e-06 8.35461966456640e-08
2.12970000000000e+00 2.50542195972819e-06 8.17046394017723e-08
2.13275333333333e+00 2.44843944471524e-06 7.99035923496282e-08
2.13580666666667e+00 2.39275292185182e-06 7.81421663390207e-08
2.13886000000000e+00 2.33833291550388e-06 7.64194918543270e-08
2.14191333333333e+00 2.28515062022427e-06 7.47347182501412e-08
2.14496666666667e+00 2.23317788610821e-06 7.30870135015070e-08
2.14802000000000e+00 2.18238720328055e-06 7.14755639595096e-08
2.15107333333333e+00 2.13275168735843e-06 6.98995736373503e-08
2.15412666666667e+00 2.08424506578100e-06 6.83582639757208e-08
2.15718000000000e+00 2.03684166333362e-06 6.68508736132199e-08
2.16023333333333e+00 1.99051638858003e-06 6.53766577195411e-08
2.16328666666667e+00 1.94524472110142e-06 6.39348877750862e-08
2.16634000000000e+00 1.90100269798840e-06 6.25248513553207e-08
2.16939333333333e+00 1.85776690117784e-06 6.11458515079638e-08
2.17244666666667e+00 1.81551444554100e-06 5.97972065459925e-08
2.17550000000000e+00 1.77422296627839e-06 5.84782498450997e-08
2.17855333333333e+00 1.73387060710109e-06 5.71883292619885e-08
2.18160666666667e+00 1.69443600911136e-06 5.59268069399585e-08
2.18466000000000e+00 1.65589829904013e-06 5.46930591186875e-08
2.18771333333333e+00 1.61823707821637e-06 5.34864755909122e-08
2.19076666666667e+00 1.58143241218755e-06 5.23064595198479e-08
2.19382000000000e+00 1.54546481974338e-06 5.11524272605526e-08
2.19687333333333e+00 1.51031526262073e-06 5.00238078524619e-08
2.19992666666667e+00 1.47596513581468e-06 4.89200428479324e-08
2.20298000000000e+00 1.44239625733595e-06 4.78405861444912e-08
2.20603333333333e+00 1.40959085860232e-06 4.67849035108603e-08
2.20908666666667e+00 1.37753157539438e-06 4.57524724259545e-08
2.21214000000000e+00 1.34620143829751e-06 4.47427819213629e-08
2.21519333333333e+00 1.31558386373414e-06 4.37553321386515e-08
2.21824666666667e+00 1.28566264552117e-06 4.27896341781879e-08
2.22130000000000e+00 1.25642194595088e-06 4.18452099512431e-08
2.22435333333333e+00 1.22784628742115e-06 4.09215917665034e-08
2.22740666666667e+00 1.19992054455468e-06 4.00183221881308e-08
2.23046000000000e+00 1.17262993587601e-06 3.91349538969038e-08
2.23351333333333e+00 1.14596001599984e-06 3.82710493040147e-08
2.23656666666667e+00 1.11989666827471e-06 3.74261804178093e-08
2.23962000000000e+00 1.09442609701624e-06 3.65999287134186e-08
2.24267333333333e+00 1.06953482021640e-06 3.57918847720439e-08
2.24572666666667e+00 1.04520966267667e-06 3.50016481558489e-08
2.24878000000000e+00 1.02143774876037e-06 3.42288272855720e-08
2.25183333333333e+00 9.98206495588143e-07 3.34730391036152e-08
2.25488666666667e+00 9.75503606628012e-07 3.27339089565986e-08
2.25794000000000e+00 9.53317064932131e-07 3.20110704804717e-08
2.26099333333333e+00 9.31635126786013e-07 3.13041652858323e-08
2.26404666666667e+00 9.10446315725113e-07 3.06128428476801e-08
2.26710000000000e+00 8.89739416223618e-07 2.99367603975737e-08
2.27015333333333e+00 8.69503467767157e-07 2.92755826297142e-08
2.27320666666667e+00 8.49727759267549e-07 2.86289815974627e-08
2.27626000000000e+00 8.30401823173390e-07 2.79966366121131e-08
2.27931333333333e+00 8.11515429938018e-07 2.73782339683717e-08
2.28236666666667e+00 7.93058582805942e-07 2.67734668472283e-08
2.28542000000000e+00 7.75021512317019e-07 2.61820352209452e-08
2.28847333333333e+00 7.57394671143325e-07 2.56036455966525e-08
2.29152666666667e+00 7.40168729222531e-07 2.50380109251856e-08
2.29458000000000e+00 7.23334568629363e-07 2.44848505119135e-08
2.29763333333333e+00 7.06883278756783e-07 2.39438897772557e-08
2.30068666666667e+00 6.90806151773220e-07 2.34148601711230e-08
2.30374000000000e+00 6.75094677836774e-07 2.28974990892320e-08
2.30679333333333e+00 6.59740540597733e-07 2.23915496494233e-08
2.30984666666667e+00 6.44735612958125e-07 2.18967606113690e-08
2.31290000000000e+00 6.30071952605747e-07 2.14128862980376e-08
2.31595333333333e+00 6.15741797816592e-07 2.09396863867717e-08
2.31900666666667e+00 6.01737563496613e-07 2.04769258339406e-08
2.32206000000000e+00 5.88051837014191e-07 2.00243748012422e-08
2.32511333333333e+00 5.74677374282480e-07 1.95818084605683e-08
2.32816666666667e+00 5.61607096064597e-07 1.91490069232989e-08
2.33122000000000e+00 5.48834084084590e-07 1.87257551711481e-08
2.33427333333333e+00 5.36351577371033e-07 1.83118428739051e-08
2.33732666666667e+00 5.24152968808111e-07 1.79070643230898e-08
2.34038000000000e+00 5.12231801506475e-07 1.75112183670640e-08
2.34343333333333e+00 5.00581765390663e-07 1.71241082407989e-08
2.34648666666667e+00 4.89196693979727e-07 1.67455415036253e-08
2.34954000000000e+00 4.78070561000596e-07 1.63753299783501e-08
2.35259333333333e+00 4.67197477203067e-07 1.60132895922574e-08
2.35564666666667e+00 4.56571687354699e-07 1.56592403187027e-08
2.35870000000000e+00 4.46187567080476e-07 1.53130061199909e-08
2.36175333333333e+00 4.36039619890199e-07 1.49744147988679e-08
2.36480666666667e+00 4.26122474373375e-07 1.46432979437256e-08
2.36786000000000e+00 4.16430881250072e-07 1.43194908750095e-08
2.37091333333333e+00 4.06959710596530e-07 1.40028325065114e-08
2.37396666666667e+00 3.97703949226757e-07 1.36931652939617e-08
2.37702000000000e+00 3.88658697940443e-07 1.33903351847524e-08
2.38007333333333e+00 3.79819168933585e-07 1.30941914883825e-08
2.38312666666667e+00 3.71180683354357e-07 1.28045868282314e-08
2.38618000000000e+00 3.62738668734919e-07 1.25213770943940e-08
2.38923333333333e+00 3.54488656574716e-07 1.22444213226750e-08
2.39228666666667e+00 3.46426280059022e-07 1.19735816493485e-08
2.39534000000000e+00 3.38547271662359e-07 1.17087232669138e-08
2.39839333333333e+00 3.30847460892949e-07 1.14497143110754e-08
2.40144666666667e+00 3.23322772163119e-07 1.11964258183048e-08
2.40450000000000e+00 3.15969222552847e-07 1.09487316843391e-08
2.40755333333333e+00 3.08782919704627e-07 1.07065085586180e-08
2.41060666666667e+00 3.01760059835628e-07 1.04696358044773e-08
2.41366000000000e+00 2.94896925650666e-07 1.02379954602206e-08
2.41671333333333e+00 2.88189884377458e-07 1.00114721405229e-08
2.41976666666667e+00 2.81635385911085e-07 9.78995299909244e-09
2.42282000000000e+00 2.75229960866425e-07 9.57332769215945e-09
2.42587333333333e+00 2.68970218744414e-07 9.36148828638455e-09
2.42892666666667e+00 2.62852846200029e-07 9.15432922383905e-09
2.43198000000000e+00 2.56874605224840e-07 8.95174728775996e-09
2.43503333333333e+00 2.51032331435561e-07 8.75364151653557e-09
2.43808666666667e+00 2.45322932457319e-07 8.55991317086128e-09
2.44114000000000e+00 2.39743386227640e-07 8.37046570162189e-09
2.44419333333333e+00 2.34290739399125e-07 8.18520466955260e-09
2.44724666666667e+00 2.28962105830345e-07 8.00403771443628e-09
2.45030000000000e+00 2.23754665003129e-07 7.82687452498241e-09
2.45335333333333e+00 2.18665660531777e-07 7.65362676378969e-09
2.45640666666667e+00 2.13692398754391e-07 7.48420803845831e-09
2.45946000000000e+00 2.08832247255923e-07 7.31853387334219e-09
2.46251333333333e+00 2.04082633476793e-07 7.15652163946341e-09
2.46556666666667e+00 1.99441043397993e-07 6.99809052742195e-09
2.46862000000000e+00 1.94905020162816e-07 6.84316152090588e-09
2.47167333333333e+00 1.90472162778253e-07 6.69165733123027e-09
2.47472666666667e+00 1.86140124887633e-07 6.54350237193362e-09
2.47778000000000e+00 1.81906613484429e-07 6.39862273393757e-09
2.48083333333333e+00 1.77769387700257e-07 6.25694612440536e-09
2.48388666666667e+00 1.73726257659221e-07 6.11840184292060e-09
2.48694000000000e+00 1.69775083277646e-07 5.98292075819458e-09
2.48999333333333e+00 1.65913773132902e-07 5.85043525095937e-09
2.49304666666667e+00 1.62140283394015e-07 5.72087919163124e-09
2.49610000000000e+00 1.58452616701586e-07 5.59418791846999e-09
2.49915333333333e+00 1.54848821112052e-07 5.47029818424008e-09
2.50220666666667e+00 1.51326989099486e-07 5.34914813526729e-09
2.50526000000000e+00 1.47885256510344e-07 5.23067729096010e-09
2.50831333333333e+00 1.44521801578131e-07 5.11482649399056e-09
2.51136666666667e+00 1.41234843991652e-07 5.00153789065750e-09
2.51442000000000e+00 1.38022643919589e-07 4.89075491168582e-09
2.51747333333333e+00 1.34883501090878e-07 4.78242222569502e-09
2.52052666666667e+00 1.31815753924982e-07 4.67648572078808e-09
2.52358000000000e+00 1.28817778621639e-07 4.57289248654956e-09
2.52663333333333e+00 1.25887988302562e-07 4.47159077058450e-09
2.52968666666667e+00 1.23024832199612e-07 4.37252996125742e-09
2.53274000000000e+00 1.20226794805360e-07 4.27566057081482e-09
2.53579333333333e+00 1.17492395072015e-07 4.18093419479203e-09
2.53884666666667e+00 1.14820185653654e-07 4.08830349583067e-09
2.54190000000000e+00 1.12208752113522e-07 3.99772218785617e-09
2.54495333333333e+00 1.09656712176387e-07 3.90914499816322e-09
2.54800666666667e+00 1.07162715021212e-07 3.82252765224483e-09
2.55106000000000e+00 1.04725440541417e-07 3.73782685895939e-09
2.55411333333333e+00 1.02343598647084e-07 3.65500027511789e-09
2.55716666666667e+00 1.00015928604729e-07 3.57400649126198e-09
2.56022000000000e+00 9.77411983469708e-08 3.49480501775901e-09
2.56327333333333e+00 9.55182038212793e-08 3.41735625172608e-09
2.56632666666667e+00 9.33457683736938e-08 3.34162146369810e-09
2.56938000000000e+00 9.12227421046155e-08 3.26756278459305e-09
2.57243333333333e+00 8.91480012609796e-08 3.19514317481885e-09
2.57548666666667e+00 8.71204476610070e-08 3.12432641177608e-09
2.57854000000000e+00 8.51390080930299e-08 3.05507707763930e-09
2.58159333333333e+00 8.32026337481978e-08 2.98736053050273e-09
2.58464666666667e+00 8.13102996835282e-08 2.92114289266577e-09
2.58770000000000e+00 7.94610042608910e-08 2.85639103917986e-09
2.59075333333333e+00 7.76537686175453e-08 2.79307257089801e-09
2.59380666666667e+00 7.58876361649396e-08 2.73115580349461e-09
2.59686000000000e+00 7.41616720651724e-08 2.67060975673015e-09
2.59991333333333e+00 7.24749627368361e-08 2.61140412927929e-09
2.60296666666667e+00 7.08266153871880e-08 2.55350928843886e-09
2.60602000000000e+00 6.92157575235821e-08 2.49689626006602e-09
2.60907333333333e+00 6.76415364922672e-08 2.44153670506727e-09
2.61212666666667e+00 6.61031190417055e-08 2.38740290975209e-09
2.61518000000000e+00 6.45996908666405e-08 2.33446777640224e-09
2.61823333333333e+00 6.31304561776509e-08 2.28270480131236e-09
2.62128666666667e+00 6.16946372935438e-08 2.23208806574901e-09
2.62434000000000e+00 6.02914742158782e-08 2.18259222711166e-09
2.62739333333333e+00 5.89202242272235e-08 2.13419249842261e-09
2.63044666666667e+00 5.75801615106924e-08 2.08686463985351e-09
2.63350000000000e+00 5.62705767528846e-08 2.04058495044148e-09
2.63655333333333e+00 5.49907767689361e-08 1.99533024893233e-09
2.63960666666667e+00 5.37400841473848e-08 1.95107786583941e-09
2.64266000000000e+00 5.25178368796361e-08 1.90780563568011e-09
2.64571333333333e+00 5.13233880100164e-08 1.86549187908327e-09
2.64876666666667e+00 5.01561053042845e-08 1.82411539534695e-09
2.65182000000000e+00 4.90153709038477e-08 1.78365545516285e-09
2.65487333333333e+00 4.79005809991517e-08 1.74409178390448e-09
2.65792666666667e+00 4.68111455202643e-08 1.70540455465279e-09
2.66098000000000e+00 4.57464878141875e-08 1.66757438137800e-09
2.66403333333333e+00 4.47060443400288e-08 1.63058230333059e-09
2.66708666666667e+00 4.36892643801864e-08 1.59440977850557e-09
2.67014000000000e+00 4.26956097392161e-08 1.55903867725315e-09
2.67319333333333e+00 4.17245544593293e-08 1.52445126769976e-09
2.67624666666667e+00 4.07755845508105e-08 1.49063020962357e-09
2.67930000000000e+00 3.98481977109968e-08 1.45755854846719e-09
2.68235333333333e+00 3.89419030587491e-08 1.42521970172077e-09
2.68540666666667e+00 3.80562208828200e-08 1.39359745318293e-09
2.68846000000000e+00 3.71906823796034e-08 1.36267594735048e-09
2.69151333333333e+00 3.63448294053129e-08 1.33243967670008e-09
2.69456666666667e+00 3.55182142411052e-08 1.30287347631057e-09
2.69762000000000e+00 3.47103993483460e-08 1.27396251860590e-09
2.70067333333333e+00 3.39209571373149e-08 1.24569230147618e-09
2.70372666666667e+00 3.31494697479685e-08 1.21804864323872e-09
2.70678000000000e+00 3.23955288215529e-08 1.19101767771220e-09
2.70983333333333e+00 3.16587352847323e-08 1.16458584312158e-09
2.71288666666667e+00 3.09386991449514e-08 1.13873987737672e-09
2.71594000000000e+00 3.02350392773016e-08 1.11346681345697e-09
2.71899333333333e+00 2.95473832230458e-08 1.08875396904836e-09
2.72204666666667e+00 2.88753669986072e-08 1.06458894211972e-09
2.72510000000000e+00 2.82186348966707e-08 1.04095960659837e-09
2.72815333333333e+00 2.75768392981436e-08 1.01785410269111e-09
2.73120666666667e+00 2.69496404938638e-08 9.95260832739412e-10
2.73426000000000e+00 2.63367064989858e-08 9.73168457167788e-10
2.73731333333333e+00 2.57377128774804e-08 9.51565885443552e-10
2.74036666666667e+00 2.51523425757164e-08 9.30442272193529e-10
2.74342000000000e+00 2.45802857492428e-08 9.09787013408033e-10
2.74647333333333e+00 2.40212395989926e-08 8.89589737997239e-10
2.74952666666667e+00 2.34749082159460e-08 8.69840304152953e-10
2.75258000000000e+00 2.29410024194822e-08 8.50528795792236e-10
2.75563333333333e+00 2.24192396045058e-08 8.31645514671003e-10
2.75868666666667e+00 2.19093435964540e-08 8.13180976975456e-10
2.76174000000000e+00 2.14110445004450e-08 7.95125909990273e-10
2.76479333333333e+00 2.09240785585986e-08 7.77471244732670e-10
2.76784666666667e+00 2.04481880146996e-08 7.60208112759153e-10
2.77090000000000e+00 1.99831209734200e-08 7.43327843044113e-10
2.77395333333333e+00 1.95286312671556e-08 7.26821955100038e-10
2.77700666666667e+00 1.90844783297012e-08 7.10682155985976e-10
2.78006000000000e+00 1.86504270648749e-08 6.94900337383395e-10
2.78311333333333e+00 1.82262477222353e-08 6.79468569170424e-10
2.78616666666667e+00 1.78117157791688e-08 6.64379096619407e-10
2.78922000000000e+00 1.74066118182883e-08 6.49624337657577e-10
2.79227333333333e+00 1.70107214114383e-08 6.35196876865356e-10
2.79532666666667e+00 1.66238350096341e-08 6.21089462851109e-10
2.79838000000000e+00 1.62457478286494e-08 6.07295005685047e-10
2.80143333333333e+00 1.58762597407557e-08 5.93806571293602e-10
2.80448666666667e+00 1.55151751719920e-08 5.80617379000224e-10
2.80754000000000e+00 1.51623029953925e-08 5.67720799121607e-10
2.81059333333333e+00 1.48174564299463e-08 5.55110347731982e-10
2.81364666666667e+00 1.44804529447080e-08 5.42779684359555e-10
2.81670000000000e+00 1.41511141591566e-08 5.30722609734792e-10
2.81975333333333e+00 1.38292657488926e-08 5.18933060900288e-10
2.82280666666667e+00 1.35147373561353e-08 5.07405109052957e-10
2.82586000000000e+00 1.32073624967352e-08 4.96132957434860e-10
2.82891333333333e+00 1.29069784721607e-08 4.85110936765824e-10
2.83196666666667e+00 1.26134262859553e-08 4.74333503222233e-10
2.83502000000000e+00 1.23265505569608e-08 4.63795236461413e-10
2.83807333333333e+00 1.20461994371725e-08 4.53490835355668e-10
2.84112666666667e+00 1.17722245337608e-08 4.43415116099098e-10
2.84418000000000e+00 1.15044808280890e-08 4.33563010357123e-10
2.84723333333333e+00 1.12428265990470e-08 4.23929561282041e-10
2.85028666666667e+00 1.09871233502660e-08 4.14509921739785e-10
2.85334000000000e+00 1.07372357345443e-08 4.05299352576695e-10
2.85639333333333e+00 1.04930314822936e-08 3.96293218898073e-10
2.85944666666667e+00 1.02543813336013e-08 3.87486988407287e-10
2.86250000000000e+00 1.00211589677033e-08 3.78876229782396e-10
2.86555333333333e+00 9.79324093620170e-09 3.70456609200320e-10
2.86860666666667e+00 9.57050659965201e-09 3.62223888781234e-10
2.87166000000000e+00 9.35283806174556e-09 3.54173925068113e-10
2.87471333333333e+00 9.14012010698103e-09 3.46302665780299e-10
2.87776666666667e+00 8.93224014147469e-09 3.38606148356554e-10
2.88082000000000e+00 8.72908813153819e-09 3.31080498531034e-10
2.88387333333333e+00 8.53055654550663e-09 3.23721927301099e-10
2.88692666666667e+00 8.33654029849086e-09 3.16526729562801e-10
2.88998000000000e+00 8.14693669505702e-09 3.09491282777187e-10
2.89303333333333e+00 7.96164537493391e-09 3.02612044138241e-10
2.89608666666667e+00 7.78056826144490e-09 2.95885549294957e-10
2.89914000000000e+00 7.60360950801522e-09 2.89308411102266e-10
2.90219333333333e+00 7.43067544750001e-09 2.82877316975905e-10
2.90524666666667e+00 7.26167454405068e-09 2.76589027695594e-10
2.90830000000000e+00 7.09651734319447e-09 2.70440376235255e-10
2.91135333333333e+00 6.93511642454154e-09 2.64428265292461e-10
2.91440666666667e+00 6.77738635685730e-09 2.58549666167604e-10
2.91746000000000e+00 6.62324365147539e-09 2.52801617668391e-10
2.92051333333333e+00 6.47260671815875e-09 2.47181223802355e-10
2.92356666666667e+00 6.32539582316413e-09 2.41685652727198e-10
2.92662000000000e+00 6.18153304576614e-09 2.36312135724873e-10
2.92967333333333e+00 6.04094223706176e-09 2.31057965046392e-10
2.93272666666667e+00 5.90354898082795e-09 2.25920492928863e-10
2.93578000000000e+00 5.76928055294883e-09 2.20897130634730e-10
2.93883333333333e+00 5.63806588296744e-09 2.15985346438854e-10
2.94188666666667e+00 5.50983551755041e-09 2.11182664707999e-10
2.94494000000000e+00 5.38452158262438e-09 2.06486665001137e-10
2.94799333333333e+00 5.26205774749183e-09 2.01894980189381e-10
2.95104666666667e+00 5.14237919072915e-09 1.97405295593986e-10
2.95410000000000e+00 5.02542256485146e-09 1.93015348143852e-10
2.95715333333333e+00 4.91112596282137e-09 1.88722924619547e-10
2.96020666666667e+00 4.79942888621852e-09 1.84525860846112e-10
2.96326000000000e+00 4.69027221226387e-09 1.80422040904140e-10
2.96631333333333e+00 4.58359816256189e-09 1.76409395489703e-10
2.96936666666667e+00 4.47935027339021e-09 1.72485901158489e-10
2.97242000000000e+00 4.37747336492585e-09 1.68649579587068e-10
2.97547333333333e+00 4.27791351207192e-09 1.64898496041061e-10
2.97852666666667e+00 4.18061801672613e-09 1.61230758667376e-10
2.98158000000000e+00 4.08553537906197e-09 1.57644517802469e-10
2.98463333333333e+00 3.99261527030084e-09 1.54137964541622e-10
2.98768666666667e+00 3.90180850682775e-09 1.50709330076213e-10
2.99074000000000e+00 3.81306702339005e-09 1.47356885046013e-10
2.99379333333333e+00 3.72634384768542e-09 1.44078938202885e-10
2.99684666666667e+00 3.64159307620158e-09 1.40873835790255e-10
2.99990000000000e+00 3.55876984920467e-09 1.37739960936617e-10
3.00295333333333e+00 3.47783032702189e-09 1.34675732407456e-10
3.00600666666667e+00 3.39873166749048e-09 1.31679604024223e-10
3.00906000000000e+00 3.32143200261620e-09 1.28750064096460e-10
3.01211333333333e+00 3.24589041643757e-09 1.25885634256100e-10
3.01516666666667e+00 3.17206692397700e-09 1.23084868913444e-10
3.01822000000000e+00 3.09992244945779e-09 1.20346354725464e-10
3.02127333333333e+00 3.02941880564461e-09 1.17668709507039e-10
3.02432666666667e+00 2.96051867419659e-09 1.15050581721592e-10
3.02738000000000e+00 2.89318558533887e-09 1.12490649983264e-10
3.03043333333333e+00 2.82738389858077e-09 1.09987622040026e-10
3.03348666666667e+00 2.76307878437759e-09 1.07540234296761e-10
3.03654000000000e+00 2.70023620515949e-09 1.05147251349165e-10
3.03959333333333e+00 2.63882289733551e-09 1.02807465033984e-10
3.04264666666667e+00 2.57880635417691e-09 1.00519693982494e-10
3.04570000000000e+00 2.52015480811271e-09 9.82827831841135e-11
3.04875333333333e+00 2.46283721393388e-09 9.60956030993260e-11
3.05180666666667e+00 2.40682323281680e-09 9.39570492416313e-11
3.05486000000000e+00 2.35208321580092e-09 9.18660417689816e-11
3.05791333333333e+00 2.29858818811303e-09 8.98215246552580e-11
3.06096666666667e+00 2.24630983425494e-09 8.78224652988832e-11
3.06402000000000e+00 2.19522048258433e-09 8.58678541403114e-11
3.06707333333333e+00 2.14529309068439e-09 8.39567038881914e-11
3.07012666666667e+00 2.09650123144483e-09 8.20880491529454e-11
3.07318000000000e+00 2.04881907867228e-09 8.02609460886616e-11
3.07623333333333e+00 2.00222139343556e-09 7.84744716703411e-11
3.07928666666667e+00 1.95668351107386e-09 7.67277233508504e-11
3.08234000000000e+00 1.91218132776797e-09 7.50198187256629e-11
3.08539333333333e+00 1.86869128779607e-09 7.33498948578157e-11
3.08844666666667e+00 1.82619037140741e-09 7.17171079567532e-11
3.09150000000000e+00 1.78465608229009e-09 7.01206330644685e-11
3.09455333333333e+00 1.74406643567677e-09 6.85596634250182e-11
3.09760666666667e+00 1.70439994702611e-09 6.70334101838666e-11
3.10066000000000e+00 1.66563562032727e-09 6.55411020940618e-11
3.10371333333333e+00 1.62775293699888e-09 6.40819849273681e-11
3.10676666666667e+00 1.59073184532442e-09 6.26553211928088e-11
3.10982000000000e+00 1.55455274953757e-09 6.12603898616044e-11
3.11287333333333e+00 1.51919649946153e-09 5.98964858171771e-11
3.11592666666667e+00 1.48464438064810e-09 5.85629195916660e-11
3.11898000000000e+00 1.45087810419183e-09 5.72590171084306e-11
3.12203333333333e+00 1.41787979706023e-09 5.59841191683664e-11
3.12508666666667e+00 1.38563199288970e-09 5.47375812032496e-11
3.12814000000000e+00 1.35411762247983e-09 5.35187730346893e-11
3.13119333333333e+00 1.32332000476839e-09 5.23270783943521e-11
3.13424666666667e+00 1.29322283824046e-09 5.11618946930669e-11
3.13730000000000e+00 1.26381019205731e-09 5.00226327951795e-11
3.14035333333333e+00 1.23506649763332e-09 4.89087165704491e-11
3.14340666666667e+00 1.20697654061733e-09 4.78195826779085e-11
3.14646000000000e+00 1.17952545261387e-09 4.67546803546395e-11
3.14951333333333e+00 1.15269870332173e-09 4.57134709972515e-11
3.15256666666667e+00 1.12648209304955e-09 4.46954279595559e-11
3.15562000000000e+00 1.10086174498969e-09 4.37000363548443e-11
3.15867333333333e+00 1.07582409788116e-09 4.27267926649975e-11
3.16172666666667e+00 1.05135589902373e-09 4.17752045510947e-11
3.16478000000000e+00 1.02744419706767e-09 4.08447906683353e-11
3.16783333333333e+00 1.00407633516593e-09 3.99350803009504e-11
3.17088666666667e+00 9.81239944453671e-10 3.90456131849240e-11
3.17394000000000e+00 9.58922937319359e-10 3.81759393347526e-11
3.17699333333333e+00 9.37113501013636e-10 3.73256187024561e-11
3.18004666666667e+00 9.15800091563203e-10 3.64942210116412e-11
3.18310000000000e+00 8.94971427491188e-10 3.56813255953414e-11
3.18615333333333e+00 8.74616483852205e-10 3.48865210775379e-11
3.18920666666667e+00 8.54724486551690e-10 3.41094052178412e-11
3.19226000000000e+00 8.35284906485516e-10 3.33495847597047e-11
3.19531333333333e+00 8.16287453972840e-10 3.26066751329708e-11
3.19836666666667e+00 7.97722073453878e-10 3.18803003084916e-11
3.20142000000000e+00 7.79578938020773e-10 3.11700926560581e-11
3.20447333333333e+00 7.61848444221705e-10 3.04756926665824e-11
3.20752666666667e+00 7.44521207111890e-10 2.97967488160226e-11
3.21058000000000e+00 7.27588055149583e-10 2.91329174324052e-11
3.21363333333333e+00 7.11040025346690e-10 2.84838624363495e-11
3.21668666666667e+00 6.94868358649468e-10 2.78492552137045e-11
3.21974000000000e+00 6.79064495175274e-10 2.72287744910839e-11
3.22279333333333e+00 6.63620069686582e-10 2.66221060935208e-11
3.22584666666667e+00 6.48526907279407e-10 2.60289428252600e-11
3.22890000000000e+00 6.33777018938068e-10 2.54489843532637e-11
3.23195333333333e+00 6.19362597311024e-10 2.48819369808655e-11
3.23500666666667e+00 6.05276012686542e-10 2.43275135361974e-11
3.23806000000000e+00 5.91509808844222e-10 2.37854332631563e-11
3.24111333333333e+00 5.78056699112539e-10 2.32554216100021e-11
3.24416666666667e+00 5.64909562612611e-10 2.27372101249310e-11
3.24722000000000e+00 5.52061440386683e-10 2.22305363540278e-11
3.25027333333333e+00 5.39505531718579e-10 2.17351436438209e-11
3.25332666666667e+00 5.27235190627714e-10 2.12507810435465e-11
3.25638000000000e+00 5.15243922256043e-10 2.07772032096391e-11
3.25943333333333e+00 5.03525379433895e-10 2.03141702213209e-11
3.26248666666667e+00 4.92073359407557e-10 1.98614474891321e-11
3.26554000000000e+00 4.80881800467429e-10 1.94188056655408e-11
3.26859333333333e+00 4.69944778742880e-10 1.89860204727079e-11
3.27164666666667e+00 4.59256505147839e-10 1.85628726168800e-11
3.27470000000000e+00 4.48811322234058e-10 1.81491477047288e-11
3.27775333333333e+00 4.38603701199710e-10 1.77446360824895e-11
3.28080666666667e+00 4.28628239038474e-10 1.73491327558393e-11
3.28386000000000e+00 4.18879655602867e-10 1.69624373116025e-11
3.28691333333333e+00 4.09352790812338e-10 1.65843537675082e-11
3.28996666666667e+00 4.00042601992282e-10 1.62146904972074e-11
3.29302000000000e+00 3.90944161133424e-10 1.58532601569988e-11
3.29607333333333e+00 3.82052652286101e-10 1.54998795455055e-11
3.29912666666667e+00 3.73363369076554e-10 1.51543695335011e-11
3.30218000000000e+00 3.64871712149275e-10 1.48165549953355e-11
3.30523333333333e+00 3.56573186735057e-10 1.44862646778760e-11
3.30828666666667e+00 3.48463400332759e-10 1.41633311348359e-11
3.31134000000000e+00 3.40538060322399e-10 1.38475906625980e-11
3.31439333333333e+00 3.32792971695381e-10 1.35388831778099e-11
3.31744666666667e+00 3.25224034890717e-10 1.32370521559248e-11
3.32050000000000e+00 3.17827243567454e-10 1.29419445711446e-11
3.32355333333333e+00 3.10598682486280e-10 1.26534107820958e-11
3.32660666666667e+00 3.03534525489892e-10 1.23713044743143e-11
3.32966000000000e+00 2.96631033424142e-10 1.20954826040427e-11
3.33271333333333e+00 2.89884552160907e-10 1.18258052914547e-11
3.33576666666667e+00 2.83291510713016e-10 1.15621357668315e-11
3.33882000000000e+00 2.76848419294176e-10 1.13043403179665e-11
3.34187333333333e+00 2.70551867473686e-10 1.10522881904399e-11
3.34492666666667e+00 2.64398522416968e-10 1.08058515372502e-11
3.34798000000000e+00 2.58385127074994e-10 1.05649053695953e-11
3.35103333333333e+00 2.52508498462066e-10 1.03293274637317e-11
3.35408666666667e+00 2.46765526013569e-10 1.00989983138407e-11
3.35714000000000e+00 2.41153169896265e-10 9.87380108596914e-12
3.36019333333333e+00 2.35668459400927e-10 9.65362153103884e-12
3.36324666666667e+00 2.30308491409503e-10 9.43834794073882e-12
3.36630000000000e+00 2.25070428818211e-10 9.22787110442561e-12
3.36935333333333e+00 2.19951499037368e-10 9.02208422787543e-12
3.37240666666667e+00 2.14948992560672e-10 8.82088289201023e-12
3.37546000000000e+00 2.10060261493573e-10 8.62416501256572e-12
3.37851333333333e+00 2.05282718153140e-10 8.43183076420859e-12
3.38156666666667e+00 2.00613833732669e-10 8.24378254191418e-12
3.38462000000000e+00 1.96051136928292e-10 8.05992492322550e-12
3.38767333333333e+00 1.91592212632214e-10 7.88016459738107e-12
3.39072666666667e+00 1.87234700686299e-10 7.70441032917415e-12
3.39378000000000e+00 1.82976294600355e-10 7.53257292363696e-12
3.39683333333333e+00 1.78814740332519e-10 7.36456515984808e-12
3.39988666666667e+00 1.74747835125885e-10 7.20030175711427e-12
3.40294000000000e+00 1.70773426312350e-10 7.03969934192484e-12
3.40599333333333e+00 1.66889410174337e-10 6.88267638612927e-12
3.40904666666667e+00 1.63093730858929e-10 6.72915317529274e-12
3.41210000000000e+00 1.59384379261569e-10 6.57905177777473e-12
3.41515333333333e+00 1.55759391963688e-10 6.43229598698886e-12
3.41820666666667e+00 1.52216850219192e-10 6.28881129179307e-12
3.42126000000000e+00 1.48754878912672e-10 6.14852484755581e-12
3.42431333333333e+00 1.45371645567890e-10 6.01136542222872e-12
3.42736666666667e+00 1.42065359401785e-10 5.87726336864051e-12
3.43042000000000e+00 1.38834270352234e-10 5.74615059742374e-12
3.43347333333333e+00 1.35676668152653e-10 5.61796052664873e-12
3.43652666666667e+00 1.32590881449036e-10 5.49262805589882e-12
3.43958000000000e+00 1.29575276892618e-10 5.37008954093833e-12
3.44263333333333e+00 1.26628258276186e-10 5.25028274667234e-12
3.44568666666667e+00 1.23748265709954e-10 5.13314682288953e-12
3.44874000000000e+00 1.20933774774784e-10 5.01862228055982e-12
3.45179333333333e+00 1.18183295716103e-10 4.90665094789975e-12
3.45484666666667e+00 1.15495372674685e-10 4.79717594767625e-12
3.45790000000000e+00 1.12868582896398e-10 4.69014167502899e-12
3.46095333333333e+00 1.10301535979877e-10 4.58549375643703e-12
3.46400666666667e+00 1.07792873158556e-10 4.48317902848294e-12
3.46706000000000e+00 1.05341266563172e-10 4.38314551710207e-12
3.47011333333333e+00 1.02945418519602e-10 4.28534239925892e-12
3.47316666666667e+00 1.00604060878739e-10 4.18971998307764e-12
3.47622000000000e+00 9.83159543282205e-11 4.09622968842694e-12
3.47927333333333e+00 9.60798877370972e-11 4.00482401112706e-12
3.48232666666667e+00 9.38946775303535e-11 3.91545650435918e-12
3.48538000000000e+00 9.17591670465831e-11 3.82808176049981e-12
3.48843333333333e+00 8.96722259263578e-11 3.74265537769165e-12
3.49148666666667e+00 8.76327495284265e-11 3.65913394244967e-12
3.49454000000000e+00 8.56396583302650e-11 3.57747501266489e-12
3.49759333333333e+00 8.36918973572345e-11 3.49763708638263e-12
3.50064666666667e+00 8.17884356376789e-11 3.41957958552870e-12
3.50370000000000e+00 7.99282656434885e-11 3.34326284000741e-12
3.50675333333333e+00 7.81104027573275e-11 3.26864805854158e-12
3.50980666666667e+00 7.63338847640382e-11 3.19569731344669e-12
3.51286000000000e+00 7.45977713285476e-11 3.12437352575297e-12
3.51591333333333e+00 7.29011434986245e-11 3.05464043797107e-12
3.51896666666667e+00 7.12431032301722e-11 2.98646259984672e-12
3.52202000000000e+00 6.96227728999850e-11 2.91980535444108e-12
3.52507333333333e+00 6.80392948416654e-11 2.85463481269494e-12
3.52812666666667e+00 6.64918309025475e-11 2.79091784010101e-12
3.53118000000000e+00 6.49795619889770e-11 2.72862204368091e-12
3.53423333333333e+00 6.35016876331772e-11 2.66771574822905e-12
3.53728666666667e+00 6.20574255796955e-11 2.60816798384359e-12
3.54034000000000e+00 6.06460113610357e-11 2.54994847374251e-12
3.54339333333333e+00 5.92666978934096e-11 2.49302761207632e-12
3.54644666666667e+00 5.79187550907384e-11 2.43737645226232e-12
3.54950000000000e+00 5.66014694686122e-11 2.38296669558581e-12
3.55255333333333e+00 5.53141437669998e-11 2.32977067047819e-12
3.55560666666667e+00 5.40560965899705e-11 2.27776132160291e-12
3.55866000000000e+00 5.28266620360887e-11 2.22691219919121e-12
3.56171333333333e+00 5.16251893462846e-11 2.17719743968874e-12
3.56476666666667e+00 5.04510425675824e-11 2.12859175554509e-12
3.56782000000000e+00 4.93036002081655e-11 2.08107042523684e-12
3.57087333333333e+00 4.81822549087304e-11 2.03460927519214e-12
3.57392666666667e+00 4.70864131286214e-11 1.98918467023854e-12
3.57698000000000e+00 4.60154948239201e-11 1.94477350426925e-12
3.58003333333333e+00 4.49689331407159e-11 1.90135318336149e-12
3.58308666666667e+00 4.39461741221546e-11 1.85890161684011e-12
3.58614000000000e+00 4.29466764080148e-11 1.81739720854560e-12
3.58919333333333e+00 4.19699109484342e-11 1.77681884106740e-12
3.59224666666667e+00 4.10153607304780e-11 1.73714586738379e-12
3.59530000000000e+00 4.00825204977684e-11 1.69835810269291e-12
3.59835333333333e+00 3.91708964833017e-11 1.66043580968736e-12
3.60140666666667e+00 3.82800061542368e-11 1.62335969073320e-12
3.60446000000000e+00 3.74093779502386e-11 1.58711088022793e-12
3.60751333333333e+00 3.65585510341135e-11 1.55167093084755e-12
3.61056666666667e+00 3.57270750536033e-11 1.51702180623006e-12
3.61362000000000e+00 3.49145098971935e-11 1.48314587382630e-12
3.61667333333333e+00 3.41204254613789e-11 1.45002589205540e-12
3.61972666666667e+00 3.33444014283297e-11 1.41764500346011e-12
3.62278000000000e+00 3.25860270379997e-11 1.38598672801904e-12
3.62583333333333e+00 3.18449008709117e-11 1.35503495115027e-12
3.62888666666667e+00 3.11206306406396e-11 1.32477391730845e-12
3.63194000000000e+00 3.04128329811269e-11 1.29518822372840e-12
3.63499333333333e+00 2.97211332439584e-11 1.26626280922115e-12
3.63804666666667e+00 2.90451653046702e-11 1.23798294818407e-12
3.64110000000000e+00 2.83845713642634e-11 1.21033424474833e-12
3.64415333333333e+00 2.77390017599965e-11 1.18330262231477e-12
3.64720666666667e+00 2.71081147846006e-11 1.15687431795075e-12
3.65026000000000e+00 2.64915765010429e-11 1.13103587691525e-12
3.65331333333333e+00 2.58890605659357e-11 1.10577414288594e-12
3.65636666666667e+00 2.53002480607994e-11 1.08107625271756e-12
3.65942000000000e+00 2.47248273191890e-11 1.05692963132052e-12
3.66247333333333e+00 2.41624937618799e-11 1.03332198253339e-12
3.66552666666667e+00 2.36129497393752e-11 1.01024128421973e-12
3.66858000000000e+00 2.30759043705703e-11 9.87675783477204e-13
3.67163333333333e+00 2.25510733889306e-11 9.65613988113001e-13
3.67468666666667e+00 2.20381789954925e-11 9.44044662057209e-13
3.67774000000000e+00 2.15369497082973e-11 9.22956820881267e-13
3.68079333333333e+00 2.10471202188266e-11 9.02339723836405e-13
3.68384666666667e+00 2.05684312547991e-11 8.82182869563205e-13
3.68690000000000e+00 2.01006294396540e-11 8.62475991899430e-13
3.68995333333333e+00 1.96434671585602e-11 8.43209052444359e-13
3.69300666666667e+00 1.91967024303563e-11 8.24372236545399e-13
3.69606000000000e+00 1.87600987764124e-11 8.05955949376653e-13
3.69911333333333e+00 1.83334250955756e-11 7.87950808994384e-13
3.70216666666667e+00 1.79164555446426e-11 7.70347642582851e-13
3.70522000000000e+00 1.75089694159751e-11 7.53137482786196e-13
3.70827333333333e+00 1.71107510207845e-11 7.36311561222542e-13
3.71132666666667e+00 1.67215895775698e-11 7.19861304972418e-13
3.71438000000000e+00 1.63412790979013e-11 7.03778333147540e-13
3.71743333333333e+00 1.59696182774890e-11 6.88054450833363e-13
3.72048666666667e+00 1.56064103920545e-11 6.72681645804341e-13
3.72354000000000e+00 1.52514631907383e-11 6.57652085314402e-13
3.72659333333333e+00 1.49045887944325e-11 6.42958110439602e-13
3.72964666666667e+00 1.45656035985918e-11 6.28592233005633e-13
3.73270000000000e+00 1.42343281737547e-11 6.14547132585728e-13
3.73575333333333e+00 1.39105871706567e-11 6.00815651216943e-13
3.73880666666667e+00 1.35942092295178e-11 5.87390790526235e-13
3.74186000000000e+00 1.32850268872031e-11 5.74265708922387e-13
3.74491333333333e+00 1.29828764886638e-11 5.61433716661291e-13
3.74796666666667e+00 1.26875981022698e-11 5.48888273157782e-13
3.75102000000000e+00 1.23990354331668e-11 5.36622984359043e-13
3.75407333333333e+00 1.21170357406229e-11 5.24631598135866e-13
3.75712666666667e+00 1.18414497590037e-11 5.12908001768230e-13
3.76018000000000e+00 1.15721316169117e-11 5.01446219488493e-13
3.76323333333333e+00 1.13089387600455e-11 4.90240408177107e-13
3.76628666666667e+00 1.10517318774405e-11 4.79284855010720e-13
3.76934000000000e+00 1.08003748260057e-11 4.68573975164219e-13
3.77239333333333e+00 1.05547345585270e-11 4.58102307790748e-13
3.77544666666667e+00 1.03146810548231e-11 4.47864513821888e-13
3.77850000000000e+00 1.00800872513191e-11 4.37855373818280e-13
3.78155333333333e+00 9.85082897385113e-12 4.28069784215174e-13
3.78460666666667e+00 9.62678487340994e-12 4.18502755264892e-13
3.78766000000000e+00 9.40783636041488e-12 4.09149409026410e-13
3.79071333333333e+00 9.19386754199979e-12 4.00004975858920e-13
3.79376666666667e+00 8.98476516203860e-12 3.91064792497354e-13
3.79682000000000e+00 8.78041853980597e-12 3.82324300171998e-13
3.79987333333333e+00 8.58071951144550e-12 3.73779041333684e-13
3.80292666666667e+00 8.38556237399207e-12 3.65424657853775e-13
3.80598000000000e+00 8.19484382812633e-12 3.57256889265422e-13
3.80903333333333e+00 8.00846292354635e-12 3.49271569705064e-13
3.81208666666667e+00 7.82632100672032e-12 3.41464626228860e-13
3.81514000000000e+00 7.64832166746168e-12 3.33832077167724e-13
3.81819333333333e+00 7.47437068794390e-12 3.26370029270850e-13
3.82124666666667e+00 7.30437599393493e-12 3.19074676131084e-13
3.82430000000000e+00 7.13824760493800e-12 3.11942296646378e-13
3.82735333333333e+00 6.97589758660654e-12 3.04969252351999e-13
3.83040666666667e+00 6.81724000522837e-12 2.98151985947786e-13
3.83346000000000e+00 6.66219088119419e-12 2.91487019859172e-13
3.83651333333333e+00 6.51066814458590e-12 2.84970953745630e-13
3.83956666666667e+00 6.36259159269398e-12 2.78600463123207e-13
3.84262000000000e+00 6.21788284659153e-12 2.72372298018667e-13
3.84567333333333e+00 6.07646530968438e-12 2.66283280642550e-13
3.84872666666667e+00 5.93826412805955e-12 2.60330304100855e-13
3.85178000000000e+00 5.80320614995754e-12 2.54510331136278e-13
3.85483333333333e+00 5.67121988708675e-12 2.48820391954983e-13
3.85788666666667e+00 5.54223547761427e-12 2.43257583021686e-13
3.86094000000000e+00 5.41618464834312e-12 2.37819065882368e-13
3.86399333333333e+00 5.29300067860649e-12 2.32502065134605e-13
3.86704666666667e+00 5.17261836572491e-12 2.27303867300660e-13
3.87010000000000e+00 5.05497398970780e-12 2.22221819726401e-13
3.87315333333333e+00 4.94000527955551e-12 2.17253328685727e-13
3.87620666666667e+00 4.82765138101858e-12 2.12395858326605e-13
3.87926000000000e+00 4.71785282365498e-12 2.07646929641280e-13
3.88231333333333e+00 4.61055148937959e-12 2.03004118695929e-13
3.88536666666667e+00 4.50569058237188e-12 1.98465055644939e-13
3.88842000000000e+00 4.40321459833188e-12 1.94027423767796e-13
3.89147333333333e+00 4.30306929512695e-12 1.89688957815699e-13
3.89452666666667e+00 4.20520166470498e-12 1.85447443089664e-13
3.89758000000000e+00 4.10955990440214e-12 1.81300714539784e-13
3.90063333333333e+00 4.01609338954720e-12 1.77246655221068e-13
3.90368666666667e+00 3.92475264724648e-12 1.73283195431265e-13
3.90674000000000e+00 3.83548932960656e-12 1.69408311868442e-13
3.90979333333333e+00 3.74825618816554e-12 1.65620026188843e-13
3.91284666666667e+00 3.66300704942504e-12 1.61916404200562e-13
3.91590000000000e+00 3.57969678986002e-12 1.58295555075685e-13
3.91895333333333e+00 3.49828131205516e-12 1.54755630003424e-13
3.92200666666667e+00 3.41871752186754e-12 1.51294821436016e-13
3.92506000000000e+00 3.34096330510418e-12 1.47911362351911e-13
3.92811333333333e+00 3.26497750524995e-12 1.44603524997888e-13
3.93116666666667e+00 3.19071990215216e-12 1.41369620183795e-13
3.93422000000000e+00 3.11815119025461e-12 1.38207996593491e-13
3.93727333333333e+00 3.04723295781083e-12 1.35117039610053e-13
3.94032666666667e+00 2.97792766698913e-12 1.32095170656219e-13
3.94338000000000e+00 2.91019863355939e-12 1.29140846549970e-13
3.94643333333333e+00 2.84401000749242e-12 1.26252558407355e-13
3.94948666666667e+00 2.77932675439100e-12 1.23428831025673e-13
3.95254000000000e+00 2.71611463653223e-12 1.20668222280818e-13
3.95559333333333e+00 2.65434019476078e-12 1.17969322102588e-13
3.95864666666667e+00 2.59397073115740e-12 1.15330751897839e-13
3.96170000000000e+00 2.53497429134645e-12 1.12751163986886e-13
3.96475333333333e+00 2.47731964759673e-12 1.10229240646515e-13
3.96780666666667e+00 2.42097628264497e-12 1.07763693570523e-13
3.97086000000000e+00 2.36591437318414e-12 1.05353263342651e-13
3.97391333333333e+00 2.31210477409128e-12 1.02996718542819e-13
3.97696666666667e+00 2.25951900332903e-12 1.00692855242639e-13
3.98002000000000e+00 2.20812922653593e-12 9.84404965125066e-14
3.98307333333333e+00 2.15790824230605e-12 9.62384915868892e-14
3.98612666666667e+00 2.10882946809674e-12 9.40857153925469e-14
3.98918000000000e+00 2.06086692584740e-12 9.19810680875771e-14
3.99223333333333e+00 2.01399522824070e-12 8.99234742818499e-14
3.99528666666667e+00 1.96818956554959e-12 8.79118825958171e-14
3.99834000000000e+00 1.92342569221575e-12 8.59452652294439e-14
4.00139333333333e+00 1.87967991402714e-12 8.40226172341504e-14
4.00444666666667e+00 1.83692907584150e-12 8.21429561002262e-14
4.00750000000000e+00 1.79515054906053e-12 8.03053213537165e-14
4.01055333333333e+00 1.75432221966260e-12 7.85087738764670e-14
4.01360666666667e+00 1.71442247674435e-12 7.67523955202929e-14
4.01666000000000e+00 1.67543020083090e-12 7.50352887300025e-14
4.01971333333333e+00 1.63732475270652e-12 7.33565759083717e-14
4.02276666666667e+00 1.60008596272002e-12 7.17153990553372e-14
4.02582000000000e+00 1.56369411987496e-12 7.01109194154665e-14
4.02887333333333e+00 1.52812996140531e-12 6.85423168848923e-14
4.03192666666667e+00 1.49337466279348e-12 6.70087896739064e-14
4.03498000000000e+00 1.45940982758871e-12 6.55095539772954e-14
4.03803333333333e+00 1.42621747767784e-12 6.40438434204600e-14
4.04108666666667e+00 1.39378004396866e-12 6.26109087438972e-14
4.04414000000000e+00 1.36208035688771e-12 6.12100174949229e-14
4.04719333333333e+00 1.33110163729997e-12 5.98404535103840e-14
4.05024666666667e+00 1.30082748781303e-12 5.85015166216090e-14
4.05330000000000e+00 1.27124188390912e-12 5.71925223661339e-14
4.05635333333333e+00 1.24232916547029e-12 5.59128015045932e-14
4.05940666666667e+00 1.21407402866216e-12 5.46616997448124e-14
4.06246000000000e+00 1.18646151765775e-12 5.34385774722373e-14
4.06551333333333e+00 1.15947701672783e-12 5.22428092987458e-14
4.06856666666667e+00 1.13310624266561e-12 5.10737838046440e-14
4.07162000000000e+00 1.10733523706286e-12 4.99309032865877e-14
4.07467333333333e+00 1.08215035892774e-12 4.88135833362076e-14
4.07772666666667e+00 1.05753827761442e-12 4.77212525988477e-14
4.08078000000000e+00 1.03348596561457e-12 4.66533525378411e-14
4.08383333333333e+00 1.00998069166758e-12 4.56093370409837e-14
4.08688666666667e+00 9.87010014161326e-13 4.45886721949291e-14
4.08994000000000e+00 9.64561774404777e-13 4.35908360647623e-14
4.09299333333333e+00 9.42624090197656e-13 4.26153183264755e-14
4.09604666666667e+00 9.21185349671034e-13 4.16616200560066e-14
4.09910000000000e+00 9.00234205008903e-13 4.07292535231210e-14
4.10215333333333e+00 8.79759566446648e-13 3.98177418481714e-14
4.10520666666667e+00 8.59750596522160e-13 3.89266188048318e-14
4.10826000000000e+00 8.40196704216396e-13 3.80554286273582e-14
4.11131333333333e+00 8.21087539352089e-13 3.72037256900284e-14
4.11436666666667e+00 8.02412987228007e-13 3.63710743226829e-14
4.11742000000000e+00 7.84163163150542e-13 3.55570486304976e-14
4.12047333333333e+00 7.66328407205964e-13 3.47612321946077e-14
4.12352666666667e+00 7.48899279252293e-13 3.39832178996222e-14
4.12658000000000e+00 7.31866553815820e-13 3.32226077650991e-14
4.12963333333333e+00 7.15221215211997e-13 3.24790126659515e-14
4.13268666666667e+00 6.98954452871084e-13 3.17520521711619e-14
4.13574000000000e+00 6.83057656575251e-13 3.10413543862005e-14
4.13879333333333e+00 6.67522411904849e-13 3.03465556919068e-14
4.14184666666667e+00 6.52340495875596e-13 2.96673005936757e-14
4.14490000000000e+00 6.37503872493522e-13 2.90032415741101e-14
4.14795333333333e+00 6.23004688504928e-13 2.83540388491574e-14
4.15100666666667e+00 6.08835269324346e-13 2.77193602270906e-14
4.15406000000000e+00 5.94988114886115e-13 2.70988809707297e-14
4.15711333333333e+00 5.81455895677775e-13 2.64922835696916e-14
4.16016666666667e+00 5.68231448939420e-13 2.58992576085322e-14
4.16322000000000e+00 5.55307774792114e-13 2.53194996379148e-14
4.16627333333333e+00 5.42678032535817e-13 2.47527129619112e-14
4.16932666666667e+00 5.30335537102041e-13 2.41986075147089e-14
4.17238000000000e+00 5.18273755440633e-13 2.36568997401471e-14
4.17543333333333e+00 5.06486303064589e-13 2.31273123930744e-14
4.17848666666667e+00 4.94966940739134e-13 2.26095744240635e-14
4.18154000000000e+00 4.83709571109631e-13 2.21034208667750e-14
4.18459333333333e+00 4.72708235476812e-13 2.16085926524405e-14
4.18764666666667e+00 4.61957110706535e-13 2.11248365020670e-14
4.19070000000000e+00 4.51450506082714e-13 2.06519048211190e-14
4.19375333333333e+00 4.41182860297618e-13 2.01895555262611e-14
4.19680666666667e+00 4.31148738567576e-13 1.97375519445669e-14
4.19986000000000e+00 4.21342829695935e-13 1.92956627150424e-14
4.20291333333333e+00 4.11759943264062e-13 1.88636616268189e-14
4.20596666666667e+00 4.02395006939293e-13 1.84413275249114e-14
4.20902000000000e+00 3.93243063733881e-13 1.80284442181415e-14
4.21207333333333e+00 3.84299269383333e-13 1.76248003280224e-14
4.21512666666667e+00 3.75558889833780e-13 1.72301892006413e-14
4.21818000000000e+00 3.67017298683844e-13 1.68444088205664e-14
4.22123333333333e+00 3.58669974737811e-13 1.64672616697191e-14
4.22428666666667e+00 3.50512499660464e-13 1.60985546449824e-14
4.22734000000000e+00 3.42540555589667e-13 1.57380989777026e-14
4.23039333333333e+00 3.34749922852705e-13 1.53857101018897e-14
4.23344666666667e+00 3.27136477777436e-13 1.50412075771794e-14
4.23650000000000e+00 3.19696190464175e-13 1.47044150135682e-14
4.23955333333333e+00 3.12425122654347e-13 1.43751599483223e-14
4.24260666666667e+00 3.05319425687511e-13 1.40532737739491e-14
4.24566000000000e+00 2.98375338421941e-13 1.37385916678240e-14
4.24871333333333e+00 2.91589185245410e-13 1.34309524772330e-14
4.25176666666667e+00 2.84957374168382e-13 1.31301986520279e-14
4.25482000000000e+00 2.78476394883360e-13 1.28361761788272e-14
4.25787333333333e+00 2.72142816908321e-13 1.25487344736573e-14
4.26092666666667e+00 2.65953287807003e-13 1.22677263189840e-14
4.26398000000000e+00 2.59904531377753e-13 1.19930078021926e-14
4.26703333333333e+00 2.53993345920780e-13 1.17244382153236e-14
4.27008666666667e+00 2.48216602577055e-13 1.14618799961991e-14
4.27314000000000e+00 2.42571243638022e-13 1.12051986709020e-14
4.27619333333333e+00 2.37054280928407e-13 1.09542627601385e-14
4.27924666666667e+00 2.31662794255832e-13 1.07089437241927e-14
4.28230000000000e+00 2.26393929833319e-13 1.04691159091462e-14
4.28535333333333e+00 2.21244898769951e-13 1.02346564594286e-14
4.28840666666667e+00 2.16212975623818e-13 1.00054452663527e-14
4.29146000000000e+00 2.11295496929792e-13 9.78136491782991e-15
4.29451333333333e+00 2.06489859790842e-13 9.56230061670188e-15
4.29756666666667e+00 2.01793520527429e-13 9.34814013262131e-15
4.30062000000000e+00 1.97203993303523e-13 9.13877375503879e-15
4.30367333333333e+00 1.92718848811862e-13 8.93409421693135e-15
4.30672666666667e+00 1.88335713013369e-13 8.73399664981329e-15
4.30978000000000e+00 1.84052265854855e-13 8.53837853978066e-15
4.31283333333333e+00 1.79866240041955e-13 8.34713965628068e-15
4.31588666666667e+00 1.75775419862566e-13 8.16018201004892e-15
4.31894000000000e+00 1.71777639990119e-13 7.97740981201287e-15
4.32199333333333e+00 1.67870784338345e-13 7.79872940676930e-15
4.32504666666667e+00 1.64052784963138e-13 7.62404923325765e-15
4.32810000000000e+00 1.60321620945676e-13 7.45327978633715e-15
4.33115333333333e+00 1.56675317323573e-13 7.28633355466053e-15
4.33420666666667e+00 1.53111944065923e-13 7.12312498390600e-15
4.33726000000000e+00 1.49629615030963e-13 6.96357044085408e-15
4.34031333333333e+00 1.46226486968495e-13 6.80758815536745e-15
4.34336666666667e+00 1.42900758563252e-13 6.65509818601519e-15
4.34642000000000e+00 1.39650669462110e-13 6.50602238648664e-15
4.34947333333333e+00 1.36474499343047e-13 6.36028435140633e-15
4.35252666666667e+00 1.33370567022261e-13 6.21780938419472e-15
4.35558000000000e+00 1.30337229546303e-13 6.07852446566757e-15
4.35863333333333e+00 1.27372881323122e-13 5.94235820343201e-15
4.36168666666667e+00 1.24475953288701e-13 5.80924080183887e-15
4.36474000000000e+00 1.21644912059765e-13 5.67910403262548e-15
4.36779333333333e+00 1.18878259122779e-13 5.55188118765617e-15
4.37084666666667e+00 1.16174530056131e-13 5.42750705083012e-15
4.37390000000000e+00 1.13532293739380e-13 5.30591787063461e-15
4.37695333333333e+00 1.10950151596336e-13 5.18705131600934e-15
4.38000666666667e+00 1.08426736869089e-13 5.07084645008252e-15
4.38306000000000e+00 1.05960713880020e-13 4.95724370451038e-15
4.38611333333333e+00 1.03550777325366e-13 4.84618483825873e-15
4.38916666666667e+00 1.01195651597630e-13 4.73761291304843e-15
4.39222000000000e+00 9.88940900968423e-14 4.63147226936526e-15
4.39527333333333e+00 9.66448745712354e-14 4.52770848796595e-15
4.39832666666667e+00 9.44468144848162e-14 4.42626836692184e-15
4.40138000000000e+00 9.22987463745891e-14 4.32709989919041e-15
4.40443333333333e+00 9.01995332351970e-14 4.23015223666556e-15
4.40748666666667e+00 8.81480639286506e-14 4.13537566871586e-15
4.41054000000000e+00 8.61432525844409e-14 4.04272160121595e-15
4.41359333333333e+00 8.41840380252193e-14 3.95214252297325e-15
4.41664666666667e+00 8.22693832158695e-14 3.86359198566315e-15
4.41970000000000e+00 8.03982747036506e-14 3.77702458422582e-15
4.42275333333333e+00 7.85697220821775e-14 3.69239592551203e-15
4.42580666666667e+00 7.67827574772147e-14 3.60966260952473e-15
4.42886000000000e+00 7.50364350241770e-14 3.52878221109204e-15
4.43191333333333e+00 7.33298303678578e-14 3.44971325058559e-15
4.43496666666667e+00 7.16620401824955e-14 3.37241517638363e-15
4.43802000000000e+00 7.00321816841409e-14 3.29684834773735e-15
4.44107333333333e+00 6.84393921637473e-14 3.22297400742475e-15
4.44412666666667e+00 6.68828285392270e-14 3.15075426535568e-15
4.44718000000000e+00 6.53616669003568e-14 3.08015208255393e-15
4.45023333333333e+00 6.38751020730070e-14 3.01113124561860e-15
4.45328666666667e+00 6.24223472010543e-14 2.94365635139685e-15
4.45634000000000e+00 6.10026333216554e-14 2.87769279200913e-15
4.45939333333333e+00 5.96152089585371e-14 2.81320673099883e-15
4.46244666666667e+00 5.82593397317764e-14 2.75016508900313e-15
4.46550000000000e+00 5.69343079614151e-14 2.68853552975354e-15
4.46855333333333e+00 5.56394122878736e-14 2.62828643780201e-15
4.47160666666667e+00 5.43739673077402e-14 2.56938690512529e-15
4.47466000000000e+00 5.31373032038363e-14 2.51180671803715e-15
4.47771333333333e+00 5.19287653909440e-14 2.45551633638689e-15
4.48076666666667e+00 5.07477141758718e-14 2.40048688103627e-15
4.48382000000000e+00 4.95935244122050e-14 2.34669012162416e-15
4.48687333333333e+00 4.84655851696589e-14 2.29409845714026e-15
4.48992666666667e+00 4.73632994168035e-14 2.24268490421764e-15
4.49298000000000e+00 4.62860836988506e-14 2.19242308569448e-15
4.49603333333333e+00 4.52333678290586e-14 2.14328721247199e-15
4.49908666666667e+00 4.42045945926043e-14 2.09525207256968e-15
4.50214000000000e+00 4.31992194458709e-14 2.04829302043230e-15
4.50519333333333e+00 4.22167102284326e-14 2.00238595998689e-15
4.50824666666667e+00 4.12565468866649e-14 1.95750733441119e-15
4.51130000000000e+00 4.03182211930981e-14 1.91363411613724e-15
4.51435333333333e+00 3.94012364776098e-14 1.87074379102855e-15
4.51740666666667e+00 3.85051073694577e-14 1.82881434881503e-15
4.52046000000000e+00 3.76293595353599e-14 1.78782427374801e-15
4.52351333333333e+00 3.67735294286139e-14 1.74775252982332e-15
4.52656666666667e+00 3.59371640483244e-14 1.70857855183959e-15
4.52962000000000e+00 3.51198206949608e-14 1.67028223666212e-15
4.53267333333333e+00 3.43210667362072e-14 1.63284392942284e-15
4.53572666666667e+00 3.35404793822386e-14 1.59624441516126e-15
4.53878000000000e+00 3.27776454575898e-14 1.56046491065779e-15
4.54183333333333e+00 3.20321611826203e-14 1.52548705154583e-15
4.54488666666667e+00 3.13036319637700e-14 1.49129288449747e-15
4.54794000000000e+00 3.05916721806502e-14 1.45786485958911e-15
4.55099333333333e+00 2.98959049820825e-14 1.42518581826555e-15
4.55404666666667e+00 2.92159620903355e-14 1.39323898603498e-15
4.55710000000000e+00 2.85514836024217e-14 1.36200796533215e-15
4.56015333333333e+00 2.79021177997393e-14 1.33147672427807e-15
4.56320666666667e+00 2.72675209653571e-14 1.30162958985132e-15
4.56626000000000e+00 2.66473571985704e-14 1.27245124121621e-15
4.56931333333333e+00 2.60412982372377e-14 1.24392669922571e-15
4.57236666666667e+00 2.54490232872441e-14 1.21604132003775e-15
4.57542000000000e+00 2.48702188494322e-14 1.18878078887834e-15
4.57847333333333e+00 2.43045785537861e-14 1.17549869355472e-15
