SPECIES: e / A
PROCESS: E + A -> E + A, Elastic
PARAM.:  m/M = 0.0000195921, complete set
COMMENT: [e + A(gnd) -> e + A(gnd), Elastic]
UPDATED: 2018-06-05 11:00:00
COLUMNS: Energy (eV) | Cross section (m2)
-----------------------------
0.00000000e+00 3.967243020253660e-17
6.03846154e-03 2.169757255599873e-17
1.20769231e-02 1.534250068963383e-17
1.81153846e-02 1.252709935596730e-17
2.41538462e-02 1.084878627799936e-17
3.01923077e-02 9.703449436389404e-18
3.62307692e-02 8.857996903202112e-18
4.22692308e-02 8.200911576707530e-18
4.83076923e-02 7.671250344816916e-18
5.43461538e-02 7.232524185332910e-18
6.03846154e-02 6.861374897371730e-18
6.64230769e-02 6.542064275432760e-18
7.24615385e-02 6.263549677983651e-18
7.85000000e-02 6.017823877211821e-18
8.45384615e-02 5.798920187801156e-18
9.05769231e-02 5.602289144167345e-18
9.66153846e-02 5.424393138999682e-18
1.02653846e-01 5.262434321640337e-18
1.08692308e-01 5.114166896544611e-18
1.14730769e-01 4.977764531144209e-18
1.20769231e-01 4.851724718194702e-18
1.26807692e-01 4.734798506412411e-18
1.32846154e-01 4.625938012116763e-18
1.38884615e-01 4.524256627974941e-18
1.44923077e-01 4.428998451601056e-18
1.50961538e-01 4.339514511199746e-18
1.57000000e-01 4.255244071562800e-18
1.63038462e-01 4.175699785322435e-18
1.69076923e-01 4.100455788353765e-18
1.75115385e-01 4.029138073407304e-18
1.81153846e-01 3.961416644008510e-18
1.87192308e-01 3.896999072168014e-18
1.93230769e-01 3.835625172408458e-18
1.99269231e-01 3.777062570476938e-18
2.05307692e-01 3.721102994380711e-18
2.11346154e-01 3.667559152596604e-18
2.17384615e-01 3.616262092666455e-18
2.23423077e-01 3.567058955190704e-18
2.29461538e-01 3.519811055121946e-18
2.35500000e-01 3.474392235444003e-18
2.41538462e-01 3.430687448685865e-18
2.47576923e-01 3.388591529921299e-18
2.53615385e-01 3.348008131436153e-18
2.59653846e-01 3.308848794477765e-18
2.65692308e-01 3.271032137716380e-18
2.71730769e-01 3.234483145463135e-18
2.77769231e-01 3.199132541469263e-18
2.83807692e-01 3.164916236405705e-18
2.89846154e-01 3.131774838991826e-18
2.95884615e-01 3.099653222285533e-18
3.01923077e-01 3.068500137926767e-18
3.07961538e-01 3.038267872191774e-18
3.14000000e-01 3.008911938605910e-18
3.20038462e-01 2.980390802609584e-18
3.26076923e-01 2.952665634400704e-18
3.32115385e-01 2.925700086608112e-18
3.38153846e-01 2.899460093900578e-18
3.44192308e-01 2.873913692018681e-18
3.50230769e-01 2.849030854043206e-18
3.56269231e-01 2.824783341992886e-18
3.62307692e-01 2.801144572083672e-18
3.68346154e-01 2.778089492187708e-18
3.74384615e-01 2.755594470207687e-18
3.80423077e-01 2.733637192235844e-18
3.86461538e-01 2.712196569499841e-18
3.92500000e-01 2.691252653213396e-18
3.98538462e-01 2.670786556550135e-18
4.04576923e-01 2.650780383046982e-18
4.10615385e-01 2.631217160820168e-18
4.16653846e-01 2.612080782044281e-18
4.22692308e-01 2.593355947203846e-18
4.28730769e-01 2.575028113678961e-18
4.34769231e-01 2.557083448272305e-18
4.40807692e-01 2.539508783325370e-18
4.46846154e-01 2.522291576107548e-18
4.52884615e-01 2.505419871193461e-18
4.58923077e-01 2.488882265572105e-18
4.64961538e-01 2.472667876256436e-18
4.71000000e-01 2.456766310184342e-18
4.77038462e-01 2.441167636221871e-18
4.83076923e-01 2.425862359097351e-18
4.89115385e-01 2.410841395110970e-18
4.95153846e-01 2.396096049478649e-18
5.01192308e-01 2.381617995181815e-18
5.07230769e-01 2.367399253206206e-18
5.13269231e-01 2.353432174063157e-18
5.19307692e-01 2.339709420496160e-18
5.25346154e-01 2.326223951283877e-18
5.31384615e-01 2.312969006058381e-18
5.37423077e-01 2.299938091064283e-18
5.43461538e-01 2.287124965790577e-18
5.49500000e-01 2.274523630412710e-18
5.55538462e-01 2.262128313987471e-18
5.61576923e-01 2.249933463347924e-18
5.67615385e-01 2.237933732649880e-18
5.73653846e-01 2.226123973525164e-18
5.79692308e-01 2.214499225800528e-18
5.85730769e-01 2.203054708744177e-18
5.91769231e-01 2.191785812804833e-18
5.97807692e-01 2.180688091810920e-18
6.03846154e-01 2.169757255599873e-18
6.09884615e-01 2.158989163049834e-18
6.15923077e-01 2.148379815488026e-18
6.21961538e-01 2.137925350451960e-18
6.28000000e-01 2.127622035781400e-18
6.34038462e-01 2.117466264020525e-18
6.40076923e-01 2.107454547111254e-18
6.46115385e-01 2.097583511359976e-18
6.52153846e-01 2.087849892661217e-18
6.58192308e-01 2.078250531962866e-18
6.64230769e-01 2.068782370958665e-18
6.70269231e-01 2.059442447994618e-18
6.76307692e-01 2.050227894176882e-18
6.82346154e-01 2.041135929669523e-18
6.88384615e-01 2.032163860171276e-18
6.94423077e-01 2.023309073561189e-18
7.00461538e-01 2.014569036703652e-18
7.06500000e-01 2.005941292403940e-18
7.12538462e-01 1.997423456505968e-18
7.18576923e-01 1.989013215124460e-18
7.24615385e-01 1.980708322004255e-18
7.30653846e-01 1.972506595999885e-18
7.36692308e-01 1.964405918669021e-18
7.42730769e-01 1.956404231973748e-18
7.48769231e-01 1.948499536084007e-18
7.54807692e-01 1.940689887277881e-18
7.60846154e-01 1.932973395933719e-18
7.66884615e-01 1.925348224609390e-18
7.72923077e-01 1.917812586204229e-18
7.78961538e-01 1.910364742199507e-18
7.85000000e-01 1.903003000973480e-18
7.91038462e-01 1.895725716187330e-18
7.97076923e-01 1.888531285238469e-18
8.03115385e-01 1.881418147777944e-18
8.09153846e-01 1.874384784288795e-18
8.15192308e-01 1.867429714722448e-18
8.21230769e-01 1.860551497190356e-18
8.27269231e-01 1.853748726708255e-18
8.33307692e-01 1.847020033990571e-18
8.39346154e-01 1.840364084292607e-18
8.45384615e-01 1.833779576298302e-18
8.51423077e-01 1.827265241051451e-18
8.57461538e-01 1.820819840928398e-18
8.63500000e-01 1.814442168650307e-18
8.69538462e-01 1.808131046333227e-18
8.75576923e-01 1.801885324574254e-18
8.81615385e-01 1.795703881572168e-18
8.87653846e-01 1.789585622281043e-18
8.93692308e-01 1.783529477595352e-18
8.99730769e-01 1.777534403565206e-18
9.05769231e-01 1.771599380640422e-18
9.11807692e-01 1.765723412942161e-18
9.17846154e-01 1.759905527560973e-18
9.23884615e-01 1.754144773880112e-18
9.29923077e-01 1.748440222923064e-18
9.35961538e-01 1.742790966724258e-18
9.42000000e-01 1.737196117722001e-18
9.48038462e-01 1.731654808172720e-18
9.54076923e-01 1.726166189585620e-18
9.60115385e-01 1.720729432176928e-18
9.66153846e-01 1.715343724342933e-18
9.72192308e-01 1.710008272151052e-18
9.78230769e-01 1.704722298848203e-18
9.84269231e-01 1.699485044385792e-18
9.90307692e-01 1.694295764960650e-18
9.96346154e-01 1.689153732571305e-18
1.00238462e+00 1.684058234588972e-18
1.00842308e+00 1.679008573342691e-18
1.01446154e+00 1.674004065718076e-18
1.02050000e+00 1.669044042769133e-18
1.02653846e+00 1.664127849342658e-18
1.03257692e+00 1.659254843714736e-18
1.03861538e+00 1.654424397238882e-18
1.04465385e+00 1.649635894005377e-18
1.05069231e+00 1.644888730511394e-18
1.05673077e+00 1.640182315341506e-18
1.06276923e+00 1.635516068858190e-18
1.06880769e+00 1.630889422901963e-18
1.07484615e+00 1.626301820500798e-18
1.08088462e+00 1.621752715588477e-18
1.08692308e+00 1.617241572731568e-18
1.09296154e+00 1.612767866864702e-18
1.09900000e+00 1.608331083033872e-18
1.10503846e+00 1.603930716147444e-18
1.11107692e+00 1.599566270734632e-18
1.11711538e+00 1.595237260711158e-18
1.12315385e+00 1.590943209151852e-18
1.12919231e+00 1.586683648069949e-18
1.13523077e+00 1.582458118202852e-18
1.14126923e+00 1.578266168804137e-18
1.14730769e+00 1.574107357441586e-18
1.15334615e+00 1.569981249801046e-18
1.15938462e+00 1.565887419495913e-18
1.16542308e+00 1.561825447882050e-18
1.17146154e+00 1.557794923877962e-18
1.17750000e+00 1.553795443790048e-18
1.18353846e+00 1.549826611142767e-18
1.18957692e+00 1.545888036513538e-18
1.19561538e+00 1.541979337372254e-18
1.20165385e+00 1.538100137925218e-18
1.20769231e+00 1.534250068963383e-18
1.21373077e+00 1.530428767714755e-18
1.21976923e+00 1.526635877700807e-18
1.22580769e+00 1.522871048596805e-18
1.23184615e+00 1.519133936095887e-18
1.23788462e+00 1.515424201776807e-18
1.24392308e+00 1.511741512975207e-18
1.24996154e+00 1.508085542658314e-18
1.25600000e+00 1.504455969302955e-18
1.26203846e+00 1.500852476776792e-18
1.26807692e+00 1.497274754222658e-18
1.27411538e+00 1.493722495945926e-18
1.28015385e+00 1.490195401304792e-18
1.28619231e+00 1.486693174603403e-18
1.29223077e+00 1.483215524987729e-18
1.29826923e+00 1.479762166344103e-18
1.30430769e+00 1.476332817200352e-18
1.31034615e+00 1.472927200629431e-18
1.31638462e+00 1.469545044155493e-18
1.32242308e+00 1.466186079662321e-18
1.32846154e+00 1.462850043304056e-18
1.33450000e+00 1.459536675418138e-18
1.34053846e+00 1.456245720440418e-18
1.34657692e+00 1.452976926822363e-18
1.35261538e+00 1.449730046950289e-18
1.35865385e+00 1.446504837066582e-18
1.36469231e+00 1.443301057192828e-18
1.37073077e+00 1.440118471054814e-18
1.37676923e+00 1.436956846009340e-18
1.38280769e+00 1.433815952972784e-18
1.38884615e+00 1.430695566351388e-18
1.39488462e+00 1.427595463973193e-18
1.40092308e+00 1.424515427021603e-18
1.40696154e+00 1.421455239970506e-18
1.41300000e+00 1.418414690520933e-18
1.41903846e+00 1.415393569539190e-18
1.42507692e+00 1.412391670996443e-18
1.43111538e+00 1.409408791909700e-18
1.43715385e+00 1.406444732284163e-18
1.44319231e+00 1.403499295056904e-18
1.44923077e+00 1.400572286041836e-18
1.45526923e+00 1.397663513875939e-18
1.46130769e+00 1.394772789966712e-18
1.46734615e+00 1.391899928440811e-18
1.47338462e+00 1.389044746093854e-18
1.47942308e+00 1.386207062341343e-18
1.48546154e+00 1.383386699170696e-18
1.49150000e+00 1.380583481094339e-18
1.49753846e+00 1.377797235103843e-18
1.50357692e+00 1.375027790625078e-18
1.50961538e+00 1.372274979474346e-18
1.51565385e+00 1.369538635815489e-18
1.52169231e+00 1.366818596117922e-18
1.52773077e+00 1.364114699115584e-18
1.53376923e+00 1.361426785766780e-18
1.53980769e+00 1.358754699214890e-18
1.54584615e+00 1.356098284749921e-18
1.55188462e+00 1.353457389770881e-18
1.55792308e+00 1.350831863748962e-18
1.56396154e+00 1.348221558191499e-18
1.57000000e+00 1.345626326606698e-18
1.57603846e+00 1.343046024469101e-18
1.58207692e+00 1.340480509185785e-18
1.58811538e+00 1.337929640063261e-18
1.59415385e+00 1.335393278275068e-18
1.60019231e+00 1.332871286830037e-18
1.60623077e+00 1.330363530541218e-18
1.61226923e+00 1.327869875995438e-18
1.61830769e+00 1.325390191523491e-18
1.62434615e+00 1.322924347170939e-18
1.63038462e+00 1.320472214669503e-18
1.63642308e+00 1.318033667409040e-18
1.64246154e+00 1.315608580410084e-18
1.64850000e+00 1.313196830296943e-18
1.65453846e+00 1.310798295271335e-18
1.66057692e+00 1.308412855086552e-18
1.66661538e+00 1.306040391022140e-18
1.67265385e+00 1.303680785859083e-18
1.67869231e+00 1.301333923855474e-18
1.68473077e+00 1.298999690722671e-18
1.69076923e+00 1.296677973601923e-18
1.69680769e+00 1.294368661041446e-18
1.70284615e+00 1.292071642973953e-18
1.70888462e+00 1.289786810694620e-18
1.71492308e+00 1.287514056839481e-18
1.72096154e+00 1.285253275364233e-18
1.72700000e+00 1.283004361523457e-18
1.73303846e+00 1.280767211850235e-18
1.73907692e+00 1.278541724136153e-18
1.74511538e+00 1.276327797411690e-18
1.75115385e+00 1.274125331926978e-18
1.75719231e+00 1.271934229132923e-18
1.76323077e+00 1.269754391662685e-18
1.76926923e+00 1.267585723313505e-18
1.77530769e+00 1.265428129028873e-18
1.78134615e+00 1.263281514881026e-18
1.78738462e+00 1.261145788053774e-18
1.79342308e+00 1.259020856825646e-18
1.79946154e+00 1.256906630553343e-18
1.80550000e+00 1.254803019655496e-18
1.81153846e+00 1.252709935596730e-18
1.81757692e+00 1.250627290872005e-18
1.82361538e+00 1.248554998991257e-18
1.82965385e+00 1.246492974464307e-18
1.83569231e+00 1.244441132786052e-18
1.84173077e+00 1.242399390421917e-18
1.84776923e+00 1.240367664793570e-18
1.85380769e+00 1.238345874264896e-18
1.85984615e+00 1.236333938128218e-18
1.86588462e+00 1.234331776590764e-18
1.87192308e+00 1.232339310761381e-18
1.87796154e+00 1.230356462637471e-18
1.88400000e+00 1.228383155092171e-18
1.89003846e+00 1.226419311861747e-18
1.89607692e+00 1.224464857533221e-18
1.90211538e+00 1.222519717532201e-18
1.90815385e+00 1.220583818110936e-18
1.91419231e+00 1.218657086336565e-18
1.92023077e+00 1.216739450079583e-18
1.92626923e+00 1.214830838002496e-18
1.93230769e+00 1.212931179548676e-18
1.93834615e+00 1.211040404931402e-18
1.94438462e+00 1.209158445123100e-18
1.95042308e+00 1.207285231844750e-18
1.95646154e+00 1.205420697555485e-18
1.96250000e+00 1.203564775442364e-18
1.96853846e+00 1.201717399410314e-18
1.97457692e+00 1.199878504072244e-18
1.98061538e+00 1.198048024739324e-18
1.98665385e+00 1.196225897411429e-18
1.99269231e+00 1.194412058767738e-18
1.99873077e+00 1.192606446157492e-18
2.00476923e+00 1.190808997590907e-18
2.01080769e+00 1.189019651730235e-18
2.01684615e+00 1.187238347880968e-18
2.02288462e+00 1.185465025983197e-18
2.02892308e+00 1.183699626603103e-18
2.03496154e+00 1.181942090924592e-18
2.04100000e+00 1.180192360741064e-18
2.04703846e+00 1.178450378447316e-18
2.05307692e+00 1.176716087031579e-18
2.05911538e+00 1.174989430067675e-18
2.06515385e+00 1.173270351707315e-18
2.07119231e+00 1.171558796672505e-18
2.07723077e+00 1.169854710248080e-18
2.08326923e+00 1.168158038274365e-18
2.08930769e+00 1.166468727139935e-18
2.09534615e+00 1.164786723774508e-18
2.10138462e+00 1.163111975641938e-18
2.10742308e+00 1.161444430733326e-18
2.11346154e+00 1.159784037560231e-18
2.11950000e+00 1.158130745148001e-18
2.12553846e+00 1.156484503029191e-18
2.13157692e+00 1.154845261237099e-18
2.13761538e+00 1.153212970299393e-18
2.14365385e+00 1.151587581231843e-18
2.14969231e+00 1.149969045532141e-18
2.15573077e+00 1.148357315173830e-18
2.16176923e+00 1.146752342600310e-18
2.16780769e+00 1.145154080718952e-18
2.17384615e+00 1.143562482895288e-18
2.17988462e+00 1.141977502947301e-18
2.18592308e+00 1.140399095139794e-18
2.19196154e+00 1.138827214178846e-18
2.19800000e+00 1.137261815206355e-18
2.20403846e+00 1.135702853794662e-18
2.21007692e+00 1.134150285941253e-18
2.21611538e+00 1.132604068063542e-18
2.22215385e+00 1.131064156993735e-18
2.22819231e+00 1.129530509973766e-18
2.23423077e+00 1.128003084650312e-18
2.24026923e+00 1.126481839069879e-18
2.24630769e+00 1.124966731673962e-18
2.25234615e+00 1.123457721294279e-18
2.25838462e+00 1.121954767148071e-18
2.26442308e+00 1.120457828833469e-18
2.27046154e+00 1.118966866324940e-18
2.27650000e+00 1.117481839968786e-18
2.28253846e+00 1.116002710478718e-18
2.28857692e+00 1.114529438931485e-18
2.29461538e+00 1.113061986762582e-18
2.30065385e+00 1.111600315761999e-18
2.30669231e+00 1.110144388070051e-18
2.31273077e+00 1.108694166173253e-18
2.31876923e+00 1.107249612900264e-18
2.32480769e+00 1.105810691417885e-18
2.33084615e+00 1.104377365227114e-18
2.33688462e+00 1.102949598159255e-18
2.34292308e+00 1.101527354372088e-18
2.34896154e+00 1.100110598346090e-18
2.35500000e+00 1.098699294880704e-18
2.36103846e+00 1.097293409090674e-18
2.36707692e+00 1.095892906402417e-18
2.37311538e+00 1.094497752550451e-18
2.37915385e+00 1.093107913573880e-18
2.38519231e+00 1.091723355812916e-18
2.39123077e+00 1.090344045905460e-18
2.39726923e+00 1.088969950783720e-18
2.40330769e+00 1.087601037670886e-18
2.40934615e+00 1.086237274077843e-18
2.41538462e+00 1.084878627799937e-18
2.42142308e+00 1.083525066913773e-18
2.42746154e+00 1.082176559774074e-18
2.43350000e+00 1.080833075010567e-18
2.43953846e+00 1.079494581524917e-18
2.44557692e+00 1.078161048487712e-18
2.45161538e+00 1.076832445335469e-18
2.45765385e+00 1.075508741767702e-18
2.46369231e+00 1.074189907744013e-18
2.46973077e+00 1.072875913481232e-18
2.47576923e+00 1.071566729450591e-18
2.48180769e+00 1.070262326374937e-18
2.48784615e+00 1.068962675225980e-18
2.49388462e+00 1.067667747221585e-18
2.49992308e+00 1.066377513823088e-18
2.50596154e+00 1.065091946732661e-18
2.51200000e+00 1.063811017890700e-18
2.51803846e+00 1.062534699473256e-18
2.52407692e+00 1.061262963889495e-18
2.53011538e+00 1.059995783779192e-18
2.53615385e+00 1.058733132010263e-18
2.54219231e+00 1.057474981676318e-18
2.54823077e+00 1.056221306094259e-18
2.55426923e+00 1.054972078801902e-18
2.56030769e+00 1.053727273555627e-18
2.56634615e+00 1.052486864328067e-18
2.57238462e+00 1.051250825305822e-18
2.57842308e+00 1.050019130887199e-18
2.58446154e+00 1.048791755679988e-18
2.59050000e+00 1.047568674499263e-18
2.59653846e+00 1.046349862365211e-18
2.60257692e+00 1.045135294500989e-18
2.60861538e+00 1.043924946330609e-18
2.61465385e+00 1.042718793476848e-18
2.62069231e+00 1.041516811759189e-18
2.62673077e+00 1.040318977191781e-18
2.63276923e+00 1.039125265981433e-18
2.63880769e+00 1.037935654525624e-18
2.64484615e+00 1.036750119410547e-18
2.65088462e+00 1.035568637409171e-18
2.65692308e+00 1.034391185479333e-18
2.66296154e+00 1.033217740761844e-18
2.66900000e+00 1.032048280578634e-18
2.67503846e+00 1.030882782430903e-18
2.68107692e+00 1.029721223997309e-18
2.68711538e+00 1.028563583132168e-18
2.69315385e+00 1.027409837863683e-18
2.69919231e+00 1.026259966392193e-18
2.70523077e+00 1.025113947088441e-18
2.71126923e+00 1.023971758491868e-18
2.71730769e+00 1.022833379308922e-18
2.72334615e+00 1.021698788411392e-18
2.72938462e+00 1.020567964834762e-18
2.73542308e+00 1.019440887776582e-18
2.74146154e+00 1.018317536594862e-18
2.74750000e+00 1.017197890806486e-18
2.75353846e+00 1.016081930085638e-18
2.75957692e+00 1.014969634262258e-18
2.76561538e+00 1.013860983320508e-18
2.77165385e+00 1.012755957397258e-18
2.77769231e+00 1.011654536780594e-18
2.78373077e+00 1.010556701908341e-18
2.78976923e+00 1.009462433366601e-18
2.79580769e+00 1.008371711888312e-18
2.80184615e+00 1.007284518351826e-18
2.80788462e+00 1.006200833779498e-18
2.81392308e+00 1.005120639336296e-18
2.81996154e+00 1.004043916328426e-18
2.82600000e+00 1.002970646201970e-18
2.83203846e+00 1.001900810541550e-18
2.83807692e+00 1.000834391068995e-18
2.84411538e+00 9.997713696420301e-19
2.85015385e+00 9.987117282529839e-19
2.85619231e+00 9.976554490275033e-19
2.86223077e+00 9.966025142232884e-19
2.86826923e+00 9.955529062288420e-19
2.87430769e+00 9.945066075622299e-19
2.88034615e+00 9.934636008698612e-19
2.88638462e+00 9.924238689252762e-19
2.89242308e+00 9.913873946279530e-19
2.89846154e+00 9.903541610021274e-19
2.90450000e+00 9.893241511956220e-19
2.91053846e+00 9.882973484786950e-19
2.91657692e+00 9.872737362428968e-19
2.92261538e+00 9.862532979999424e-19
2.92865385e+00 9.852360173805957e-19
2.93469231e+00 9.842218781335680e-19
2.94073077e+00 9.832108641244250e-19
2.94676923e+00 9.822029593345103e-19
2.95280769e+00 9.811981478598801e-19
2.95884615e+00 9.801964139102472e-19
2.96488462e+00 9.791977418079406e-19
2.97092308e+00 9.782021159868740e-19
2.97696154e+00 9.772095209915269e-19
2.98300000e+00 9.762199414759370e-19
2.98903846e+00 9.752333622027039e-19
2.99507692e+00 9.742497680420034e-19
3.00111538e+00 9.732691439706132e-19
3.00715385e+00 9.722914750709486e-19
3.01319231e+00 9.713167465301101e-19
3.01923077e+00 9.703449436389407e-19
3.02526923e+00 9.693760517910921e-19
3.03130769e+00 9.684100564821062e-19
3.03734615e+00 9.674469433084985e-19
3.04338462e+00 9.664866979668596e-19
3.04942308e+00 9.655293062529616e-19
3.05546154e+00 9.645747540608759e-19
3.06150000e+00 9.636230273821004e-19
3.06753846e+00 9.626741123046949e-19
3.07357692e+00 9.617279950124295e-19
3.07961538e+00 9.607846617839362e-19
3.08565385e+00 9.598440989918774e-19
3.09169231e+00 9.589062931021145e-19
3.09773077e+00 9.579712306728934e-19
3.10376923e+00 9.570388983540338e-19
3.10980769e+00 9.561092828861289e-19
3.11584615e+00 9.551823710997533e-19
3.12188462e+00 9.542581499146793e-19
3.12792308e+00 9.533366063391024e-19
3.13396154e+00 9.524177274688734e-19
3.14000000e+00 9.515015004867400e-19
3.14603846e+00 9.505879126615952e-19
3.15207692e+00 9.496769513477352e-19
3.15811538e+00 9.487686039841238e-19
3.16415385e+00 9.478628580936648e-19
3.17019231e+00 9.469597012824822e-19
3.17623077e+00 9.460591212392087e-19
3.18226923e+00 9.451611057342788e-19
3.18830769e+00 9.442656426192346e-19
3.19434615e+00 9.433727198260318e-19
3.20038462e+00 9.424823253663592e-19
3.20642308e+00 9.415944473309620e-19
3.21246154e+00 9.407090738889719e-19
3.21850000e+00 9.398261932872469e-19
3.22453846e+00 9.389457938497140e-19
3.23057692e+00 9.380678639767215e-19
3.23661538e+00 9.371923921443976e-19
3.24265385e+00 9.363193669040137e-19
3.24869231e+00 9.354487768813574e-19
3.25473077e+00 9.345806107761088e-19
3.26076923e+00 9.337148573612242e-19
3.26680769e+00 9.328515054823278e-19
3.27284615e+00 9.319905440571069e-19
3.27888462e+00 9.311319620747142e-19
3.28492308e+00 9.302757485951778e-19
3.29096154e+00 9.294218927488137e-19
3.29700000e+00 9.285703837356485e-19
3.30303846e+00 9.277212108248430e-19
3.30907692e+00 9.268743633541274e-19
3.31511538e+00 9.260298307292359e-19
3.32115385e+00 9.251876024233524e-19
3.32719231e+00 9.243476679765580e-19
3.33323077e+00 9.235100169952857e-19
3.33926923e+00 9.226746391517804e-19
3.34530769e+00 9.218415241835648e-19
3.35134615e+00 9.210106618929083e-19
3.35738462e+00 9.201820421463037e-19
3.36342308e+00 9.193556548739481e-19
3.36946154e+00 9.185314900692288e-19
3.37550000e+00 9.177095377882145e-19
3.38153846e+00 9.168897881491509e-19
3.38757692e+00 9.160722313319627e-19
3.39361538e+00 9.152568575777580e-19
3.39965385e+00 9.144436571883408e-19
3.40569231e+00 9.136326205257255e-19
3.41173077e+00 9.128237380116568e-19
3.41776923e+00 9.120170001271357e-19
3.42380769e+00 9.112123974119479e-19
3.42984615e+00 9.104099204641989e-19
3.43588462e+00 9.096095599398517e-19
3.44192308e+00 9.088113065522701e-19
3.44796154e+00 9.080151510717667e-19
3.45400000e+00 9.072210843251534e-19
3.46003846e+00 9.064290971952990e-19
3.46607692e+00 9.056391806206886e-19
3.47211538e+00 9.048513255949881e-19
3.47815385e+00 9.040655231666137e-19
3.48419231e+00 9.032817644383036e-19
3.49023077e+00 9.025000405666960e-19
3.49626923e+00 9.017203427619092e-19
3.50230769e+00 9.009426622871269e-19
3.50834615e+00 9.001669904581869e-19
3.51438462e+00 8.993933186431737e-19
3.52042308e+00 8.986216382620156e-19
3.52646154e+00 8.978519407860840e-19
3.53250000e+00 8.970842177377986e-19
3.53853846e+00 8.963184606902345e-19
3.54457692e+00 8.955546612667339e-19
3.55061538e+00 8.947928111405217e-19
3.55665385e+00 8.940329020343233e-19
3.56269231e+00 8.932749257199876e-19
3.56873077e+00 8.925188740181132e-19
3.57476923e+00 8.917647387976760e-19
3.58080769e+00 8.910125119756639e-19
3.58684615e+00 8.902621855167117e-19
3.59288462e+00 8.895137514327411e-19
3.59892308e+00 8.887672017826032e-19
3.60496154e+00 8.880225286717251e-19
3.61100000e+00 8.872797242517584e-19
3.61703846e+00 8.865387807202328e-19
3.62307692e+00 8.857996903202111e-19
3.62911538e+00 8.850624453399490e-19
3.63515385e+00 8.843270381125557e-19
3.64119231e+00 8.835934610156608e-19
3.64723077e+00 8.828617064710806e-19
3.65326923e+00 8.821317669444913e-19
3.65930769e+00 8.814036349451016e-19
3.66534615e+00 8.806773030253299e-19
3.67138462e+00 8.799527637804864e-19
3.67742308e+00 8.792300098484528e-19
3.68346154e+00 8.785090339093707e-19
3.68950000e+00 8.777898286853291e-19
3.69553846e+00 8.770723869400561e-19
3.70157692e+00 8.763567014786132e-19
3.70761538e+00 8.756427651470917e-19
3.71365385e+00 8.749305708323135e-19
3.71969231e+00 8.742201114615321e-19
3.72573077e+00 8.735113800021383e-19
3.73176923e+00 8.728043694613682e-19
3.73780769e+00 8.720990728860120e-19
3.74384615e+00 8.713954833621288e-19
3.74988462e+00 8.706935940147602e-19
3.75592308e+00 8.699933980076492e-19
3.76196154e+00 8.692948885429597e-19
3.76800000e+00 8.685980588610007e-19
3.77403846e+00 8.679029022399490e-19
3.78007692e+00 8.672094119955807e-19
3.78611538e+00 8.665175814809971e-19
3.79215385e+00 8.658274040863602e-19
3.79819231e+00 8.651388732386261e-19
3.80423077e+00 8.644519824012822e-19
3.81026923e+00 8.637667250740867e-19
3.81630769e+00 8.630830947928102e-19
3.82234615e+00 8.624010851289797e-19
3.82838462e+00 8.617206896896249e-19
3.83442308e+00 8.610419021170258e-19
3.84046154e+00 8.603647160884640e-19
3.84650000e+00 8.596891253159744e-19
3.85253846e+00 8.590151235461012e-19
3.85857692e+00 8.583427045596540e-19
3.86461538e+00 8.576718621714663e-19
3.87065385e+00 8.570025902301581e-19
3.87669231e+00 8.563348826178970e-19
3.88273077e+00 8.556687332501655e-19
3.88876923e+00 8.550041360755260e-19
3.89480769e+00 8.543410850753914e-19
3.90084615e+00 8.536795742637958e-19
3.90688462e+00 8.530195976871669e-19
3.91292308e+00 8.523611494241017e-19
3.91896154e+00 8.517042235851437e-19
3.92500000e+00 8.510488143125600e-19
3.93103846e+00 8.503949157801238e-19
3.93707692e+00 8.497425221928959e-19
3.94311538e+00 8.490916277870090e-19
3.94915385e+00 8.484422268294542e-19
3.95519231e+00 8.477943136178685e-19
3.96123077e+00 8.471478824803248e-19
3.96726923e+00 8.465029277751234e-19
3.97330769e+00 8.458594438905848e-19
3.97934615e+00 8.452174252448451e-19
3.98538462e+00 8.445768662856524e-19
3.99142308e+00 8.439377614901650e-19
3.99746154e+00 8.433001053647516e-19
4.00350000e+00 8.426638924447932e-19
4.00953846e+00 8.420291172944858e-19
4.01557692e+00 8.413957745066456e-19
4.02161538e+00 8.407638587025159e-19
4.02765385e+00 8.401333645315750e-19
4.03369231e+00 8.395042866713456e-19
4.03973077e+00 8.388766198272064e-19
4.04576923e+00 8.382503587322051e-19
4.05180769e+00 8.376254981468724e-19
4.05784615e+00 8.370020328590382e-19
4.06388462e+00 8.363799576836489e-19
4.06992308e+00 8.357592674625859e-19
4.07596154e+00 8.351399570644869e-19
4.08200000e+00 8.345220213845665e-19
4.08803846e+00 8.339054553444407e-19
4.09407692e+00 8.332902538919506e-19
4.10011538e+00 8.326764120009893e-19
4.10615385e+00 8.320639246713288e-19
4.11219231e+00 8.314527869284495e-19
4.11823077e+00 8.308429938233698e-19
4.12426923e+00 8.302345404324786e-19
4.13030769e+00 8.296274218573682e-19
4.13634615e+00 8.290216332246675e-19
4.14238462e+00 8.284171696858795e-19
4.14842308e+00 8.278140264172170e-19
4.15446154e+00 8.272121986194412e-19
4.16050000e+00 8.266116815177021e-19
4.16653846e+00 8.260124703613778e-19
4.17257692e+00 8.254145604239187e-19
4.17861538e+00 8.248179470026886e-19
4.18465385e+00 8.242226254188117e-19
4.19069231e+00 8.236285910170167e-19
4.19673077e+00 8.230358391654845e-19
4.20276923e+00 8.224443652556971e-19
4.20880769e+00 8.218541647022861e-19
4.21484615e+00 8.212652329428840e-19
4.22088462e+00 8.206775654379762e-19
4.22692308e+00 8.200911576707531e-19
4.23296154e+00 8.195060051469659e-19
4.23900000e+00 8.189221033947806e-19
4.24503846e+00 8.183394479646345e-19
4.25107692e+00 8.177580344290950e-19
4.25711538e+00 8.171778583827167e-19
4.26315385e+00 8.165989154419024e-19
4.26919231e+00 8.160212012447633e-19
4.27523077e+00 8.154447114509816e-19
4.28126923e+00 8.148694417416727e-19
4.28730769e+00 8.142953878192502e-19
4.29334615e+00 8.137225454072906e-19
4.29938462e+00 8.131509102503989e-19
4.30542308e+00 8.125804781140774e-19
4.31146154e+00 8.120112447845927e-19
4.31750000e+00 8.114432060688448e-19
4.32353846e+00 8.108763577942385e-19
4.32957692e+00 8.103106958085536e-19
4.33561538e+00 8.097462159798181e-19
4.34165385e+00 8.091829141961801e-19
4.34769231e+00 8.086207863657838e-19
4.35373077e+00 8.080598284166428e-19
4.35976923e+00 8.075000362965175e-19
4.36580769e+00 8.069414059727919e-19
4.37184615e+00 8.063839334323511e-19
4.37788462e+00 8.058276146814607e-19
4.38392308e+00 8.052724457456466e-19
4.38996154e+00 8.047184226695753e-19
4.39600000e+00 8.041655415169359e-19
4.40203846e+00 8.036137983703234e-19
4.40807692e+00 8.030631893311199e-19
4.41411538e+00 8.025137105193817e-19
4.42015385e+00 8.019653580737220e-19
4.42619231e+00 8.014181281511988e-19
4.43223077e+00 8.008720169272008e-19
4.43826923e+00 8.003270205953351e-19
4.44430769e+00 7.997831353673159e-19
4.45034615e+00 7.992403574728549e-19
4.45638462e+00 7.986986831595495e-19
4.46242308e+00 7.981581086927756e-19
4.46846154e+00 7.976186303555790e-19
4.47450000e+00 7.970802444485673e-19
4.48053846e+00 7.965429472898046e-19
4.48657692e+00 7.960067352147045e-19
4.49261538e+00 7.954716045759261e-19
4.49865385e+00 7.949375517432693e-19
4.50469231e+00 7.944045731035715e-19
4.51073077e+00 7.938726650606049e-19
4.51676923e+00 7.933418240349746e-19
4.52280769e+00 7.928120464640176e-19
4.52884615e+00 7.922833288017019e-19
4.53488462e+00 7.917556675185272e-19
4.54092308e+00 7.912290591014262e-19
4.54696154e+00 7.907035000536655e-19
4.55300000e+00 7.901789868947492e-19
4.55903846e+00 7.896555161603209e-19
4.56507692e+00 7.891330844020685e-19
4.57111538e+00 7.886116881876287e-19
4.57715385e+00 7.880913241004916e-19
4.58319231e+00 7.875719887399074e-19
4.58923077e+00 7.870536787207929e-19
4.59526923e+00 7.865363906736388e-19
4.60130769e+00 7.860201212444172e-19
4.60734615e+00 7.855048670944910e-19
4.61338462e+00 7.849906249005230e-19
4.61942308e+00 7.844773913543856e-19
4.62546154e+00 7.839651631630719e-19
4.63150000e+00 7.834539370486061e-19
4.63753846e+00 7.829437097479564e-19
4.64357692e+00 7.824344780129471e-19
4.64961538e+00 7.819262386101716e-19
4.65565385e+00 7.814189883209061e-19
4.66169231e+00 7.809127239410248e-19
4.66773077e+00 7.804074422809137e-19
4.67376923e+00 7.799031401653869e-19
4.67980769e+00 7.793998144336028e-19
4.68584615e+00 7.788974619389809e-19
4.69188462e+00 7.783960795491186e-19
4.69792308e+00 7.778956641457103e-19
4.70396154e+00 7.773962126244645e-19
4.71000000e+00 7.768977218950242e-19
4.71603846e+00 7.764001888808862e-19
4.72207692e+00 7.759036105193204e-19
4.72811538e+00 7.754079837612924e-19
4.73415385e+00 7.749133055713833e-19
4.74019231e+00 7.744195729277124e-19
4.74623077e+00 7.739267828218597e-19
4.75226923e+00 7.734349322587885e-19
4.75830769e+00 7.729440182567690e-19
4.76434615e+00 7.724540378473029e-19
4.77038462e+00 7.719649880750472e-19
4.77642308e+00 7.714768659977405e-19
4.78246154e+00 7.709896686861270e-19
4.78850000e+00 7.705033932238844e-19
4.79453846e+00 7.700180367075493e-19
4.80057692e+00 7.695335962464448e-19
4.80661538e+00 7.690500689626090e-19
4.81265385e+00 7.685674519907213e-19
4.81869231e+00 7.680857424780333e-19
4.82473077e+00 7.676049375842962e-19
4.83076923e+00 7.671250344816917e-19
4.83680769e+00 7.666460303547611e-19
4.84284615e+00 7.661679224003367e-19
4.84888462e+00 7.656907078274729e-19
4.85492308e+00 7.652143838573773e-19
4.86096154e+00 7.647389477233425e-19
4.86700000e+00 7.642643966706800e-19
4.87303846e+00 7.637907279566516e-19
4.87907692e+00 7.633179388504034e-19
4.88511538e+00 7.628460266329002e-19
4.89115385e+00 7.623749885968589e-19
4.89719231e+00 7.619048220466840e-19
4.90323077e+00 7.614355242984024e-19
4.90926923e+00 7.609670926795989e-19
4.91530769e+00 7.604995245293534e-19
4.92134615e+00 7.600328171981755e-19
4.92738462e+00 7.595669680479434e-19
4.93342308e+00 7.591019744518400e-19
4.93946154e+00 7.586378337942911e-19
4.94550000e+00 7.581745434709035e-19
4.95153846e+00 7.577121008884037e-19
4.95757692e+00 7.572505034645774e-19
4.96361538e+00 7.567897486282079e-19
4.96965385e+00 7.563298338190167e-19
4.97569231e+00 7.558707564876036e-19
4.98173077e+00 7.554125140953877e-19
4.98776923e+00 7.549551041145472e-19
4.99380769e+00 7.544985240279625e-19
4.99984615e+00 7.540427713291569e-19
5.00588462e+00 7.535878435222389e-19
5.01192308e+00 7.531337381218455e-19
5.01796154e+00 7.526804526530844e-19
5.02400000e+00 7.522279846514776e-19
5.03003846e+00 7.517763316629053e-19
5.03607692e+00 7.513254912435497e-19
5.04211538e+00 7.508754609598397e-19
5.04815385e+00 7.504262383883959e-19
5.05419231e+00 7.499778211159749e-19
5.06023077e+00 7.495302067394162e-19
5.06626923e+00 7.490833928655870e-19
5.07230769e+00 7.486373771113289e-19
5.07834615e+00 7.481921571034045e-19
5.08438462e+00 7.477477304784443e-19
5.09042308e+00 7.473040948828941e-19
5.09646154e+00 7.468612479729628e-19
5.10250000e+00 7.464191874145695e-19
5.10853846e+00 7.459779108832935e-19
5.11457692e+00 7.455374160643210e-19
5.12061538e+00 7.450977006523960e-19
5.12665385e+00 7.446587623517677e-19
5.13269231e+00 7.442205988761423e-19
5.13873077e+00 7.437832079486309e-19
5.14476923e+00 7.433465873017015e-19
5.15080769e+00 7.429107346771282e-19
5.15684615e+00 7.424756478259433e-19
5.16288462e+00 7.420413245083880e-19
5.16892308e+00 7.416077624938643e-19
5.17496154e+00 7.411749595608858e-19
5.18100000e+00 7.407429134970320e-19
5.18703846e+00 7.403116220988986e-19
5.19307692e+00 7.398810831720513e-19
5.19911538e+00 7.394512945309796e-19
5.20515385e+00 7.390222539990486e-19
5.21119231e+00 7.385939594084543e-19
5.21723077e+00 7.381664086001760e-19
5.22326923e+00 7.377395994239322e-19
5.22930769e+00 7.373135297381344e-19
5.23534615e+00 7.368881974098414e-19
5.24138462e+00 7.364636003147155e-19
5.24742308e+00 7.360397363369774e-19
5.25346154e+00 7.356166033693620e-19
5.25950000e+00 7.351941993130746e-19
5.26553846e+00 7.347725220777464e-19
5.27157692e+00 7.343515695813923e-19
5.27761538e+00 7.339313397503666e-19
5.28365385e+00 7.335118305193208e-19
5.28969231e+00 7.330930398311607e-19
5.29573077e+00 7.326749656370041e-19
5.30176923e+00 7.322576058961382e-19
5.30780769e+00 7.318409585759788e-19
5.31384615e+00 7.314250216520279e-19
5.31988462e+00 7.310097931078327e-19
5.32592308e+00 7.305952709349444e-19
5.33196154e+00 7.301814531328774e-19
5.33800000e+00 7.297683377090688e-19
5.34403846e+00 7.293559226788383e-19
5.35007692e+00 7.289442060653481e-19
5.35611538e+00 7.285331858995624e-19
5.36215385e+00 7.281228602202092e-19
5.36819231e+00 7.277132270737393e-19
5.37423077e+00 7.273042845142890e-19
5.38026923e+00 7.268960306036400e-19
5.38630769e+00 7.264884634111814e-19
5.39234615e+00 7.260815810138711e-19
5.39838462e+00 7.256753814961980e-19
5.40442308e+00 7.252698629501433e-19
5.41046154e+00 7.248650234751445e-19
5.41650000e+00 7.244608611780562e-19
5.42253846e+00 7.240573741731139e-19
5.42857692e+00 7.236545605818966e-19
5.43461538e+00 7.232524185332910e-19
5.44065385e+00 7.228509461634534e-19
5.44669231e+00 7.224501416157749e-19
5.45273077e+00 7.220500030408447e-19
5.45876923e+00 7.216505285964139e-19
5.46480769e+00 7.212517164473609e-19
5.47084615e+00 7.208535647656549e-19
5.47688462e+00 7.204560717303215e-19
5.48292308e+00 7.200592355274072e-19
5.48896154e+00 7.196630543499449e-19
5.49500000e+00 7.192675263979193e-19
5.50103846e+00 7.188726498782326e-19
5.50707692e+00 7.184784230046702e-19
5.51311538e+00 7.180848439978668e-19
5.51915385e+00 7.176919110852728e-19
5.52519231e+00 7.172996225011208e-19
5.53123077e+00 7.169079764863922e-19
5.53726923e+00 7.165169712887839e-19
5.54330769e+00 7.161266051626755e-19
5.54934615e+00 7.157368763690964e-19
5.55538462e+00 7.153477831756939e-19
5.56142308e+00 7.149593238567002e-19
5.56746154e+00 7.145714966929005e-19
5.57350000e+00 7.141842999716007e-19
5.57953846e+00 7.137977319865966e-19
5.58557692e+00 7.134117910381407e-19
5.59161538e+00 7.130264754329127e-19
5.59765385e+00 7.126417834839868e-19
5.60369231e+00 7.122577135108014e-19
5.60973077e+00 7.118742638391282e-19
5.61576923e+00 7.114914328010413e-19
5.62180769e+00 7.111092187348869e-19
5.62784615e+00 7.107276199852532e-19
5.63388462e+00 7.103466349029399e-19
5.63992308e+00 7.099662618449284e-19
5.64596154e+00 7.095864991743520e-19
5.65200000e+00 7.092073452604666e-19
5.65803846e+00 7.088287984786213e-19
5.66407692e+00 7.084508572102285e-19
5.67011538e+00 7.080735198427353e-19
5.67615385e+00 7.076967847695951e-19
5.68219231e+00 7.073206503902378e-19
5.68823077e+00 7.069451151100419e-19
5.69426923e+00 7.065701773403062e-19
5.70030769e+00 7.061958354982214e-19
5.70634615e+00 7.058220880068417e-19
5.71238462e+00 7.054489332950576e-19
5.71842308e+00 7.050763697975673e-19
5.72446154e+00 7.047043959548499e-19
5.73050000e+00 7.043330102131378e-19
5.73653846e+00 7.039622110243891e-19
5.74257692e+00 7.035919968462607e-19
5.74861538e+00 7.032223661420814e-19
5.75465385e+00 7.028533173808253e-19
5.76069231e+00 7.024848490370844e-19
5.76673077e+00 7.021169595910434e-19
5.77276923e+00 7.017496475284521e-19
5.77880769e+00 7.013829113405998e-19
5.78484615e+00 7.010167495242895e-19
5.79088462e+00 7.006511605818114e-19
5.79692308e+00 7.002861430209181e-19
5.80296154e+00 6.999216953547977e-19
5.80900000e+00 6.995578161020495e-19
5.81503846e+00 6.991945037866585e-19
5.82107692e+00 6.988317569379696e-19
5.82711538e+00 6.984695740906636e-19
5.83315385e+00 6.981079537847312e-19
5.83919231e+00 6.977468945654494e-19
5.84523077e+00 6.973863949833560e-19
5.85126923e+00 6.970264535942260e-19
5.85730769e+00 6.966670689590464e-19
5.86334615e+00 6.963082396439931e-19
5.86938462e+00 6.959499642204057e-19
5.87542308e+00 6.955922412647644e-19
5.88146154e+00 6.952350693586660e-19
5.88750000e+00 6.948784470888004e-19
5.89353846e+00 6.945223730469271e-19
5.89957692e+00 6.941668458298514e-19
5.90561538e+00 6.938118640394019e-19
5.91165385e+00 6.934574262824070e-19
5.91769231e+00 6.931035311706717e-19
5.92373077e+00 6.927501773209556e-19
5.92976923e+00 6.923973633549489e-19
5.93580769e+00 6.920450878992512e-19
5.94184615e+00 6.916933495853482e-19
5.94788462e+00 6.913421470495896e-19
5.95392308e+00 6.909914789331665e-19
5.95996154e+00 6.906413438820902e-19
5.96600000e+00 6.902917405471696e-19
5.97203846e+00 6.899426675839894e-19
5.97807692e+00 6.895941236528884e-19
5.98411538e+00 6.892461074189385e-19
5.99015385e+00 6.888986175519217e-19
5.99619231e+00 6.885516527263109e-19
6.00223077e+00 6.882052116212468e-19
6.00826923e+00 6.878592929205178e-19
6.01430769e+00 6.875138953125388e-19
6.02034615e+00 6.871690174903298e-19
6.02638462e+00 6.868246581514958e-19
6.03242308e+00 6.864808159982060e-19
6.03846154e+00 6.861374897371731e-19
6.04450000e+00 6.857946780796326e-19
6.05053846e+00 6.854523797413232e-19
6.05657692e+00 6.851105934424661e-19
6.06261538e+00 6.847693179077447e-19
6.06865385e+00 6.844285518662852e-19
6.07469231e+00 6.840882940516367e-19
6.08073077e+00 6.837485432017501e-19
6.08676923e+00 6.834092980589609e-19
6.09280769e+00 6.830705573699673e-19
6.09884615e+00 6.827323198858119e-19
6.10488462e+00 6.823945843618623e-19
6.11092308e+00 6.820573495577918e-19
6.11696154e+00 6.817206142375595e-19
6.12300000e+00 6.813843771693933e-19
6.12903846e+00 6.810486371257681e-19
6.13507692e+00 6.807133928833898e-19
6.14111538e+00 6.803786432231745e-19
6.14715385e+00 6.800443869302310e-19
6.15319231e+00 6.797106227938417e-19
6.15923077e+00 6.793773496074450e-19
6.16526923e+00 6.790445661686158e-19
6.17130769e+00 6.787122712790484e-19
6.17734615e+00 6.783804637445373e-19
6.18338462e+00 6.780491423749603e-19
6.18942308e+00 6.777183059842598e-19
6.19546154e+00 6.773879533904253e-19
6.20150000e+00 6.770580834154754e-19
6.20753846e+00 6.767286948854403e-19
6.21357692e+00 6.763997866303445e-19
6.21961538e+00 6.760713574841887e-19
6.22565385e+00 6.757434062849336e-19
6.23169231e+00 6.754159318744808e-19
6.23773077e+00 6.750889330986577e-19
6.24376923e+00 6.747624088071987e-19
6.24980769e+00 6.744363578537296e-19
6.25584615e+00 6.741107790957495e-19
6.26188462e+00 6.737856713946147e-19
6.26792308e+00 6.734610336155216e-19
6.27396154e+00 6.731368646274906e-19
6.28000000e+00 6.728131633033489e-19
6.28603846e+00 6.724899285197145e-19
6.29207692e+00 6.721671591569796e-19
6.29811538e+00 6.718448540992943e-19
6.30415385e+00 6.715230122345506e-19
6.31019231e+00 6.712016324543661e-19
6.31623077e+00 6.708807136540680e-19
6.32226923e+00 6.705602547326774e-19
6.32830769e+00 6.702402545928926e-19
6.33434615e+00 6.699207121410747e-19
6.34038462e+00 6.696016262872307e-19
6.34642308e+00 6.692829959449981e-19
6.35246154e+00 6.689648200316304e-19
6.35850000e+00 6.686470974679800e-19
6.36453846e+00 6.683298271784841e-19
6.37057692e+00 6.680130080911486e-19
6.37661538e+00 6.676966391375338e-19
6.38265385e+00 6.673807192527382e-19
6.38869231e+00 6.670652473753840e-19
6.39473077e+00 6.667502224476025e-19
6.40076923e+00 6.664356434150186e-19
6.40680769e+00 6.661215092267359e-19
6.41284615e+00 6.658078188353227e-19
6.41888462e+00 6.654945711967962e-19
6.42492308e+00 6.651817652706091e-19
6.43096154e+00 6.648694000196344e-19
6.43700000e+00 6.645574744101513e-19
6.44303846e+00 6.642459874118302e-19
6.44907692e+00 6.639349379977189e-19
6.45511538e+00 6.636243251442288e-19
6.46115385e+00 6.633141478311197e-19
6.46719231e+00 6.630044050414866e-19
6.47323077e+00 6.626950957617455e-19
6.47926923e+00 6.623862189816191e-19
6.48530769e+00 6.620777736941232e-19
6.49134615e+00 6.617697588955530e-19
6.49738462e+00 6.614621735854695e-19
6.50342308e+00 6.611550167666854e-19
6.50946154e+00 6.608482874452519e-19
6.51550000e+00 6.605419846304447e-19
6.52153846e+00 6.602361073347516e-19
6.52757692e+00 6.599306545738578e-19
6.53361538e+00 6.596256253666338e-19
6.53965385e+00 6.593210187351212e-19
6.54569231e+00 6.590168337045201e-19
6.55173077e+00 6.587130693031757e-19
6.55776923e+00 6.584097245625656e-19
6.56380769e+00 6.581067985172868e-19
6.56984615e+00 6.578042902050421e-19
6.57588462e+00 6.575021986666283e-19
6.58192308e+00 6.572005229459223e-19
6.58796154e+00 6.568992620898699e-19
6.59400000e+00 6.565984151484716e-19
6.60003846e+00 6.562979811747709e-19
6.60607692e+00 6.559979592248412e-19
6.61211538e+00 6.556983483577746e-19
6.61815385e+00 6.553991476356675e-19
6.62419231e+00 6.551003561236103e-19
6.63023077e+00 6.548019728896736e-19
6.63626923e+00 6.545039970048968e-19
6.64230769e+00 6.542064275432759e-19
6.64834615e+00 6.539092635817513e-19
6.65438462e+00 6.536125042001955e-19
6.66042308e+00 6.533161484814012e-19
6.66646154e+00 6.530201955110702e-19
6.67250000e+00 6.527246443778003e-19
6.67853846e+00 6.524294941730747e-19
6.68457692e+00 6.521347439912493e-19
6.69061538e+00 6.518403929295415e-19
6.69665385e+00 6.515464400880185e-19
6.70269231e+00 6.512528845695860e-19
6.70873077e+00 6.509597254799762e-19
6.71476923e+00 6.506669619277369e-19
6.72080769e+00 6.503745930242193e-19
6.72684615e+00 6.500826178835678e-19
6.73288462e+00 6.497910356227081e-19
6.73892308e+00 6.494998453613357e-19
6.74496154e+00 6.492090462219051e-19
6.75100000e+00 6.489186373296187e-19
6.75703846e+00 6.486286178124158e-19
6.76307692e+00 6.483389868009616e-19
6.76911538e+00 6.480497434286359e-19
6.77515385e+00 6.477608868315225e-19
6.78119231e+00 6.474724161483984e-19
6.78723077e+00 6.471843305207229e-19
6.79326923e+00 6.468966290926270e-19
6.79930769e+00 6.466093110109024e-19
6.80534615e+00 6.463223754249916e-19
6.81138462e+00 6.460358214869763e-19
6.81742308e+00 6.457496483515674e-19
6.82346154e+00 6.454638551760949e-19
6.82950000e+00 6.451784411204971e-19
6.83553846e+00 6.448934053473100e-19
6.84157692e+00 6.446087470216572e-19
6.84761538e+00 6.443244653112396e-19
6.85365385e+00 6.440405593863256e-19
6.85969231e+00 6.437570284197403e-19
6.86573077e+00 6.434738715868558e-19
6.87176923e+00 6.431910880655804e-19
6.87780769e+00 6.429086770363500e-19
6.88384615e+00 6.426266376821164e-19
6.88988462e+00 6.423449691883390e-19
6.89592308e+00 6.420636707429736e-19
6.90196154e+00 6.417827415364633e-19
6.90800000e+00 6.415021807617287e-19
6.91403846e+00 6.412219876141576e-19
6.92007692e+00 6.409421612915961e-19
6.92611538e+00 6.406627009943385e-19
6.93215385e+00 6.403836059251175e-19
6.93819231e+00 6.401048752890951e-19
6.94423077e+00 6.398265082938528e-19
6.95026923e+00 6.395485041493824e-19
6.95630769e+00 6.392708620680764e-19
6.96234615e+00 6.389935812647184e-19
6.96838462e+00 6.387166609564742e-19
6.97442308e+00 6.384401003628824e-19
6.98046154e+00 6.381638987058449e-19
6.98650000e+00 6.378880552096183e-19
6.99253846e+00 6.376125691008039e-19
6.99857692e+00 6.373374396083394e-19
7.00461538e+00 6.370626659634891e-19
7.01065385e+00 6.367882473998354e-19
7.01669231e+00 6.365141831532701e-19
7.02273077e+00 6.362404724619846e-19
7.02876923e+00 6.359671145664615e-19
7.03480769e+00 6.356941087094658e-19
7.04084615e+00 6.354214541360359e-19
7.04688462e+00 6.351491500934751e-19
7.05292308e+00 6.348771958313426e-19
7.05896154e+00 6.346055906014447e-19
7.06500000e+00 6.343343336578267e-19
7.07103846e+00 6.340634242567638e-19
7.07707692e+00 6.337928616567527e-19
7.08311538e+00 6.335226451185031e-19
7.08915385e+00 6.332527739049290e-19
7.09519231e+00 6.329832472811409e-19
7.10123077e+00 6.327140645144365e-19
7.10726923e+00 6.324452248742930e-19
7.11330769e+00 6.321767276323583e-19
7.11934615e+00 6.319085720624432e-19
7.12538462e+00 6.316407574405128e-19
7.13142308e+00 6.313732830446786e-19
7.13746154e+00 6.311061481551897e-19
7.14350000e+00 6.308393520544256e-19
7.14953846e+00 6.305728940268869e-19
7.15557692e+00 6.303067733591889e-19
7.16161538e+00 6.300409893400517e-19
7.16765385e+00 6.297755412602939e-19
7.17369231e+00 6.295104284128231e-19
7.17973077e+00 6.292456500926292e-19
7.18576923e+00 6.289812055967763e-19
7.19180769e+00 6.287170942243943e-19
7.19784615e+00 6.284533152766714e-19
7.20388462e+00 6.281898680568468e-19
7.20992308e+00 6.279267518702021e-19
7.21596154e+00 6.276639660240544e-19
7.22200000e+00 6.274015098277482e-19
7.22803846e+00 6.271393825926480e-19
7.23407692e+00 6.268775836321302e-19
7.24011538e+00 6.266161122615764e-19
7.24615385e+00 6.263549677983652e-19
7.25219231e+00 6.260941495618648e-19
7.25823077e+00 6.258336568734260e-19
7.26426923e+00 6.255734890563743e-19
7.27030769e+00 6.253136454360027e-19
7.27634615e+00 6.250541253395643e-19
7.28238462e+00 6.247949280962649e-19
7.28842308e+00 6.245360530372564e-19
7.29446154e+00 6.242774994956283e-19
7.30050000e+00 6.240192668064017e-19
7.30653846e+00 6.237613543065210e-19
7.31257692e+00 6.235037613348478e-19
7.31861538e+00 6.232464872321535e-19
7.32465385e+00 6.229895313411114e-19
7.33069231e+00 6.227328930062909e-19
7.33673077e+00 6.224765715741496e-19
7.34276923e+00 6.222205663930262e-19
7.34880769e+00 6.219648768131346e-19
7.35484615e+00 6.217095021865559e-19
7.36088462e+00 6.214544418672320e-19
7.36692308e+00 6.211996952109586e-19
7.37296154e+00 6.209452615753784e-19
7.37900000e+00 6.206911403199740e-19
7.38503846e+00 6.204373308060620e-19
7.39107692e+00 6.201838323967851e-19
7.39711538e+00 6.199306444571065e-19
7.40315385e+00 6.196777663538023e-19
7.40919231e+00 6.194251974554552e-19
7.41523077e+00 6.191729371324481e-19
7.42126923e+00 6.189209847569572e-19
7.42730769e+00 6.186693397029459e-19
7.43334615e+00 6.184180013461573e-19
7.43938462e+00 6.181669690641089e-19
7.44542308e+00 6.179162422360849e-19
7.45146154e+00 6.176658202431312e-19
7.45750000e+00 6.174157024680476e-19
7.46353846e+00 6.171658882953822e-19
7.46957692e+00 6.169163771114247e-19
7.47561538e+00 6.166671683042003e-19
7.48165385e+00 6.164182612634633e-19
7.48769231e+00 6.161696553806906e-19
7.49373077e+00 6.159213500490761e-19
7.49976923e+00 6.156733446635237e-19
7.50580769e+00 6.154256386206416e-19
7.51184615e+00 6.151782313187357e-19
7.51788462e+00 6.149311221578042e-19
7.52392308e+00 6.146843105395309e-19
7.52996154e+00 6.144377958672789e-19
7.53600000e+00 6.141915775460855e-19
7.54203846e+00 6.139456549826549e-19
7.54807692e+00 6.137000275853533e-19
7.55411538e+00 6.134546947642024e-19
7.56015385e+00 6.132096559308736e-19
7.56619231e+00 6.129649104986818e-19
7.57223077e+00 6.127204578825799e-19
7.57826923e+00 6.124762974991524e-19
7.58430769e+00 6.122324287666103e-19
7.59034615e+00 6.119888511047850e-19
7.59638462e+00 6.117455639351215e-19
7.60242308e+00 6.115025666806744e-19
7.60846154e+00 6.112598587661007e-19
7.61450000e+00 6.110174396176548e-19
7.62053846e+00 6.107753086631830e-19
7.62657692e+00 6.105334653321166e-19
7.63261538e+00 6.102919090554679e-19
7.63865385e+00 6.100506392658234e-19
7.64469231e+00 6.098096553973385e-19
7.65073077e+00 6.095689568857327e-19
7.65676923e+00 6.093285431682825e-19
7.66280769e+00 6.090884136838170e-19
7.66884615e+00 6.088485678727124e-19
7.67488462e+00 6.086090051768862e-19
7.68092308e+00 6.083697250397915e-19
7.68696154e+00 6.081307269064122e-19
7.69300000e+00 6.078920102232571e-19
7.69903846e+00 6.076535744383549e-19
7.70507692e+00 6.074154190012480e-19
7.71111538e+00 6.071775433629889e-19
7.71715385e+00 6.069399469761327e-19
7.72319231e+00 6.067026292947332e-19
7.72923077e+00 6.064655897743378e-19
7.73526923e+00 6.062288278719811e-19
7.74130769e+00 6.059923430461809e-19
7.74734615e+00 6.057561347569317e-19
7.75338462e+00 6.055202024657012e-19
7.75942308e+00 6.052845456354234e-19
7.76546154e+00 6.050491637304950e-19
7.77150000e+00 6.048140562167689e-19
7.77753846e+00 6.045792225615501e-19
7.78357692e+00 6.043446622335902e-19
7.78961538e+00 6.041103747030824e-19
7.79565385e+00 6.038763594416568e-19
7.80169231e+00 6.036426159223749e-19
7.80773077e+00 6.034091436197248e-19
7.81376923e+00 6.031759420096162e-19
7.81980769e+00 6.029430105693761e-19
7.82584615e+00 6.027103487777425e-19
7.83188462e+00 6.024779561148609e-19
7.83792308e+00 6.022458320622785e-19
7.84396154e+00 6.020139761029400e-19
7.85000000e+00 6.017823877211821e-19
7.85603846e+00 6.015510664027292e-19
7.86207692e+00 6.013200116346886e-19
7.86811538e+00 6.010892229055451e-19
7.87415385e+00 6.008586997051571e-19
7.88019231e+00 6.006284415247513e-19
7.88623077e+00 6.003984478569180e-19
7.89226923e+00 6.001687181956070e-19
7.89830769e+00 5.999392520361220e-19
7.90434615e+00 5.997100488751165e-19
7.91038462e+00 5.994811082105893e-19
7.91642308e+00 5.992524295418795e-19
7.92246154e+00 5.990240123696621e-19
7.92850000e+00 5.987958561959432e-19
7.93453846e+00 5.985679605240560e-19
7.94057692e+00 5.983403248586555e-19
7.94661538e+00 5.981129487057145e-19
7.95265385e+00 5.978858315725191e-19
7.95869231e+00 5.976589729676639e-19
7.96473077e+00 5.974323724010476e-19
7.97076923e+00 5.972060293838688e-19
7.97680769e+00 5.969799434286216e-19
7.98284615e+00 5.967541140490909e-19
7.98888462e+00 5.965285407603477e-19
7.99492308e+00 5.963032230787459e-19
8.00096154e+00 5.960781605219166e-19
8.00700000e+00 5.958533526087648e-19
8.01303846e+00 5.956287988594643e-19
8.01907692e+00 5.954044987954536e-19
8.02511538e+00 5.951804519394325e-19
8.03115385e+00 5.949566578153562e-19
8.03719231e+00 5.947331159484327e-19
8.04323077e+00 5.945098258651173e-19
8.04926923e+00 5.942867870931090e-19
8.05530769e+00 5.940639991613463e-19
8.06134615e+00 5.938414616000031e-19
8.06738462e+00 5.936191739404839e-19
8.07342308e+00 5.933971357154203e-19
8.07946154e+00 5.931753464586670e-19
8.08550000e+00 5.929538057052972e-19
8.09153846e+00 5.927325129915983e-19
8.09757692e+00 5.925114678550688e-19
8.10361538e+00 5.922906698344134e-19
8.10965385e+00 5.920701184695391e-19
8.11569231e+00 5.918498133015514e-19
8.12173077e+00 5.916297538727503e-19
8.12776923e+00 5.914099397266257e-19
8.13380769e+00 5.911903704078547e-19
8.13984615e+00 5.909710454622960e-19
8.14588462e+00 5.907519644369874e-19
8.15192308e+00 5.905331268801408e-19
8.15796154e+00 5.903145323411392e-19
8.16400000e+00 5.900961803705320e-19
8.17003846e+00 5.898780705200318e-19
8.17607692e+00 5.896602023425097e-19
8.18211538e+00 5.894425753919925e-19
8.18815385e+00 5.892251892236581e-19
8.19419231e+00 5.890080433938320e-19
8.20023077e+00 5.887911374599831e-19
8.20626923e+00 5.885744709807205e-19
8.21230769e+00 5.883580435157893e-19
8.21834615e+00 5.881418546260672e-19
8.22438462e+00 5.879259038735602e-19
8.23042308e+00 5.877101908213997e-19
8.23646154e+00 5.874947150338376e-19
8.24250000e+00 5.872794760762442e-19
8.24853846e+00 5.870644735151025e-19
8.25457692e+00 5.868497069180070e-19
8.26061538e+00 5.866351758536576e-19
8.26665385e+00 5.864208798918576e-19
8.27269231e+00 5.862068186035092e-19
8.27873077e+00 5.859929915606108e-19
8.28476923e+00 5.857793983362523e-19
8.29080769e+00 5.855660385046121e-19
8.29684615e+00 5.853529116409538e-19
8.30288462e+00 5.851400173216225e-19
8.30892308e+00 5.849273551240400e-19
8.31496154e+00 5.847149246267042e-19
8.32100000e+00 5.845027254091818e-19
8.32703846e+00 5.842907570521084e-19
8.33307692e+00 5.840790191371824e-19
8.33911538e+00 5.838675112471630e-19
8.34515385e+00 5.836562329658661e-19
8.35119231e+00 5.834451838781612e-19
8.35723077e+00 5.832343635699675e-19
8.36326923e+00 5.830237716282512e-19
8.36930769e+00 5.828134076410213e-19
8.37534615e+00 5.826032711973272e-19
8.38138462e+00 5.823933618872541e-19
8.38742308e+00 5.821836793019205e-19
8.39346154e+00 5.819742230334748e-19
8.39950000e+00 5.817649926750919e-19
8.40553846e+00 5.815559878209691e-19
8.41157692e+00 5.813472080663247e-19
8.41761538e+00 5.811386530073922e-19
8.42365385e+00 5.809303222414192e-19
8.42969231e+00 5.807222153666629e-19
8.43573077e+00 5.805143319823872e-19
8.44176923e+00 5.803066716888595e-19
8.44780769e+00 5.800992340873474e-19
8.45384615e+00 5.798920187801156e-19
8.45988462e+00 5.796850253704226e-19
8.46592308e+00 5.794782534625174e-19
8.47196154e+00 5.792717026616363e-19
8.47800000e+00 5.790653725740004e-19
8.48403846e+00 5.788592628068113e-19
8.49007692e+00 5.786533729682490e-19
8.49611538e+00 5.784477026674682e-19
8.50215385e+00 5.782422515145953e-19
8.50819231e+00 5.780370191207254e-19
8.51423077e+00 5.778320050979191e-19
8.52026923e+00 5.776272090591997e-19
8.52630769e+00 5.774226306185493e-19
8.53234615e+00 5.772182693909069e-19
8.53838462e+00 5.770141249921646e-19
8.54442308e+00 5.768101970391645e-19
8.55046154e+00 5.766064851496966e-19
8.55650000e+00 5.764029889424945e-19
8.56253846e+00 5.761997080372331e-19
8.56857692e+00 5.759966420545259e-19
8.57461538e+00 5.757937906159215e-19
8.58065385e+00 5.755911533439004e-19
8.58669231e+00 5.753887298618735e-19
8.59273077e+00 5.751865197941769e-19
8.59876923e+00 5.749845227660707e-19
8.60480769e+00 5.747827384037361e-19
8.61084615e+00 5.745811663342711e-19
8.61688462e+00 5.743798061856891e-19
8.62292308e+00 5.741786575869151e-19
8.62896154e+00 5.739777201677829e-19
8.63500000e+00 5.737769935590333e-19
8.64103846e+00 5.735764773923093e-19
8.64707692e+00 5.733761713001552e-19
8.65311538e+00 5.731760749160126e-19
8.65915385e+00 5.729761878742180e-19
8.66519231e+00 5.727765098099998e-19
8.67123077e+00 5.725770403594760e-19
8.67726923e+00 5.723777791596506e-19
8.68330769e+00 5.721787258484111e-19
8.68934615e+00 5.719798800645268e-19
8.69538462e+00 5.717812414476442e-19
8.70142308e+00 5.715828096382857e-19
8.70746154e+00 5.713845842778462e-19
8.71350000e+00 5.711865650085904e-19
8.71953846e+00 5.709887514736507e-19
8.72557692e+00 5.707911433170238e-19
8.73161538e+00 5.705937401835679e-19
8.73765385e+00 5.703965417190010e-19
8.74369231e+00 5.701995475698970e-19
8.74973077e+00 5.700027573836840e-19
8.75576923e+00 5.698061708086412e-19
8.76180769e+00 5.696097874938962e-19
8.76784615e+00 5.694136070894229e-19
8.77388462e+00 5.692176292460378e-19
8.77992308e+00 5.690218536153990e-19
8.78596154e+00 5.688262798500018e-19
8.79200000e+00 5.686309076031776e-19
8.79803846e+00 5.684357365290904e-19
8.80407692e+00 5.682407662827346e-19
8.81011538e+00 5.680459965199323e-19
8.81615385e+00 5.678514268973312e-19
8.82219231e+00 5.676570570724013e-19
8.82823077e+00 5.674628867034327e-19
8.83426923e+00 5.672689154495335e-19
8.84030769e+00 5.670751429706266e-19
8.84634615e+00 5.668815689274476e-19
8.85238462e+00 5.666881929815423e-19
8.85842308e+00 5.664950147952640e-19
8.86446154e+00 5.663020340317712e-19
8.87050000e+00 5.661092503550250e-19
8.87653846e+00 5.659166634297871e-19
8.88257692e+00 5.657242729216164e-19
8.88861538e+00 5.655320784968677e-19
8.89465385e+00 5.653400798226882e-19
8.90069231e+00 5.651482765670160e-19
8.90673077e+00 5.649566683985771e-19
8.91276923e+00 5.647652549868832e-19
8.91880769e+00 5.645740360022293e-19
8.92484615e+00 5.643830111156912e-19
8.93088462e+00 5.641921799991232e-19
8.93692308e+00 5.640015423251562e-19
8.94296154e+00 5.638110977671941e-19
8.94900000e+00 5.636208459994129e-19
8.95503846e+00 5.634307866967575e-19
8.96107692e+00 5.632409195349395e-19
8.96711538e+00 5.630512441904349e-19
8.97315385e+00 5.628617603404821e-19
8.97919231e+00 5.626724676630790e-19
8.98523077e+00 5.624833658369811e-19
8.99126923e+00 5.622944545416995e-19
8.99730769e+00 5.621057334574976e-19
9.00334615e+00 5.619172022653901e-19
9.00938462e+00 5.617288606471397e-19
9.01542308e+00 5.615407082852556e-19
9.02146154e+00 5.613527448629905e-19
9.02750000e+00 5.611649700643390e-19
9.03353846e+00 5.609773835740353e-19
9.03957692e+00 5.607899850775506e-19
9.04561538e+00 5.606027742610910e-19
9.05165385e+00 5.604157508115958e-19
9.05769231e+00 5.602289144167345e-19
9.06373077e+00 5.600422647649052e-19
9.06976923e+00 5.598558015452321e-19
9.07580769e+00 5.596695244475637e-19
9.08184615e+00 5.594834331624701e-19
9.08788462e+00 5.592975273812412e-19
9.09392308e+00 5.591118067958846e-19
9.09996154e+00 5.589262710991232e-19
9.10600000e+00 5.587409199843932e-19
9.11203846e+00 5.585557531458422e-19
9.11807692e+00 5.583707702783263e-19
9.12411538e+00 5.581859710774091e-19
9.13015385e+00 5.580013552393588e-19
9.13619231e+00 5.578169224611464e-19
9.14223077e+00 5.576326724404433e-19
9.14826923e+00 5.574486048756200e-19
9.15430769e+00 5.572647194657427e-19
9.16034615e+00 5.570810159105729e-19
9.16638462e+00 5.568974939105639e-19
9.17242308e+00 5.567141531668592e-19
9.17846154e+00 5.565309933812910e-19
9.18450000e+00 5.563480142563777e-19
9.19053846e+00 5.561652154953215e-19
9.19657692e+00 5.559825968020073e-19
9.20261538e+00 5.558001578809997e-19
9.20865385e+00 5.556178984375416e-19
9.21469231e+00 5.554358181775523e-19
9.22073077e+00 5.552539168076251e-19
9.22676923e+00 5.550721940350254e-19
9.23280769e+00 5.548906495676888e-19
9.23884615e+00 5.547092831142192e-19
9.24488462e+00 5.545280943838868e-19
9.25092308e+00 5.543470830866263e-19
9.25696154e+00 5.541662489330342e-19
9.26300000e+00 5.539855916343679e-19
9.26903846e+00 5.538051109025431e-19
9.27507692e+00 5.536248064501320e-19
9.28111538e+00 5.534446779903615e-19
9.28715385e+00 5.532647252371115e-19
9.29319231e+00 5.530849479049121e-19
9.29923077e+00 5.529053457089427e-19
9.30526923e+00 5.527259183650297e-19
9.31130769e+00 5.525466655896444e-19
9.31734615e+00 5.523675870999014e-19
9.32338462e+00 5.521886826135570e-19
9.32942308e+00 5.520099518490066e-19
9.33546154e+00 5.518313945252833e-19
9.34150000e+00 5.516530103620559e-19
9.34753846e+00 5.514747990796276e-19
9.35357692e+00 5.512967603989329e-19
9.35961538e+00 5.511188940415374e-19
9.36565385e+00 5.509411997296344e-19
9.37169231e+00 5.507636771860442e-19
9.37773077e+00 5.505863261342117e-19
9.38376923e+00 5.504091462982052e-19
9.38980769e+00 5.502321374027133e-19
9.39584615e+00 5.500552991730448e-19
9.40188462e+00 5.498786313351257e-19
9.40792308e+00 5.497021336154981e-19
9.41396154e+00 5.495258057413174e-19
9.42000000e+00 5.493496474403521e-19
9.42603846e+00 5.491736584409808e-19
9.43207692e+00 5.489978384721908e-19
9.43811538e+00 5.488221872635765e-19
9.44415385e+00 5.486467045453372e-19
9.45019231e+00 5.484713900482762e-19
9.45623077e+00 5.482962435037981e-19
9.46226923e+00 5.481212646439078e-19
9.46830769e+00 5.479464532012083e-19
9.47434615e+00 5.477718089088993e-19
9.48038462e+00 5.475973315007756e-19
9.48642308e+00 5.474230207112244e-19
9.49246154e+00 5.472488762752254e-19
9.49850000e+00 5.470748979283474e-19
9.50453846e+00 5.469010854067473e-19
9.51057692e+00 5.467274384471687e-19
9.51661538e+00 5.465539567869399e-19
9.52265385e+00 5.463806401639720e-19
9.52869231e+00 5.462074883167578e-19
9.53473077e+00 5.460345009843697e-19
9.54076923e+00 5.458616779064582e-19
9.54680769e+00 5.456890188232502e-19
9.55284615e+00 5.455165234755477e-19
9.55888462e+00 5.453441916047255e-19
9.56492308e+00 5.451720229527301e-19
9.57096154e+00 5.450000172620778e-19
9.57700000e+00 5.448281742758537e-19
9.58303846e+00 5.446564937377088e-19
9.58907692e+00 5.444849753918600e-19
9.59511538e+00 5.443136189830870e-19
9.60115385e+00 5.441424242567319e-19
9.60719231e+00 5.439713909586969e-19
9.61323077e+00 5.438005188354428e-19
9.61926923e+00 5.436298076339877e-19
9.62530769e+00 5.434592571019054e-19
9.63134615e+00 5.432888669873233e-19
9.63738462e+00 5.431186370389215e-19
9.64342308e+00 5.429485670059311e-19
9.64946154e+00 5.427786566381325e-19
9.65550000e+00 5.426089056858534e-19
9.66153846e+00 5.424393138999683e-19
9.66757692e+00 5.422698810318961e-19
9.67361538e+00 5.421006068335993e-19
9.67965385e+00 5.419314910575814e-19
9.68569231e+00 5.417625334568866e-19
9.69173077e+00 5.415937337850974e-19
9.69776923e+00 5.414250917963337e-19
9.70380769e+00 5.412566072452504e-19
9.70984615e+00 5.410882798870372e-19
9.71588462e+00 5.409201094774161e-19
9.72192308e+00 5.407520957726402e-19
9.72796154e+00 5.405842385294923e-19
9.73400000e+00 5.404165375052833e-19
9.74003846e+00 5.402489924578509e-19
9.74607692e+00 5.400816031455579e-19
9.75211538e+00 5.399143693272909e-19
9.75815385e+00 5.397472907624586e-19
9.76419231e+00 5.395803672109911e-19
9.77023077e+00 5.394135984333373e-19
9.77626923e+00 5.392469841904644e-19
9.78230769e+00 5.390805242438558e-19
9.78834615e+00 5.389142183555102e-19
9.79438462e+00 5.387480662879400e-19
9.80042308e+00 5.385820678041696e-19
9.80646154e+00 5.384162226677345e-19
9.81250000e+00 5.382505306426792e-19
9.81853846e+00 5.380849914935564e-19
9.82457692e+00 5.379196049854256e-19
9.83061538e+00 5.377543708838510e-19
9.83665385e+00 5.375892889549007e-19
9.84269231e+00 5.374243589651455e-19
9.84873077e+00 5.372595806816571e-19
9.85476923e+00 5.370949538720065e-19
9.86080769e+00 5.369304783042632e-19
9.86684615e+00 5.367661537469934e-19
9.87288462e+00 5.366019799692591e-19
9.87892308e+00 5.364379567406162e-19
9.88496154e+00 5.362740838311133e-19
9.89100000e+00 5.361103610112907e-19
9.89703846e+00 5.359467880521785e-19
9.90307692e+00 5.357833647252957e-19
9.90911538e+00 5.356200908026488e-19
9.91515385e+00 5.354569660567299e-19
9.92119231e+00 5.352939902605163e-19
9.92723077e+00 5.351311631874684e-19
9.93326923e+00 5.349684846115289e-19
9.93930769e+00 5.348059543071213e-19
9.94534615e+00 5.346435720491480e-19
9.95138462e+00 5.344813376129901e-19
9.95742308e+00 5.343192507745054e-19
9.96346154e+00 5.341573113100270e-19
9.96950000e+00 5.339955189963625e-19
9.97553846e+00 5.338338736107923e-19
9.98157692e+00 5.336723749310686e-19
9.98761538e+00 5.335110227354136e-19
9.99365385e+00 5.333498168025190e-19
9.99969231e+00 5.331887569115440e-19
1.00057308e+01 5.330278428421146e-19
1.00117692e+01 5.328670743743220e-19
1.00178077e+01 5.327064512887213e-19
1.00238462e+01 5.325459733663304e-19
1.00298846e+01 5.323856403886288e-19
1.00359231e+01 5.322254521375560e-19
1.00419615e+01 5.320654083955110e-19
1.00480000e+01 5.319055089453500e-19
1.00540385e+01 5.317457535703860e-19
1.00600769e+01 5.315861420543872e-19
1.00661154e+01 5.314266741815763e-19
1.00721538e+01 5.312673497366281e-19
1.00781923e+01 5.311081685046692e-19
1.00842308e+01 5.309491302712774e-19
1.00902692e+01 5.307902348224788e-19
1.00963077e+01 5.306314819447474e-19
1.01023462e+01 5.304728714250047e-19
1.01083846e+01 5.303144030506174e-19
1.01144231e+01 5.301560766093964e-19
1.01204615e+01 5.299978918895961e-19
1.01265000e+01 5.298398486799127e-19
1.01325385e+01 5.296819467694833e-19
1.01385769e+01 5.295241859478844e-19
1.01446154e+01 5.293665660051314e-19
1.01506538e+01 5.292090867316763e-19
1.01566923e+01 5.290517479184080e-19
1.01627308e+01 5.288945493566499e-19
1.01687692e+01 5.287374908381589e-19
1.01748077e+01 5.285805721551250e-19
1.01808462e+01 5.284237931001696e-19
1.01868846e+01 5.282671534663442e-19
1.01929231e+01 5.281106530471296e-19
1.01989615e+01 5.279542916364346e-19
1.02050000e+01 5.277980690285946e-19
1.02110385e+01 5.276419850183714e-19
1.02170769e+01 5.274860394009509e-19
1.02231154e+01 5.273302319719423e-19
1.02291538e+01 5.271745625273779e-19
1.02351923e+01 5.270190308637105e-19
1.02412308e+01 5.268636367778134e-19
1.02472692e+01 5.267083800669788e-19
1.02533077e+01 5.265532605289167e-19
1.02593462e+01 5.263982779617541e-19
1.02653846e+01 5.262434321640336e-19
1.02714231e+01 5.260887229347124e-19
1.02774615e+01 5.259341500731609e-19
1.02835000e+01 5.257797133791623e-19
1.02895385e+01 5.256254126529111e-19
1.02955769e+01 5.254712476950114e-19
1.03016154e+01 5.253172183064773e-19
1.03076538e+01 5.251633242887303e-19
1.03136923e+01 5.250095654435995e-19
1.03197308e+01 5.248559415733190e-19
1.03257692e+01 5.247024524805287e-19
1.03318077e+01 5.245490979682717e-19
1.03378462e+01 5.243958778399940e-19
1.03438846e+01 5.242427918995432e-19
1.03499231e+01 5.240898399511676e-19
1.03559615e+01 5.239370217995149e-19
1.03620000e+01 5.237843372496315e-19
1.03680385e+01 5.236317861069610e-19
1.03740769e+01 5.234793681773439e-19
1.03801154e+01 5.233270832670153e-19
1.03861538e+01 5.231749311826054e-19
1.03921923e+01 5.230229117311375e-19
1.03982308e+01 5.228710247200267e-19
1.04042692e+01 5.227192699570800e-19
1.04103077e+01 5.225676472504945e-19
1.04163462e+01 5.224161564088562e-19
1.04223846e+01 5.222647972411396e-19
1.04284231e+01 5.221135695567064e-19
1.04344615e+01 5.219624731653043e-19
1.04405000e+01 5.218115078770663e-19
1.04465385e+01 5.216606735025097e-19
1.04525769e+01 5.215099698525348e-19
1.04586154e+01 5.213593967384240e-19
1.04646538e+01 5.212089539718412e-19
1.04706923e+01 5.210586413648301e-19
1.04767308e+01 5.209084587298141e-19
1.04827692e+01 5.207584058795946e-19
1.04888077e+01 5.206084826273498e-19
1.04948462e+01 5.204586887866352e-19
1.05008846e+01 5.203090241713807e-19
1.05069231e+01 5.201594885958907e-19
1.05129615e+01 5.200100818748435e-19
1.05190000e+01 5.198608038232892e-19
1.05250385e+01 5.197116542566495e-19
1.05310769e+01 5.195626329907166e-19
1.05371154e+01 5.194137398416524e-19
1.05431538e+01 5.192649746259872e-19
1.05491923e+01 5.191163371606189e-19
1.05552308e+01 5.189678272628122e-19
1.05612692e+01 5.188194447501972e-19
1.05673077e+01 5.186711894407693e-19
1.05733462e+01 5.185230611528875e-19
1.05793846e+01 5.183750597052735e-19
1.05854231e+01 5.182271849170115e-19
1.05914615e+01 5.180794366075462e-19
1.05975000e+01 5.179318145966828e-19
1.06035385e+01 5.177843187045857e-19
1.06095769e+01 5.176369487517774e-19
1.06156154e+01 5.174897045591378e-19
1.06216538e+01 5.173425859479035e-19
1.06276923e+01 5.171955927396663e-19
1.06337308e+01 5.170487247563730e-19
1.06397692e+01 5.169019818203236e-19
1.06458077e+01 5.167553637541717e-19
1.06518462e+01 5.166088703809220e-19
1.06578846e+01 5.164625015239310e-19
1.06639231e+01 5.163162570069048e-19
1.06699615e+01 5.161701366538988e-19
1.06760000e+01 5.160241402893170e-19
1.06820385e+01 5.158782677379107e-19
1.06880769e+01 5.157325188247779e-19
1.06941154e+01 5.155868933753620e-19
1.07001538e+01 5.154413912154517e-19
1.07061923e+01 5.152960121711793e-19
1.07122308e+01 5.151507560690202e-19
1.07182692e+01 5.150056227357923e-19
1.07243077e+01 5.148606119986546e-19
1.07303462e+01 5.147157236851063e-19
1.07363846e+01 5.145709576229869e-19
1.07424231e+01 5.144263136404742e-19
1.07484615e+01 5.142817915660839e-19
1.07545000e+01 5.141373912286688e-19
1.07605385e+01 5.139931124574181e-19
1.07665769e+01 5.138489550818560e-19
1.07726154e+01 5.137049189318413e-19
1.07786538e+01 5.135610038375670e-19
1.07846923e+01 5.134172096295579e-19
1.07907308e+01 5.132735361386715e-19
1.07967692e+01 5.131299831960965e-19
1.08028077e+01 5.129865506333513e-19
1.08088462e+01 5.128432382822843e-19
1.08148846e+01 5.127000459750727e-19
1.08209231e+01 5.125569735442206e-19
1.08269615e+01 5.124140208225604e-19
1.08330000e+01 5.122711876432496e-19
1.08390385e+01 5.121284738397717e-19
1.08450769e+01 5.119858792459342e-19
1.08511154e+01 5.118434036958691e-19
1.08571538e+01 5.117010470240304e-19
1.08631923e+01 5.115588090651952e-19
1.08692308e+01 5.114166896544611e-19
1.08752692e+01 5.112746886272467e-19
1.08813077e+01 5.111328058192899e-19
1.08873462e+01 5.109910410666480e-19
1.08933846e+01 5.108493942056960e-19
1.08994231e+01 5.107078650731265e-19
1.09054615e+01 5.105664535059485e-19
1.09115000e+01 5.104251593414868e-19
1.09175385e+01 5.102839824173808e-19
1.09235769e+01 5.101429225715849e-19
1.09296154e+01 5.100019796423658e-19
1.09356538e+01 5.098611534683040e-19
1.09416923e+01 5.097204438882908e-19
1.09477308e+01 5.095798507415291e-19
1.09537692e+01 5.094393738675321e-19
1.09598077e+01 5.092990131061222e-19
1.09658462e+01 5.091587682974311e-19
1.09718846e+01 5.090186392818977e-19
1.09779231e+01 5.088786259002689e-19
1.09839615e+01 5.087387279935978e-19
1.09900000e+01 5.085989454032428e-19
1.09960385e+01 5.084592779708680e-19
1.10020769e+01 5.083197255384410e-19
1.10081154e+01 5.081802879482333e-19
1.10141538e+01 5.080409650428189e-19
1.10201923e+01 5.079017566650740e-19
1.10262308e+01 5.077626626581756e-19
1.10322692e+01 5.076236828656015e-19
1.10383077e+01 5.074848171311291e-19
1.10443462e+01 5.073460652988348e-19
1.10503846e+01 5.072074272130932e-19
1.10564231e+01 5.070689027185766e-19
1.10624615e+01 5.069304916602539e-19
1.10685000e+01 5.067921938833903e-19
1.10745385e+01 5.066540092335459e-19
1.10805769e+01 5.065159375565758e-19
1.10866154e+01 5.063779786986291e-19
1.10926538e+01 5.062401325061474e-19
1.10986923e+01 5.061023988258656e-19
1.11047308e+01 5.059647775048098e-19
1.11107692e+01 5.058272683902972e-19
1.11168077e+01 5.056898713299355e-19
1.11228462e+01 5.055525861716217e-19
1.11288846e+01 5.054154127635420e-19
1.11349231e+01 5.052783509541705e-19
1.11409615e+01 5.051414005922691e-19
1.11470000e+01 5.050045615268863e-19
1.11530385e+01 5.048678336073567e-19
1.11590769e+01 5.047312166833003e-19
1.11651154e+01 5.045947106046217e-19
1.11711538e+01 5.044583152215096e-19
1.11771923e+01 5.043220303844361e-19
1.11832308e+01 5.041858559441558e-19
1.11892692e+01 5.040497917517054e-19
1.11953077e+01 5.039138376584025e-19
1.12013462e+01 5.037779935158455e-19
1.12073846e+01 5.036422591759130e-19
1.12134231e+01 5.035066344907621e-19
1.12194615e+01 5.033711193128290e-19
1.12255000e+01 5.032357134948277e-19
1.12315385e+01 5.031004168897491e-19
1.12375769e+01 5.029652293508609e-19
1.12436154e+01 5.028301507317065e-19
1.12496538e+01 5.026951808861046e-19
1.12556923e+01 5.025603196681482e-19
1.12617308e+01 5.024255669322045e-19
1.12677692e+01 5.022909225329136e-19
1.12738077e+01 5.021563863251880e-19
1.12798462e+01 5.020219581642128e-19
1.12858846e+01 5.018876379054435e-19
1.12919231e+01 5.017534254046068e-19
1.12979615e+01 5.016193205176986e-19
1.13040000e+01 5.014853231009850e-19
1.13100385e+01 5.013514330110001e-19
1.13160769e+01 5.012176501045459e-19
1.13221154e+01 5.010839742386921e-19
1.13281538e+01 5.009504052707750e-19
1.13341923e+01 5.008169430583969e-19
1.13402308e+01 5.006835874594256e-19
1.13462692e+01 5.005503383319935e-19
1.13523077e+01 5.004171955344973e-19
1.13583462e+01 5.002841589255972e-19
1.13643846e+01 5.001512283642163e-19
1.13704231e+01 5.000184037095400e-19
1.13764615e+01 4.998856848210151e-19
1.13825000e+01 4.997530715583496e-19
1.13885385e+01 4.996205637815120e-19
1.13945769e+01 4.994881613507304e-19
1.14006154e+01 4.993558641264920e-19
1.14066538e+01 4.992236719695425e-19
1.14126923e+01 4.990915847408859e-19
1.14187308e+01 4.989596023017830e-19
1.14247692e+01 4.988277245137516e-19
1.14308077e+01 4.986959512385654e-19
1.14368462e+01 4.985642823382536e-19
1.14428846e+01 4.984327176751004e-19
1.14489231e+01 4.983012571116442e-19
1.14549615e+01 4.981699005106769e-19
1.14610000e+01 4.980386477352436e-19
1.14670385e+01 4.979074986486418e-19
1.14730769e+01 4.977764531144210e-19
1.14791154e+01 4.976455109963815e-19
1.14851538e+01 4.975146721585749e-19
1.14911923e+01 4.973839364653025e-19
1.14972308e+01 4.972533037811150e-19
1.15032692e+01 4.971227739708123e-19
1.15093077e+01 4.969923468994423e-19
1.15153462e+01 4.968620224323008e-19
1.15213846e+01 4.967318004349306e-19
1.15274231e+01 4.966016807731212e-19
1.15334615e+01 4.964716633129080e-19
1.15395000e+01 4.963417479205717e-19
1.15455385e+01 4.962119344626381e-19
1.15515769e+01 4.960822228058767e-19
1.15576154e+01 4.959526128173012e-19
1.15636538e+01 4.958231043641681e-19
1.15696923e+01 4.956936973139765e-19
1.15757308e+01 4.955643915344676e-19
1.15817692e+01 4.954351868936236e-19
1.15878077e+01 4.953060832596677e-19
1.15938462e+01 4.951770805010637e-19
1.15998846e+01 4.950481784865144e-19
1.16059231e+01 4.949193770849624e-19
1.16119615e+01 4.947906761655883e-19
1.16180000e+01 4.946620755978110e-19
1.16240385e+01 4.945335752512870e-19
1.16300769e+01 4.944051749959095e-19
1.16361154e+01 4.942768747018078e-19
1.16421538e+01 4.941486742393475e-19
1.16481923e+01 4.940205734791291e-19
1.16542308e+01 4.938925722919878e-19
1.16602692e+01 4.937646705489934e-19
1.16663077e+01 4.936368681214484e-19
1.16723462e+01 4.935091648808891e-19
1.16783846e+01 4.933815606990842e-19
1.16844231e+01 4.932540554480343e-19
1.16904615e+01 4.931266489999712e-19
1.16965000e+01 4.929993412273578e-19
1.17025385e+01 4.928721320028877e-19
1.17085769e+01 4.927450211994835e-19
1.17146154e+01 4.926180086902979e-19
1.17206538e+01 4.924910943487121e-19
1.17266923e+01 4.923642780483352e-19
1.17327308e+01 4.922375596630045e-19
1.17387692e+01 4.921109390667840e-19
1.17448077e+01 4.919844161339648e-19
1.17508462e+01 4.918579907390639e-19
1.17568846e+01 4.917316627568239e-19
1.17629231e+01 4.916054320622125e-19
1.17689615e+01 4.914792985304218e-19
1.17750000e+01 4.913532620368683e-19
1.17810385e+01 4.912273224571918e-19
1.17870769e+01 4.911014796672552e-19
1.17931154e+01 4.909757335431437e-19
1.17991538e+01 4.908500839611646e-19
1.18051923e+01 4.907245307978468e-19
1.18112308e+01 4.905990739299401e-19
1.18172692e+01 4.904737132344145e-19
1.18233077e+01 4.903484485884603e-19
1.18293462e+01 4.902232798694872e-19
1.18353846e+01 4.900982069551236e-19
1.18414231e+01 4.899732297232166e-19
1.18474615e+01 4.898483480518309e-19
1.18535000e+01 4.897235618192492e-19
1.18595385e+01 4.895988709039703e-19
1.18655769e+01 4.894742751847104e-19
1.18716154e+01 4.893497745404009e-19
1.18776538e+01 4.892253688501892e-19
1.18836923e+01 4.891010579934370e-19
1.18897308e+01 4.889768418497212e-19
1.18957692e+01 4.888527202988321e-19
1.19018077e+01 4.887286932207738e-19
1.19078462e+01 4.886047604957635e-19
1.19138846e+01 4.884809220042304e-19
1.19199231e+01 4.883571776268163e-19
1.19259615e+01 4.882335272443743e-19
1.19320000e+01 4.881099707379685e-19
1.19380385e+01 4.879865079888738e-19
1.19440769e+01 4.878631388785748e-19
1.19501154e+01 4.877398632887664e-19
1.19561538e+01 4.876166811013519e-19
1.19621923e+01 4.874935921984439e-19
1.19682308e+01 4.873705964623629e-19
1.19742692e+01 4.872476937756370e-19
1.19803077e+01 4.871248840210017e-19
1.19863462e+01 4.870021670813996e-19
1.19923846e+01 4.868795428399791e-19
1.19984231e+01 4.867570111800949e-19
1.20044615e+01 4.866345719853066e-19
1.20105000e+01 4.865122251393791e-19
1.20165385e+01 4.863899705262819e-19
1.20225769e+01 4.862678080301880e-19
1.20286154e+01 4.861457375354743e-19
1.20346538e+01 4.860237589267206e-19
1.20406923e+01 4.859018720887094e-19
1.20467308e+01 4.857800769064254e-19
1.20527692e+01 4.856583732650550e-19
1.20588077e+01 4.855367610499858e-19
1.20648462e+01 4.854152401468060e-19
1.20708846e+01 4.852938104413046e-19
1.20769231e+01 4.851724718194703e-19
1.20829615e+01 4.850512241674908e-19
1.20890000e+01 4.849300673717536e-19
1.20950385e+01 4.848090013188441e-19
1.21010769e+01 4.846880258955461e-19
1.21071154e+01 4.845671409888411e-19
1.21131538e+01 4.844463464859076e-19
1.21191923e+01 4.843256422741210e-19
1.21252308e+01 4.842050282410531e-19
1.21312692e+01 4.840845042744714e-19
1.21373077e+01 4.839640702623389e-19
1.21433462e+01 4.838437260928140e-19
1.21493846e+01 4.837234716542492e-19
1.21554231e+01 4.836033068351912e-19
1.21614615e+01 4.834832315243806e-19
1.21675000e+01 4.833632456107512e-19
1.21735385e+01 4.832433489834298e-19
1.21795769e+01 4.831235415317352e-19
1.21856154e+01 4.830038231451785e-19
1.21916538e+01 4.828841937134624e-19
1.21976923e+01 4.827646531264808e-19
1.22037308e+01 4.826452012743178e-19
1.22097692e+01 4.825258380472484e-19
1.22158077e+01 4.824065633357371e-19
1.22218462e+01 4.822873770304380e-19
1.22278846e+01 4.821682790221940e-19
1.22339231e+01 4.820492692020369e-19
1.22399615e+01 4.819303474611863e-19
1.22460000e+01 4.818115136910502e-19
1.22520385e+01 4.816927677832230e-19
1.22580769e+01 4.815741096294869e-19
1.22641154e+01 4.814555391218102e-19
1.22701538e+01 4.813370561523474e-19
1.22761923e+01 4.812186606134387e-19
1.22822308e+01 4.811003523976093e-19
1.22882692e+01 4.809821313975696e-19
1.22943077e+01 4.808639975062147e-19
1.23003462e+01 4.807459506166230e-19
1.23063846e+01 4.806279906220570e-19
1.23124231e+01 4.805101174159625e-19
1.23184615e+01 4.803923308919681e-19
1.23245000e+01 4.802746309438848e-19
1.23305385e+01 4.801570174657055e-19
1.23365769e+01 4.800394903516048e-19
1.23426154e+01 4.799220494959387e-19
1.23486538e+01 4.798046947932437e-19
1.23546923e+01 4.796874261382372e-19
1.23607308e+01 4.795702434258160e-19
1.23667692e+01 4.794531465510573e-19
1.23728077e+01 4.793361354092169e-19
1.23788462e+01 4.792192098957296e-19
1.23848846e+01 4.791023699062092e-19
1.23909231e+01 4.789856153364467e-19
1.23969615e+01 4.788689460824115e-19
1.24030000e+01 4.787523620402498e-19
1.24090385e+01 4.786358631062850e-19
1.24150769e+01 4.785194491770169e-19
1.24211154e+01 4.784031201491215e-19
1.24271538e+01 4.782868759194505e-19
1.24331923e+01 4.781707163850307e-19
1.24392308e+01 4.780546414430645e-19
1.24452692e+01 4.779386509909282e-19
1.24513077e+01 4.778227449261727e-19
1.24573462e+01 4.777069231465229e-19
1.24633846e+01 4.775911855498767e-19
1.24694231e+01 4.774755320343051e-19
1.24754615e+01 4.773599624980524e-19
1.24815000e+01 4.772444768395345e-19
1.24875385e+01 4.771290749573397e-19
1.24935769e+01 4.770137567502277e-19
1.24996154e+01 4.768985221171293e-19
1.25056538e+01 4.767833709571465e-19
1.25116923e+01 4.766683031695512e-19
1.25177308e+01 4.765533186537861e-19
1.25237692e+01 4.764384173094627e-19
1.25298077e+01 4.763235990363629e-19
1.25358462e+01 4.762088637344367e-19
1.25418846e+01 4.760942113038032e-19
1.25479231e+01 4.759796416447497e-19
1.25539615e+01 4.758651546577311e-19
1.25600000e+01 4.757507502433700e-19
1.25660385e+01 4.756364283024564e-19
1.25720769e+01 4.755221887359467e-19
1.25781154e+01 4.754080314449642e-19
1.25841538e+01 4.752939563307976e-19
1.25901923e+01 4.751799632949021e-19
1.25962308e+01 4.750660522388976e-19
1.26022692e+01 4.749522230645696e-19
1.26083077e+01 4.748384756738676e-19
1.26143462e+01 4.747248099689061e-19
1.26203846e+01 4.746112258519629e-19
1.26264231e+01 4.744977232254799e-19
1.26324615e+01 4.743843019920619e-19
1.26385000e+01 4.742709620544767e-19
1.26445385e+01 4.741577033156549e-19
1.26505769e+01 4.740445256786886e-19
1.26566154e+01 4.739314290468324e-19
1.26626538e+01 4.738184133235022e-19
1.26686923e+01 4.737054784122750e-19
1.26747308e+01 4.735926242168885e-19
1.26807692e+01 4.734798506412411e-19
1.26868077e+01 4.733671575893912e-19
1.26928462e+01 4.732545449655568e-19
1.26988846e+01 4.731420126741157e-19
1.27049231e+01 4.730295606196044e-19
1.27109615e+01 4.729171887067182e-19
1.27170000e+01 4.728048968403111e-19
1.27230385e+01 4.726926849253950e-19
1.27290769e+01 4.725805528671394e-19
1.27351154e+01 4.724685005708716e-19
1.27411538e+01 4.723565279420753e-19
1.27471923e+01 4.722446348863915e-19
1.27532308e+01 4.721328213096173e-19
1.27592692e+01 4.720210871177060e-19
1.27653077e+01 4.719094322167666e-19
1.27713462e+01 4.717978565130634e-19
1.27773846e+01 4.716863599130159e-19
1.27834231e+01 4.715749423231981e-19
1.27894615e+01 4.714636036503388e-19
1.27955000e+01 4.713523438013205e-19
1.28015385e+01 4.712411626831796e-19
1.28075769e+01 4.711300602031059e-19
1.28136154e+01 4.710190362684423e-19
1.28196538e+01 4.709080907866846e-19
1.28256923e+01 4.707972236654810e-19
1.28317308e+01 4.706864348126314e-19
1.28377692e+01 4.705757241360882e-19
1.28438077e+01 4.704650915439549e-19
1.28498462e+01 4.703545369444860e-19
1.28558846e+01 4.702440602460873e-19
1.28619231e+01 4.701336613573148e-19
1.28679615e+01 4.700233401868749e-19
1.28740000e+01 4.699130966436235e-19
1.28800385e+01 4.698029306365666e-19
1.28860769e+01 4.696928420748592e-19
1.28921154e+01 4.695828308678051e-19
1.28981538e+01 4.694728969248570e-19
1.29041923e+01 4.693630401556158e-19
1.29102308e+01 4.692532604698305e-19
1.29162692e+01 4.691435577773975e-19
1.29223077e+01 4.690339319883607e-19
1.29283462e+01 4.689243830129116e-19
1.29343846e+01 4.688149107613876e-19
1.29404231e+01 4.687055151442732e-19
1.29464615e+01 4.685961960721988e-19
1.29525000e+01 4.684869534559404e-19
1.29585385e+01 4.683777872064203e-19
1.29645769e+01 4.682686972347050e-19
1.29706154e+01 4.681596834520069e-19
1.29766538e+01 4.680507457696823e-19
1.29826923e+01 4.679418840992321e-19
1.29887308e+01 4.678330983523014e-19
1.29947692e+01 4.677243884406787e-19
1.30008077e+01 4.676157542762961e-19
1.30068462e+01 4.675071957712287e-19
1.30128846e+01 4.673987128376947e-19
1.30189231e+01 4.672903053880544e-19
1.30249615e+01 4.671819733348104e-19
1.30310000e+01 4.670737165906077e-19
1.30370385e+01 4.669655350682324e-19
1.30430769e+01 4.668574286806121e-19
1.30491154e+01 4.667493973408155e-19
1.30551538e+01 4.666414409620519e-19
1.30611923e+01 4.665335594576714e-19
1.30672308e+01 4.664257527411639e-19
1.30732692e+01 4.663180207261593e-19
1.30793077e+01 4.662103633264269e-19
1.30853462e+01 4.661027804558757e-19
1.30913846e+01 4.659952720285534e-19
1.30974231e+01 4.658878379586465e-19
1.31034615e+01 4.657804781604798e-19
1.31095000e+01 4.656731925485164e-19
1.31155385e+01 4.655659810373571e-19
1.31215769e+01 4.654588435417406e-19
1.31276154e+01 4.653517799765424e-19
1.31336538e+01 4.652447902567754e-19
1.31396923e+01 4.651378742975889e-19
1.31457308e+01 4.650310320142688e-19
1.31517692e+01 4.649242633222374e-19
1.31578077e+01 4.648175681370522e-19
1.31638462e+01 4.647109463744069e-19
1.31698846e+01 4.646043979501303e-19
1.31759231e+01 4.644979227801862e-19
1.31819615e+01 4.643915207806732e-19
1.31880000e+01 4.642851918678242e-19
1.31940385e+01 4.641789359580066e-19
1.32000769e+01 4.640727529677215e-19
1.32061154e+01 4.639666428136038e-19
1.32121538e+01 4.638606054124215e-19
1.32181923e+01 4.637546406810762e-19
1.32242308e+01 4.636487485366016e-19
1.32302692e+01 4.635429288961644e-19
1.32363077e+01 4.634371816770637e-19
1.32423462e+01 4.633315067967303e-19
1.32483846e+01 4.632259041727271e-19
1.32544231e+01 4.631203737227479e-19
1.32604615e+01 4.630149153646180e-19
1.32665000e+01 4.629095290162939e-19
1.32725385e+01 4.628042145958623e-19
1.32785769e+01 4.626989720215407e-19
1.32846154e+01 4.625938012116762e-19
1.32906538e+01 4.624887020847464e-19
1.32966923e+01 4.623836745593579e-19
1.33027308e+01 4.622787185542470e-19
1.33087692e+01 4.621738339882790e-19
1.33148077e+01 4.620690207804479e-19
1.33208462e+01 4.619642788498761e-19
1.33268846e+01 4.618596081158148e-19
1.33329231e+01 4.617550084976428e-19
1.33389615e+01 4.616504799148666e-19
1.33450000e+01 4.615460222871203e-19
1.33510385e+01 4.614416355341655e-19
1.33570769e+01 4.613373195758902e-19
1.33631154e+01 4.612330743323097e-19
1.33691538e+01 4.611288997235656e-19
1.33751923e+01 4.610247956699252e-19
1.33812308e+01 4.609207620917824e-19
1.33872692e+01 4.608167989096566e-19
1.33933077e+01 4.607129060441925e-19
1.33993462e+01 4.606090834161601e-19
1.34053846e+01 4.605053309464541e-19
1.34114231e+01 4.604016485560944e-19
1.34174615e+01 4.602980361662246e-19
1.34235000e+01 4.601944936981131e-19
1.34295385e+01 4.600910210731518e-19
1.34355769e+01 4.599876182128566e-19
1.34416154e+01 4.598842850388665e-19
1.34476538e+01 4.597810214729440e-19
1.34536923e+01 4.596778274369741e-19
1.34597308e+01 4.595747028529648e-19
1.34657692e+01 4.594716476430464e-19
1.34718077e+01 4.593686617294715e-19
1.34778462e+01 4.592657450346144e-19
1.34838846e+01 4.591628974809713e-19
1.34899231e+01 4.590601189911599e-19
1.34959615e+01 4.589574094879186e-19
1.35020000e+01 4.588547688941073e-19
1.35080385e+01 4.587521971327063e-19
1.35140769e+01 4.586496941268167e-19
1.35201154e+01 4.585472597996594e-19
1.35261538e+01 4.584448940745755e-19
1.35321923e+01 4.583425968750258e-19
1.35382308e+01 4.582403681245907e-19
1.35442692e+01 4.581382077469697e-19
1.35503077e+01 4.580361156659814e-19
1.35563462e+01 4.579340918055631e-19
1.35623846e+01 4.578321360897708e-19
1.35684231e+01 4.577302484427786e-19
1.35744615e+01 4.576284287888790e-19
1.35805000e+01 4.575266770524820e-19
1.35865385e+01 4.574249931581153e-19
1.35925769e+01 4.573233770304242e-19
1.35986154e+01 4.572218285941704e-19
1.36046538e+01 4.571203477742335e-19
1.36106923e+01 4.570189344956091e-19
1.36167308e+01 4.569175886834094e-19
1.36227692e+01 4.568163102628628e-19
1.36288077e+01 4.567150991593135e-19
1.36348462e+01 4.566139552982217e-19
1.36408846e+01 4.565128786051632e-19
1.36469231e+01 4.564118690058284e-19
1.36529615e+01 4.563109264260236e-19
1.36590000e+01 4.562100507916693e-19
1.36650385e+01 4.561092420288007e-19
1.36710769e+01 4.560085000635678e-19
1.36771154e+01 4.559078248222341e-19
1.36831538e+01 4.558072162311774e-19
1.36891923e+01 4.557066742168891e-19
1.36952308e+01 4.556061987059740e-19
1.37012692e+01 4.555057896251499e-19
1.37073077e+01 4.554054469012482e-19
1.37133462e+01 4.553051704612126e-19
1.37193846e+01 4.552049602320994e-19
1.37254231e+01 4.551048161410774e-19
1.37314615e+01 4.550047381154274e-19
1.37375000e+01 4.549047260825421e-19
1.37435385e+01 4.548047799699259e-19
1.37495769e+01 4.547048997051944e-19
1.37556154e+01 4.546050852160750e-19
1.37616538e+01 4.545053364304056e-19
1.37676923e+01 4.544056532761350e-19
1.37737308e+01 4.543060356813228e-19
1.37797692e+01 4.542064835741384e-19
1.37858077e+01 4.541069968828620e-19
1.37918462e+01 4.540075755358833e-19
1.37978846e+01 4.539082194617018e-19
1.38039231e+01 4.538089285889265e-19
1.38099615e+01 4.537097028462757e-19
1.38160000e+01 4.536105421625767e-19
1.38220385e+01 4.535114464667656e-19
1.38280769e+01 4.534124156878872e-19
1.38341154e+01 4.533134497550947e-19
1.38401538e+01 4.532145485976495e-19
1.38461923e+01 4.531157121449210e-19
1.38522308e+01 4.530169403263862e-19
1.38582692e+01 4.529182330716299e-19
1.38643077e+01 4.528195903103443e-19
1.38703462e+01 4.527210119723284e-19
1.38763846e+01 4.526224979874884e-19
1.38824231e+01 4.525240482858373e-19
1.38884615e+01 4.524256627974940e-19
1.38945000e+01 4.523273414526849e-19
1.39005385e+01 4.522290841817411e-19
1.39065769e+01 4.521308909151008e-19
1.39126154e+01 4.520327615833069e-19
1.39186538e+01 4.519346961170085e-19
1.39246923e+01 4.518366944469596e-19
1.39307308e+01 4.517387565040193e-19
1.39367692e+01 4.516408822191518e-19
1.39428077e+01 4.515430715234257e-19
1.39488462e+01 4.514453243480141e-19
1.39548846e+01 4.513476406241944e-19
1.39609231e+01 4.512500202833480e-19
1.39669615e+01 4.511524632569603e-19
1.39730000e+01 4.510549694766200e-19
1.39790385e+01 4.509575388740195e-19
1.39850769e+01 4.508601713809546e-19
1.39911154e+01 4.507628669293237e-19
1.39971538e+01 4.506656254511284e-19
1.40031923e+01 4.505684468784729e-19
1.40092308e+01 4.504713311435634e-19
1.40152692e+01 4.503742781787090e-19
1.40213077e+01 4.502772879163205e-19
1.40273462e+01 4.501803602889105e-19
1.40333846e+01 4.500834952290935e-19
1.40394231e+01 4.499866926695849e-19
1.40454615e+01 4.498899525432022e-19
1.40515000e+01 4.497932747828631e-19
1.40575385e+01 4.496966593215868e-19
1.40635769e+01 4.496001060924931e-19
1.40696154e+01 4.495036150288016e-19
1.40756538e+01 4.494071860638330e-19
1.40816923e+01 4.493108191310078e-19
1.40877308e+01 4.492145141638463e-19
1.40937692e+01 4.491182710959685e-19
1.40998077e+01 4.490220898610941e-19
1.41058462e+01 4.489259703930420e-19
1.41118846e+01 4.488299126257302e-19
1.41179231e+01 4.487339164931755e-19
1.41239615e+01 4.486379819294938e-19
1.41300000e+01 4.485421088688993e-19
1.41360385e+01 4.484462972457046e-19
1.41420769e+01 4.483505469943206e-19
1.41481154e+01 4.482548580492559e-19
1.41541538e+01 4.481592303451173e-19
1.41601923e+01 4.480636638166088e-19
1.41662308e+01 4.479681583985321e-19
1.41722692e+01 4.478727140257862e-19
1.41783077e+01 4.477773306333669e-19
1.41843462e+01 4.476820081563671e-19
1.41903846e+01 4.475867465299761e-19
1.41964231e+01 4.474915456894798e-19
1.42024615e+01 4.473964055702608e-19
1.42085000e+01 4.473013261077972e-19
1.42145385e+01 4.472063072376636e-19
1.42205769e+01 4.471113488955298e-19
1.42266154e+01 4.470164510171616e-19
1.42326538e+01 4.469216135384201e-19
1.42386923e+01 4.468268363952617e-19
1.42447308e+01 4.467321195237376e-19
1.42507692e+01 4.466374628599938e-19
1.42568077e+01 4.465428663402715e-19
1.42628462e+01 4.464483299009056e-19
1.42688846e+01 4.463538534783261e-19
1.42749231e+01 4.462594370090566e-19
1.42809615e+01 4.461650804297147e-19
1.42870000e+01 4.460707836770121e-19
1.42930385e+01 4.459765466877537e-19
1.42990769e+01 4.458823693988380e-19
1.43051154e+01 4.457882517472567e-19
1.43111538e+01 4.456941936700947e-19
1.43171923e+01 4.456001951045297e-19
1.43232308e+01 4.455062559878319e-19
1.43292692e+01 4.454123762573643e-19
1.43353077e+01 4.453185558505822e-19
1.43413462e+01 4.452247947050328e-19
1.43473846e+01 4.451310927583558e-19
1.43534231e+01 4.450374499482824e-19
1.43594615e+01 4.449438662126356e-19
1.43655000e+01 4.448503414893297e-19
1.43715385e+01 4.447568757163705e-19
1.43775769e+01 4.446634688318549e-19
1.43836154e+01 4.445701207739707e-19
1.43896538e+01 4.444768314809965e-19
1.43956923e+01 4.443836008913016e-19
1.44017308e+01 4.442904289433457e-19
1.44077692e+01 4.441973155756789e-19
1.44138077e+01 4.441042607269411e-19
1.44198462e+01 4.440112643358625e-19
1.44258846e+01 4.439183263412628e-19
1.44319231e+01 4.438254466820517e-19
1.44379615e+01 4.437326252972278e-19
1.44440000e+01 4.436398621258792e-19
1.44500385e+01 4.435471571071832e-19
1.44560769e+01 4.434545101804061e-19
1.44621154e+01 4.433619212849026e-19
1.44681538e+01 4.432693903601164e-19
1.44741923e+01 4.431769173455793e-19
1.44802308e+01 4.430845021809116e-19
1.44862692e+01 4.429921448058216e-19
1.44923077e+01 4.428998451601055e-19
1.44983462e+01 4.428076031836475e-19
1.45043846e+01 4.427154188164190e-19
1.45104231e+01 4.426232919984792e-19
1.45164615e+01 4.425312226699745e-19
1.45225000e+01 4.424392107711381e-19
1.45285385e+01 4.423472562422907e-19
1.45345769e+01 4.422553590238394e-19
1.45406154e+01 4.421635190562779e-19
1.45466538e+01 4.420717362801866e-19
1.45526923e+01 4.419800106362321e-19
1.45587308e+01 4.418883420651671e-19
1.45647692e+01 4.417967305078304e-19
1.45708077e+01 4.417051759051464e-19
1.45768462e+01 4.416136781981253e-19
1.45828846e+01 4.415222373278630e-19
1.45889231e+01 4.414308532355403e-19
1.45949615e+01 4.413395258624235e-19
1.46010000e+01 4.412482551498641e-19
1.46070385e+01 4.411570410392978e-19
1.46130769e+01 4.410658834722457e-19
1.46191154e+01 4.409747823903130e-19
1.46251538e+01 4.408837377351896e-19
1.46311923e+01 4.407927494486495e-19
1.46372308e+01 4.407018174725508e-19
1.46432692e+01 4.406109417488353e-19
1.46493077e+01 4.405201222195290e-19
1.46553462e+01 4.404293588267414e-19
1.46613846e+01 4.403386515126650e-19
1.46674231e+01 4.402480002195763e-19
1.46734615e+01 4.401574048898344e-19
1.46795000e+01 4.400668654658816e-19
1.46855385e+01 4.399763818902432e-19
1.46915769e+01 4.398859541055269e-19
1.46976154e+01 4.397955820544232e-19
1.47036538e+01 4.397052656797046e-19
1.47096923e+01 4.396150049242264e-19
1.47157308e+01 4.395247997309255e-19
1.47217692e+01 4.394346500428208e-19
1.47278077e+01 4.393445558030134e-19
1.47338462e+01 4.392545169546854e-19
1.47398846e+01 4.391645334411006e-19
1.47459231e+01 4.390746052056045e-19
1.47519615e+01 4.389847321916233e-19
1.47580000e+01 4.388949143426646e-19
1.47640385e+01 4.388051516023163e-19
1.47700769e+01 4.387154439142477e-19
1.47761154e+01 4.386257912222082e-19
1.47821538e+01 4.385361934700280e-19
1.47881923e+01 4.384466506016175e-19
1.47942308e+01 4.383571625609666e-19
1.48002692e+01 4.382677292921463e-19
1.48063077e+01 4.381783507393066e-19
1.48123462e+01 4.380890268466775e-19
1.48183846e+01 4.379997575585685e-19
1.48244231e+01 4.379105428193687e-19
1.48304615e+01 4.378213825735458e-19
1.48365000e+01 4.377322767656477e-19
1.48425385e+01 4.376432253403003e-19
1.48485769e+01 4.375542282422088e-19
1.48546154e+01 4.374652854161568e-19
1.48606538e+01 4.373763968070068e-19
1.48666923e+01 4.372875623596994e-19
1.48727308e+01 4.371987820192534e-19
1.48787692e+01 4.371100557307661e-19
1.48848077e+01 4.370213834394123e-19
1.48908462e+01 4.369327650904450e-19
1.48968846e+01 4.368442006291946e-19
1.49029231e+01 4.367556900010692e-19
1.49089615e+01 4.366672331515542e-19
1.49150000e+01 4.365788300262123e-19
1.49210385e+01 4.364904805706834e-19
1.49270769e+01 4.364021847306841e-19
1.49331154e+01 4.363139424520081e-19
1.49391538e+01 4.362257536805259e-19
1.49451923e+01 4.361376183621840e-19
1.49512308e+01 4.360495364430060e-19
1.49572692e+01 4.359615078690913e-19
1.49633077e+01 4.358735325866158e-19
1.49693462e+01 4.357856105418309e-19
1.49753846e+01 4.356977416810644e-19
1.49814231e+01 4.356099259507195e-19
1.49874615e+01 4.355221632972751e-19
1.49935000e+01 4.354344536672853e-19
1.49995385e+01 4.353467970073801e-19
1.50055769e+01 4.352591932642641e-19
1.50116154e+01 4.351716423847173e-19
1.50176538e+01 4.350841443155942e-19
1.50236923e+01 4.349966990038246e-19
1.50297308e+01 4.349093063964125e-19
1.50357692e+01 4.348219664404366e-19
1.50418077e+01 4.347346790830500e-19
1.50478462e+01 4.346474442714799e-19
1.50538846e+01 4.345602619530277e-19
1.50599231e+01 4.344731320750686e-19
1.50659615e+01 4.343860545850519e-19
1.50720000e+01 4.342990294305003e-19
1.50780385e+01 4.342120565590103e-19
1.50840769e+01 4.341251359182517e-19
1.50901154e+01 4.340382674559677e-19
1.50961538e+01 4.339514511199745e-19
1.51021923e+01 4.338646868581617e-19
1.51082308e+01 4.337779746184911e-19
1.51142692e+01 4.336913143489982e-19
1.51203077e+01 4.336047059977903e-19
1.51263462e+01 4.335181495130478e-19
1.51323846e+01 4.334316448430231e-19
1.51384231e+01 4.333451919360410e-19
1.51444615e+01 4.332587907404986e-19
1.51505000e+01 4.331724412048646e-19
1.51565385e+01 4.330861432776799e-19
1.51625769e+01 4.329998969075571e-19
1.51686154e+01 4.329137020431801e-19
1.51746538e+01 4.328275586333048e-19
1.51806923e+01 4.327414666267578e-19
1.51867308e+01 4.326554259724375e-19
1.51927692e+01 4.325694366193131e-19
1.51988077e+01 4.324834985164248e-19
1.52048462e+01 4.323976116128838e-19
1.52108846e+01 4.323117758578717e-19
1.52169231e+01 4.322259912006411e-19
1.52229615e+01 4.321402575905147e-19
1.52290000e+01 4.320545749768856e-19
1.52350385e+01 4.319689433092173e-19
1.52410769e+01 4.318833625370434e-19
1.52471154e+01 4.317978326099670e-19
1.52531538e+01 4.317123534776616e-19
1.52591923e+01 4.316269250898701e-19
1.52652308e+01 4.315415473964051e-19
1.52712692e+01 4.314562203471486e-19
1.52773077e+01 4.313709438920520e-19
1.52833462e+01 4.312857179811358e-19
1.52893846e+01 4.312005425644899e-19
1.52954231e+01 4.311154175922727e-19
1.53014615e+01 4.310303430147118e-19
1.53075000e+01 4.309453187821035e-19
1.53135385e+01 4.308603448448125e-19
1.53195769e+01 4.307754211532721e-19
1.53256154e+01 4.306905476579841e-19
1.53316538e+01 4.306057243095184e-19
1.53376923e+01 4.305209510585129e-19
1.53437308e+01 4.304362278556737e-19
1.53497692e+01 4.303515546517748e-19
1.53558077e+01 4.302669313976578e-19
1.53618462e+01 4.301823580442320e-19
1.53678846e+01 4.300978345424741e-19
1.53739231e+01 4.300133608434285e-19
1.53799615e+01 4.299289368982066e-19
1.53860000e+01 4.298445626579872e-19
1.53920385e+01 4.297602380740159e-19
1.53980769e+01 4.296759630976052e-19
1.54041154e+01 4.295917376801348e-19
1.54101538e+01 4.295075617730506e-19
1.54161923e+01 4.294234353278655e-19
1.54222308e+01 4.293393582961584e-19
1.54282692e+01 4.292553306295750e-19
1.54343077e+01 4.291713522798270e-19
1.54403462e+01 4.290874231986920e-19
1.54463846e+01 4.290035433380140e-19
1.54524231e+01 4.289197126497025e-19
1.54584615e+01 4.288359310857331e-19
1.54645000e+01 4.287521985981468e-19
1.54705385e+01 4.286685151390501e-19
1.54765769e+01 4.285848806606151e-19
1.54826154e+01 4.285012951150790e-19
1.54886538e+01 4.284177584547443e-19
1.54946923e+01 4.283342706319785e-19
1.55007308e+01 4.282508315992141e-19
1.55067692e+01 4.281674413089485e-19
1.55128077e+01 4.280840997137437e-19
1.55188462e+01 4.280008067662262e-19
1.55248846e+01 4.279175624190875e-19
1.55309231e+01 4.278343666250827e-19
1.55369615e+01 4.277512193370319e-19
1.55430000e+01 4.276681205078191e-19
1.55490385e+01 4.275850700903921e-19
1.55550769e+01 4.275020680377630e-19
1.55611154e+01 4.274191143030075e-19
1.55671538e+01 4.273362088392652e-19
1.55731923e+01 4.272533515997391e-19
1.55792308e+01 4.271705425376957e-19
1.55852692e+01 4.270877816064651e-19
1.55913077e+01 4.270050687594406e-19
1.55973462e+01 4.269224039500783e-19
1.56033846e+01 4.268397871318979e-19
1.56094231e+01 4.267572182584816e-19
1.56154615e+01 4.266746972834748e-19
1.56215000e+01 4.265922241605851e-19
1.56275385e+01 4.265097988435834e-19
1.56335769e+01 4.264274212863026e-19
1.56396154e+01 4.263450914426380e-19
1.56456538e+01 4.262628092665475e-19
1.56516923e+01 4.261805747120508e-19
1.56577308e+01 4.260983877332302e-19
1.56637692e+01 4.260162482842293e-19
1.56698077e+01 4.259341563192540e-19
1.56758462e+01 4.258521117925718e-19
1.56818846e+01 4.257701146585119e-19
1.56879231e+01 4.256881648714651e-19
1.56939615e+01 4.256062623858832e-19
1.57000000e+01 4.255244071562800e-19
1.57060385e+01 4.254425991372300e-19
-----------------------------
