SPECIES: e / A
PROCESS: E + A -> E + A, Elastic
PARAM.:  m/M = 0.0000195921, complete set
COMMENT: [e + A(gnd) -> e + A(gnd), Elastic]
UPDATED: 2018-06-05 11:00:00
COLUMNS: Energy (eV) | Cross section (m2)
-----------------------------
0.00000000e+00 1.108106434227377e-17
7.74000000e-02 6.060435328431241e-18
1.54800000e-01 4.285374917676252e-18
2.32200000e-01 3.498993968276095e-18
3.09600000e-01 3.030217664215621e-18
3.87000000e-01 2.710309073522704e-18
4.64400000e-01 2.474162362298854e-18
5.41800000e-01 2.290629245117017e-18
6.19200000e-01 2.142687458838126e-18
6.96600000e-01 2.020145109477081e-18
7.74000000e-01 1.916477924999333e-18
8.51400000e-01 1.827290004601884e-18
9.28800000e-01 1.749496984138048e-18
1.00620000e+00 1.680862332945560e-18
1.08360000e+00 1.619719472406465e-18
1.16100000e+00 1.564797673185418e-18
1.23840000e+00 1.515108832107810e-18
1.31580000e+00 1.469871470373345e-18
1.39320000e+00 1.428458305892084e-18
1.47060000e+00 1.390359218447132e-18
1.54800000e+00 1.355154536761352e-18
1.62540000e+00 1.322495411281939e-18
1.70280000e+00 1.292089153448390e-18
1.78020000e+00 1.263688121438636e-18
1.85760000e+00 1.237081181149427e-18
1.93500000e+00 1.212087065686248e-18
2.01240000e+00 1.188549153866846e-18
2.08980000e+00 1.166331322758698e-18
2.16720000e+00 1.145314622558508e-18
2.24460000e+00 1.125394587813192e-18
2.32200000e+00 1.106479045894340e-18
2.39940000e+00 1.088486317576630e-18
2.47680000e+00 1.071343729419063e-18
2.55420000e+00 1.054986376044410e-18
2.63160000e+00 1.039356084173634e-18
2.70900000e+00 1.024400540666136e-18
2.78640000e+00 1.010072554738540e-18
2.86380000e+00 9.963294306237065e-19
2.94120000e+00 9.831324316491957e-19
3.01860000e+00 9.704463203968215e-19
3.09600000e+00 9.582389624996665e-19
3.17340000e+00 9.464809839237169e-19
3.25080000e+00 9.351454734055513e-19
3.32820000e+00 9.242077231789738e-19
3.40560000e+00 9.136450023009421e-19
3.48300000e+00 9.034363578409013e-19
3.56040000e+00 8.935624399741487e-19
3.63780000e+00 8.840053476551628e-19
3.71520000e+00 8.747484920690238e-19
3.79260000e+00 8.657764754901773e-19
3.87000000e+00 8.570749835352503e-19
3.94740000e+00 8.486306890942019e-19
4.02480000e+00 8.404311664727801e-19
4.10220000e+00 8.324648144878737e-19
4.17960000e+00 8.247207874329514e-19
4.25700000e+00 8.171889329791433e-19
4.33440000e+00 8.098597362032325e-19
4.41180000e+00 8.027242690407295e-19
4.48920000e+00 7.957741445533474e-19
4.56660000e+00 7.890014754781750e-19
4.64400000e+00 7.823988365927091e-19
4.72140000e+00 7.759592304874317e-19
4.79880000e+00 7.696760563872089e-19
4.87620000e+00 7.635430817056723e-19
4.95360000e+00 7.575544160539051e-19
5.03100000e+00 7.517044874570314e-19
5.10840000e+00 7.459880205604235e-19
5.18580000e+00 7.404000166317669e-19
5.26320000e+00 7.349357351866725e-19
5.34060000e+00 7.295906770843288e-19
5.41800000e+00 7.243605689561901e-19
5.49540000e+00 7.192413488452238e-19
5.57280000e+00 7.142291529460420e-19
5.65020000e+00 7.093203033475507e-19
5.72760000e+00 7.045112966897547e-19
5.80500000e+00 6.997987936552191e-19
5.88240000e+00 6.951796092235661e-19
5.95980000e+00 6.906507036243795e-19
6.03720000e+00 6.862091739301255e-19
6.11460000e+00 6.818522462362623e-19
6.19200000e+00 6.775772683806759e-19
6.26940000e+00 6.733817031590269e-19
6.34680000e+00 6.692631219965758e-19
6.42420000e+00 6.652191990406311e-19
6.50160000e+00 6.612477056409695e-19
6.57900000e+00 6.573465051884735e-19
6.65640000e+00 6.535135482848319e-19
6.73380000e+00 6.497468682184941e-19
6.81120000e+00 6.460445767241949e-19
6.88860000e+00 6.424048600052764e-19
6.96600000e+00 6.388259749997776e-19
7.04340000e+00 6.353062458728288e-19
7.12080000e+00 6.318440607193179e-19
7.19820000e+00 6.284378684620916e-19
7.27560000e+00 6.250861759321371e-19
7.35300000e+00 6.217875451182535e-19
7.43040000e+00 6.185405905747136e-19
7.50780000e+00 6.153439769762967e-19
7.58520000e+00 6.121964168108932e-19
7.66260000e+00 6.090966682006280e-19
7.74000000e+00 6.060435328431241e-19
7.81740000e+00 6.030358540651575e-19
7.89480000e+00 6.000725149815229e-19
7.97220000e+00 5.971524367524536e-19
8.04960000e+00 5.942745769334231e-19
8.12700000e+00 5.914379279115915e-19
8.20440000e+00 5.886415154235767e-19
8.28180000e+00 5.858843971495921e-19
8.35920000e+00 5.831656613793491e-19
8.43660000e+00 5.804844257454324e-19
8.51400000e+00 5.778398360201513e-19
8.59140000e+00 5.752310649721435e-19
8.66880000e+00 5.726573112792542e-19
8.74620000e+00 5.701177984944469e-19
8.82360000e+00 5.676117740617144e-19
8.90100000e+00 5.651385083791598e-19
8.97840000e+00 5.626972939065958e-19
9.05580000e+00 5.602874443151867e-19
9.13320000e+00 5.579082936768089e-19
9.21060000e+00 5.555591956909593e-19
9.28800000e+00 5.532395229471702e-19
9.36540000e+00 5.509486662210219e-19
9.44280000e+00 5.486860338019582e-19
9.52020000e+00 5.464510508512198e-19
9.59760000e+00 5.442431587883149e-19
9.67500000e+00 5.420618147045408e-19
9.75240000e+00 5.399064908021551e-19
9.82980000e+00 5.377766738578845e-19
9.90720000e+00 5.356718647095315e-19
9.98460000e+00 5.335915777645116e-19
1.00620000e+01 5.315353405292250e-19
1.01394000e+01 5.295026931582244e-19
1.02168000e+01 5.274931880222052e-19
1.02942000e+01 5.255063892938914e-19
1.03716000e+01 5.235418725509549e-19
1.04490000e+01 5.215992243951394e-19
1.05264000e+01 5.196780420868169e-19
1.06038000e+01 5.177779331942424e-19
1.06812000e+01 5.158985152568135e-19
1.07586000e+01 5.140394154616778e-19
1.08360000e+01 5.122002703330678e-19
1.09134000e+01 5.103807254337770e-19
1.09908000e+01 5.085804350782170e-19
1.10682000e+01 5.067990620565324e-19
1.11456000e+01 5.050362773692702e-19
1.12230000e+01 5.032917599721306e-19
1.13004000e+01 5.015651965303521e-19
1.13778000e+01 4.998562811822994e-19
1.14552000e+01 4.981647153118533e-19
1.15326000e+01 4.964902073292167e-19
1.16100000e+01 4.948324724597709e-19
1.16874000e+01 4.931912325406345e-19
1.17648000e+01 4.915662158245979e-19
1.18422000e+01 4.899571567911150e-19
1.19196000e+01 4.883637959640593e-19
1.19970000e+01 4.867858797359537e-19
1.20744000e+01 4.852231601984107e-19
1.21518000e+01 4.836753949785199e-19
1.22292000e+01 4.821423470809406e-19
1.23066000e+01 4.806237847354657e-19
1.23840000e+01 4.791194812498333e-19
1.24614000e+01 4.776292148675744e-19
1.25388000e+01 4.761527686306947e-19
1.26162000e+01 4.746899302469968e-19
1.26936000e+01 4.732404919618585e-19
1.27710000e+01 4.718042504342914e-19
1.28484000e+01 4.703810066171139e-19
1.29258000e+01 4.689705656410746e-19
1.30032000e+01 4.675727367027756e-19
1.30806000e+01 4.661873329562493e-19
1.31580000e+01 4.648141714080477e-19
1.32354000e+01 4.634530728157107e-19
1.33128000e+01 4.621038615894869e-19
1.33902000e+01 4.607663656971817e-19
1.34676000e+01 4.594404165720193e-19
1.35450000e+01 4.581258490234035e-19
1.36224000e+01 4.568225011504710e-19
1.36998000e+01 4.555302142583362e-19
1.37772000e+01 4.542488327769257e-19
1.38546000e+01 4.529782041823115e-19
1.39320000e+01 4.517181789204506e-19
1.40094000e+01 4.504686103332465e-19
1.40868000e+01 4.492293545868454e-19
1.41642000e+01 4.480002706020935e-19
1.42416000e+01 4.467812199870744e-19
1.43190000e+01 4.455720669716536e-19
1.43964000e+01 4.443726783439646e-19
1.44738000e+01 4.431829233887617e-19
1.45512000e+01 4.420026738275814e-19
1.46286000e+01 4.408318037606463e-19
1.47060000e+01 4.396701896104534e-19
1.47834000e+01 4.385177100669883e-19
1.48608000e+01 4.373742460345119e-19
1.49382000e+01 4.362396805798645e-19
1.50156000e+01 4.351138988822381e-19
1.50930000e+01 4.339967881843668e-19
1.51704000e+01 4.328882377450887e-19
1.52478000e+01 4.317881387932342e-19
1.53252000e+01 4.306963844827966e-19
1.54026000e+01 4.296128698493428e-19
1.54800000e+01 4.285374917676252e-19
1.55574000e+01 4.274701489103539e-19
1.56348000e+01 4.264107417080941e-19
1.57122000e+01 4.253591723102495e-19
1.57896000e+01 4.243153445471009e-19
1.58670000e+01 4.232791638928632e-19
1.59444000e+01 4.222505374297308e-19
1.60218000e+01 4.212293738128785e-19
1.60992000e+01 4.202155832363901e-19
1.61766000e+01 4.192090774000834e-19
1.62540000e+01 4.182097694772068e-19
1.63314000e+01 4.172175740829774e-19
1.64088000e+01 4.162324072439368e-19
1.64862000e+01 4.152541863680996e-19
1.65636000e+01 4.142828302158690e-19
1.66410000e+01 4.133182588716987e-19
1.67184000e+01 4.123603937164757e-19
1.67958000e+01 4.114091574006052e-19
1.68732000e+01 4.104644738177742e-19
1.69506000e+01 4.095262680793754e-19
1.70280000e+01 4.085944664895716e-19
1.71054000e+01 4.076689965209802e-19
1.71828000e+01 4.067497867909622e-19
1.72602000e+01 4.058367670384951e-19
1.73376000e+01 4.049298681016163e-19
1.74150000e+01 4.040290218954161e-19
1.74924000e+01 4.031341613905690e-19
1.75698000e+01 4.022452205923847e-19
1.76472000e+01 4.013621345203647e-19
1.77246000e+01 4.004848391882515e-19
1.78020000e+01 3.996132715845544e-19
1.78794000e+01 3.987473696535399e-19
1.79568000e+01 3.978870722766737e-19
1.80342000e+01 3.970323192545000e-19
1.81116000e+01 3.961830512889486e-19
1.81890000e+01 3.953392099660557e-19
1.82664000e+01 3.945007377390875e-19
1.83438000e+01 3.936675779120571e-19
1.84212000e+01 3.928396746236215e-19
1.84986000e+01 3.920169728313502e-19
1.85760000e+01 3.911994182963546e-19
1.86534000e+01 3.903869575682680e-19
1.87308000e+01 3.895795379705683e-19
1.88082000e+01 3.887771075862328e-19
1.88856000e+01 3.879796152437159e-19
1.89630000e+01 3.871870105032434e-19
1.90404000e+01 3.863992436434124e-19
1.91178000e+01 3.856162656480902e-19
1.91952000e+01 3.848380281936044e-19
1.92726000e+01 3.840644836362157e-19
1.93500000e+01 3.832955849998665e-19
1.94274000e+01 3.825312859641996e-19
1.95048000e+01 3.817715408528362e-19
1.95822000e+01 3.810163046219113e-19
1.96596000e+01 3.802655328488565e-19
1.97370000e+01 3.795191817214249e-19
1.98144000e+01 3.787772080269526e-19
1.98918000e+01 3.780395691418495e-19
1.99692000e+01 3.773062230213152e-19
2.00466000e+01 3.765771281892727e-19
2.01240000e+01 3.758522437285157e-19
2.02014000e+01 3.751315292710639e-19
2.02788000e+01 3.744149449887203e-19
2.03562000e+01 3.737024515838266e-19
2.04336000e+01 3.729940102802118e-19
2.05110000e+01 3.722895828143275e-19
2.05884000e+01 3.715891314265683e-19
2.06658000e+01 3.708926188527701e-19
2.07432000e+01 3.702000083158835e-19
2.08206000e+01 3.695112635178167e-19
2.08980000e+01 3.688263486314467e-19
2.09754000e+01 3.681452282927906e-19
2.10528000e+01 3.674678675933362e-19
2.11302000e+01 3.667942320725283e-19
2.12076000e+01 3.661242877104040e-19
2.12850000e+01 3.654580009203768e-19
2.13624000e+01 3.647953385421644e-19
2.14398000e+01 3.641362678348567e-19
2.15172000e+01 3.634807564701214e-19
2.15946000e+01 3.628287725255432e-19
2.16720000e+01 3.621802844780951e-19
2.17494000e+01 3.615352611977356e-19
2.18268000e+01 3.608936719411331e-19
2.19042000e+01 3.602554863455109e-19
2.19816000e+01 3.596206744226119e-19
2.20590000e+01 3.589892065527802e-19
2.21364000e+01 3.583610534791560e-19
2.22138000e+01 3.577361863019825e-19
2.22912000e+01 3.571145764730210e-19
2.23686000e+01 3.564961957900730e-19
2.24460000e+01 3.558810163916058e-19
2.25234000e+01 3.552690107514797e-19
2.26008000e+01 3.546601516737754e-19
2.26782000e+01 3.540544122877175e-19
2.27556000e+01 3.534517660426935e-19
2.28330000e+01 3.528521867033665e-19
2.29104000e+01 3.522556483448773e-19
2.29878000e+01 3.516621253481367e-19
2.30652000e+01 3.510715923952041e-19
2.31426000e+01 3.504840244647512e-19
2.32200000e+01 3.498993968276095e-19
2.32974000e+01 3.493176850423986e-19
2.33748000e+01 3.487388649512341e-19
2.34522000e+01 3.481629126755145e-19
2.35296000e+01 3.475898046117831e-19
2.36070000e+01 3.470195174276650e-19
2.36844000e+01 3.464520280578779e-19
2.37618000e+01 3.458873137003136e-19
2.38392000e+01 3.453253518121898e-19
2.39166000e+01 3.447661201062700e-19
2.39940000e+01 3.442095965471520e-19
2.40714000e+01 3.436557593476200e-19
2.41488000e+01 3.431045869650628e-19
2.42262000e+01 3.425560580979536e-19
2.43036000e+01 3.420101516823932e-19
2.43810000e+01 3.414668468887119e-19
2.44584000e+01 3.409261231181312e-19
2.45358000e+01 3.403879599994841e-19
2.46132000e+01 3.398523373859913e-19
2.46906000e+01 3.393192353520935e-19
2.47680000e+01 3.387886341903380e-19
2.48454000e+01 3.382605144083187e-19
2.49228000e+01 3.377348567256683e-19
2.50002000e+01 3.372116420711026e-19
2.50776000e+01 3.366908515795134e-19
2.51550000e+01 3.361724665891120e-19
2.52324000e+01 3.356564686386207e-19
2.53098000e+01 3.351428394645108e-19
2.53872000e+01 3.346315609982879e-19
2.54646000e+01 3.341226153638223e-19
2.55420000e+01 3.336159848747235e-19
2.56194000e+01 3.331116520317591e-19
2.56968000e+01 3.326095995203155e-19
2.57742000e+01 3.321098102079021e-19
2.58516000e+01 3.316122671416948e-19
2.59290000e+01 3.311169535461211e-19
2.60064000e+01 3.306238528204848e-19
2.60838000e+01 3.301329485366283e-19
2.61612000e+01 3.296442244366348e-19
2.62386000e+01 3.291576644305657e-19
2.63160000e+01 3.286732525942367e-19
2.63934000e+01 3.281909731670283e-19
2.64708000e+01 3.277108105497318e-19
2.65482000e+01 3.272327493024310e-19
2.66256000e+01 3.267567741424159e-19
2.67030000e+01 3.262828699421315e-19
2.67804000e+01 3.258110217271578e-19
2.68578000e+01 3.253412146742229e-19
2.69352000e+01 3.248734341092470e-19
2.70126000e+01 3.244076655054173e-19
2.70900000e+01 3.239438944812930e-19
2.71674000e+01 3.234821067989405e-19
2.72448000e+01 3.230222883620974e-19
2.73222000e+01 3.225644252143653e-19
2.73996000e+01 3.221085035374305e-19
2.74770000e+01 3.216545096493121e-19
2.75544000e+01 3.212024300026382e-19
2.76318000e+01 3.207522511829473e-19
2.77092000e+01 3.203039599070169e-19
2.77866000e+01 3.198575430212169e-19
2.78640000e+01 3.194129874998888e-19
2.79414000e+01 3.189702804437495e-19
2.80188000e+01 3.185294090783190e-19
2.80962000e+01 3.180903607523723e-19
2.81736000e+01 3.176531229364144e-19
2.82510000e+01 3.172176832211790e-19
2.83284000e+01 3.167840293161486e-19
2.84058000e+01 3.163521490480981e-19
2.84832000e+01 3.159220303596589e-19
2.85606000e+01 3.154936613079056e-19
2.86380000e+01 3.150670300629628e-19
2.87154000e+01 3.146421249066333e-19
2.87928000e+01 3.142189342310458e-19
2.88702000e+01 3.137974465373236e-19
2.89476000e+01 3.133776504342716e-19
2.90250000e+01 3.129595346370836e-19
2.91024000e+01 3.125430879660685e-19
2.91798000e+01 3.121282993453941e-19
2.92572000e+01 3.117151578018504e-19
2.93346000e+01 3.113036524636300e-19
2.94120000e+01 3.108937725591267e-19
2.94894000e+01 3.104855074157512e-19
2.95668000e+01 3.100788464587638e-19
2.96442000e+01 3.096737792101240e-19
2.97216000e+01 3.092702952873568e-19
2.97990000e+01 3.088683844024346e-19
2.98764000e+01 3.084680363606757e-19
2.99538000e+01 3.080692410596579e-19
3.00312000e+01 3.076719884881483e-19
3.01086000e+01 3.072762687250471e-19
3.01860000e+01 3.068820719383474e-19
3.02634000e+01 3.064893883841090e-19
3.03408000e+01 3.060982084054466e-19
3.04182000e+01 3.057085224315328e-19
3.04956000e+01 3.053203209766141e-19
3.05730000e+01 3.049335946390416e-19
3.06504000e+01 3.045483341003140e-19
3.07278000e+01 3.041645301241353e-19
3.08052000e+01 3.037821735554840e-19
3.08826000e+01 3.034012553196964e-19
3.09600000e+01 3.030217664215621e-19
3.10374000e+01 3.026436979444311e-19
3.11148000e+01 3.022670410493345e-19
3.11922000e+01 3.018917869741168e-19
3.12696000e+01 3.015179270325787e-19
3.13470000e+01 3.011454526136337e-19
3.14244000e+01 3.007743551804746e-19
3.15018000e+01 3.004046262697514e-19
3.15792000e+01 3.000362574907614e-19
3.16566000e+01 2.996692405246487e-19
3.17340000e+01 2.993035671236156e-19
3.18114000e+01 2.989392291101439e-19
3.18888000e+01 2.985762183762268e-19
3.19662000e+01 2.982145268826111e-19
3.20436000e+01 2.978541466580495e-19
3.21210000e+01 2.974950697985628e-19
3.21984000e+01 2.971372884667116e-19
3.22758000e+01 2.967807948908775e-19
3.23532000e+01 2.964255813645552e-19
3.24306000e+01 2.960716402456516e-19
3.25080000e+01 2.957189639557958e-19
3.25854000e+01 2.953675449796574e-19
3.26628000e+01 2.950173758642741e-19
3.27402000e+01 2.946684492183876e-19
3.28176000e+01 2.943207577117883e-19
3.28950000e+01 2.939742940746690e-19
3.29724000e+01 2.936290510969856e-19
3.30498000e+01 2.932850216278277e-19
3.31272000e+01 2.929421985747961e-19
3.32046000e+01 2.926005749033888e-19
3.32820000e+01 2.922601436363950e-19
3.33594000e+01 2.919208978532960e-19
3.34368000e+01 2.915828306896746e-19
3.35142000e+01 2.912459353366321e-19
3.35916000e+01 2.909102050402116e-19
3.36690000e+01 2.905756331008301e-19
3.37464000e+01 2.902422128727162e-19
3.38238000e+01 2.899099377633561e-19
3.39012000e+01 2.895788012329464e-19
3.39786000e+01 2.892487967938523e-19
3.40560000e+01 2.889199180100756e-19
3.41334000e+01 2.885921584967258e-19
3.42108000e+01 2.882655119195001e-19
3.42882000e+01 2.879399719941699e-19
3.43656000e+01 2.876155324860717e-19
3.44430000e+01 2.872921872096068e-19
3.45204000e+01 2.869699300277451e-19
3.45978000e+01 2.866487548515364e-19
3.46752000e+01 2.863286556396271e-19
3.47526000e+01 2.860096263977828e-19
3.48300000e+01 2.856916611784169e-19
3.49074000e+01 2.853747540801245e-19
3.49848000e+01 2.850588992472234e-19
3.50622000e+01 2.847440908692986e-19
3.51396000e+01 2.844303231807539e-19
3.52170000e+01 2.841175904603681e-19
3.52944000e+01 2.838058870308572e-19
3.53718000e+01 2.834952072584412e-19
3.54492000e+01 2.831855455524166e-19
3.55266000e+01 2.828768963647339e-19
3.56040000e+01 2.825692541895799e-19
3.56814000e+01 2.822626135629653e-19
3.57588000e+01 2.819569690623170e-19
3.58362000e+01 2.816523153060758e-19
3.59136000e+01 2.813486469532979e-19
3.59910000e+01 2.810459587032617e-19
3.60684000e+01 2.807442452950792e-19
3.61458000e+01 2.804435015073125e-19
3.62232000e+01 2.801437221575933e-19
3.63006000e+01 2.798449021022488e-19
3.63780000e+01 2.795470362359303e-19
3.64554000e+01 2.792501194912470e-19
3.65328000e+01 2.789541468384045e-19
3.66102000e+01 2.786591132848459e-19
3.66876000e+01 2.783650138748991e-19
3.67650000e+01 2.780718436894264e-19
3.68424000e+01 2.777795978454796e-19
3.69198000e+01 2.774882714959579e-19
3.69972000e+01 2.771978598292703e-19
3.70746000e+01 2.769083580690022e-19
3.71520000e+01 2.766197614735851e-19
3.72294000e+01 2.763320653359704e-19
3.73068000e+01 2.760452649833073e-19
3.73842000e+01 2.757593557766236e-19
3.74616000e+01 2.754743331105110e-19
3.75390000e+01 2.751901924128130e-19
3.76164000e+01 2.749069291443171e-19
3.76938000e+01 2.746245387984508e-19
3.77712000e+01 2.743430169009791e-19
3.78486000e+01 2.740623590097082e-19
3.79260000e+01 2.737825607141904e-19
3.80034000e+01 2.735036176354328e-19
3.80808000e+01 2.732255254256099e-19
3.81582000e+01 2.729482797677787e-19
3.82356000e+01 2.726718763755977e-19
3.83130000e+01 2.723963109930477e-19
3.83904000e+01 2.721215793941575e-19
3.84678000e+01 2.718476773827308e-19
3.85452000e+01 2.715746007920779e-19
3.86226000e+01 2.713023454847488e-19
3.87000000e+01 2.710309073522704e-19
3.87774000e+01 2.707602823148855e-19
-----------------------------
