SPECIES: e / A
PROCESS: E + A -> E + A, Elastic
PARAM.:  m/M = 0.0000195921, complete set
COMMENT: [e + A(gnd) -> e + A(gnd), Elastic]
UPDATED: 2018-06-05 11:00:00
COLUMNS: Energy (eV) | Cross section (m2)
-----------------------------
0.00000000e+00 9.878078622602852e-18
9.74000000e-02 5.402500591306891e-18
1.94800000e-01 3.820144803477436e-18
2.92200000e-01 3.119135170688146e-18
3.89600000e-01 2.701250295653446e-18
4.87000000e-01 2.416071714129004e-18
5.84400000e-01 2.205561630631047e-18
6.81800000e-01 2.041953288925348e-18
7.79200000e-01 1.910072401738718e-18
8.76600000e-01 1.800833530435630e-18
9.74000000e-01 1.708420692893624e-18
1.07140000e+00 1.628915217367104e-18
1.16880000e+00 1.559567585344073e-18
1.26620000e+00 1.498384069052424e-18
1.36360000e+00 1.443879017465287e-18
1.46100000e+00 1.394919654533821e-18
1.55840000e+00 1.350625147826723e-18
1.65580000e+00 1.310298857671775e-18
1.75320000e+00 1.273381601159145e-18
1.85060000e+00 1.239418637890814e-18
1.94800000e+00 1.208035857064502e-18
2.04540000e+00 1.178922281033691e-18
2.14280000e+00 1.151816996178238e-18
2.24020000e+00 1.126499245239356e-18
2.33760000e+00 1.102780815315524e-18
2.43500000e+00 1.080500118261378e-18
2.53240000e+00 1.059517536048861e-18
2.62980000e+00 1.039711723562715e-18
2.72720000e+00 1.020976644462674e-18
2.82460000e+00 1.003219174304456e-18
2.92200000e+00 9.863571469312608e-19
3.01940000e+00 9.703177504015043e-19
3.11680000e+00 9.550362008693589e-19
3.21420000e+00 9.404546392339750e-19
3.31160000e+00 9.265212076406992e-19
3.40900000e+00 9.131892721832693e-19
3.50640000e+00 9.004167652178151e-19
3.60380000e+00 8.881656261274468e-19
3.70120000e+00 8.764013235815889e-19
3.79860000e+00 8.650924456168640e-19
3.89600000e+00 8.542103464468122e-19
3.99340000e+00 8.437288409498159e-19
4.09080000e+00 8.336239394108359e-19
4.18820000e+00 8.238736163953522e-19
4.28560000e+00 8.144576086835519e-19
4.38300000e+00 8.053572380430012e-19
4.48040000e+00 7.965552553102765e-19
4.57780000e+00 7.880357028183500e-19
4.67520000e+00 7.797837926720364e-19
4.77260000e+00 7.717857987581273e-19
4.87000000e+00 7.640289606954871e-19
4.96740000e+00 7.565013981956586e-19
5.06480000e+00 7.491920345262122e-19
5.16220000e+00 7.420905279550404e-19
5.25960000e+00 7.351872102103491e-19
5.35700000e+00 7.284730311233381e-19
5.45440000e+00 7.219395087326435e-19
5.55180000e+00 7.155786842249009e-19
5.64920000e+00 7.093830811670496e-19
5.74660000e+00 7.033456685555012e-19
5.84400000e+00 6.974598272669104e-19
5.94140000e+00 6.917193195465599e-19
6.03880000e+00 6.861182612145794e-19
6.13620000e+00 6.806510963084492e-19
6.23360000e+00 6.753125739133614e-19
6.33100000e+00 6.700977269607919e-19
6.42840000e+00 6.650018528006919e-19
6.52580000e+00 6.600204953745733e-19
6.62320000e+00 6.551494288358877e-19
6.72060000e+00 6.503846424808527e-19
6.81800000e+00 6.457223268675976e-19
6.91540000e+00 6.411588610144466e-19
7.01280000e+00 6.366908005795726e-19
7.11020000e+00 6.323148669343323e-19
7.20760000e+00 6.280279370515135e-19
7.30500000e+00 6.238270341376291e-19
7.40240000e+00 6.197093189454071e-19
7.49980000e+00 6.156720817088683e-19
7.59720000e+00 6.117127346489392e-19
7.69460000e+00 6.078288050025073e-19
7.79200000e+00 6.040179285322509e-19
7.88940000e+00 6.002778434785435e-19
7.98680000e+00 5.966063849182808e-19
8.08420000e+00 5.930014794986653e-19
8.18160000e+00 5.894611405168456e-19
8.27900000e+00 5.859834633188823e-19
8.37640000e+00 5.825666209938379e-19
8.47380000e+00 5.792088603408716e-19
8.57120000e+00 5.759084980891190e-19
8.66860000e+00 5.726639173518411e-19
8.76600000e+00 5.694735642978747e-19
8.86340000e+00 5.663359450248211e-19
8.96080000e+00 5.632496226196781e-19
9.05820000e+00 5.602132143937805e-19
9.15560000e+00 5.572253892799622e-19
9.25300000e+00 5.542848653808114e-19
9.35040000e+00 5.513904076577618e-19
9.44780000e+00 5.485408257515561e-19
9.54520000e+00 5.457349719253479e-19
9.64260000e+00 5.429717391223680e-19
9.74000000e+00 5.402500591306891e-19
9.83740000e+00 5.375689008481814e-19
9.93480000e+00 5.349272686412549e-19
1.00322000e+01 5.323242007914585e-19
1.01296000e+01 5.297587680244307e-19
1.02270000e+01 5.272300721160889e-19
1.03244000e+01 5.247372445713143e-19
1.04218000e+01 5.222794453707146e-19
1.05192000e+01 5.198558617813577e-19
1.06166000e+01 5.174657072276554e-19
1.07140000e+01 5.151082202188312e-19
1.08114000e+01 5.127826633296540e-19
1.09088000e+01 5.104883222313369e-19
1.10062000e+01 5.082245047697117e-19
1.11036000e+01 5.059905400879746e-19
1.12010000e+01 5.037857777914815e-19
1.12984000e+01 5.016095871522279e-19
1.13958000e+01 4.994613563508082e-19
1.14932000e+01 4.973404917537807e-19
1.15906000e+01 4.952464172245049e-19
1.16880000e+01 4.931785734656304e-19
1.17854000e+01 4.911364173915356e-19
1.18828000e+01 4.891194215291169e-19
1.19802000e+01 4.871270734454272e-19
1.20776000e+01 4.851588752007522e-19
1.21750000e+01 4.832143428258007e-19
1.22724000e+01 4.812930058217622e-19
1.23698000e+01 4.793944066820574e-19
1.24672000e+01 4.775181004346795e-19
1.25646000e+01 4.756636542040871e-19
1.26620000e+01 4.738306467916676e-19
1.27594000e+01 4.720186682738487e-19
1.28568000e+01 4.702273196169875e-19
1.29542000e+01 4.684562123082159e-19
1.30516000e+01 4.667049680014651e-19
1.31490000e+01 4.649732181779403e-19
1.32464000e+01 4.632606038203496e-19
1.33438000e+01 4.615667751002371e-19
1.34412000e+01 4.598913910777992e-19
1.35386000e+01 4.582341194136002e-19
1.36360000e+01 4.565946360916347e-19
1.37334000e+01 4.549726251532103e-19
1.38308000e+01 4.533677784411583e-19
1.39282000e+01 4.517797953538972e-19
1.40256000e+01 4.502083826089076e-19
1.41230000e+01 4.486532540151947e-19
1.42204000e+01 4.471141302543358e-19
1.43178000e+01 4.455907386697351e-19
1.44152000e+01 4.440828130637234e-19
1.45126000e+01 4.425900935021596e-19
1.46100000e+01 4.411123261262095e-19
1.47074000e+01 4.396492629709912e-19
1.48048000e+01 4.382006617907945e-19
1.49022000e+01 4.367662858905918e-19
1.49996000e+01 4.353459039635789e-19
1.50970000e+01 4.339392899344875e-19
1.51944000e+01 4.325462228084320e-19
1.52918000e+01 4.311664865250603e-19
1.53892000e+01 4.297998698177886e-19
1.54866000e+01 4.284461660779142e-19
1.55840000e+01 4.271051732234061e-19
1.56814000e+01 4.257766935721855e-19
1.57788000e+01 4.244605337197151e-19
1.58762000e+01 4.231565044207241e-19
1.59736000e+01 4.218644204749080e-19
1.60710000e+01 4.205841006164418e-19
1.61684000e+01 4.193153674071617e-19
1.62658000e+01 4.180580471332684e-19
1.63632000e+01 4.168119697054179e-19
1.64606000e+01 4.155769685620685e-19
1.65580000e+01 4.143528805759602e-19
1.66554000e+01 4.131395459636048e-19
1.67528000e+01 4.119368081976761e-19
1.68502000e+01 4.107445139221889e-19
1.69476000e+01 4.095625128703623e-19
1.70450000e+01 4.083906577850696e-19
1.71424000e+01 4.072288043417760e-19
1.72398000e+01 4.060768110738759e-19
1.73372000e+01 4.049345393003395e-19
1.74346000e+01 4.038018530555854e-19
1.75320000e+01 4.026786190215006e-19
1.76294000e+01 4.015647064615267e-19
1.77268000e+01 4.004599871567428e-19
1.78242000e+01 3.993643353438711e-19
1.79216000e+01 3.982776276551382e-19
1.80190000e+01 3.971997430599269e-19
1.81164000e+01 3.961305628081554e-19
1.82138000e+01 3.950699703753247e-19
1.83112000e+01 3.940178514091750e-19
1.84086000e+01 3.929740936778970e-19
1.85060000e+01 3.919385870198444e-19
1.86034000e+01 3.909112232946958e-19
1.87008000e+01 3.898918963360182e-19
1.87982000e+01 3.888805019051836e-19
1.88956000e+01 3.878769376465937e-19
1.89930000e+01 3.868811030441696e-19
1.90904000e+01 3.858928993790636e-19
1.91878000e+01 3.849122296885534e-19
1.92852000e+01 3.839389987260794e-19
1.93826000e+01 3.829731129223876e-19
1.94800000e+01 3.820144803477436e-19
1.95774000e+01 3.810630106751801e-19
1.96748000e+01 3.801186151447478e-19
1.97722000e+01 3.791812065287357e-19
1.98696000e+01 3.782506990978293e-19
1.99670000e+01 3.773270085881793e-19
2.00644000e+01 3.764100521693497e-19
2.01618000e+01 3.754997484131187e-19
2.02592000e+01 3.745960172631061e-19
2.03566000e+01 3.736987800051997e-19
2.04540000e+01 3.728079592387589e-19
2.05514000e+01 3.719234788485682e-19
2.06488000e+01 3.710452639775202e-19
2.07462000e+01 3.701732410000046e-19
2.08436000e+01 3.693073374959812e-19
2.09410000e+01 3.684474822257186e-19
2.10384000e+01 3.675936051051745e-19
2.11358000e+01 3.667456371820034e-19
2.12332000e+01 3.659035106121678e-19
2.13306000e+01 3.650671586371392e-19
2.14280000e+01 3.642365155616690e-19
2.15254000e+01 3.634115167321136e-19
2.16228000e+01 3.625920985152967e-19
2.17202000e+01 3.617781982778933e-19
2.18176000e+01 3.609697543663217e-19
2.19150000e+01 3.601667060871261e-19
2.20124000e+01 3.593689936878380e-19
2.21098000e+01 3.585765583383016e-19
2.22072000e+01 3.577893421124505e-19
2.23046000e+01 3.570072879705215e-19
2.24020000e+01 3.562303397416957e-19
2.24994000e+01 3.554584421071523e-19
2.25968000e+01 3.546915405835248e-19
2.26942000e+01 3.539295815067485e-19
2.27916000e+01 3.531725120162872e-19
2.28890000e+01 3.524202800397306e-19
2.29864000e+01 3.516728342777506e-19
2.30838000e+01 3.509301241894062e-19
2.31812000e+01 3.501920999777897e-19
2.32786000e+01 3.494587125760030e-19
2.33760000e+01 3.487299136334552e-19
2.34734000e+01 3.480056555024741e-19
2.35708000e+01 3.472858912252214e-19
2.36682000e+01 3.465705745209051e-19
2.37656000e+01 3.458596597732799e-19
2.38630000e+01 3.451531020184291e-19
2.39604000e+01 3.444508569328189e-19
2.40578000e+01 3.437528808216205e-19
2.41552000e+01 3.430591306072897e-19
2.42526000e+01 3.423695638184009e-19
2.43500000e+01 3.416841385787248e-19
2.44474000e+01 3.410028135965482e-19
2.45448000e+01 3.403255481542246e-19
2.46422000e+01 3.396523020979543e-19
2.47396000e+01 3.389830358277843e-19
2.48370000e+01 3.383177102878259e-19
2.49344000e+01 3.376562869566807e-19
2.50318000e+01 3.369987278380733e-19
2.51292000e+01 3.363449954516830e-19
2.52266000e+01 3.356950528241708e-19
2.53240000e+01 3.350488634803960e-19
2.54214000e+01 3.344063914348186e-19
2.55188000e+01 3.337676011830819e-19
2.56162000e+01 3.331324576937715e-19
2.57136000e+01 3.325009264003460e-19
2.58110000e+01 3.318729731932357e-19
2.59084000e+01 3.312485644121045e-19
2.60058000e+01 3.306276668382710e-19
2.61032000e+01 3.300102476872866e-19
2.62006000e+01 3.293962746016638e-19
2.62980000e+01 3.287857156437537e-19
2.63954000e+01 3.281785392887683e-19
2.64928000e+01 3.275747144179439e-19
2.65902000e+01 3.269742103118416e-19
2.66876000e+01 3.263769966437838e-19
2.67850000e+01 3.257830434734208e-19
2.68824000e+01 3.251923212404264e-19
2.69798000e+01 3.246048007583185e-19
2.70772000e+01 3.240204532084029e-19
2.71746000e+01 3.234392501338348e-19
2.72720000e+01 3.228611634337988e-19
2.73694000e+01 3.222861653578023e-19
2.74668000e+01 3.217142285000802e-19
2.75642000e+01 3.211453257941082e-19
2.76616000e+01 3.205794305072233e-19
2.77590000e+01 3.200165162353470e-19
2.78564000e+01 3.194565568978114e-19
2.79538000e+01 3.188995267322832e-19
2.80512000e+01 3.183454002897863e-19
2.81486000e+01 3.177941524298172e-19
2.82460000e+01 3.172457583155548e-19
2.83434000e+01 3.167001934091605e-19
2.84408000e+01 3.161574334671661e-19
2.85382000e+01 3.156174545359491e-19
2.86356000e+01 3.150802329472924e-19
2.87330000e+01 3.145457453140274e-19
2.88304000e+01 3.140139685257567e-19
2.89278000e+01 3.134848797446584e-19
2.90252000e+01 3.129584564013652e-19
2.91226000e+01 3.124346761909217e-19
2.92200000e+01 3.119135170688146e-19
2.93174000e+01 3.113949572470755e-19
2.94148000e+01 3.108789751904556e-19
2.95122000e+01 3.103655496126688e-19
2.96096000e+01 3.098546594727036e-19
2.97070000e+01 3.093462839712014e-19
2.98044000e+01 3.088404025468997e-19
2.99018000e+01 3.083369948731394e-19
2.99992000e+01 3.078360408544341e-19
3.00966000e+01 3.073375206231010e-19
3.01940000e+01 3.068414145359514e-19
3.02914000e+01 3.063477031710396e-19
3.03888000e+01 3.058563673244696e-19
3.04862000e+01 3.053673880072573e-19
3.05836000e+01 3.048807464422483e-19
3.06810000e+01 3.043964240610897e-19
3.07784000e+01 3.039144025012537e-19
3.08758000e+01 3.034346636031137e-19
3.09732000e+01 3.029571894070708e-19
3.10706000e+01 3.024819621507303e-19
3.11680000e+01 3.020089642661255e-19
3.12654000e+01 3.015381783769905e-19
3.13628000e+01 3.010695872960791e-19
3.14602000e+01 3.006031740225291e-19
3.15576000e+01 3.001389217392718e-19
3.16550000e+01 2.996768138104849e-19
3.17524000e+01 2.992168337790893e-19
3.18498000e+01 2.987589653642869e-19
3.19472000e+01 2.983031924591404e-19
3.20446000e+01 2.978494991281936e-19
3.21420000e+01 2.973978696051312e-19
3.22394000e+01 2.969482882904774e-19
3.23368000e+01 2.965007397493327e-19
3.24342000e+01 2.960552087091489e-19
3.25316000e+01 2.956116800575394e-19
3.26290000e+01 2.951701388401263e-19
3.27264000e+01 2.947305702584228e-19
3.28238000e+01 2.942929596677499e-19
3.29212000e+01 2.938572925751873e-19
3.30186000e+01 2.934235546375573e-19
3.31160000e+01 2.929917316594412e-19
3.32134000e+01 2.925618095912284e-19
3.33108000e+01 2.921337745271963e-19
3.34082000e+01 2.917076127036211e-19
3.35056000e+01 2.912833104969189e-19
3.36030000e+01 2.908608544218168e-19
3.37004000e+01 2.904402311295520e-19
3.37978000e+01 2.900214274061011e-19
3.38952000e+01 2.896044301704358e-19
3.39926000e+01 2.891892264728075e-19
3.40900000e+01 2.887758034930574e-19
3.41874000e+01 2.883641485389547e-19
3.42848000e+01 2.879542490445595e-19
3.43822000e+01 2.875460925686120e-19
3.44796000e+01 2.871396667929462e-19
3.45770000e+01 2.867349595209284e-19
3.46744000e+01 2.863319586759205e-19
3.47718000e+01 2.859306522997656e-19
3.48692000e+01 2.855310285512983e-19
3.49666000e+01 2.851330757048766e-19
3.50640000e+01 2.847367821489374e-19
3.51614000e+01 2.843421363845732e-19
3.52588000e+01 2.839491270241310e-19
3.53562000e+01 2.835577427898314e-19
3.54536000e+01 2.831679725124106e-19
3.55510000e+01 2.827798051297802e-19
3.56484000e+01 2.823932296857097e-19
3.57458000e+01 2.820082353285269e-19
3.58432000e+01 2.816248113098391e-19
3.59406000e+01 2.812429469832720e-19
3.60380000e+01 2.808626318032286e-19
3.61354000e+01 2.804838553236661e-19
3.62328000e+01 2.801066071968903e-19
3.63302000e+01 2.797308771723687e-19
3.64276000e+01 2.793566550955605e-19
3.65250000e+01 2.789839309067642e-19
3.66224000e+01 2.786126946399811e-19
3.67198000e+01 2.782429364217970e-19
3.68172000e+01 2.778746464702786e-19
3.69146000e+01 2.775078150938868e-19
3.70120000e+01 2.771424326904057e-19
3.71094000e+01 2.767784897458868e-19
3.72068000e+01 2.764159768336081e-19
3.73042000e+01 2.760548846130495e-19
3.74016000e+01 2.756952038288809e-19
3.74990000e+01 2.753369253099668e-19
3.75964000e+01 2.749800399683835e-19
3.76938000e+01 2.746245387984508e-19
3.77912000e+01 2.742704128757780e-19
3.78886000e+01 2.739176533563230e-19
3.79860000e+01 2.735662514754638e-19
3.80834000e+01 2.732161985470846e-19
3.81808000e+01 2.728674859626740e-19
3.82782000e+01 2.725201051904352e-19
3.83756000e+01 2.721740477744101e-19
3.84730000e+01 2.718293053336141e-19
3.85704000e+01 2.714858695611840e-19
3.86678000e+01 2.711437322235369e-19
3.87652000e+01 2.708028851595417e-19
3.88626000e+01 2.704633202797009e-19
3.89600000e+01 2.701250295653446e-19
3.90574000e+01 2.697880050678348e-19
3.91548000e+01 2.694522389077816e-19
3.92522000e+01 2.691177232742687e-19
3.93496000e+01 2.687844504240907e-19
3.94470000e+01 2.684524126810004e-19
3.95444000e+01 2.681216024349658e-19
3.96418000e+01 2.677920121414378e-19
3.97392000e+01 2.674636343206274e-19
3.98366000e+01 2.671364615567929e-19
3.99340000e+01 2.668104864975362e-19
4.00314000e+01 2.664857018531094e-19
4.01288000e+01 2.661621003957293e-19
4.02262000e+01 2.658396749589026e-19
4.03236000e+01 2.655184184367588e-19
4.04210000e+01 2.651983237833928e-19
4.05184000e+01 2.648793840122153e-19
4.06158000e+01 2.645615921953132e-19
4.07132000e+01 2.642449414628165e-19
4.08106000e+01 2.639294250022755e-19
4.09080000e+01 2.636150360580444e-19
4.10054000e+01 2.633017679306745e-19
4.11028000e+01 2.629896139763141e-19
4.12002000e+01 2.626785676061167e-19
4.12976000e+01 2.623686222856572e-19
4.13950000e+01 2.620597715343551e-19
4.14924000e+01 2.617520089249054e-19
4.15898000e+01 2.614453280827168e-19
4.16872000e+01 2.611397226853573e-19
4.17846000e+01 2.608351864620065e-19
4.18820000e+01 2.605317131929155e-19
4.19794000e+01 2.602292967088731e-19
4.20768000e+01 2.599279308906788e-19
4.21742000e+01 2.596276096686236e-19
4.22716000e+01 2.593283270219758e-19
4.23690000e+01 2.590300769784742e-19
4.24664000e+01 2.587328536138277e-19
4.25638000e+01 2.584366510512209e-19
4.26612000e+01 2.581414634608262e-19
4.27586000e+01 2.578472850593217e-19
4.28560000e+01 2.575541101094156e-19
4.29534000e+01 2.572619329193758e-19
4.30508000e+01 2.569707478425660e-19
4.31482000e+01 2.566805492769877e-19
4.32456000e+01 2.563913316648270e-19
4.33430000e+01 2.561030894920076e-19
4.34404000e+01 2.558158172877497e-19
4.35378000e+01 2.555295096241335e-19
4.36352000e+01 2.552441611156685e-19
4.37326000e+01 2.549597664188680e-19
4.38300000e+01 2.546763202318291e-19
4.39274000e+01 2.543938172938171e-19
4.40248000e+01 2.541122523848558e-19
4.41222000e+01 2.538316203253224e-19
4.42196000e+01 2.535519159755468e-19
4.43170000e+01 2.532731342354168e-19
4.44144000e+01 2.529952700439873e-19
4.45118000e+01 2.527183183790944e-19
4.46092000e+01 2.524422742569743e-19
4.47066000e+01 2.521671327318862e-19
4.48040000e+01 2.518928888957407e-19
4.49014000e+01 2.516195378777317e-19
4.49988000e+01 2.513470748439732e-19
4.50962000e+01 2.510754949971402e-19
4.51936000e+01 2.508047935761139e-19
4.52910000e+01 2.505349658556314e-19
4.53884000e+01 2.502660071459388e-19
4.54858000e+01 2.499979127924491e-19
4.55832000e+01 2.497306781754041e-19
4.56806000e+01 2.494642987095397e-19
4.57780000e+01 2.491987698437557e-19
4.58754000e+01 2.489340870607888e-19
4.59728000e+01 2.486702458768904e-19
4.60702000e+01 2.484072418415073e-19
4.61676000e+01 2.481450705369663e-19
4.62650000e+01 2.478837275781629e-19
4.63624000e+01 2.476232086122525e-19
4.64598000e+01 2.473635093183468e-19
4.65572000e+01 2.471046254072123e-19
4.66546000e+01 2.468465526209728e-19
4.67520000e+01 2.465892867328152e-19
4.68494000e+01 2.463328235466991e-19
4.69468000e+01 2.460771588970690e-19
4.70442000e+01 2.458222886485701e-19
4.71416000e+01 2.455682086957678e-19
4.72390000e+01 2.453149149628694e-19
4.73364000e+01 2.450624034034497e-19
4.74338000e+01 2.448106700001799e-19
4.75312000e+01 2.445597107645585e-19
4.76286000e+01 2.443095217366462e-19
4.77260000e+01 2.440600989848035e-19
4.78234000e+01 2.438114386054311e-19
4.79208000e+01 2.435635367227136e-19
4.80182000e+01 2.433163894883651e-19
4.81156000e+01 2.430699930813790e-19
4.82130000e+01 2.428243437077793e-19
4.83104000e+01 2.425794376003761e-19
4.84078000e+01 2.423352710185216e-19
4.85052000e+01 2.420918402478717e-19
4.86026000e+01 2.418491416001472e-19
4.87000000e+01 2.416071714129003e-19
4.87974000e+01 2.413659260492818e-19
-----------------------------
