SPECIES: e / A
PROCESS: E + A -> E + A, Elastic
PARAM.:  m/M = 0.0000195921, complete set
COMMENT: [e + A(gnd) -> e + A(gnd), Elastic]
UPDATED: 2018-06-05 11:00:00
COLUMNS: Energy (eV) | Cross section (m2)
-----------------------------
0.00000000e+00 1.357147672276001e-17
5.16000000e-02 7.422487086896564e-18
1.03200000e-01 5.248490952414143e-18
1.54800000e-01 4.285374917676252e-18
2.06400000e-01 3.711243543448282e-18
2.58000000e-01 3.319437137683021e-18
3.09600000e-01 3.030217664215621e-18
3.61200000e-01 2.805436420216654e-18
4.12800000e-01 2.624245476207071e-18
4.64400000e-01 2.474162362298854e-18
5.16000000e-01 2.347196509778127e-18
5.67600000e-01 2.237964061681270e-18
6.19200000e-01 2.142687458838126e-18
6.70800000e-01 2.058627521790376e-18
7.22400000e-01 1.983743116922909e-18
7.74000000e-01 1.916477924999333e-18
8.25600000e-01 1.855621771724141e-18
8.77200000e-01 1.800217544944568e-18
9.28800000e-01 1.749496984138048e-18
9.80400000e-01 1.702835322185143e-18
1.03200000e+00 1.659718568841510e-18
1.08360000e+00 1.619719472406465e-18
1.13520000e+00 1.582479564066616e-18
1.18680000e+00 1.547695545770441e-18
1.23840000e+00 1.515108832107810e-18
1.29000000e+00 1.484497417379312e-18
1.34160000e+00 1.455669480595232e-18
1.39320000e+00 1.428458305892084e-18
1.44480000e+00 1.402718210108327e-18
1.49640000e+00 1.378321249716058e-18
1.54800000e+00 1.355154536761352e-18
1.59960000e+00 1.333118035031894e-18
1.65120000e+00 1.312122738103536e-18
1.70280000e+00 1.292089153448390e-18
1.75440000e+00 1.272946033641303e-18
1.80600000e+00 1.254629308431621e-18
1.85760000e+00 1.237081181149427e-18
1.90920000e+00 1.220249360372887e-18
1.96080000e+00 1.204086403561094e-18
2.01240000e+00 1.188549153866846e-18
2.06400000e+00 1.173598254889064e-18
2.11560000e+00 1.159197730930237e-18
2.16720000e+00 1.145314622558508e-18
2.21880000e+00 1.131918669063945e-18
2.27040000e+00 1.118982030840635e-18
2.32200000e+00 1.106479045894340e-18
2.37360000e+00 1.094386015626493e-18
2.42520000e+00 1.082681015823399e-18
2.47680000e+00 1.071343729419063e-18
2.52840000e+00 1.060355298128081e-18
2.58000000e+00 1.049698190482829e-18
2.63160000e+00 1.039356084173634e-18
2.68320000e+00 1.029313760895188e-18
2.73480000e+00 1.019557012157974e-18
2.78640000e+00 1.010072554738540e-18
2.83800000e+00 1.000847954624171e-18
2.88960000e+00 9.918715584614543e-19
2.94120000e+00 9.831324316491957e-19
2.99280000e+00 9.746203023277413e-19
3.04440000e+00 9.663255106122914e-19
3.09600000e+00 9.582389624996665e-19
3.14760000e+00 9.503520879484461e-19
3.19920000e+00 9.426568026931376e-19
3.25080000e+00 9.351454734055513e-19
3.30240000e+00 9.278108858620705e-19
3.35400000e+00 9.206462158150423e-19
3.40560000e+00 9.136450023009421e-19
3.45720000e+00 9.068011231480037e-19
3.50880000e+00 9.001087724722842e-19
3.56040000e+00 8.935624399741487e-19
3.61200000e+00 8.871568918673873e-19
3.66360000e+00 8.808871532909568e-19
3.71520000e+00 8.747484920690238e-19
3.76680000e+00 8.687364036988389e-19
3.81840000e+00 8.628465974582153e-19
3.87000000e+00 8.570749835352503e-19
3.92160000e+00 8.514176610925717e-19
3.97320000e+00 8.458709071869512e-19
4.02480000e+00 8.404311664727801e-19
4.07640000e+00 8.350950416246972e-19
4.12800000e+00 8.298592844207552e-19
4.17960000e+00 8.247207874329514e-19
4.23120000e+00 8.196765762768296e-19
4.28280000e+00 8.147238023762338e-19
4.33440000e+00 8.098597362032325e-19
4.38600000e+00 8.050817609567676e-19
4.43760000e+00 8.003873666467674e-19
4.48920000e+00 7.957741445533474e-19
4.54080000e+00 7.912397820333078e-19
4.59240000e+00 7.867820576484939e-19
4.64400000e+00 7.823988365927091e-19
4.69560000e+00 7.780880663957911e-19
4.74720000e+00 7.738477728852205e-19
4.79880000e+00 7.696760563872089e-19
4.85040000e+00 7.655710881506654e-19
4.90200000e+00 7.615311069787472e-19
4.95360000e+00 7.575544160539051e-19
5.00520000e+00 7.536393799434234e-19
5.05680000e+00 7.497844217734490e-19
5.10840000e+00 7.459880205604235e-19
5.16000000e+00 7.422487086896562e-19
5.21160000e+00 7.385650695315483e-19
5.26320000e+00 7.349357351866726e-19
5.31480000e+00 7.313593843515578e-19
5.36640000e+00 7.278347402976161e-19
5.41800000e+00 7.243605689561901e-19
5.46960000e+00 7.209356771031985e-19
5.52120000e+00 7.175589106373160e-19
5.57280000e+00 7.142291529460420e-19
5.62440000e+00 7.109453233544100e-19
5.67600000e+00 7.077063756514371e-19
5.72760000e+00 7.045112966897547e-19
5.77920000e+00 7.013591050541635e-19
5.83080000e+00 6.982488497951373e-19
5.88240000e+00 6.951796092235661e-19
5.93400000e+00 6.921504897632685e-19
5.98560000e+00 6.891606248580289e-19
6.03720000e+00 6.862091739301255e-19
6.08880000e+00 6.832953213875043e-19
6.14040000e+00 6.804182756769386e-19
6.19200000e+00 6.775772683806759e-19
6.24360000e+00 6.747715533542331e-19
6.29520000e+00 6.720004059031405e-19
6.34680000e+00 6.692631219965758e-19
6.39840000e+00 6.665590175159470e-19
6.45000000e+00 6.638874275366042e-19
6.50160000e+00 6.612477056409695e-19
6.55320000e+00 6.586392232614713e-19
6.60480000e+00 6.560613690517679e-19
6.65640000e+00 6.535135482848319e-19
6.70800000e+00 6.509951822765501e-19
6.75960000e+00 6.485057078335698e-19
6.81120000e+00 6.460445767241949e-19
6.86280000e+00 6.436112551712053e-19
6.91440000e+00 6.412052233655310e-19
6.96600000e+00 6.388259749997777e-19
7.01760000e+00 6.364730168206513e-19
7.06920000e+00 6.341458681993853e-19
7.12080000e+00 6.318440607193179e-19
7.17240000e+00 6.295671377798201e-19
7.22400000e+00 6.273146542158103e-19
7.27560000e+00 6.250861759321371e-19
7.32720000e+00 6.228812795521493e-19
7.37880000e+00 6.206995520798057e-19
7.43040000e+00 6.185405905747136e-19
7.48200000e+00 6.164040018395137e-19
7.53360000e+00 6.142894021190631e-19
7.58520000e+00 6.121964168108932e-19
7.63680000e+00 6.101246801864433e-19
7.68840000e+00 6.080738351226050e-19
7.74000000e+00 6.060435328431241e-19
7.79160000e+00 6.040334326694387e-19
7.84320000e+00 6.020432017805471e-19
7.89480000e+00 6.000725149815229e-19
7.94640000e+00 5.981210544803099e-19
7.99800000e+00 5.961885096724522e-19
8.04960000e+00 5.942745769334231e-19
8.10120000e+00 5.923789594182435e-19
8.15280000e+00 5.905013668680856e-19
8.20440000e+00 5.886415154235768e-19
8.25600000e+00 5.867991274445318e-19
8.30760000e+00 5.849739313358529e-19
8.35920000e+00 5.831656613793491e-19
8.41080000e+00 5.813740575712405e-19
8.46240000e+00 5.795988654651186e-19
8.51400000e+00 5.778398360201513e-19
8.56560000e+00 5.760967254543234e-19
8.61720000e+00 5.743692951025188e-19
8.66880000e+00 5.726573112792542e-19
8.72040000e+00 5.709605451458895e-19
8.77200000e+00 5.692787725821374e-19
8.82360000e+00 5.676117740617144e-19
8.87520000e+00 5.659593345319727e-19
8.92680000e+00 5.643212432973646e-19
8.97840000e+00 5.626972939065959e-19
9.03000000e+00 5.610872840433309e-19
9.08160000e+00 5.594910154203176e-19
9.13320000e+00 5.579082936768089e-19
9.18480000e+00 5.563389282791552e-19
9.23640000e+00 5.547827324244580e-19
9.28800000e+00 5.532395229471702e-19
9.33960000e+00 5.517091202285398e-19
9.39120000e+00 5.501913481087925e-19
9.44280000e+00 5.486860338019582e-19
9.49440000e+00 5.471930078132467e-19
9.54600000e+00 5.457121038588825e-19
9.59760000e+00 5.442431587883149e-19
9.64920000e+00 5.427860125087175e-19
9.70080000e+00 5.413405079116996e-19
9.75240000e+00 5.399064908021551e-19
9.80400000e+00 5.384838098291703e-19
9.85560000e+00 5.370723164189278e-19
9.90720000e+00 5.356718647095315e-19
9.95880000e+00 5.342823114876940e-19
1.00104000e+01 5.329035161272197e-19
1.00620000e+01 5.315353405292250e-19
1.01136000e+01 5.301776490640403e-19
1.01652000e+01 5.288303085147333e-19
1.02168000e+01 5.274931880222052e-19
1.02684000e+01 5.261661590318049e-19
1.03200000e+01 5.248490952414143e-19
1.03716000e+01 5.235418725509549e-19
1.04232000e+01 5.222443690132718e-19
1.04748000e+01 5.209564647863493e-19
1.05264000e+01 5.196780420868169e-19
1.05780000e+01 5.184089851447042e-19
1.06296000e+01 5.171491801594052e-19
1.06812000e+01 5.158985152568135e-19
1.07328000e+01 5.146568804475941e-19
1.07844000e+01 5.134241675865519e-19
1.08360000e+01 5.122002703330678e-19
1.08876000e+01 5.109850841125670e-19
1.09392000e+01 5.097785060789869e-19
1.09908000e+01 5.085804350782170e-19
1.10424000e+01 5.073907716124780e-19
1.10940000e+01 5.062094178056141e-19
1.11456000e+01 5.050362773692702e-19
1.11972000e+01 5.038712555699263e-19
1.12488000e+01 5.027142591967661e-19
1.13004000e+01 5.015651965303522e-19
1.13520000e+01 5.004239773120853e-19
1.14036000e+01 4.992905127144262e-19
1.14552000e+01 4.981647153118533e-19
1.15068000e+01 4.970464990525401e-19
1.15584000e+01 4.959357792307272e-19
1.16100000e+01 4.948324724597709e-19
1.16616000e+01 4.937364966458486e-19
1.17132000e+01 4.926477709623015e-19
1.17648000e+01 4.915662158245979e-19
1.18164000e+01 4.904917528658964e-19
1.18680000e+01 4.894243049131972e-19
1.19196000e+01 4.883637959640593e-19
1.19712000e+01 4.873101511638706e-19
1.20228000e+01 4.862632967836569e-19
1.20744000e+01 4.852231601984107e-19
1.21260000e+01 4.841896698659292e-19
1.21776000e+01 4.831627553061457e-19
1.22292000e+01 4.821423470809406e-19
1.22808000e+01 4.811283767744210e-19
1.23324000e+01 4.801207769736521e-19
1.23840000e+01 4.791194812498333e-19
1.24356000e+01 4.781244241399021e-19
1.24872000e+01 4.771355411285584e-19
1.25388000e+01 4.761527686306947e-19
1.25904000e+01 4.751760439742231e-19
1.26420000e+01 4.742053053832887e-19
1.26936000e+01 4.732404919618585e-19
1.27452000e+01 4.722815436776751e-19
1.27968000e+01 4.713284013465688e-19
1.28484000e+01 4.703810066171140e-19
1.29000000e+01 4.694393019556256e-19
1.29516000e+01 4.685032306314828e-19
1.30032000e+01 4.675727367027756e-19
1.30548000e+01 4.666477650022612e-19
1.31064000e+01 4.657282611236268e-19
1.31580000e+01 4.648141714080477e-19
1.32096000e+01 4.639054429310352e-19
1.32612000e+01 4.630020234895662e-19
1.33128000e+01 4.621038615894869e-19
1.33644000e+01 4.612109064331847e-19
1.34160000e+01 4.603231079075211e-19
1.34676000e+01 4.594404165720193e-19
1.35192000e+01 4.585627836472991e-19
1.35708000e+01 4.576901610037553e-19
1.36224000e+01 4.568225011504710e-19
1.36740000e+01 4.559597572243618e-19
1.37256000e+01 4.551018829795447e-19
1.37772000e+01 4.542488327769257e-19
1.38288000e+01 4.534005615740019e-19
1.38804000e+01 4.525570249148721e-19
1.39320000e+01 4.517181789204506e-19
1.39836000e+01 4.508839802788809e-19
1.40352000e+01 4.500543862361421e-19
1.40868000e+01 4.492293545868454e-19
1.41384000e+01 4.484088436652159e-19
1.41900000e+01 4.475928123362541e-19
1.42416000e+01 4.467812199870744e-19
1.42932000e+01 4.459740265184148e-19
1.43448000e+01 4.451711923363163e-19
1.43964000e+01 4.443726783439646e-19
1.44480000e+01 4.435784459336937e-19
1.44996000e+01 4.427884569791452e-19
1.45512000e+01 4.420026738275814e-19
1.46028000e+01 4.412210592923471e-19
1.46544000e+01 4.404435766454784e-19
1.47060000e+01 4.396701896104535e-19
1.47576000e+01 4.389008623550833e-19
1.48092000e+01 4.381355594845391e-19
1.48608000e+01 4.373742460345119e-19
1.49124000e+01 4.366168874645037e-19
1.49640000e+01 4.358634496512452e-19
1.50156000e+01 4.351138988822381e-19
1.50672000e+01 4.343682018494194e-19
1.51188000e+01 4.336263256429450e-19
1.51704000e+01 4.328882377450887e-19
1.52220000e+01 4.321539060242556e-19
1.52736000e+01 4.314232987291077e-19
1.53252000e+01 4.306963844827966e-19
1.53768000e+01 4.299731322773046e-19
1.54284000e+01 4.292535114678883e-19
1.54800000e+01 4.285374917676252e-19
1.55316000e+01 4.278250432420601e-19
1.55832000e+01 4.271161363039480e-19
1.56348000e+01 4.264107417080941e-19
1.56864000e+01 4.257088305462858e-19
1.57380000e+01 4.250103742423169e-19
1.57896000e+01 4.243153445471009e-19
1.58412000e+01 4.236237135338729e-19
1.58928000e+01 4.229354535934756e-19
1.59444000e+01 4.222505374297309e-19
1.59960000e+01 4.215689380548925e-19
1.60476000e+01 4.208906287851798e-19
1.60992000e+01 4.202155832363901e-19
1.61508000e+01 4.195437753195879e-19
1.62024000e+01 4.188751792368706e-19
1.62540000e+01 4.182097694772068e-19
1.63056000e+01 4.175475208123486e-19
1.63572000e+01 4.168884082928135e-19
1.64088000e+01 4.162324072439369e-19
1.64604000e+01 4.155794932619921e-19
1.65120000e+01 4.149296422103776e-19
1.65636000e+01 4.142828302158690e-19
1.66152000e+01 4.136390336649354e-19
1.66668000e+01 4.129982292001191e-19
1.67184000e+01 4.123603937164757e-19
1.67700000e+01 4.117255043580753e-19
1.68216000e+01 4.110935385145624e-19
1.68732000e+01 4.104644738177742e-19
1.69248000e+01 4.098382881384148e-19
1.69764000e+01 4.092149595827859e-19
1.70280000e+01 4.085944664895716e-19
1.70796000e+01 4.079767874266765e-19
1.71312000e+01 4.073619011881169e-19
1.71828000e+01 4.067497867909622e-19
1.72344000e+01 4.061404234723283e-19
1.72860000e+01 4.055337906864189e-19
1.73376000e+01 4.049298681016163e-19
1.73892000e+01 4.043286355976190e-19
1.74408000e+01 4.037300732626264e-19
1.74924000e+01 4.031341613905690e-19
1.75440000e+01 4.025408804783838e-19
1.75956000e+01 4.019502112233325e-19
1.76472000e+01 4.013621345203647e-19
1.76988000e+01 4.007766314595220e-19
1.77504000e+01 4.001936833233837e-19
1.78020000e+01 3.996132715845544e-19
1.78536000e+01 3.990353779031900e-19
1.79052000e+01 3.984599841245645e-19
1.79568000e+01 3.978870722766737e-19
1.80084000e+01 3.973166245678780e-19
1.80600000e+01 3.967486233845818e-19
1.81116000e+01 3.961830512889486e-19
1.81632000e+01 3.956198910166539e-19
1.82148000e+01 3.950591254746697e-19
1.82664000e+01 3.945007377390875e-19
1.83180000e+01 3.939447110529713e-19
1.83696000e+01 3.933910288242469e-19
1.84212000e+01 3.928396746236215e-19
1.84728000e+01 3.922906321825361e-19
1.85244000e+01 3.917438853911500e-19
1.85760000e+01 3.911994182963546e-19
1.86276000e+01 3.906572150998191e-19
1.86792000e+01 3.901172601560647e-19
1.87308000e+01 3.895795379705684e-19
1.87824000e+01 3.890440331978955e-19
1.88340000e+01 3.885107306398608e-19
1.88856000e+01 3.879796152437159e-19
1.89372000e+01 3.874506721003658e-19
1.89888000e+01 3.869238864426102e-19
1.90404000e+01 3.863992436434124e-19
1.90920000e+01 3.858767292141934e-19
1.91436000e+01 3.853563288031509e-19
1.91952000e+01 3.848380281936044e-19
1.92468000e+01 3.843218133023634e-19
1.92984000e+01 3.838076701781203e-19
1.93500000e+01 3.832955849998665e-19
1.94016000e+01 3.827855440753327e-19
1.94532000e+01 3.822775338394501e-19
1.95048000e+01 3.817715408528362e-19
1.95564000e+01 3.812675518003005e-19
1.96080000e+01 3.807655534893736e-19
1.96596000e+01 3.802655328488565e-19
1.97112000e+01 3.797674769273910e-19
1.97628000e+01 3.792713728920507e-19
1.98144000e+01 3.787772080269526e-19
1.98660000e+01 3.782849697318876e-19
1.99176000e+01 3.777946455209717e-19
1.99692000e+01 3.773062230213152e-19
2.00208000e+01 3.768196899717117e-19
2.00724000e+01 3.763350342213452e-19
2.01240000e+01 3.758522437285157e-19
2.01756000e+01 3.753713065593823e-19
2.02272000e+01 3.748922108867245e-19
2.02788000e+01 3.744149449887203e-19
2.03304000e+01 3.739394972477419e-19
2.03820000e+01 3.734658561491679e-19
2.04336000e+01 3.729940102802118e-19
2.04852000e+01 3.725239483287672e-19
2.05368000e+01 3.720556590822686e-19
2.05884000e+01 3.715891314265683e-19
2.06400000e+01 3.711243543448281e-19
2.06916000e+01 3.706613169164271e-19
2.07432000e+01 3.702000083158835e-19
2.07948000e+01 3.697404178117917e-19
2.08464000e+01 3.692825347657742e-19
2.08980000e+01 3.688263486314467e-19
2.09496000e+01 3.683718489533984e-19
2.10012000e+01 3.679190253661850e-19
2.10528000e+01 3.674678675933363e-19
2.11044000e+01 3.670183654463761e-19
2.11560000e+01 3.665705088238565e-19
2.12076000e+01 3.661242877104040e-19
2.12592000e+01 3.656796921757789e-19
2.13108000e+01 3.652367123739471e-19
2.13624000e+01 3.647953385421644e-19
2.14140000e+01 3.643555610000727e-19
2.14656000e+01 3.639173701488080e-19
2.15172000e+01 3.634807564701214e-19
2.15688000e+01 3.630457105255092e-19
2.16204000e+01 3.626122229553575e-19
2.16720000e+01 3.621802844780951e-19
2.17236000e+01 3.617498858893599e-19
2.17752000e+01 3.613210180611745e-19
2.18268000e+01 3.608936719411331e-19
2.18784000e+01 3.604678385515993e-19
2.19300000e+01 3.600435089889137e-19
2.19816000e+01 3.596206744226119e-19
2.20332000e+01 3.591993260946532e-19
2.20848000e+01 3.587794553186580e-19
2.21364000e+01 3.583610534791560e-19
2.21880000e+01 3.579441120308439e-19
2.22396000e+01 3.575286224978521e-19
2.22912000e+01 3.571145764730210e-19
2.23428000e+01 3.567019656171865e-19
2.23944000e+01 3.562907816584748e-19
2.24460000e+01 3.558810163916058e-19
2.24976000e+01 3.554726616772050e-19
2.25492000e+01 3.550657094411253e-19
2.26008000e+01 3.546601516737754e-19
2.26524000e+01 3.542559804294586e-19
2.27040000e+01 3.538531878257186e-19
2.27556000e+01 3.534517660426935e-19
2.28072000e+01 3.530517073224789e-19
2.28588000e+01 3.526530039684974e-19
2.29104000e+01 3.522556483448773e-19
2.29620000e+01 3.518596328758382e-19
2.30136000e+01 3.514649500450839e-19
2.30652000e+01 3.510715923952041e-19
2.31168000e+01 3.506795525270818e-19
2.31684000e+01 3.502888230993089e-19
2.32200000e+01 3.498993968276095e-19
2.32716000e+01 3.495112664842685e-19
2.33232000e+01 3.491244248975686e-19
2.33748000e+01 3.487388649512341e-19
2.34264000e+01 3.483545795838806e-19
2.34780000e+01 3.479715617884717e-19
2.35296000e+01 3.475898046117831e-19
2.35812000e+01 3.472093011538715e-19
2.36328000e+01 3.468300445675516e-19
2.36844000e+01 3.464520280578779e-19
2.37360000e+01 3.460752448816343e-19
2.37876000e+01 3.456996883468277e-19
2.38392000e+01 3.453253518121898e-19
2.38908000e+01 3.449522286866832e-19
2.39424000e+01 3.445803124290145e-19
2.39940000e+01 3.442095965471520e-19
2.40456000e+01 3.438400745978506e-19
2.40972000e+01 3.434717401861803e-19
2.41488000e+01 3.431045869650628e-19
2.42004000e+01 3.427386086348106e-19
2.42520000e+01 3.423737989426743e-19
2.43036000e+01 3.420101516823932e-19
2.43552000e+01 3.416476606937522e-19
2.44068000e+01 3.412863198621429e-19
2.44584000e+01 3.409261231181312e-19
2.45100000e+01 3.405670644370286e-19
2.45616000e+01 3.402091378384693e-19
2.46132000e+01 3.398523373859913e-19
2.46648000e+01 3.394966571866234e-19
2.47164000e+01 3.391420913904762e-19
2.47680000e+01 3.387886341903380e-19
2.48196000e+01 3.384362798212752e-19
2.48712000e+01 3.380850225602378e-19
2.49228000e+01 3.377348567256683e-19
2.49744000e+01 3.373857766771166e-19
2.50260000e+01 3.370377768148572e-19
2.50776000e+01 3.366908515795134e-19
2.51292000e+01 3.363449954516830e-19
2.51808000e+01 3.360002029515703e-19
2.52324000e+01 3.356564686386207e-19
2.52840000e+01 3.353137871111611e-19
2.53356000e+01 3.349721530060425e-19
2.53872000e+01 3.346315609982879e-19
2.54388000e+01 3.342920058007437e-19
2.54904000e+01 3.339534821637347e-19
2.55420000e+01 3.336159848747235e-19
2.55936000e+01 3.332795087579735e-19
2.56452000e+01 3.329440486742148e-19
2.56968000e+01 3.326095995203156e-19
2.57484000e+01 3.322761562289552e-19
2.58000000e+01 3.319437137683021e-19
2.58516000e+01 3.316122671416948e-19
-----------------------------
