SPECIES: e / A
PROCESS: E + A -> E + A, Elastic
PARAM.:  m/M = 0.0000195921, complete set
COMMENT: [e + A(gnd) -> e + A(gnd), Elastic]
UPDATED: 2018-06-05 11:00:00
COLUMNS: Energy (eV) | Cross section (m2)
-----------------------------
0.00000000e+00 3.193331468804279e-18
9.32000000e-01 1.746490973353699e-18
1.86400000e+00 1.234955610539494e-18
2.79600000e+00 1.008337033603009e-18
3.72800000e+00 8.732454866768494e-19
4.66000000e+00 7.810545077017288e-19
5.59200000e+00 7.130019541822156e-19
6.52400000e+00 6.601115403590030e-19
7.45600000e+00 6.174778052697471e-19
8.38800000e+00 5.821636577845663e-19
9.32000000e+00 5.522889388722130e-19
1.02520000e+01 5.265868416688009e-19
1.11840000e+01 5.041685168015047e-19
1.21160000e+01 4.843894428124440e-19
1.30480000e+01 4.667693465273484e-19
1.39800000e+01 4.509420302733638e-19
1.49120000e+01 4.366227433384247e-19
1.58440000e+01 4.235862798426529e-19
1.67760000e+01 4.116518701798314e-19
1.77080000e+01 4.006725083502506e-19
1.86400000e+01 3.905272538508644e-19
1.95720000e+01 3.811155755214490e-19
2.05040000e+01 3.723531266276159e-19
2.14360000e+01 3.641685419648167e-19
2.23680000e+01 3.565009770911078e-19
2.33000000e+01 3.492981946707398e-19
2.42320000e+01 3.425150597478525e-19
2.51640000e+01 3.361123445343365e-19
2.60960000e+01 3.300557701795015e-19
2.70280000e+01 3.243152319200835e-19
2.79600000e+01 3.188641675283249e-19
2.88920000e+01 3.136790387562271e-19
2.98240000e+01 3.087389026348736e-19
3.07560000e+01 3.040250547891970e-19
3.16880000e+01 2.995207308943225e-19
3.26200000e+01 2.952108553949654e-19
3.35520000e+01 2.910818288922831e-19
3.44840000e+01 2.871213473572958e-19
3.54160000e+01 2.833182476894858e-19
3.63480000e+01 2.796623752003774e-19
3.72800000e+01 2.761444694361065e-19
3.82120000e+01 2.727560654131404e-19
3.91440000e+01 2.694894078670303e-19
4.00760000e+01 2.663373765352382e-19
4.10080000e+01 2.632934208344004e-19
4.19400000e+01 2.603515025672430e-19
4.28720000e+01 2.575060455181397e-19
4.38040000e+01 2.547518909793869e-19
4.47360000e+01 2.520842584007524e-19
4.56680000e+01 2.494987104790998e-19
4.66000000e+01 2.469911221078989e-19
4.75320000e+01 2.445576526921878e-19
4.84640000e+01 2.421947214062220e-19
4.93960000e+01 2.398989850311589e-19
5.03280000e+01 2.376673180607386e-19
5.12600000e+01 2.354967948056715e-19
5.21920000e+01 2.333846732636742e-19
5.31240000e+01 2.313283805528998e-19
5.40560000e+01 2.293254997327789e-19
5.49880000e+01 2.273737578587571e-19
5.59200000e+01 2.254710151366819e-19
5.68520000e+01 2.236152550591742e-19
5.77840000e+01 2.218045754206060e-19
5.87160000e+01 2.200371801196677e-19
5.96480000e+01 2.183113716692124e-19
6.05800000e+01 2.166255443423744e-19
6.15120000e+01 2.149781778920529e-19
6.24440000e+01 2.133678317879241e-19
6.33760000e+01 2.117931399213264e-19
6.43080000e+01 2.102528057337804e-19
6.52400000e+01 2.087455977296613e-19
6.61720000e+01 2.072703453377300e-19
6.71040000e+01 2.058259350899157e-19
6.80360000e+01 2.044113070890036e-19
6.89680000e+01 2.030254517397621e-19
6.99000000e+01 2.016674067206019e-19
7.08320000e+01 2.003362541751253e-19
7.17640000e+01 1.990311181049417e-19
7.26960000e+01 1.977511619469234e-19
7.36280000e+01 1.964955863196761e-19
7.45600000e+01 1.952636269254322e-19
7.54920000e+01 1.940545525948554e-19
7.64240000e+01 1.928676634633931e-19
7.73560000e+01 1.917022892688427e-19
7.82880000e+01 1.905577877607245e-19
7.92200000e+01 1.894335432128842e-19
8.01520000e+01 1.883289650315018e-19
8.10840000e+01 1.872434864513562e-19
8.20160000e+01 1.861765633138080e-19
8.29480000e+01 1.851276729205165e-19
8.38800000e+01 1.840963129574044e-19
8.48120000e+01 1.830820004838386e-19
8.57440000e+01 1.820842709824083e-19
8.66760000e+01 1.811026774650508e-19
8.76080000e+01 1.801367896316205e-19
8.85400000e+01 1.791861930773025e-19
8.94720000e+01 1.782504885455539e-19
9.04040000e+01 1.773292912235160e-19
9.13360000e+01 1.764222300770706e-19
9.22680000e+01 1.755289472229336e-19
9.32000000e+01 1.746490973353699e-19
9.41320000e+01 1.737823470852974e-19
-----------------------------
