SPECIES: e / A
PROCESS: E + A -> E + A, Elastic
PARAM.:  m/M = 0.0000195921, complete set
COMMENT: [e + A(gnd) -> e + A(gnd), Elastic]
UPDATED: 2018-06-05 11:00:00
COLUMNS: Energy (eV) | Cross section (m2)
-----------------------------
0.00000000e+00 7.246239257230866e-18
1.81000000e-01 3.963099846397618e-18
3.62000000e-01 2.802334775907121e-18
5.43000000e-01 2.288096763143030e-18
7.24000000e-01 1.981549923198809e-18
9.05000000e-01 1.772352131632810e-18
1.08600000e+00 1.617928737229426e-18
1.26700000e+00 1.497910944926625e-18
1.44800000e+00 1.401167387953560e-18
1.62900000e+00 1.321033282132539e-18
1.81000000e+00 1.253242210927992e-18
1.99100000e+00 1.194919563383274e-18
2.17200000e+00 1.144048381571515e-18
2.35300000e+00 1.099166131228467e-18
2.53400000e+00 1.059182986771166e-18
2.71500000e+00 1.023267980297010e-18
2.89600000e+00 9.907749615994046e-19
3.07700000e+00 9.611928983274416e-19
3.25800000e+00 9.341115919690404e-19
3.43900000e+00 9.091974596636200e-19
3.62000000e+00 8.861760658164049e-19
3.80100000e+00 8.648192872754738e-19
3.98200000e+00 8.449357262407819e-19
4.16300000e+00 8.263634423212823e-19
4.34400000e+00 8.089643686147129e-19
4.52500000e+00 7.926199692795237e-19
4.70600000e+00 7.772278250422316e-19
4.88700000e+00 7.626989210476765e-19
5.06800000e+00 7.489554724633126e-19
5.24900000e+00 7.359291662062280e-19
5.43000000e+00 7.235597278390782e-19
5.61100000e+00 7.117937448745095e-19
5.79200000e+00 7.005836939767802e-19
5.97300000e+00 6.898871315792836e-19
6.15400000e+00 6.796660164356856e-19
6.33500000e+00 6.698861394193756e-19
6.51600000e+00 6.605166410662697e-19
6.69700000e+00 6.515296013377854e-19
6.87800000e+00 6.428996891657283e-19
7.05900000e+00 6.346038617488751e-19
7.24000000e+00 6.266211054639962e-19
7.42100000e+00 6.189322117520730e-19
7.60200000e+00 6.115195825334044e-19
7.78300000e+00 6.043670606610019e-19
7.96400000e+00 5.974597816916372e-19
8.14500000e+00 5.907840438776032e-19
8.32600000e+00 5.843271937900372e-19
8.50700000e+00 5.780775254000958e-19
8.68800000e+00 5.720241907857574e-19
8.86900000e+00 5.661571209139454e-19
9.05000000e+00 5.604669551814241e-19
9.23100000e+00 5.549449785925050e-19
9.41200000e+00 5.495830656142336e-19
9.59300000e+00 5.443736298861398e-19
9.77400000e+00 5.393095790764753e-19
9.95500000e+00 5.343842742738740e-19
1.01360000e+01 5.295914933855829e-19
1.03170000e+01 5.249253980833150e-19
1.04980000e+01 5.203805038973856e-19
1.06790000e+01 5.159516531107763e-19
1.08600000e+01 5.116339901485049e-19
1.10410000e+01 5.074229391952903e-19
1.12220000e+01 5.033141838069330e-19
1.14030000e+01 4.993036483088750e-19
1.15840000e+01 4.953874807997023e-19
1.17650000e+01 4.915620375984614e-19
1.19460000e+01 4.878238689930474e-19
1.21270000e+01 4.841697061629556e-19
1.23080000e+01 4.805964491637208e-19
1.24890000e+01 4.771011558726581e-19
1.26700000e+01 4.736810318063175e-19
1.28510000e+01 4.703334207295571e-19
1.30320000e+01 4.670557959845202e-19
1.32130000e+01 4.638457524751861e-19
1.33940000e+01 4.607009992497160e-19
1.35750000e+01 4.576193526286059e-19
1.37560000e+01 4.545987298318100e-19
1.39370000e+01 4.516371430625752e-19
1.41180000e+01 4.487326940097999e-19
1.42990000e+01 4.458835687343744e-19
1.44800000e+01 4.430880329082025e-19
1.46610000e+01 4.403444273775131e-19
1.48420000e+01 4.376511640246789e-19
1.50230000e+01 4.350067219050901e-19
1.52040000e+01 4.324096436377369e-19
1.53850000e+01 4.298585320300406e-19
1.55660000e+01 4.273520469191760e-19
1.57470000e+01 4.248889022136626e-19
1.59280000e+01 4.224678631203910e-19
1.61090000e+01 4.200877435435006e-19
1.62900000e+01 4.177474036426641e-19
1.64710000e+01 4.154457475393587e-19
1.66520000e+01 4.131817211606412e-19
1.68330000e+01 4.109543102107898e-19
1.70140000e+01 4.087625382619465e-19
1.71950000e+01 4.066054649555956e-19
1.73760000e+01 4.044821843073564e-19
1.75570000e+01 4.023918231081456e-19
1.77380000e+01 4.003335394153030e-19
1.79190000e+01 3.983065211277581e-19
1.81000000e+01 3.963099846397619e-19
1.82810000e+01 3.943431735681125e-19
1.84620000e+01 3.924053575481837e-19
1.86430000e+01 3.904958310943986e-19
1.88240000e+01 3.886139125211158e-19
1.90050000e+01 3.867589429201757e-19
1.91860000e+01 3.849302851916252e-19
1.93670000e+01 3.831273231243842e-19
1.95480000e+01 3.813494605238382e-19
1.97290000e+01 3.795961203835546e-19
1.99100000e+01 3.778667440985082e-19
2.00910000e+01 3.761607907173800e-19
2.02720000e+01 3.744777362316563e-19
2.04530000e+01 3.728170728994068e-19
2.06340000e+01 3.711783086017600e-19
2.08150000e+01 3.695609662302228e-19
2.09960000e+01 3.679645831031140e-19
2.11770000e+01 3.663887104094891e-19
2.13580000e+01 3.648329126790391e-19
2.15390000e+01 3.632967672765432e-19
2.17200000e+01 3.617798639195391e-19
2.19010000e+01 3.602818042179652e-19
2.20820000e+01 3.588022012345990e-19
2.22630000e+01 3.573406790651897e-19
2.24440000e+01 3.558968724372547e-19
2.26250000e+01 3.544704263265620e-19
2.28060000e+01 3.530609955903885e-19
2.29870000e+01 3.516682446166927e-19
2.31680000e+01 3.502918469883901e-19
2.33490000e+01 3.489314851619724e-19
2.35300000e+01 3.475868501597487e-19
2.37110000e+01 3.462576412750336e-19
2.38920000e+01 3.449435657896418e-19
2.40730000e+01 3.436443387030884e-19
2.42540000e+01 3.423596824729241e-19
2.44350000e+01 3.410893267656700e-19
2.46160000e+01 3.398330082178428e-19
2.47970000e+01 3.385904702065924e-19
2.49780000e+01 3.373614626294966e-19
2.51590000e+01 3.361457416930853e-19
2.53400000e+01 3.349430697096878e-19
2.55210000e+01 3.337532149022181e-19
2.57020000e+01 3.325759512165353e-19
2.58830000e+01 3.314110581410337e-19
2.60640000e+01 3.302583205331349e-19
2.62450000e+01 3.291175284523734e-19
2.64260000e+01 3.279884769997809e-19
2.66070000e+01 3.268709661632899e-19
2.67880000e+01 3.257648006688927e-19
2.69690000e+01 3.246697898373035e-19
2.71500000e+01 3.235857474458851e-19
2.73310000e+01 3.225124915956136e-19
2.75120000e+01 3.214498445828641e-19
2.76930000e+01 3.203976327758138e-19
2.78740000e+01 3.193556864952658e-19
2.80550000e+01 3.183238398997092e-19
2.82360000e+01 3.173019308744375e-19
2.84170000e+01 3.162898009245587e-19
2.85980000e+01 3.152872950717342e-19
2.87790000e+01 3.142942617544965e-19
2.89600000e+01 3.133105527319981e-19
2.91410000e+01 3.123360229910545e-19
2.93220000e+01 3.113705306563468e-19
2.95030000e+01 3.104139369036603e-19
2.96840000e+01 3.094661058760365e-19
2.98650000e+01 3.085269046027239e-19
3.00460000e+01 3.075962029208198e-19
3.02270000e+01 3.066738733994946e-19
3.04080000e+01 3.057597912667022e-19
3.05890000e+01 3.048538343382783e-19
3.07700000e+01 3.039558829493365e-19
3.09510000e+01 3.030658198878734e-19
3.11320000e+01 3.021835303305010e-19
3.13130000e+01 3.013089017802241e-19
3.14940000e+01 3.004418240061887e-19
3.16750000e+01 2.995821889853250e-19
3.18560000e+01 2.987298908458186e-19
3.20370000e+01 2.978848258123391e-19
3.22180000e+01 2.970468921529646e-19
3.23990000e+01 2.962159901277387e-19
3.25800000e+01 2.953920219388016e-19
3.27610000e+01 2.945748916820394e-19
3.29420000e+01 2.937645053001950e-19
3.31230000e+01 2.929607705373919e-19
3.33040000e+01 2.921635968950186e-19
3.34850000e+01 2.913728955889252e-19
3.36660000e+01 2.905885795078895e-19
3.38470000e+01 2.898105631733046e-19
3.40280000e+01 2.890387627000479e-19
3.42090000e+01 2.882730957584912e-19
3.43900000e+01 2.875134815376107e-19
3.45710000e+01 2.867598407091613e-19
3.47520000e+01 2.860120953928787e-19
3.49330000e+01 2.852701691226738e-19
3.51140000e+01 2.845339868137875e-19
3.52950000e+01 2.838034747308726e-19
3.54760000e+01 2.830785604569727e-19
3.56570000e+01 2.823591728633681e-19
3.58380000e+01 2.816452420802606e-19
3.60190000e+01 2.809366994682695e-19
3.62000000e+01 2.802334775907121e-19
3.63810000e+01 2.795355101866444e-19
3.65620000e+01 2.788427321446361e-19
3.67430000e+01 2.781550794772569e-19
3.69240000e+01 2.774724892962525e-19
3.71050000e+01 2.767948997883859e-19
3.72860000e+01 2.761222501919260e-19
3.74670000e+01 2.754544807737608e-19
3.76480000e+01 2.747915328071168e-19
3.78290000e+01 2.741333485498651e-19
3.80100000e+01 2.734798712233971e-19
3.81910000e+01 2.728310449920503e-19
3.83720000e+01 2.721868149430699e-19
3.85530000e+01 2.715471270670873e-19
3.87340000e+01 2.709119282391017e-19
3.89150000e+01 2.702811661999478e-19
3.90960000e+01 2.696547895382377e-19
3.92770000e+01 2.690327476727583e-19
3.94580000e+01 2.684149908353165e-19
3.96390000e+01 2.678014700540132e-19
3.98200000e+01 2.671921371369370e-19
4.00010000e+01 2.665869446562643e-19
4.01820000e+01 2.659858459327531e-19
4.03630000e+01 2.653887950206206e-19
4.05440000e+01 2.647957466927914e-19
4.07250000e+01 2.642066564265079e-19
4.09060000e+01 2.636214803892900e-19
4.10870000e+01 2.630401754252367e-19
4.12680000e+01 2.624626990416575e-19
4.14490000e+01 2.618890093960255e-19
4.16300000e+01 2.613190652832432e-19
4.18110000e+01 2.607528261232113e-19
4.19920000e+01 2.601902519486928e-19
4.21730000e+01 2.596313033934640e-19
4.23540000e+01 2.590759416807438e-19
4.25350000e+01 2.585241286118951e-19
4.27160000e+01 2.579758265553882e-19
4.28970000e+01 2.574309984360221e-19
4.30780000e+01 2.568896077243947e-19
4.32590000e+01 2.563516184266151e-19
4.34400000e+01 2.558169950742525e-19
4.36210000e+01 2.552857027145141e-19
4.38020000e+01 2.547577069006473e-19
4.39830000e+01 2.542329736825588e-19
4.41640000e+01 2.537114695976451e-19
4.43450000e+01 2.531931616618300e-19
4.45260000e+01 2.526780173608014e-19
4.47070000e+01 2.521660046414450e-19
4.48880000e+01 2.516570919034665e-19
4.50690000e+01 2.511512479912004e-19
4.52500000e+01 2.506484421855985e-19
4.54310000e+01 2.501486441963940e-19
4.56120000e+01 2.496518241544375e-19
4.57930000e+01 2.491579526041991e-19
4.59740000e+01 2.486670004964330e-19
4.61550000e+01 2.481789391810014e-19
4.63360000e+01 2.476937403998512e-19
4.65170000e+01 2.472113762801427e-19
4.66980000e+01 2.467318193275238e-19
4.68790000e+01 2.462550424195479e-19
4.70600000e+01 2.457810187992307e-19
4.72410000e+01 2.453097220687427e-19
4.74220000e+01 2.448411261832352e-19
4.76030000e+01 2.443752054447948e-19
4.77840000e+01 2.439119344965237e-19
4.79650000e+01 2.434512883167439e-19
4.81460000e+01 2.429932422133205e-19
4.83270000e+01 2.425377718181026e-19
4.85080000e+01 2.420848530814778e-19
4.86890000e+01 2.416344622670391e-19
4.88700000e+01 2.411865759463594e-19
4.90510000e+01 2.407411709938730e-19
4.92320000e+01 2.402982245818604e-19
4.94130000e+01 2.398577141755340e-19
4.95940000e+01 2.394196175282232e-19
4.97750000e+01 2.389839126766549e-19
4.99560000e+01 2.385505779363291e-19
5.01370000e+01 2.381195918969858e-19
5.03180000e+01 2.376909334181622e-19
5.04990000e+01 2.372645816248365e-19
5.06800000e+01 2.368405159031587e-19
5.08610000e+01 2.364187158962642e-19
5.10420000e+01 2.359991615001695e-19
5.12230000e+01 2.355818328597468e-19
5.14040000e+01 2.351667103647785e-19
5.15850000e+01 2.347537746460861e-19
5.17660000e+01 2.343430065717341e-19
5.19470000e+01 2.339343872433077e-19
5.21280000e+01 2.335278979922601e-19
5.23090000e+01 2.331235203763305e-19
5.24900000e+01 2.327212361760297e-19
5.26710000e+01 2.323210273911922e-19
5.28520000e+01 2.319228762375930e-19
5.30330000e+01 2.315267651436290e-19
5.32140000e+01 2.311326767470608e-19
5.33950000e+01 2.307405938918173e-19
5.35760000e+01 2.303504996248580e-19
5.37570000e+01 2.299623771930945e-19
5.39380000e+01 2.295762100403685e-19
5.41190000e+01 2.291919818044856e-19
5.43000000e+01 2.288096763143030e-19
5.44810000e+01 2.284292775868713e-19
5.46620000e+01 2.280507698246279e-19
5.48430000e+01 2.276741374126411e-19
5.50240000e+01 2.272993649159050e-19
5.52050000e+01 2.269264370766823e-19
5.53860000e+01 2.265553388118952e-19
5.55670000e+01 2.261860552105634e-19
5.57480000e+01 2.258185715312876e-19
5.59290000e+01 2.254528731997777e-19
5.61100000e+01 2.250889458064252e-19
5.62910000e+01 2.247267751039185e-19
5.64720000e+01 2.243663470048999e-19
5.66530000e+01 2.240076475796644e-19
5.68340000e+01 2.236506630538986e-19
5.70150000e+01 2.232953798064585e-19
5.71960000e+01 2.229417843671872e-19
5.73770000e+01 2.225898634147695e-19
5.75580000e+01 2.222396037746242e-19
5.77390000e+01 2.218909924168323e-19
5.79200000e+01 2.215440164541012e-19
5.81010000e+01 2.211986631397640e-19
5.82820000e+01 2.208549198658120e-19
5.84630000e+01 2.205127741609623e-19
5.86440000e+01 2.201722136887566e-19
5.88250000e+01 2.198332262456934e-19
5.90060000e+01 2.194957997593913e-19
5.91870000e+01 2.191599222867829e-19
5.93680000e+01 2.188255820123395e-19
5.95490000e+01 2.184927672463254e-19
5.97300000e+01 2.181614664230811e-19
5.99110000e+01 2.178316680993355e-19
6.00920000e+01 2.175033609525450e-19
6.02730000e+01 2.171765337792618e-19
6.04540000e+01 2.168511754935274e-19
6.06350000e+01 2.165272751252935e-19
6.08160000e+01 2.162048218188684e-19
6.09970000e+01 2.158838048313889e-19
6.11780000e+01 2.155642135313170e-19
6.13590000e+01 2.152460373969609e-19
6.15400000e+01 2.149292660150203e-19
6.17210000e+01 2.146138890791550e-19
6.19020000e+01 2.142998963885761e-19
6.20830000e+01 2.139872778466608e-19
6.22640000e+01 2.136760234595880e-19
6.24450000e+01 2.133661233349973e-19
6.26260000e+01 2.130575676806679e-19
6.28070000e+01 2.127503468032190e-19
6.29880000e+01 2.124444511068313e-19
6.31690000e+01 2.121398710919873e-19
6.33500000e+01 2.118365973542332e-19
6.35310000e+01 2.115346205829583e-19
6.37120000e+01 2.112339315601955e-19
6.38930000e+01 2.109345211594384e-19
6.40740000e+01 2.106363803444785e-19
6.42550000e+01 2.103395001682597e-19
6.44360000e+01 2.100438717717503e-19
6.46170000e+01 2.097494863828330e-19
6.47980000e+01 2.094563353152114e-19
6.49790000e+01 2.091644099673336e-19
6.51600000e+01 2.088737018213321e-19
6.53410000e+01 2.085842024419799e-19
6.55220000e+01 2.082959034756627e-19
6.57030000e+01 2.080087966493663e-19
6.58840000e+01 2.077228737696793e-19
6.60650000e+01 2.074381267218115e-19
6.62460000e+01 2.071545474686260e-19
6.64270000e+01 2.068721280496869e-19
6.66080000e+01 2.065908605803206e-19
6.67890000e+01 2.063107372506910e-19
6.69700000e+01 2.060317503248889e-19
6.71510000e+01 2.057538921400349e-19
6.73320000e+01 2.054771551053949e-19
6.75130000e+01 2.052015317015096e-19
6.76940000e+01 2.049270144793360e-19
6.78750000e+01 2.046535960594020e-19
6.80560000e+01 2.043812691309732e-19
6.82370000e+01 2.041100264512320e-19
6.84180000e+01 2.038398608444681e-19
6.85990000e+01 2.035707652012818e-19
6.87800000e+01 2.033027324777978e-19
6.89610000e+01 2.030357556948907e-19
6.91420000e+01 2.027698279374221e-19
6.93230000e+01 2.025049423534883e-19
6.95040000e+01 2.022410921536782e-19
6.96850000e+01 2.019782706103431e-19
6.98660000e+01 2.017164710568759e-19
7.00470000e+01 2.014556868870006e-19
7.02280000e+01 2.011959115540728e-19
7.04090000e+01 2.009371385703887e-19
7.05900000e+01 2.006793615065050e-19
7.07710000e+01 2.004225739905679e-19
7.09520000e+01 2.001667697076515e-19
7.11330000e+01 1.999119423991055e-19
7.13140000e+01 1.996580858619122e-19
7.14950000e+01 1.994051939480522e-19
7.16760000e+01 1.991532605638791e-19
7.18570000e+01 1.989022796695025e-19
7.20380000e+01 1.986522452781805e-19
7.22190000e+01 1.984031514557190e-19
7.24000000e+01 1.981549923198809e-19
7.25810000e+01 1.979077620398024e-19
-----------------------------
