SPECIES: e / A
PROCESS: E + A -> E + A, Elastic
PARAM.:  m/M = 0.0000195921, complete set
COMMENT: [e + A(gnd) -> e + A(gnd), Elastic]
UPDATED: 2018-06-05 11:00:00
COLUMNS: Energy (eV) | Cross section (m2)
-----------------------------
0.00000000e+00 7.959876460732754e-18
1.50000000e-01 4.353400993128282e-18
3.00000000e-01 3.078319363465258e-18
4.50000000e-01 2.513437235272997e-18
6.00000000e-01 2.176700496564141e-18
7.50000000e-01 1.946900110789986e-18
9.00000000e-01 1.777268513148304e-18
1.05000000e+00 1.645430912165577e-18
1.20000000e+00 1.539159681732629e-18
1.35000000e+00 1.451133664376094e-18
1.50000000e+00 1.376666270632440e-18
1.65000000e+00 1.312599786924280e-18
1.80000000e+00 1.256718617636499e-18
1.95000000e+00 1.207416192567682e-18
2.10000000e+00 1.163495355966246e-18
2.25000000e+00 1.124043303049911e-18
2.40000000e+00 1.088350248282070e-18
2.55000000e+00 1.055854830902161e-18
2.70000000e+00 1.026106454488419e-18
2.85000000e+00 9.987386836713572e-19
3.00000000e+00 9.734500553949932e-19
3.15000000e+00 9.499899800717275e-19
3.30000000e+00 9.281482103181755e-19
3.45000000e+00 9.077468572376310e-19
3.60000000e+00 8.886342565741521e-19
3.75000000e+00 8.706801986256561e-19
3.90000000e+00 8.537721774790506e-19
4.05000000e+00 8.378124117576658e-19
4.20000000e+00 8.227154560827886e-19
4.35000000e+00 8.084062696392696e-19
4.50000000e+00 7.948186419339174e-19
4.65000000e+00 7.818939002144667e-19
4.80000000e+00 7.695798408663145e-19
4.95000000e+00 7.578298403189782e-19
5.10000000e+00 7.466021108794932e-19
5.25000000e+00 7.358590743763432e-19
5.40000000e+00 7.255668321880468e-19
5.55000000e+00 7.156947146044262e-19
5.70000000e+00 7.062148958573428e-19
5.85000000e+00 6.971020638028644e-19
6.00000000e+00 6.883331353162199e-19
6.15000000e+00 6.798870101064372e-19
6.30000000e+00 6.717443569679917e-19
6.45000000e+00 6.638874275366042e-19
6.60000000e+00 6.562998934621398e-19
6.75000000e+00 6.489667035966621e-19
6.90000000e+00 6.418739583535056e-19
7.05000000e+00 6.350087988495825e-19
7.20000000e+00 6.283593088182493e-19
7.35000000e+00 6.219144275897544e-19
7.50000000e+00 6.156638726930515e-19
7.65000000e+00 6.095980708465290e-19
7.80000000e+00 6.037080962838412e-19
7.95000000e+00 5.979856155108837e-19
8.10000000e+00 5.924228377161014e-19
8.25000000e+00 5.870124701628857e-19
8.40000000e+00 5.817476779831230e-19
8.55000000e+00 5.766220478677504e-19
8.70000000e+00 5.716295552156482e-19
8.85000000e+00 5.667645343582080e-19
9.00000000e+00 5.620216515249554e-19
9.15000000e+00 5.573958802569158e-19
9.30000000e+00 5.528824790100472e-19
9.45000000e+00 5.484769707218591e-19
9.60000000e+00 5.441751241410352e-19
9.75000000e+00 5.399729367430628e-19
9.90000000e+00 5.358666190750680e-19
1.00500000e+01 5.318525803906695e-19
1.02000000e+01 5.279274154510803e-19
1.03500000e+01 5.240878923821830e-19
1.05000000e+01 5.203309414891683e-19
1.06500000e+01 5.166536449407548e-19
1.08000000e+01 5.130532272442097e-19
1.09500000e+01 5.095270464405082e-19
1.11000000e+01 5.060725859561606e-19
1.12500000e+01 5.026874470545994e-19
1.14000000e+01 4.993693418356786e-19
1.15500000e+01 4.961160867368593e-19
1.17000000e+01 4.929255964941428e-19
1.18500000e+01 4.897958785247965e-19
1.20000000e+01 4.867250276974966e-19
1.21500000e+01 4.837112214586979e-19
1.23000000e+01 4.807527152869086e-19
1.24500000e+01 4.778478384491088e-19
1.26000000e+01 4.749949900358637e-19
1.27500000e+01 4.721926352537552e-19
1.29000000e+01 4.694393019556256e-19
1.30500000e+01 4.667335773908134e-19
1.32000000e+01 4.640741051590877e-19
1.33500000e+01 4.614595823533561e-19
1.35000000e+01 4.588887568774800e-19
1.36500000e+01 4.563604249266518e-19
1.38000000e+01 4.538734286188155e-19
1.39500000e+01 4.514266537665488e-19
1.41000000e+01 4.490190277796640e-19
1.42500000e+01 4.466495176895627e-19
1.44000000e+01 4.443171282870761e-19
1.45500000e+01 4.420209003661688e-19
1.47000000e+01 4.397599090664654e-19
1.48500000e+01 4.375332623080932e-19
1.50000000e+01 4.353400993128281e-19
1.51500000e+01 4.331795892059741e-19
1.53000000e+01 4.310509296938181e-19
1.54500000e+01 4.289533458118807e-19
1.56000000e+01 4.268860887395253e-19
1.57500000e+01 4.248484346768106e-19
1.59000000e+01 4.228396837797573e-19
1.60500000e+01 4.208591591504740e-19
1.62000000e+01 4.189062058788329e-19
1.63500000e+01 4.169801901326132e-19
1.65000000e+01 4.150804982932424e-19
1.66500000e+01 4.132065361344578e-19
1.68000000e+01 4.113577280413943e-19
1.69500000e+01 4.095335162677652e-19
1.71000000e+01 4.077333602289604e-19
1.72500000e+01 4.059567358290279e-19
1.74000000e+01 4.042031348196348e-19
1.75500000e+01 4.024720641892275e-19
1.77000000e+01 4.007630455807248e-19
1.78500000e+01 3.990756147361818e-19
1.80000000e+01 3.974093209669587e-19
1.81500000e+01 3.957637266480256e-19
1.83000000e+01 3.941384067351100e-19
1.84500000e+01 3.925329483034814e-19
1.86000000e+01 3.909469501072334e-19
1.87500000e+01 3.893800221579973e-19
1.89000000e+01 3.878317853220820e-19
1.90500000e+01 3.863018709350954e-19
1.92000000e+01 3.847899204331573e-19
1.93500000e+01 3.832955849998665e-19
1.95000000e+01 3.818185252282344e-19
1.96500000e+01 3.803584107968371e-19
1.98000000e+01 3.789149201594891e-19
1.99500000e+01 3.774877402477738e-19
2.01000000e+01 3.760765661858058e-19
2.02500000e+01 3.746811010166369e-19
2.04000000e+01 3.733010554397466e-19
2.05500000e+01 3.719361475590899e-19
2.07000000e+01 3.705861026412071e-19
2.08500000e+01 3.692506528829199e-19
2.10000000e+01 3.679295371881716e-19
2.11500000e+01 3.666225009535874e-19
2.13000000e+01 3.653292958623546e-19
2.14500000e+01 3.640496796860459e-19
2.16000000e+01 3.627834160940234e-19
2.17500000e+01 3.615302744700862e-19
2.19000000e+01 3.602900297360362e-19
2.20500000e+01 3.590624621818567e-19
2.22000000e+01 3.578473573022131e-19
2.23500000e+01 3.566445056389980e-19
2.25000000e+01 3.554537026296608e-19
2.26500000e+01 3.542747484610699e-19
2.28000000e+01 3.531074479286714e-19
2.29500000e+01 3.519516103007201e-19
2.31000000e+01 3.508070491873665e-19
2.32500000e+01 3.496735824143970e-19
2.34000000e+01 3.485510319014322e-19
2.35500000e+01 3.474392235444002e-19
2.37000000e+01 3.463379871021062e-19
2.38500000e+01 3.452471560867327e-19
2.40000000e+01 3.441665676581099e-19
2.41500000e+01 3.430960625216034e-19
2.43000000e+01 3.420354848294731e-19
2.44500000e+01 3.409846820855677e-19
2.46000000e+01 3.399435050532186e-19
2.47500000e+01 3.389118076662093e-19
2.49000000e+01 3.378894469426986e-19
2.50500000e+01 3.368762829019848e-19
2.52000000e+01 3.358721784839958e-19
2.53500000e+01 3.348769994714062e-19
2.55000000e+01 3.338906144142763e-19
2.56500000e+01 3.329128945571190e-19
2.58000000e+01 3.319437137683021e-19
2.59500000e+01 3.309829484716986e-19
2.61000000e+01 3.300304775805005e-19
2.62500000e+01 3.290861824331154e-19
2.64000000e+01 3.281499467310699e-19
2.65500000e+01 3.272216564788443e-19
2.67000000e+01 3.263011999255701e-19
2.68500000e+01 3.253884675085206e-19
2.70000000e+01 3.244833517983310e-19
2.71500000e+01 3.235857474458851e-19
2.73000000e+01 3.226955511308098e-19
2.74500000e+01 3.218126615115188e-19
2.76000000e+01 3.209369791767528e-19
2.77500000e+01 3.200684065985617e-19
2.79000000e+01 3.192068480866783e-19
2.80500000e+01 3.183522097442376e-19
2.82000000e+01 3.175043994247913e-19
2.83500000e+01 3.166633266905758e-19
2.85000000e+01 3.158289027719906e-19
2.86500000e+01 3.150010405282433e-19
2.88000000e+01 3.141796544091247e-19
2.89500000e+01 3.133646604178746e-19
2.91000000e+01 3.125559760751013e-19
2.92500000e+01 3.117535203837201e-19
2.94000000e+01 3.109572137948772e-19
2.95500000e+01 3.101669781748261e-19
2.97000000e+01 3.093827367727252e-19
2.98500000e+01 3.086044141893262e-19
3.00000000e+01 3.078319363465258e-19
3.01500000e+01 3.070652304577501e-19
3.03000000e+01 3.063042249991473e-19
3.04500000e+01 3.055488496815618e-19
3.06000000e+01 3.047990354232645e-19
3.07500000e+01 3.040547143234161e-19
3.09000000e+01 3.033158196362389e-19
3.10500000e+01 3.025822857458770e-19
3.12000000e+01 3.018540481419206e-19
3.13500000e+01 3.011310433955766e-19
3.15000000e+01 3.004132091364628e-19
3.16500000e+01 2.997004840300084e-19
3.18000000e+01 2.989928077554418e-19
3.19500000e+01 2.982901209843462e-19
3.21000000e+01 2.975923653597686e-19
3.22500000e+01 2.968994834758625e-19
3.24000000e+01 2.962114188580507e-19
3.25500000e+01 2.955281159436903e-19
3.27000000e+01 2.948495200632267e-19
3.28500000e+01 2.941755774218223e-19
3.30000000e+01 2.935062350814428e-19
3.31500000e+01 2.928414409433923e-19
3.33000000e+01 2.921811437312793e-19
3.34500000e+01 2.915252929744056e-19
3.36000000e+01 2.908738389915615e-19
3.37500000e+01 2.902267328752187e-19
3.39000000e+01 2.895839264761080e-19
3.40500000e+01 2.889453723881710e-19
3.42000000e+01 2.883110239338752e-19
3.43500000e+01 2.876808351498828e-19
3.45000000e+01 2.870547607730615e-19
3.46500000e+01 2.864327562268294e-19
3.48000000e+01 2.858147776078241e-19
3.49500000e+01 2.852007816728862e-19
3.51000000e+01 2.845907258263502e-19
3.52500000e+01 2.839845681076313e-19
3.54000000e+01 2.833822671791040e-19
3.55500000e+01 2.827837823142605e-19
3.57000000e+01 2.821890733861442e-19
3.58500000e+01 2.815981008560489e-19
3.60000000e+01 2.810108257624777e-19
3.61500000e+01 2.804272097103540e-19
3.63000000e+01 2.798472148604780e-19
3.64500000e+01 2.792708039192219e-19
3.66000000e+01 2.786979401284579e-19
3.67500000e+01 2.781285872557123e-19
3.69000000e+01 2.775627095845402e-19
3.70500000e+01 2.770002719051144e-19
3.72000000e+01 2.764412395050236e-19
3.73500000e+01 2.758855781602738e-19
3.75000000e+01 2.753332541264880e-19
3.76500000e+01 2.747842341302989e-19
3.78000000e+01 2.742384853609295e-19
3.79500000e+01 2.736959754619574e-19
3.81000000e+01 2.731566725232564e-19
3.82500000e+01 2.726205450731144e-19
3.84000000e+01 2.720875620705176e-19
3.85500000e+01 2.715576928976030e-19
3.87000000e+01 2.710309073522704e-19
3.88500000e+01 2.705071756409512e-19
3.90000000e+01 2.699864683715314e-19
3.91500000e+01 2.694687565464232e-19
3.93000000e+01 2.689540115557820e-19
3.94500000e+01 2.684422051708661e-19
3.96000000e+01 2.679333095375340e-19
3.97500000e+01 2.674272971698777e-19
3.99000000e+01 2.669241409439869e-19
4.00500000e+01 2.664238140918424e-19
4.02000000e+01 2.659262901953347e-19
4.03500000e+01 2.654315431804050e-19
4.05000000e+01 2.649395473113058e-19
4.06500000e+01 2.644502771849775e-19
4.08000000e+01 2.639637077255401e-19
4.09500000e+01 2.634798141788943e-19
4.11000000e+01 2.629985721074329e-19
4.12500000e+01 2.625199573848559e-19
4.14000000e+01 2.620439461910915e-19
4.15500000e+01 2.615705150073159e-19
4.17000000e+01 2.610996406110726e-19
4.18500000e+01 2.606313000714889e-19
4.20000000e+01 2.601654707445842e-19
4.21500000e+01 2.597021302686724e-19
4.23000000e+01 2.592412565598531e-19
4.24500000e+01 2.587828278075903e-19
4.26000000e+01 2.583268224703774e-19
4.27500000e+01 2.578732192714856e-19
4.29000000e+01 2.574219971947935e-19
4.30500000e+01 2.569731354806987e-19
4.32000000e+01 2.565266136221048e-19
4.33500000e+01 2.560824113604871e-19
4.35000000e+01 2.556405086820317e-19
4.36500000e+01 2.552008858138483e-19
4.38000000e+01 2.547635232202541e-19
4.39500000e+01 2.543284015991272e-19
4.41000000e+01 2.538955018783292e-19
4.42500000e+01 2.534648052121937e-19
4.44000000e+01 2.530362929780803e-19
4.45500000e+01 2.526099467729927e-19
4.47000000e+01 2.521857484102593e-19
4.48500000e+01 2.517636799162745e-19
4.50000000e+01 2.513437235272997e-19
4.51500000e+01 2.509258616863241e-19
4.53000000e+01 2.505100770399809e-19
4.54500000e+01 2.500963524355206e-19
4.56000000e+01 2.496846709178393e-19
4.57500000e+01 2.492750157265593e-19
4.59000000e+01 2.488673702931644e-19
4.60500000e+01 2.484617182381839e-19
4.62000000e+01 2.480580433684296e-19
4.63500000e+01 2.476563296742799e-19
4.65000000e+01 2.472565613270132e-19
4.66500000e+01 2.468587226761884e-19
4.68000000e+01 2.464627982470714e-19
4.69500000e+01 2.460687727381068e-19
4.71000000e+01 2.456766310184342e-19
4.72500000e+01 2.452863581254477e-19
4.74000000e+01 2.448979392623983e-19
4.75500000e+01 2.445113597960367e-19
4.77000000e+01 2.441266052542991e-19
4.78500000e+01 2.437436613240303e-19
4.80000000e+01 2.433625138487483e-19
4.81500000e+01 2.429831488264457e-19
4.83000000e+01 2.426055524074295e-19
4.84500000e+01 2.422297108921970e-19
4.86000000e+01 2.418556107293490e-19
4.87500000e+01 2.414832385135365e-19
4.89000000e+01 2.411125809834440e-19
4.90500000e+01 2.407436250198056e-19
4.92000000e+01 2.403763576434543e-19
4.93500000e+01 2.400107660134048e-19
4.95000000e+01 2.396468374249675e-19
4.96500000e+01 2.392845593078942e-19
4.98000000e+01 2.389239192245544e-19
4.99500000e+01 2.385649048681420e-19
5.01000000e+01 2.382075040609113e-19
5.02500000e+01 2.378517047524417e-19
5.04000000e+01 2.374974950179319e-19
5.05500000e+01 2.371448630565205e-19
5.07000000e+01 2.367937971896353e-19
5.08500000e+01 2.364442858593682e-19
5.10000000e+01 2.360963176268776e-19
5.11500000e+01 2.357498811708156e-19
5.13000000e+01 2.354049652857809e-19
5.14500000e+01 2.350615588807967e-19
5.16000000e+01 2.347196509778128e-19
5.17500000e+01 2.343792307102310e-19
5.19000000e+01 2.340402873214557e-19
5.20500000e+01 2.337028101634651e-19
5.22000000e+01 2.333667886954067e-19
5.23500000e+01 2.330322124822149e-19
5.25000000e+01 2.326990711932492e-19
5.26500000e+01 2.323673546009548e-19
5.28000000e+01 2.320370525795439e-19
5.29500000e+01 2.317081551036970e-19
5.31000000e+01 2.313806522472858e-19
5.32500000e+01 2.310545341821137e-19
5.34000000e+01 2.307297911766781e-19
5.35500000e+01 2.304064135949499e-19
5.37000000e+01 2.300843918951735e-19
5.38500000e+01 2.297637166286834e-19
5.40000000e+01 2.294443784387400e-19
5.41500000e+01 2.291263680593832e-19
5.43000000e+01 2.288096763143030e-19
5.44500000e+01 2.284942941157270e-19
5.46000000e+01 2.281802124633259e-19
5.47500000e+01 2.278674224431337e-19
5.49000000e+01 2.275559152264860e-19
5.50500000e+01 2.272456820689728e-19
5.52000000e+01 2.269367143094077e-19
5.53500000e+01 2.266290033688124e-19
5.55000000e+01 2.263225407494161e-19
5.56500000e+01 2.260173180336695e-19
5.58000000e+01 2.257133268832744e-19
5.59500000e+01 2.254105590382264e-19
5.61000000e+01 2.251090063158725e-19
5.62500000e+01 2.248086606099822e-19
5.64000000e+01 2.245095138898320e-19
5.65500000e+01 2.242115581993042e-19
5.67000000e+01 2.239147856559972e-19
5.68500000e+01 2.236191884503506e-19
5.70000000e+01 2.233247588447814e-19
5.71500000e+01 2.230314891728334e-19
5.73000000e+01 2.227393718383393e-19
5.74500000e+01 2.224483993145935e-19
5.76000000e+01 2.221585641435380e-19
5.77500000e+01 2.218698589349598e-19
5.79000000e+01 2.215822763656988e-19
5.80500000e+01 2.212958091788681e-19
5.82000000e+01 2.210104501830844e-19
5.83500000e+01 2.207261922517105e-19
5.85000000e+01 2.204430283221071e-19
5.86500000e+01 2.201609513948957e-19
5.88000000e+01 2.198799545332327e-19
5.89500000e+01 2.196000308620921e-19
5.91000000e+01 2.193211735675594e-19
5.92500000e+01 2.190433758961349e-19
5.94000000e+01 2.187666311540466e-19
5.95500000e+01 2.184909327065729e-19
5.97000000e+01 2.182162739773746e-19
5.98500000e+01 2.179426484478357e-19
6.00000000e+01 2.176700496564140e-19
6.01500000e+01 2.173984711980002e-19
-----------------------------
