Energy (eV)          EEDF (eV^-(3/2))     First Anisotropy
9.87500000000000e-02 6.18145355157377e-02 6.61704586602037e-05
2.96250000000000e-01 6.00615553470829e-02 1.08080255074652e-04
4.93750000000000e-01 5.83582874256518e-02 1.39570432975179e-04
6.91250000000000e-01 5.67033219764991e-02 1.61682141338238e-04
8.88750000000000e-01 5.50952892040698e-02 1.78680442036723e-04
1.08625000000000e+00 5.35328581584366e-02 1.92234016663788e-04
1.28375000000000e+00 5.20147356336882e-02 2.03234194063643e-04
1.48125000000000e+00 5.05396650975581e-02 2.12235435956490e-04
1.67875000000000e+00 4.91064256514077e-02 2.19615847435907e-04
1.87625000000000e+00 4.77138310197022e-02 2.25649696653981e-04
2.07375000000000e+00 4.63607285681448e-02 2.30544957605923e-04
2.27125000000000e+00 4.50459983496545e-02 2.34464682891625e-04
2.46875000000000e+00 4.37685521773990e-02 2.37540060579774e-04
2.66625000000000e+00 4.25273327241151e-02 2.39878839414434e-04
2.86375000000000e+00 4.13213126469715e-02 2.41571008815630e-04
3.06125000000000e+00 4.01494937372491e-02 2.42692768313118e-04
3.25875000000000e+00 3.90109060941351e-02 2.43309386267538e-04
3.45625000000000e+00 3.79046073219478e-02 2.43477311992096e-04
3.65375000000000e+00 3.68296817501263e-02 2.43245771001025e-04
3.85125000000000e+00 3.57852396753409e-02 2.42657993191004e-04
4.04875000000000e+00 3.47704166250963e-02 2.41752174478330e-04
4.24625000000000e+00 3.37843726422171e-02 2.40562241052595e-04
4.44375000000000e+00 3.28262915896259e-02 2.39118464892377e-04
4.64125000000000e+00 3.18953804748357e-02 2.37447965437516e-04
4.83875000000000e+00 3.09908687935993e-02 2.35575122893281e-04
5.03625000000000e+00 3.01120078921723e-02 2.33521922062568e-04
5.23375000000000e+00 2.92580703476605e-02 2.31308240925492e-04
5.43125000000000e+00 2.84283493659411e-02 2.28952094807713e-04
5.62875000000000e+00 2.76221581966572e-02 2.26469844503090e-04
5.82625000000000e+00 2.68388295648026e-02 2.23876374877549e-04
6.02375000000000e+00 2.60777151184260e-02 2.21185249098515e-04
6.22125000000000e+00 2.53381848919978e-02 2.18408842583019e-04
6.41875000000000e+00 2.46196267849948e-02 2.15558459949724e-04
6.61625000000000e+00 2.39214460552720e-02 2.12644437633242e-04
6.81375000000000e+00 2.32430648268013e-02 2.09676234328360e-04
7.01125000000000e+00 2.25839216113704e-02 2.06662511044167e-04
7.20875000000000e+00 2.19434708438454e-02 2.03611202239563e-04
7.40625000000000e+00 2.13211824306131e-02 2.00529579264310e-04
7.60375000000000e+00 2.07165413108285e-02 1.97424307129978e-04
7.80125000000000e+00 2.01290470301052e-02 1.94301495472779e-04
7.99875000000000e+00 1.95582133262950e-02 1.91166744437480e-04
8.19625000000000e+00 1.90035677270145e-02 1.88025186102311e-04
8.39375000000000e+00 1.84646511585850e-02 1.84881521974358e-04
8.59125000000000e+00 1.79410175660630e-02 1.81740057009786e-04
8.78875000000000e+00 1.74322335440454e-02 1.78604730550354e-04
8.98625000000000e+00 1.69378779779449e-02 1.75479144514892e-04
9.18375000000000e+00 1.64575416954386e-02 1.72366589139866e-04
9.38125000000000e+00 1.59908271278007e-02 1.69270066525426e-04
9.57875000000000e+00 1.55373479808396e-02 1.66192312211202e-04
9.77625000000000e+00 1.50967289151668e-02 1.63135814978666e-04
9.97375000000000e+00 1.46686052355323e-02 1.60102835053352e-04
1.01712500000000e+01 1.42526225889716e-02 1.57095420859967e-04
1.03687500000000e+01 1.38484366715110e-02 1.54115424465950e-04
1.05662500000000e+01 1.34557129431916e-02 1.51164515833851e-04
1.07637500000000e+01 1.30741263511745e-02 1.48244195989743e-04
1.09612500000000e+01 1.27033610606984e-02 1.45355809203381e-04
1.11587500000000e+01 1.23431101936668e-02 1.42500554265754e-04
1.13562500000000e+01 1.19930755746483e-02 1.39679494940916e-04
1.15537500000000e+01 1.16529674840808e-02 1.36893569661155e-04
1.17512500000000e+01 1.13225044184737e-02 1.34143600527755e-04
1.19487500000000e+01 1.10014128574108e-02 1.31430301673592e-04
1.21462500000000e+01 1.06894270371607e-02 1.28754287038380e-04
1.23437500000000e+01 1.03862887307071e-02 1.26116077602686e-04
1.25412500000000e+01 1.00917470340175e-02 1.23516108122559e-04
1.27387500000000e+01 9.80555815837286e-03 1.20954733402843e-04
1.29362500000000e+01 9.52748522858642e-03 1.18432234143867e-04
1.31337500000000e+01 9.25729808694494e-03 1.15948822393179e-04
1.33312500000000e+01 8.99477310270985e-03 1.13504646631265e-04
1.35287500000000e+01 8.73969298702066e-03 1.11099796517732e-04
1.37262500000000e+01 8.49184661304759e-03 1.08734307322250e-04
1.39237500000000e+01 8.25102884124428e-03 1.06408164062551e-04
1.41212500000000e+01 8.01704034955622e-03 1.04121305369970e-04
1.43187500000000e+01 7.78968746844424e-03 1.01873627101396e-04
1.45162500000000e+01 7.56878202058646e-03 9.96649857149975e-05
1.47137500000000e+01 7.35414116512611e-03 9.74952014257834e-05
1.49112500000000e+01 7.14558724633635e-03 9.53640611557746e-05
1.51087500000000e+01 6.94294764657663e-03 9.32713212924980e-05
1.53062500000000e+01 6.74605464341915e-03 9.12167102684728e-05
1.55037500000000e+01 6.55474527082692e-03 8.91999309734271e-05
1.57012500000000e+01 6.36886118426871e-03 8.72206630101205e-05
1.58987500000000e+01 6.18824852965910e-03 8.52785648038899e-05
1.60962500000000e+01 6.01275781601528e-03 8.33732755753054e-05
1.62937500000000e+01 5.84224379172509e-03 8.15044171846559e-05
1.64912500000000e+01 5.67656532432399e-03 7.96715958563900e-05
1.66887500000000e+01 5.51558528368132e-03 7.78744037910766e-05
1.68862500000000e+01 5.35917042849936e-03 7.61124206719290e-05
1.70837500000000e+01 5.20719129603099e-03 7.43852150724688e-05
1.72812500000000e+01 5.05952209492495e-03 7.26923457714641e-05
1.74787500000000e+01 4.91604060110976e-03 7.10333629808665e-05
1.76762500000000e+01 4.77662805663035e-03 6.94078094921045e-05
1.78737500000000e+01 4.64116907135340e-03 6.78152217457339e-05
1.80712500000000e+01 4.50955152746036e-03 6.62551308291319e-05
1.82687500000000e+01 4.38166648664878e-03 6.47270634066108e-05
1.84662500000000e+01 4.25740809996541e-03 6.32305425860611e-05
1.86637500000000e+01 4.13667352019618e-03 6.17650887259709e-05
1.88612500000000e+01 4.01936281674084e-03 6.03302201864202e-05
1.90587500000000e+01 3.90537889290155e-03 5.89254540274399e-05
1.92562500000000e+01 3.79462740551702e-03 5.75503066579027e-05
1.94537500000000e+01 3.68701668687588e-03 5.62042944379214e-05
1.96512500000000e+01 3.58245766884429e-03 5.48869342375612e-05
1.98487500000000e+01 3.48086380914536e-03 5.35977439544853e-05
2.00462500000000e+01 3.38215101972907e-03 5.23362429930018e-05
2.02437500000000e+01 3.28623759717360e-03 5.11019527068395e-05
2.04412500000000e+01 3.19304415506036e-03 4.98943968078288e-05
2.06387500000000e+01 3.10249355826675e-03 4.87131017425432e-05
2.08362500000000e+01 3.01451085912237e-03 4.75575970388324e-05
2.10337500000000e+01 2.92902323537569e-03 4.64274156240670e-05
2.12312500000000e+01 2.84595992991990e-03 4.53220941168051e-05
2.14287500000000e+01 2.76525219222810e-03 4.42411730934881e-05
2.16262500000000e+01 2.68683322144930e-03 4.31841973316910e-05
2.18237500000000e+01 2.61063811111812e-03 4.21507160313512e-05
2.20212500000000e+01 2.53660379543249e-03 4.11402830153275e-05
2.22187500000000e+01 2.46466899705479e-03 4.01524569105537e-05
2.24162500000000e+01 2.39477417639334e-03 3.91868013109888e-05
2.26137500000000e+01 2.32686148232217e-03 3.82428849234875e-05
2.28112500000000e+01 2.26087470429832e-03 3.73202816976563e-05
2.30087500000000e+01 2.19675922583700e-03 3.64185709407000e-05
2.32062500000000e+01 2.13446197930624e-03 3.55373374181995e-05
2.34037500000000e+01 2.07393140200334e-03 3.46761714417145e-05
2.36012500000000e+01 2.01511739347709e-03 3.38346689440570e-05
2.37987500000000e+01 1.95797127406019e-03 3.30124315430213e-05
2.39962500000000e+01 1.90244574457764e-03 3.22090665943210e-05
2.41937500000000e+01 1.84849484719779e-03 3.14241872344439e-05
2.43912500000000e+01 1.79607392739360e-03 3.06574124140848e-05
2.45887500000000e+01 1.74513959698254e-03 2.99083669227846e-05
2.47862500000000e+01 1.69564969821478e-03 2.91766814053721e-05
2.49837500000000e+01 1.64756326887966e-03 2.84619923707631e-05
2.51812500000000e+01 1.60084050840175e-03 2.77639421936456e-05
2.53787500000000e+01 1.55544274489841e-03 2.70821791095496e-05
2.55762500000000e+01 1.51133240317149e-03 2.64163572037682e-05
2.57737500000000e+01 1.46847297360682e-03 2.57661363945717e-05
2.59712500000000e+01 1.42682898195558e-03 2.51311824111357e-05
2.61687500000000e+01 1.38636595997271e-03 2.45111667665706e-05
2.63662500000000e+01 1.34705041688793e-03 2.39057667264264e-05
2.65637500000000e+01 1.30884981168585e-03 2.33146652730216e-05
2.67612500000000e+01 1.27173252617211e-03 2.27375510659261e-05
2.69587500000000e+01 1.23566783880340e-03 2.21741183989061e-05
2.71562500000000e+01 1.20062589925960e-03 2.16240671536242e-05
2.73537500000000e+01 1.16657770373699e-03 2.10871027503704e-05
2.75512500000000e+01 1.13349507094218e-03 2.05629360960820e-05
2.77487500000000e+01 1.10135061876673e-03 2.00512835298971e-05
2.79462500000000e+01 1.07011774162337e-03 1.95518667664701e-05
2.81437500000000e+01 1.03977058842480e-03 1.90644128372667e-05
2.83412500000000e+01 1.01028404118708e-03 1.85886540300397e-05
2.85387500000000e+01 9.81633694239776e-04 1.81243278266771e-05
2.87362500000000e+01 9.53795834025644e-04 1.76711768396022e-05
2.89337500000000e+01 9.26747419473217e-04 1.72289487468935e-05
2.91312500000000e+01 9.00466062925974e-04 1.67973962262831e-05
2.93287500000000e+01 8.74930011612336e-04 1.63762768881813e-05
2.95262500000000e+01 8.50118129641154e-04 1.59653532078678e-05
2.97237500000000e+01 8.26009880507777e-04 1.55643924569785e-05
2.99212500000000e+01 8.02585310096230e-04 1.51731666344108e-05
3.01187500000000e+01 7.79825030163421e-04 1.47914523967625e-05
3.03162500000000e+01 7.57710202291724e-04 1.44190309884106e-05
3.05137500000000e+01 7.36222522296638e-04 1.40556881713296e-05
3.07112500000000e+01 7.15344205076626e-04 1.37012141547447e-05
3.09087500000000e+01 6.95057969892601e-04 1.33554035247050e-05
3.11062500000000e+01 6.75347026064850e-04 1.30180551736595e-05
3.13037500000000e+01 6.56195059075592e-04 1.26889722301106e-05
3.15012500000000e+01 6.37586217065644e-04 1.23679619884177e-05
3.16987500000000e+01 6.19505097714014e-04 1.20548358388136e-05
3.18962500000000e+01 6.01936735489589e-04 1.17494091976976e-05
3.20937500000000e+01 5.84866589264335e-04 1.14515014382588e-05
3.22912500000000e+01 5.68280530277774e-04 1.11609358214844e-05
3.24887500000000e+01 5.52164830442779e-04 1.08775394275990e-05
3.26862500000000e+01 5.36506150982993e-04 1.06011430879818e-05
3.28837500000000e+01 5.21291531392481e-04 1.03315813176010e-05
3.30812500000000e+01 5.06508378708471e-04 1.00686922480030e-05
3.32787500000000e+01 4.92144457088305e-04 9.81231756089307e-06
3.34762500000000e+01 4.78187877681977e-04 9.56230242233532e-06
3.36737500000000e+01 4.64627088791867e-04 9.31849541760461e-06
3.38712500000000e+01 4.51450866311541e-04 9.08074848671437e-06
3.40687500000000e+01 4.38648304435684e-04 8.84891686064413e-06
3.42662500000000e+01 4.26208806633498e-04 8.62285899828863e-06
3.44637500000000e+01 4.14122076878072e-04 8.40243652414740e-06
3.46612500000000e+01 4.02378111124486e-04 8.18751416677155e-06
3.48587500000000e+01 3.90967189029574e-04 7.97795969798344e-06
3.50562500000000e+01 3.79879865906515e-04 7.77364387288212e-06
3.52537500000000e+01 3.69106964907574e-04 7.57444037064566e-06
3.54512500000000e+01 3.58639569428532e-04 7.38022573614106e-06
3.56487500000000e+01 3.48469015728518e-04 7.19087932234996e-06
3.58462500000000e+01 3.38586885759130e-04 7.00628323361640e-06
3.60437500000000e+01 3.28985000196918e-04 6.82632226972307e-06
3.62412500000000e+01 3.19655411673450e-04 6.65088387080013e-06
3.64387500000000e+01 3.10590398197370e-04 6.47985806306965e-06
3.66362500000000e+01 3.01782456762998e-04 6.31313740542792e-06
3.68337500000000e+01 2.93224297140174e-04 6.15061693686670e-06
3.70312500000000e+01 2.84908835840226e-04 5.99219412473334e-06
3.72287500000000e+01 2.76829190253045e-04 5.83776881382943e-06
3.74262500000000e+01 2.68978672950433e-04 5.68724317634572e-06
3.76237500000000e+01 2.61350786150993e-04 5.54052166263132e-06
3.78212500000000e+01 2.53939216341992e-04 5.39751095279448e-06
3.80187500000000e+01 2.46737829053743e-04 5.25811990912995e-06
3.82162500000000e+01 2.39740663782174e-04 5.12225952936983e-06
3.84137500000000e+01 2.32941929055387e-04 4.98984290075209e-06
3.86112500000000e+01 2.26335997640129e-04 4.86078515490148e-06
3.88087500000000e+01 2.19917401884191e-04 4.73500342351723e-06
3.90062500000000e+01 2.13680829190903e-04 4.61241679486039e-06
3.92037500000000e+01 2.07621117621952e-04 4.49294627103437e-06
3.94012500000000e+01 2.01733251624913e-04 4.37651472605125e-06
3.95987500000000e+01 1.96012357881931e-04 4.26304686467673e-06
3.97962500000000e+01 1.90453701276133e-04 4.15246918204508e-06
3.99937500000000e+01 1.85052680972428e-04 4.04470992403630e-06
4.01912500000000e+01 1.79804826609452e-04 3.93969904840743e-06
4.03887500000000e+01 1.74705794599495e-04 3.83736818666839e-06
4.05862500000000e+01 1.69751364533373e-04 3.73765060669411e-06
4.07837500000000e+01 1.64937435687239e-04 3.64048117606411e-06
4.09812500000000e+01 1.60260023628462e-04 3.54579632611935e-06
4.11787500000000e+01 1.55715256917762e-04 3.45353401672794e-06
4.13762500000000e+01 1.51299373904861e-04 3.36363370174971e-06
4.15737500000000e+01 1.47008719615013e-04 3.27603629518995e-06
4.17712500000000e+01 1.42839742723820e-04 3.19068413803298e-06
4.19687500000000e+01 1.38788992617847e-04 3.10752096574556e-06
4.21662500000000e+01 1.34853116538585e-04 3.02649187644015e-06
4.23637500000000e+01 1.31028856807414e-04 2.94754329968848e-06
4.25612500000000e+01 1.27313048129262e-04 2.87062296597539e-06
4.27587500000000e+01 1.23702614972725e-04 2.79567987678285e-06
4.29562500000000e+01 1.20194569024485e-04 2.72266427529450e-06
4.31537500000000e+01 1.16786006715922e-04 2.65152761771053e-06
4.33512500000000e+01 1.13474106819859e-04 2.58222254516316e-06
4.35487500000000e+01 1.10256128115469e-04 2.51470285622289e-06
4.37462500000000e+01 1.07129407119398e-04 2.44892347998541e-06
4.39437500000000e+01 1.04091355881230e-04 2.38484044972948e-06
4.41412500000000e+01 1.01139459841470e-04 2.32241087713612e-06
4.43387500000000e+01 9.82712757502748e-05 2.26159292705935e-06
4.45362500000000e+01 9.54844296452016e-05 2.20234579283856e-06
4.47337500000000e+01 9.27766148863083e-05 2.14462967214337e-06
4.49312500000000e+01 9.01455902469740e-05 2.08840574334114e-06
4.51287500000000e+01 8.75891780588621e-05 2.03363614237782e-06
4.53262500000000e+01 8.51052624094896e-05 1.98028394016276e-06
4.55237500000000e+01 8.26917873909112e-05 1.92831312044814e-06
4.57212500000000e+01 8.03467553980681e-05 1.87768855819411e-06
4.59187500000000e+01 7.80682254753938e-05 1.82837599841021e-06
4.61162500000000e+01 7.58543117103079e-05 1.78034203546428e-06
4.63137500000000e+01 7.37031816722684e-05 1.73355409285008e-06
4.65112500000000e+01 7.16130548960900e-05 1.68798040340451e-06
4.67087500000000e+01 6.95822014082741e-05 1.64358998996612e-06
4.69062500000000e+01 6.76089402951301e-05 1.60035264646607e-06
4.71037500000000e+01 6.56916383115026e-05 1.55823891944330e-06
4.73012500000000e+01 6.38287085289534e-05 1.51722008997532e-06
4.74987500000000e+01 6.20186090222798e-05 1.47726815601669e-06
4.76962500000000e+01 6.02598415932804e-05 1.43835581513681e-06
4.78937500000000e+01 5.85509505307149e-05 1.40045644764904e-06
4.80912500000000e+01 5.68905214054280e-05 1.36354410012350e-06
4.82887500000000e+01 5.52771798996436e-05 1.32759346927545e-06
4.84862500000000e+01 5.37095906694578e-05 1.29257988622182e-06
4.86837500000000e+01 5.21864562395902e-05 1.25847930109826e-06
4.88812500000000e+01 5.07065159294792e-05 1.22526826802929e-06
4.90787500000000e+01 4.92685448098308e-05 1.19292393044429e-06
4.92762500000000e+01 4.78713526887596e-05 1.16142400673199e-06
4.94737500000000e+01 4.65137831266805e-05 1.13074677622661e-06
4.96712500000000e+01 4.51947124791374e-05 1.10087106551853e-06
4.98687500000000e+01 4.39130489667755e-05 1.07177623508271e-06
5.00662500000000e+01 4.26677317716886e-05 1.04344216621811e-06
5.02637500000000e+01 4.14577301593924e-05 1.01584924829150e-06
5.04612500000000e+01 4.02820426256977e-05 9.88978366279139e-07
5.06587500000000e+01 3.91396960677769e-05 9.62810888600014e-07
5.08562500000000e+01 3.80297449787383e-05 9.37328655234330e-07
5.10537500000000e+01 3.69512706650412e-05 9.12513966121059e-07
5.12512500000000e+01 3.59033804861037e-05 8.88349569828490e-07
5.14487500000000e+01 3.48852071154748e-05 8.64818652491946e-07
5.16462500000000e+01 3.38959078229584e-05 8.41904827012714e-07
5.18437500000000e+01 3.29346637770953e-05 8.19592122512532e-07
5.20412500000000e+01 3.20006793674258e-05 7.97864974038031e-07
5.22387500000000e+01 3.10931815459726e-05 7.76708212509542e-07
5.24362500000000e+01 3.02114191873977e-05 7.56107054908961e-07
5.26337500000000e+01 2.93546624673050e-05 7.36047094701310e-07
5.28312500000000e+01 2.85222022581729e-05 7.16514292484821e-07
5.30287500000000e+01 2.77133495424182e-05 6.97494966864407e-07
5.32262500000000e+01 2.69274348421035e-05 6.78975785543576e-07
5.34237500000000e+01 2.61638076648190e-05 6.60943756629829e-07
5.36212500000000e+01 2.54218359652771e-05 6.43386220148780e-07
5.38187500000000e+01 2.47009056221758e-05 6.26290839762266e-07
5.40162500000000e+01 2.40004199298982e-05 6.09645594685844e-07
5.42137500000000e+01 2.33197991046254e-05 5.93438771801130e-07
5.44112500000000e+01 2.26584798044571e-05 5.77658957958577e-07
5.46087500000000e+01 2.20159146631396e-05 5.62295032466350e-07
5.48062500000000e+01 2.13915718370170e-05 5.47336159761008e-07
5.50037500000000e+01 2.07849345648310e-05 5.32771782255864e-07
5.52012500000000e+01 2.01955007400031e-05 5.18591613362958e-07
5.53987500000000e+01 1.96227824950472e-05 5.04785630684577e-07
5.55962500000000e+01 1.90663057977670e-05 4.91344069370485e-07
5.57937500000000e+01 1.85256100589056e-05 4.78257415637039e-07
5.59912500000000e+01 1.80002477509209e-05 4.65516400444344e-07
5.61887500000000e+01 1.74897840375722e-05 4.53111993327899e-07
5.63862500000000e+01 1.69937964140112e-05 4.41035396381051e-07
5.65837500000000e+01 1.65118743570804e-05 4.29278038384777e-07
5.67812500000000e+01 1.60436189855268e-05 4.17831569081384e-07
5.69787500000000e+01 1.55886427298535e-05 4.06687853588697e-07
5.71762500000000e+01 1.51465690115326e-05 3.95838966951497e-07
5.73737500000000e+01 1.47170319313152e-05 3.85277188826949e-07
5.75712500000000e+01 1.42996759663815e-05 3.74994998300876e-07
5.77687500000000e+01 1.38941556760782e-05 3.64985068831802e-07
5.79662500000000e+01 1.35001354160019e-05 3.55240263319767e-07
5.81637500000000e+01 1.31172890601893e-05 3.45753629296902e-07
5.83612500000000e+01 1.27452997311874e-05 3.36518394236949e-07
5.85587500000000e+01 1.23838595377772e-05 3.27527960980858e-07
5.87562500000000e+01 1.20326693201359e-05 3.18775903275700e-07
5.89537500000000e+01 1.16914384022259e-05 3.10255961424234e-07
5.91512500000000e+01 1.13598843512055e-05 3.01962038042457e-07
5.93487500000000e+01 1.10377327436626e-05 2.93888193922575e-07
5.95462500000000e+01 1.07247169384778e-05 2.86028643998855e-07
5.97437500000000e+01 1.04205778561282e-05 2.78377753413902e-07
5.99412500000000e+01 1.01250637642510e-05 2.70930033682963e-07
6.01387500000000e+01 9.83793006928683e-06 2.63680138953887e-07
6.03362500000000e+01 9.55893911403310e-06 2.56622862360441e-07
6.05337500000000e+01 9.28785998093761e-06 2.49753132466737e-07
6.07312500000000e+01 9.02446830097088e-06 2.43066009800569e-07
6.09287500000000e+01 8.76854606791853e-06 2.36556683473519e-07
6.11262500000000e+01 8.51988145794003e-06 2.30220467885707e-07
6.13237500000000e+01 8.27826865424468e-06 2.24052799513167e-07
6.15212500000000e+01 8.04350767673936e-06 2.18049233775826e-07
6.17187500000000e+01 7.81540421650742e-06 2.12205441984137e-07
6.19162500000000e+01 7.59376947498140e-06 2.06517208362434e-07
6.21137500000000e+01 7.37842000767672e-06 2.00980427147152e-07
6.23112500000000e+01 7.16917757235676e-06 1.95591099758110e-07
6.25087500000000e+01 6.96586898150393e-06 1.90345332041026e-07
6.27062500000000e+01 6.76832595897429e-06 1.85239331579567e-07
6.29037500000000e+01 6.57638500071744e-06 1.80269405075205e-07
6.31012500000000e+01 6.38988723944605e-06 1.75431955793214e-07
6.32987500000000e+01 6.20867831314333e-06 1.70723481073227e-07
6.34962500000000e+01 6.03260823729936e-06 1.66140569902719e-07
6.36937500000000e+01 5.86153128077066e-06 1.61679900551885e-07
6.38912500000000e+01 5.69530584516026e-06 1.57338238268419e-07
6.40887500000000e+01 5.53379434761832e-06 1.53112433030701e-07
6.42862500000000e+01 5.37686310696643e-06 1.48999417357955e-07
6.44837500000000e+01 5.22438223305126e-06 1.44996204175966e-07
6.46812500000000e+01 5.07622551923603e-06 1.41099884737003e-07
6.48787500000000e+01 4.93227033794069e-06 1.37307626592588e-07
6.50762500000000e+01 4.79239753914456e-06 1.33616671617801e-07
6.52737500000000e+01 4.65649135176722e-06 1.30024334085862e-07
6.54712500000000e+01 4.52443928784617e-06 1.26527998791724e-07
6.56687500000000e+01 4.39613204943181e-06 1.23125119223467e-07
6.58662500000000e+01 4.27146343812286e-06 1.19813215780312e-07
6.60637500000000e+01 4.15033026716714e-06 1.16589874036082e-07
6.62612500000000e+01 4.03263227605513e-06 1.13452743046989e-07
6.64587500000000e+01 3.91827204753551e-06 1.10399533702627e-07
6.66562500000000e+01 3.80715492698403e-06 1.07428017119112e-07
6.68537500000000e+01 3.69918894405901e-06 1.04536023073316e-07
6.70512500000000e+01 3.59428473657851e-06 1.01721438477143e-07
6.72487500000000e+01 3.49235547655637e-06 9.89822058908691e-08
6.74462500000000e+01 3.39331679833564e-06 9.63163220745703e-08
6.76437500000000e+01 3.29708672876016e-06 9.37218365766640e-08
6.78412500000000e+01 3.20358561932628e-06 9.11968503586491e-08
6.80387500000000e+01 3.11273608025878e-06 8.87395144551370e-08
6.82362500000000e+01 3.02446291645623e-06 8.63480286682743e-08
6.84337500000000e+01 2.93869306525288e-06 8.40206402957043e-08
6.86312500000000e+01 2.85535553594557e-06 8.17556428912198e-08
6.88287500000000e+01 2.77438135103553e-06 7.95513750572854e-08
6.90262500000000e+01 2.69570348913651e-06 7.74062192686242e-08
6.92237500000000e+01 2.61925682950198e-06 7.53186007260830e-08
6.94212500000000e+01 2.54497809812545e-06 7.32869862400213e-08
6.96187500000000e+01 2.47280581536929e-06 7.13098831424691e-08
6.98162500000000e+01 2.40268024507878e-06 6.93858382273291e-08
7.00137500000000e+01 2.33454334513918e-06 6.75134367179195e-08
7.02112500000000e+01 2.26833871943493e-06 6.56913012611589e-08
7.04087500000000e+01 2.20401157117131e-06 6.39180909477179e-08
7.06062500000000e+01 2.14150865751968e-06 6.21925003574849e-08
7.08037500000000e+01 2.08077824554910e-06 6.05132586297027e-08
7.10012500000000e+01 2.02177006940752e-06 5.88791285571447e-08
7.11987500000000e+01 1.96443528871739e-06 5.72889057037269e-08
7.13962500000000e+01 1.90872644815098e-06 5.57414175449585e-08
7.15937500000000e+01 1.85459743815220e-06 5.42355226306436e-08
7.17912500000000e+01 1.80200345677226e-06 5.27701097692789e-08
7.19887500000000e+01 1.75090097258761e-06 5.13440972335884e-08
7.21862500000000e+01 1.70124768866949e-06 4.99564319866553e-08
7.23837500000000e+01 1.65300250757526e-06 4.86060889281302e-08
7.25812500000000e+01 1.60612549733253e-06 4.72920701600019e-08
7.27787500000000e+01 1.56057785838792e-06 4.60134042714308e-08
7.29762500000000e+01 1.51632189149315e-06 4.47691456421564e-08
7.31737500000000e+01 1.47332096650177e-06 4.35583737640111e-08
7.33712500000000e+01 1.43153949205087e-06 4.23801925800683e-08
7.35687500000000e+01 1.39094288610247e-06 4.12337298409784e-08
7.37662500000000e+01 1.35149754732042e-06 4.01181364780551e-08
7.39637500000000e+01 1.31317082725894e-06 3.90325859926756e-08
7.41612500000000e+01 1.27593100333987e-06 3.79762738615837e-08
7.43587500000000e+01 1.23974725259631e-06 3.69484169576857e-08
7.45562500000000e+01 1.20458962616076e-06 3.59482529859392e-08
7.47537500000000e+01 1.17042902447683e-06 3.49750399339504e-08
7.49512500000000e+01 1.13723717321383e-06 3.40280555369007e-08
7.51487500000000e+01 1.10498659986452e-06 3.31065967564343e-08
7.53462500000000e+01 1.07365061100633e-06 3.22099792731480e-08
7.55437500000000e+01 1.04320327020763e-06 3.13375369923344e-08
7.57412500000000e+01 1.01361937656036e-06 3.04886215626342e-08
7.59387500000000e+01 9.84874443821598e-07 2.96626019072696e-08
7.61362500000000e+01 9.56944680146555e-07 2.88588637675307e-08
7.63337500000000e+01 9.29806968396341e-07 2.80768092582009e-08
7.65312500000000e+01 9.03438847004187e-07 2.73158564346131e-08
7.67287500000000e+01 8.77818491384267e-07 2.65754388710359e-08
7.69262500000000e+01 8.52924695867742e-07 2.58550052500988e-08
7.71237500000000e+01 8.28736856151080e-07 2.51540189629695e-08
7.73212500000000e+01 8.05234952242108e-07 2.44719577200069e-08
7.75187500000000e+01 7.82399531889704e-07 2.38083131716166e-08
7.77162500000000e+01 7.60211694483395e-07 2.31625905390487e-08
7.79137500000000e+01 7.38653075409539e-07 2.25343082548768e-08
7.81112500000000e+01 7.17705830851156e-07 2.19229976129106e-08
7.83087500000000e+01 6.97352623018804e-07 2.13282024272961e-08
7.85062500000000e+01 6.77576605800293e-07 2.07494787005639e-08
7.87037500000000e+01 6.58361410817359e-07 2.01863943003977e-08
7.89012500000000e+01 6.39691133877745e-07 1.96385286448923e-08
7.90987500000000e+01 6.21550321811488e-07 1.91054723960846e-08
7.92962500000000e+01 6.03923959680512e-07 1.85868271615396e-08
7.94937500000000e+01 5.86797458350938e-07 1.80822052037846e-08
7.96912500000000e+01 5.70156642417829e-07 1.75912291573861e-08
7.98887500000000e+01 5.53987738472372e-07 1.71135317534722e-08
8.00862500000000e+01 5.38277363701790e-07 1.66487555515049e-08
8.02837500000000e+01 5.23012514812543e-07 1.61965526781149e-08
8.04812500000000e+01 5.08180557267656e-07 1.57565845728171e-08
8.06787500000000e+01 4.93769214829259e-07 1.53285217404224e-08
8.08762500000000e+01 4.79766559397688e-07 1.49120435099766e-08
8.10737500000000e+01 4.66161001138736e-07 1.45068378000537e-08
8.12712500000000e+01 4.52941278890886e-07 1.41126008902377e-08
8.14687500000000e+01 4.40096450844574e-07 1.37290371986337e-08
8.16662500000000e+01 4.27615885485786e-07 1.33558590652481e-08
8.18637500000000e+01 4.15489252796476e-07 1.29927865410869e-08
8.20612500000000e+01 4.03706515704530e-07 1.26395471828222e-08
8.22587500000000e+01 3.92257921776200e-07 1.22958758528805e-08
8.24562500000000e+01 3.81133995144128e-07 1.19615145248130e-08
8.26537500000000e+01 3.70325528664283e-07 1.16362120938080e-08
8.28512500000000e+01 3.59823576295313e-07 1.13197241922121e-08
8.30487500000000e+01 3.49619445694014e-07 1.10118130099286e-08
8.32462500000000e+01 3.39704691020774e-07 1.07122471195657e-08
8.34437500000000e+01 3.30071105949058e-07 1.04208013062101e-08
8.36412500000000e+01 3.20710716873120e-07 1.01372564017052e-08
8.38387500000000e+01 3.11615776308347e-07 9.86139912331496e-09
8.40362500000000e+01 3.02778756478757e-07 9.59302191665929e-09
8.42337500000000e+01 2.94192343086343e-07 9.33192280280976e-09
8.44312500000000e+01 2.85849429257118e-07 9.07790522943417e-09
8.46287500000000e+01 2.77743109658836e-07 8.83077792588596e-09
8.48262500000000e+01 2.69866674785531e-07 8.59035476213417e-09
8.50237500000000e+01 2.62213605404135e-07 8.35645461143297e-09
8.52212500000000e+01 2.54777567158589e-07 8.12890121663271e-09
8.54187500000000e+01 2.47552405326964e-07 7.90752306003702e-09
8.56162500000000e+01 2.40532139727277e-07 7.69215323671242e-09
8.58137500000000e+01 2.33710959767761e-07 7.48262933115978e-09
8.60112500000000e+01 2.27083219637503e-07 7.27879329725971e-09
8.62087500000000e+01 2.20643433633479e-07 7.08049134140520e-09
8.64062500000000e+01 2.14386271620094e-07 6.88757380873763e-09
8.66037500000000e+01 2.08306554617499e-07 6.69989507240496e-09
8.68012500000000e+01 2.02399250515004e-07 6.51731342576225e-09
8.69987500000000e+01 1.96659469906062e-07 6.33969097743694e-09
8.71962500000000e+01 1.91082462041361e-07 6.16689354918346e-09
8.73937500000000e+01 1.85663610896689e-07 5.99879057645396e-09
8.75912500000000e+01 1.80398431352301e-07 5.83525501161302e-09
8.77887500000000e+01 1.75282565480639e-07 5.67616322972721e-09
8.79862500000000e+01 1.70311778939328e-07 5.52139493686111e-09
8.81837500000000e+01 1.65481957466456e-07 5.37083308081405e-09
8.83812500000000e+01 1.60789103475253e-07 5.22436376423295e-09
8.85787500000000e+01 1.56229332745331e-07 5.08187616003846e-09
8.87762500000000e+01 1.51798871207761e-07 4.94326242910337e-09
8.89737500000000e+01 1.47494051821322e-07 4.80841764012402e-09
8.91712500000000e+01 1.43311311537332e-07 4.67723969162664e-09
8.93687500000000e+01 1.39247188350556e-07 4.54962923605204e-09
8.95662500000000e+01 1.35298318433743e-07 4.42548960586365e-09
8.97637500000000e+01 1.31461433353425e-07 4.30472674162575e-09
8.99612500000000e+01 1.27733357364676e-07 4.18724912199987e-09
9.01587500000000e+01 1.24111004782581e-07 4.07296769560790e-09
9.03562500000000e+01 1.20591377428257e-07 3.96179581471323e-09
9.05537500000000e+01 1.17171562147285e-07 3.85364917067160e-09
9.07512500000000e+01 1.13848728398537e-07 3.74844573110431e-09
9.09487500000000e+01 1.10620125911364e-07 3.64610567874898e-09
9.11462500000000e+01 1.07483082409231e-07 3.54655135194292e-09
9.13437500000000e+01 1.04435001397902e-07 3.44970718669588e-09
9.15412500000000e+01 1.01473360016359e-07 3.35549966031022e-09
9.17387500000000e+01 9.85957069486518e-08 3.26385723650726e-09
9.19362500000000e+01 9.57996603949769e-08 3.17471031202000e-09
9.21337500000000e+01 9.30829061002883e-08 3.08799116461339e-09
9.23312500000000e+01 9.04431954388159e-08 3.00363390249413e-09
9.25287500000000e+01 8.78783435529042e-08 2.92157441507313e-09
9.27262500000000e+01 8.53862275446309e-08 2.84175032504474e-09
9.29237500000000e+01 8.29647847187095e-08 2.76410094174784e-09
9.31212500000000e+01 8.06120108752201e-08 2.68856721577474e-09
9.33187500000000e+01 7.83259586507571e-08 2.61509169479458e-09
9.35162500000000e+01 7.61047359066189e-08 2.54361848055924e-09
9.37137500000000e+01 7.39465041627067e-08 2.47409318706014e-09
9.39112500000000e+01 7.18494770758364e-08 2.40646289980526e-09
9.41087500000000e+01 6.98119189612031e-08 2.34067613618689e-09
9.43062500000000e+01 6.78321433557748e-08 2.27668280691066e-09
9.45037500000000e+01 6.59085116224269e-08 2.21443417845807e-09
9.47012500000000e+01 6.40394315936616e-08 2.15388283655480e-09
9.48987500000000e+01 6.22233562537889e-08 2.09498265061788e-09
9.50962500000000e+01 6.04587824584806e-08 2.03768873915608e-09
9.52937500000000e+01 5.87442496906345e-08 1.98195743609764e-09
9.54912500000000e+01 5.70783388515220e-08 1.92774625802105e-09
9.56887500000000e+01 5.54596710862165e-08 1.87501387226460e-09
9.58862500000000e+01 5.38869066423314e-08 1.82372006589129e-09
9.60837500000000e+01 5.23587437611224e-08 1.77382571548644e-09
9.62812500000000e+01 5.08739176000374e-08 1.72529275776572e-09
9.64787500000000e+01 4.94311991858208e-08 1.67808416097190e-09
9.66762500000000e+01 4.80293943973069e-08 1.63216389703946e-09
9.68737500000000e+01 4.66673429770599e-08 1.58749691450651e-09
9.70712500000000e+01 4.53439175710417e-08 1.54404911215391e-09
9.72687500000000e+01 4.40580227955150e-08 1.50178731335252e-09
9.74662500000000e+01 4.28085943304067e-08 1.46067924109945e-09
9.76637500000000e+01 4.15945980383822e-08 1.42069349372488e-09
9.78612500000000e+01 4.04150291089026e-08 1.38179952125174e-09
9.80587500000000e+01 3.92689112265544e-08 1.34396760239063e-09
9.82562500000000e+01 3.81552957629648e-08 1.30716882215312e-09
9.84537500000000e+01 3.70732609916331e-08 1.27137505006677e-09
9.86512500000000e+01 3.60219113250282e-08 1.23655891897605e-09
9.88487500000000e+01 3.50003765733216e-08 1.20269380441327e-09
9.90462500000000e+01 3.40078112241415e-08 1.16975380452429e-09
9.92437500000000e+01 3.30433937427515e-08 1.13771372053428e-09
9.94412500000000e+01 3.21063258920767e-08 1.10654903773905e-09
9.96387500000000e+01 3.11958320720116e-08 1.07623590700790e-09
9.98362500000000e+01 3.03111586774652e-08 1.04675112678421e-09
1.00033750000000e+02 2.94515734746110e-08 1.01807212557061e-09
1.00231250000000e+02 2.86163649948252e-08 9.90176944885592e-10
1.00428750000000e+02 2.78048419458131e-08 9.63044222679139e-10
1.00626250000000e+02 2.70163326394338e-08 9.36653177194833e-10
1.00823750000000e+02 2.62501844357522e-08 9.10983591266696e-10
1.01021250000000e+02 2.55057632028568e-08 8.86015797039036e-10
1.01218750000000e+02 2.47824527919955e-08 8.61730661097981e-10
1.01416250000000e+02 2.40796545275968e-08 8.38109570003618e-10
1.01613750000000e+02 2.33967867117534e-08 8.15134416212085e-10
1.01811250000000e+02 2.27332841427568e-08 7.92787584377098e-10
1.02008750000000e+02 2.20885976472873e-08 7.71051938020759e-10
1.02206250000000e+02 2.14621936258691e-08 7.49910806563768e-10
1.02403750000000e+02 2.08535536112165e-08 7.29347972705349e-10
1.02601250000000e+02 2.02621738391045e-08 7.09347660143545e-10
1.02798750000000e+02 1.96875648314092e-08 6.89894521626781e-10
1.02996250000000e+02 1.91292509909721e-08 6.70973627327730e-10
1.03193750000000e+02 1.85867702079544e-08 6.52570453530847e-10
1.03391250000000e+02 1.80596734773537e-08 6.34670871625222e-10
1.03588750000000e+02 1.75475245273680e-08 6.17261137394499e-10
1.03786250000000e+02 1.70498994582986e-08 6.00327880595856e-10
1.03983750000000e+02 1.65663863916931e-08 5.83858094820360e-10
1.04181250000000e+02 1.60965851294388e-08 5.67839127627061e-10
1.04378750000000e+02 1.56401068225228e-08 5.52258670943525e-10
1.04576250000000e+02 1.51965736491871e-08 5.37104751725641e-10
1.04773750000000e+02 1.47656185022089e-08 5.22365722869687e-10
1.04971250000000e+02 1.43468846850511e-08 5.08030254369937e-10
1.05168750000000e+02 1.39400256166284e-08 4.94087324715148e-10
1.05366250000000e+02 1.35447045444461e-08 4.80526212517576e-10
1.05563750000000e+02 1.31605942658742e-08 4.67336488368208e-10
1.05761250000000e+02 1.27873768573254e-08 4.54508006912117e-10
1.05958750000000e+02 1.24247434111138e-08 4.42030899138097e-10
1.06156250000000e+02 1.20723937797751e-08 4.29895564876733e-10
1.06353750000000e+02 1.17300363276385e-08 4.18092665501302e-10
1.06551250000000e+02 1.13973876894432e-08 4.06613116826106e-10
1.06748750000000e+02 1.10741725358000e-08 3.95448082196889e-10
1.06946250000000e+02 1.07601233453049e-08 3.84588965768142e-10
1.07143750000000e+02 1.04549801831140e-08 3.74027405962276e-10
1.07341250000000e+02 1.01584904857993e-08 3.63755269105809e-10
1.07538750000000e+02 9.87040885230437e-09 3.53764643237738e-10
1.07736250000000e+02 9.59049684082886e-09 3.44047832085492e-10
1.07933750000000e+02 9.31852277147314e-09 3.34597349203945e-10
1.08131250000000e+02 9.05426153447946e-09 3.25405912273098e-10
1.08328750000000e+02 8.79749440391123e-09 3.16466437550134e-10
1.08526250000000e+02 8.54800885661615e-09 3.07772034471704e-10
1.08723750000000e+02 8.30559839632328e-09 2.99316000402403e-10
1.08921250000000e+02 8.07006238272848e-09 2.91091815525477e-10
1.09118750000000e+02 7.84120586542677e-09 2.83093137871916e-10
1.09316250000000e+02 7.61883942255417e-09 2.75313798484223e-10
1.09513750000000e+02 7.40277900400543e-09 2.67747796711222e-10
1.09711250000000e+02 7.19284577909793e-09 2.60389295630357e-10
1.09908750000000e+02 6.98886598855557e-09 2.53232617594057e-10
1.10106250000000e+02 6.79067080069032e-09 2.46272239896810e-10
1.10303750000000e+02 6.59809617166211e-09 2.39502790559690e-10
1.10501250000000e+02 6.41098270970176e-09 2.32919044229164e-10
1.10698750000000e+02 6.22917554318420e-09 2.26515918187101e-10
1.10896250000000e+02 6.05252419244307e-09 2.20288468468974e-10
1.11093750000000e+02 5.88088244522048e-09 2.14231886087341e-10
1.11291250000000e+02 5.71410823564878e-09 2.08341493357746e-10
1.11488750000000e+02 5.55206352666433e-09 2.02612740324287e-10
1.11686250000000e+02 5.39461419575586e-09 1.97041201282161e-10
1.11883750000000e+02 5.24162992395280e-09 1.91622571394554e-10
1.12081250000000e+02 5.09298408796179e-09 1.86352663401329e-10
1.12278750000000e+02 4.94855365536211e-09 1.81227404417044e-10
1.12476250000000e+02 4.80821908277310e-09 1.76242832815868e-10
1.12673750000000e+02 4.67186421690960e-09 1.71395095201054e-10
1.12871250000000e+02 4.53937619844315e-09 1.66680443456684e-10
1.13068750000000e+02 4.41064536858967e-09 1.62095231879459e-10
1.13266250000000e+02 4.28556517834620e-09 1.57635914388370e-10
1.13463750000000e+02 4.16403210030150e-09 1.53299041810146e-10
1.13661250000000e+02 4.04594554294761e-09 1.49081259238419e-10
1.13858750000000e+02 3.93120776742148e-09 1.44979303464626e-10
1.14056250000000e+02 3.81972380660762e-09 1.40990000478697e-10
1.14253750000000e+02 3.71140138653494e-09 1.37110263037643e-10
1.14451250000000e+02 3.60615085000266e-09 1.33337088300215e-10
1.14648750000000e+02 3.50388508237210e-09 1.29667555525820e-10
1.14846250000000e+02 3.40451943946290e-09 1.26098823835988e-10
1.15043750000000e+02 3.30797167749405e-09 1.22628130036675e-10
1.15241250000000e+02 3.21416188501163e-09 1.19252786499757e-10
1.15438750000000e+02 3.12301241674705e-09 1.15970179102119e-10
1.15636250000000e+02 3.03444782935100e-09 1.12777765220771e-10
1.15833750000000e+02 2.94839481894983e-09 1.09673071782485e-10
1.16031250000000e+02 2.86478216047281e-09 1.06653693366457e-10
1.16228750000000e+02 2.78354064869999e-09 1.03717290358580e-10
1.16426250000000e+02 2.70460304098178e-09 1.00861587155908e-10
1.16623750000000e+02 2.62790400158310e-09 9.80843704199689e-11
1.16821250000000e+02 2.55338004760566e-09 9.53834873775933e-11
1.17018750000000e+02 2.48096949644396e-09 9.27568441679657e-11
1.17216250000000e+02 2.41061241473129e-09 9.02024042346567e-11
1.17413750000000e+02 2.34225056873362e-09 8.77181867614115e-11
1.17611250000000e+02 2.27582737615019e-09 8.53022651505065e-11
1.17808750000000e+02 2.21128785928099e-09 8.29527655425200e-11
1.18006250000000e+02 2.14857859952239e-09 8.06678653763986e-11
1.18203750000000e+02 2.08764769315319e-09 7.84457919887180e-11
1.18401250000000e+02 2.02844470837447e-09 7.62848212510805e-11
1.18598750000000e+02 1.97092064356784e-09 7.41832762446167e-11
1.18796250000000e+02 1.91502788673732e-09 7.21395259705779e-11
1.18993750000000e+02 1.86072017610148e-09 7.01519840960433e-11
1.19191250000000e+02 1.80795256180311e-09 6.82191077337880e-11
1.19388750000000e+02 1.75668136870472e-09 6.63393962553861e-11
1.19586250000000e+02 1.70686416023915e-09 6.45113901366470e-11
1.19783750000000e+02 1.65845970328533e-09 6.27336698345039e-11
1.19981250000000e+02 1.61142793404010e-09 6.10048546945027e-11
1.20178750000000e+02 1.56572992485787e-09 5.93236018880617e-11
1.20376250000000e+02 1.52132785203066e-09 5.76886053786896e-11
1.20573750000000e+02 1.47818496448187e-09 5.60985949163767e-11
1.20771250000000e+02 1.43626555334781e-09 5.45523350593990e-11
1.20968750000000e+02 1.39553492242195e-09 5.30486242227835e-11
1.21166250000000e+02 1.35595935943722e-09 5.15862937527093e-11
1.21363750000000e+02 1.31750610816278e-09 5.01642070261509e-11
1.21561250000000e+02 1.28014334129209e-09 4.87812585750674e-11
1.21758750000000e+02 1.24384013409978e-09 4.74363732344690e-11
1.21956250000000e+02 1.20856643884565e-09 4.61285053137207e-11
1.22153750000000e+02 1.17429305990451e-09 4.48566377904470e-11
1.22351250000000e+02 1.14099162960126e-09 4.36197815264215e-11
1.22548750000000e+02 1.10863458473135e-09 4.24169745048440e-11
1.22746250000000e+02 1.07719514374700e-09 4.12472810884277e-11
1.22943750000000e+02 1.04664728459044e-09 4.01097912977257e-11
1.23141250000000e+02 1.01696572315576e-09 3.90036201091471e-11
1.23338750000000e+02 9.88125892361547e-10 3.79279067721314e-11
1.23536250000000e+02 9.60103921816997e-10 3.68818141449534e-11
1.23733750000000e+02 9.32876618064674e-10 3.58645280486564e-11
1.23931250000000e+02 9.06421445383557e-10 3.48752566386210e-11
1.24128750000000e+02 8.80716507136485e-10 3.39132297932848e-11
1.24326250000000e+02 8.55740527646569e-10 3.29776985195496e-11
1.24523750000000e+02 8.31472834587560e-10 3.20679343744244e-11
1.24721250000000e+02 8.07893341873608e-10 3.11832289024566e-11
1.24918750000000e+02 7.84982533034245e-10 3.03228930885232e-11
1.25116250000000e+02 7.62721445060828e-10 2.94862568255692e-11
1.25313750000000e+02 7.41091652711078e-10 2.86726683968794e-11
1.25511250000000e+02 7.20075253258727e-10 2.78814939724901e-11
1.25708750000000e+02 6.99654851675633e-10 2.71121171193573e-11
1.25906250000000e+02 6.79813546234127e-10 2.63639383249041e-11
1.26103750000000e+02 6.60534914517644e-10 2.56363745335853e-11
1.26301250000000e+02 6.41802999828085e-10 2.49288586961138e-11
1.26498750000000e+02 6.23602297978643e-10 2.42408393310019e-11
1.26696250000000e+02 6.05917744461167e-10 2.35717800980857e-11
1.26893750000000e+02 5.88734701977447e-10 2.29211593837024e-11
1.27091250000000e+02 5.72038948324096e-10 2.22884698972049e-11
1.27288750000000e+02 5.55816664620990e-10 2.16732182785053e-11
1.27486250000000e+02 5.40054423873551e-10 2.10749247163453e-11
1.27683750000000e+02 5.24739179859379e-10 2.04931225770007e-11
1.27881250000000e+02 5.09858256330040e-10 1.99273580431381e-11
1.28078750000000e+02 4.95399336519093e-10 1.93771897625445e-11
1.28276250000000e+02 4.81350452947637e-10 1.88421885064611e-11
1.28473750000000e+02 4.67699977518977e-10 1.83219368372604e-11
1.28671250000000e+02 4.54436611894176e-10 1.78160287852113e-11
1.28868750000000e+02 4.41549378140560e-10 1.73240695340844e-11
1.29066250000000e+02 4.29027609645405e-10 1.68456751153555e-11
1.29263750000000e+02 4.16860942287311e-10 1.63804721107737e-11
1.29461250000000e+02 4.05039305857937e-10 1.59280973630664e-11
1.29658750000000e+02 3.93552915727009e-10 1.54881976945585e-11
1.29856250000000e+02 3.82392264743694e-10 1.50604296334890e-11
1.30053750000000e+02 3.71548115367643e-10 1.46444591478165e-11
1.30251250000000e+02 3.61011492023190e-10 1.42399613863083e-11
1.30448750000000e+02 3.50773673670367e-10 1.38466204267157e-11
1.30646250000000e+02 3.40826186586608e-10 1.34641290308393e-11
1.30843750000000e+02 3.31160797353140e-10 1.30921884062991e-11
1.31041250000000e+02 3.21769506040287e-10 1.27305079748251e-11
1.31238750000000e+02 3.12644539586016e-10 1.23788051468898e-11
1.31436250000000e+02 3.03778345362266e-10 1.20368051025118e-11
1.31633750000000e+02 2.95163584923725e-10 1.17042405780579e-11
1.31831250000000e+02 2.86793127933888e-10 1.13808516588847e-11
1.32028750000000e+02 2.78660046263357e-10 1.10663855776560e-11
1.32226250000000e+02 2.70757608255510e-10 1.07605965181842e-11
1.32423750000000e+02 2.63079273154791e-10 1.04632454246432e-11
1.32621250000000e+02 2.55618685692999e-10 1.01740998160056e-11
1.32818750000000e+02 2.48369670829106e-10 9.89293360556312e-12
1.33016250000000e+02 2.41326228638254e-10 9.61952692538989e-12
1.33213750000000e+02 2.34482529345680e-10 9.35366595561434e-12
1.33411250000000e+02 2.27832908501485e-10 9.09514275836794e-12
1.33608750000000e+02 2.21371862292232e-10 8.84375511628349e-12
1.33806250000000e+02 2.15094042985504e-10 8.59930637541789e-12
1.34003750000000e+02 2.08994254503650e-10 8.36160529247898e-12
1.34201250000000e+02 2.03067448123053e-10 8.13046588623895e-12
1.34398750000000e+02 1.97308718295357e-10 7.90570729301890e-12
1.34596250000000e+02 1.91713298587205e-10 7.68715362613430e-12
1.34793750000000e+02 1.86276557735115e-10 7.47463383919314e-12
1.34991250000000e+02 1.80993995812243e-10 7.26798159314033e-12
1.35188750000000e+02 1.75861240503838e-10 7.06703512694668e-12
1.35386250000000e+02 1.70874043488335e-10 6.87163713184311e-12
1.35583750000000e+02 1.66028276921066e-10 6.68163462900240e-12
1.35781250000000e+02 1.61319930017692e-10 6.49687885057421e-12
1.35978750000000e+02 1.56745105734522e-10 6.31722512398252e-12
1.36176250000000e+02 1.52300017542978e-10 6.14253275939534e-12
1.36373750000000e+02 1.47980986295528e-10 5.97266494028016e-12
1.36571250000000e+02 1.43784437180499e-10 5.80748861696102e-12
1.36768750000000e+02 1.39706896763248e-10 5.64687440309483e-12
1.36966250000000e+02 1.35744990111238e-10 5.49069647498675e-12
1.37163750000000e+02 1.31895438000650e-10 5.33883247366746e-12
1.37361250000000e+02 1.28155054202203e-10 5.19116340965666e-12
1.37558750000000e+02 1.24520742843955e-10 5.04757357033919e-12
1.37756250000000e+02 1.20989495848878e-10 4.90795042988189e-12
1.37953750000000e+02 1.17558390445118e-10 4.77218456162229e-12
1.38151250000000e+02 1.14224586746841e-10 4.64016955286120e-12
1.38348750000000e+02 1.10985325403701e-10 4.51180192199305e-12
1.38546250000000e+02 1.07837925316949e-10 4.38698103791052e-12
1.38743750000000e+02 1.04779781420330e-10 4.26560904162097e-12
1.38941250000000e+02 1.01808362523890e-10 4.14759077001405e-12
1.39138750000000e+02 9.89212092189453e-11 4.03283368172146e-12
1.39336250000000e+02 9.61159318424567e-11 3.92124778501194e-12
1.39533750000000e+02 9.33902084991343e-11 3.81274556766556e-12
1.39731250000000e+02 9.07417831396311e-11 3.70724192877272e-12
1.39928750000000e+02 8.81684636932379e-11 3.60465411240584e-12
1.40126250000000e+02 8.56681202535317e-11 3.50490164311200e-12
1.40323750000000e+02 8.32386833154770e-11 3.40790626317665e-12
1.40521250000000e+02 8.08781420625211e-11 3.31359187160997e-12
1.40718750000000e+02 7.85845427022641e-11 3.22188446480869e-12
1.40916250000000e+02 7.63559868493283e-11 3.13271207884741e-12
1.41113750000000e+02 7.41906299540866e-11 3.04600473335477e-12
1.41311250000000e+02 7.20866797759505e-11 2.96169437693105e-12
1.41508750000000e+02 7.00423948999532e-11 2.87971483406495e-12
1.41706250000000e+02 6.80560832954010e-11 2.80000175350848e-12
1.41903750000000e+02 6.61261009153995e-11 2.72249255806995e-12
1.42101250000000e+02 6.42508503360945e-11 2.64712639578627e-12
1.42298750000000e+02 6.24287794345038e-11 2.57384409243652e-12
1.42496250000000e+02 6.06583801038427e-11 2.50258810536035e-12
1.42693750000000e+02 5.89381870052815e-11 2.43330247854528e-12
1.42891250000000e+02 5.72667763551021e-11 2.36593279894796e-12
1.43088750000000e+02 5.56427647462485e-11 2.30042615401573e-12
1.43286250000000e+02 5.40648080032972e-11 2.23673109037559e-12
1.43483750000000e+02 5.25316000698988e-11 2.17479757365847e-12
1.43681250000000e+02 5.10418719277703e-11 2.11457694942759e-12
1.43878750000000e+02 4.95943905463440e-11 2.05602190518088e-12
1.44076250000000e+02 4.81879578622017e-11 1.99908643339775e-12
1.44273750000000e+02 4.68214097874523e-11 1.94372579560159e-12
1.44471250000000e+02 4.54936152462297e-11 1.88989648741034e-12
1.44668750000000e+02 4.42034752385145e-11 1.83755620454777e-12
1.44866250000000e+02 4.29499219305042e-11 1.78666380978930e-12
1.45063750000000e+02 4.17319177707802e-11 1.73717930081659e-12
1.45261250000000e+02 4.05484546315383e-11 1.68906377895591e-12
1.45458750000000e+02 3.93985529741731e-11 1.64227941877634e-12
1.45656250000000e+02 3.82812610385255e-11 1.59678943852388e-12
1.45853750000000e+02 3.71956540551217e-11 1.55255807136859e-12
1.46051250000000e+02 3.61408334797526e-11 1.50955053744263e-12
1.46248750000000e+02 3.51159262497591e-11 1.46773301664728e-12
1.46446250000000e+02 3.41200840614084e-11 1.42707262220787e-12
1.46643750000000e+02 3.31524826677628e-11 1.38753737495632e-12
1.46841250000000e+02 3.22123211964602e-11 1.34909617832087e-12
1.47038750000000e+02 3.12988214868417e-11 1.31171879400394e-12
1.47236250000000e+02 3.04112274458766e-11 1.27537581832919e-12
1.47433750000000e+02 2.95488044223535e-11 1.24003865923930e-12
1.47631250000000e+02 2.87108385988176e-11 1.20567951392651e-12
1.47828750000000e+02 2.78966364007529e-11 1.17227134707887e-12
1.48026250000000e+02 2.71055239225183e-11 1.13978786972494e-12
1.48223750000000e+02 2.63368463695638e-11 1.10820351866071e-12
1.48421250000000e+02 2.55899675164650e-11 1.07749343644267e-12
1.48618750000000e+02 2.48642691803263e-11 1.04763345193151e-12
1.48816250000000e+02 2.41591507091184e-11 1.01860006137133e-12
1.49013750000000e+02 2.34740284845258e-11 9.90370409989563e-13
1.49211250000000e+02 2.28083354388925e-11 9.62922274103428e-13
1.49408750000000e+02 2.21615205858666e-11 9.36234043718959e-13
1.49606250000000e+02 2.15330485643558e-11 9.10284705608991e-13
1.49803750000000e+02 2.09223991954149e-11 8.85053826857042e-13
1.50001250000000e+02 2.03290670516998e-11 8.60521538854238e-13
1.50198750000000e+02 1.97525610391314e-11 8.36668521736858e-13
1.50396250000000e+02 1.91924039904226e-11 8.13475989252403e-13
1.50593750000000e+02 1.86481322701325e-11 7.90925674042337e-13
1.50791250000000e+02 1.81192953909210e-11 7.68999813330075e-13
1.50988750000000e+02 1.76054556406854e-11 7.47681135003169e-13
1.51186250000000e+02 1.71061877202713e-11 7.26952844078761e-13
1.51383750000000e+02 1.66210783914575e-11 7.06798609541749e-13
1.51581250000000e+02 1.61497261349237e-11 6.87202551545477e-13
1.51778750000000e+02 1.56917408179173e-11 6.68149228965011e-13
1.51976250000000e+02 1.52467433713455e-11 6.49623627293243e-13
1.52173750000000e+02 1.48143654760238e-11 6.31611146870335e-13
1.52371250000000e+02 1.43942492578228e-11 6.14097591437495e-13
1.52568750000000e+02 1.39860469914601e-11 5.97069157006108e-13
1.52766250000000e+02 1.35894208126918e-11 5.80512421033435e-13
1.52963750000000e+02 1.32040424386663e-11 5.64414331896617e-13
1.53161250000000e+02 1.28295928962087e-11 5.48762198656662e-13
1.53358750000000e+02 1.24657622578101e-11 5.33543681104484e-13
1.53556250000000e+02 1.21122493851042e-11 5.18746780081275e-13
1.53753750000000e+02 1.17687616796192e-11 5.04359828065541e-13
1.53951250000000e+02 1.14350148405965e-11 4.90371480019598e-13
1.54148750000000e+02 1.11107326296791e-11 4.76770704488326e-13
1.54346250000000e+02 1.07956466422720e-11 4.63546774943236e-13
1.54543750000000e+02 1.04894960853868e-11 4.50689261365135e-13
1.54741250000000e+02 1.01920275617867e-11 4.38188022058783e-13
1.54938750000000e+02 9.90299486025195e-12 4.26033195693182e-13
1.55136250000000e+02 9.62215875179453e-12 4.14215193561289e-13
1.55333750000000e+02 9.34928679165047e-12 4.02724692053100e-13
1.55531250000000e+02 9.08415312688830e-12 3.91552625336245e-13
1.55728750000000e+02 8.82653830947319e-12 3.80690178238394e-13
1.55926250000000e+02 8.57622911463233e-12 3.70128779325880e-13
1.56123750000000e+02 8.33301836437134e-12 3.59860094173160e-13
1.56321250000000e+02 8.09670475599543e-12 3.49876018817883e-13
1.56518750000000e+02 7.86709269549350e-12 3.40168673396426e-13
1.56716250000000e+02 7.64399213564730e-12 3.30730395954938e-13
1.56913750000000e+02 7.42721841873156e-12 3.21553736431042e-13
1.57111250000000e+02 7.21659212367492e-12 3.12631450801549e-13
1.57308750000000e+02 7.01193891755524e-12 3.03956495391553e-13
1.57506250000000e+02 6.81308941130625e-12 2.95522021340484e-13
1.57703750000000e+02 6.61987901951625e-12 2.87321369220827e-13
1.57901250000000e+02 6.43214782420262e-12 2.79348063805247e-13
1.58098750000000e+02 6.24974044244964e-12 2.71595808978082e-13
1.58296250000000e+02 6.07250589779980e-12 2.64058482787210e-13
1.58493750000000e+02 5.90029749529242e-12 2.56730132632392e-13
1.58691250000000e+02 5.73297270004591e-12 2.49604970586404e-13
1.58888750000000e+02 5.57039301928331e-12 2.42677368845235e-13
1.59086250000000e+02 5.41242388770344e-12 2.35941855303812e-13
1.59283750000000e+02 5.25893455610281e-12 2.29393109253814e-13
1.59481250000000e+02 5.10979798315597e-12 2.23025957200197e-13
1.59678750000000e+02 4.96489073026494e-12 2.16835368793158e-13
1.59876250000000e+02 4.82409285939051e-12 2.10816452872348e-13
1.60073750000000e+02 4.68728783378092e-12 2.04964453620275e-13
1.60271250000000e+02 4.55436242151576e-12 1.99274746821848e-13
1.60468750000000e+02 4.42520660178522e-12 1.93742836227163e-13
1.60666250000000e+02 4.29971347382717e-12 1.88364350014672e-13
1.60863750000000e+02 4.17777916844667e-12 1.83135037351985e-13
1.61061250000000e+02 4.05930276204458e-12 1.78050765051596e-13
1.61258750000000e+02 3.94418619308434e-12 1.73107514318923e-13
1.61456250000000e+02 3.83233418092758e-12 1.68301377590127e-13
1.61653750000000e+02 3.72365414697140e-12 1.63628555457214e-13
1.61851250000000e+02 3.61805613802220e-12 1.59085353678040e-13
1.62048750000000e+02 3.51545275184244e-12 1.54668180268868e-13
1.62246250000000e+02 3.41575906480884e-12 1.50373542677178e-13
1.62443750000000e+02 3.31889256162208e-12 1.46198045032564e-13
1.62641250000000e+02 3.22477306700988e-12 1.42138385473523e-13
1.62838750000000e+02 3.13332267936681e-12 1.38191353548062e-13
1.63036250000000e+02 3.04446570627611e-12 1.34353827686095e-13
1.63233750000000e+02 2.95812860185991e-12 1.30622772741631e-13
1.63431250000000e+02 2.87423990590619e-12 1.26995237602842e-13
1.63628750000000e+02 2.79273018472199e-12 1.23468352868140e-13
1.63826250000000e+02 2.71353197366395e-12 1.20039328586425e-13
1.64023750000000e+02 2.63657972129863e-12 1.16705452059765e-13
1.64221250000000e+02 2.56180973514634e-12 1.13464085706756e-13
1.64418750000000e+02 2.48916012896362e-12 1.10312664984901e-13
1.64616250000000e+02 2.41857077152072e-12 1.07248696370389e-13
1.64813750000000e+02 2.34998323683170e-12 1.04269755393668e-13
1.65011250000000e+02 2.28334075579590e-12 1.01373484729305e-13
1.65208750000000e+02 2.21858816921084e-12 9.85575923385939e-14
1.65406250000000e+02 2.15567188211756e-12 9.58198496634975e-14
1.65603750000000e+02 2.09453981944076e-12 9.31580898704808e-14
1.65801250000000e+02 2.03514138288681e-12 9.05702061428677e-14
1.65998750000000e+02 1.97742740906414e-12 8.80541500203811e-14
1.66196250000000e+02 1.92135012879133e-12 8.56079297845648e-14
1.66393750000000e+02 1.86686312755904e-12 8.32296088888265e-14
1.66591250000000e+02 1.81392130711332e-12 8.09173044318585e-14
1.66788750000000e+02 1.76248084812830e-12 7.86691856732497e-14
1.66986250000000e+02 1.71249917393742e-12 7.64834725901170e-14
1.67183750000000e+02 1.66393491529326e-12 7.43584344736333e-14
1.67381250000000e+02 1.61674787612665e-12 7.22923885643421e-14
1.67578750000000e+02 1.57089900027693e-12 7.02836987251892e-14
1.67776250000000e+02 1.52635033916551e-12 6.83307741512381e-14
1.67973750000000e+02 1.48306502038640e-12 6.64320681150464e-14
1.68171250000000e+02 1.44100721718726e-12 6.45860767467253e-14
1.68368750000000e+02 1.40014211881603e-12 6.27913378477234e-14
1.68566250000000e+02 1.36043590170853e-12 6.10464297374012e-14
1.68763750000000e+02 1.32185570149303e-12 5.93499701314959e-14
1.68961250000000e+02 1.28436958578883e-12 5.77006150515898e-14
1.69158750000000e+02 1.24794652777617e-12 5.60970577647329e-14
1.69356250000000e+02 1.21255638051574e-12 5.45380277523821e-14
1.69553750000000e+02 1.17816985199636e-12 5.30222897078486e-14
1.69751250000000e+02 1.14475848089038e-12 5.15486425614685e-14
1.69948750000000e+02 1.11229461299651e-12 5.01159185327292e-14
1.70146250000000e+02 1.08075137835081e-12 4.87229822086062e-14
1.70343750000000e+02 1.05010266898672e-12 4.73687296473884e-14
1.70541250000000e+02 1.02032311732577e-12 4.60520875072880e-14
1.70738750000000e+02 9.91388075181194e-13 4.47720121991481e-14
1.70936250000000e+02 9.63273593356866e-13 4.35274890625850e-14
1.71133750000000e+02 9.35956401824845e-13 4.23175315649161e-14
1.71331250000000e+02 9.09413890465045e-13 4.11411805222462e-14
1.71528750000000e+02 8.83624090351101e-13 3.99975033420985e-14
1.71726250000000e+02 8.58565655566950e-13 3.88855932869920e-14
1.71923750000000e+02 8.34217845539058e-13 3.78045687583939e-14
1.72121250000000e+02 8.10560507869699e-13 3.67535726004782e-14
1.72318750000000e+02 7.87574061657044e-13 3.57317714231469e-14
1.72516250000000e+02 7.65239481288280e-13 3.47383549437775e-14
1.72713750000000e+02 7.43538280692333e-13 3.37725353471829e-14
1.72911250000000e+02 7.22452498039163e-13 3.28335466632799e-14
1.73108750000000e+02 7.01964680872964e-13 3.19206441619752e-14
1.73306250000000e+02 6.82057871666977e-13 3.10331037647942e-14
1.73503750000000e+02 6.62715593787938e-13 3.01702214727930e-14
1.73701250000000e+02 6.43921837858562e-13 2.93313128102968e-14
1.73898750000000e+02 6.25661048506770e-13 2.85157122840325e-14
1.74096250000000e+02 6.07918111490689e-13 2.77227728572292e-14
1.74293750000000e+02 5.90678341188771e-13 2.69518654382729e-14
1.74491250000000e+02 5.73927468444674e-13 2.62023783835104e-14
1.74688750000000e+02 5.57651628756849e-13 2.54737170138151e-14
1.74886250000000e+02 5.41837350803056e-13 2.47653031445332e-14
1.75083750000000e+02 5.26471545290306e-13 2.40765746284377e-14
1.75281250000000e+02 5.11541494121005e-13 2.34069849113353e-14
1.75478750000000e+02 4.97034839866337e-13 2.27560025999724e-14
1.75676250000000e+02 4.82939575538162e-13 2.21231110419015e-14
1.75873750000000e+02 4.69244034650973e-13 2.15078079169788e-14
1.76071250000000e+02 4.55936881565681e-13 2.09096048401692e-14
1.76268750000000e+02 4.43007102107242e-13 2.03280269753466e-14
1.76466250000000e+02 4.30443994448351e-13 1.97626126597872e-14
1.76663750000000e+02 4.18237160251665e-13 1.92129130390575e-14
1.76861250000000e+02 4.06376496063219e-13 1.86784917120115e-14
1.77058750000000e+02 3.94852184949919e-13 1.81589243856167e-14
1.77256250000000e+02 3.83654688374179e-13 1.76537985393366e-14
1.77453750000000e+02 3.72774738298985e-13 1.71627130988077e-14
1.77651250000000e+02 3.62203329516849e-13 1.66852781185509e-14
1.77848750000000e+02 3.51931712196305e-13 1.62211144734691e-14
1.78046250000000e+02 3.41951384639773e-13 1.57698535588881e-14
1.78243750000000e+02 3.32254086246809e-13 1.53311369989040e-14
1.78441250000000e+02 3.22831790676895e-13 1.49046163628073e-14
1.78638750000000e+02 3.13676699206139e-13 1.44899528893609e-14
1.78836250000000e+02 3.04781234272354e-13 1.40868172187133e-14
1.79033750000000e+02 2.96138033203207e-13 1.36948891317382e-14
1.79231250000000e+02 2.87739942122212e-13 1.33138572965921e-14
1.79428750000000e+02 2.79580010027558e-13 1.29434190222930e-14
1.79626250000000e+02 2.71651483038842e-13 1.25832800191241e-14
1.79823750000000e+02 2.63947798806961e-13 1.22331541656741e-14
1.80021250000000e+02 2.56462581082536e-13 1.18927632823313e-14
1.80218750000000e+02 2.49189634438360e-13 1.15618369110510e-14
1.80416250000000e+02 2.42122939141518e-13 1.12401121012258e-14
1.80613750000000e+02 2.35256646170924e-13 1.09273332014859e-14
1.80811250000000e+02 2.28585072376155e-13 1.06232516572689e-14
1.81008750000000e+02 2.22102695773574e-13 1.03276258139971e-14
1.81206250000000e+02 2.15804150975848e-13 1.00402207257087e-14
1.81403750000000e+02 2.09684224751078e-13 9.76080796899003e-15
1.81601250000000e+02 2.03737851707873e-13 9.48916546206475e-15
1.81798750000000e+02 1.97960110102779e-13 9.22507728889473e-15
1.81996250000000e+02 1.92346217766612e-13 8.96833352815537e-15
1.82193750000000e+02 1.86891528146314e-13 8.71873008694999e-15
1.82391250000000e+02 1.81591526459053e-13 8.47606853913237e-15
1.82588750000000e+02 1.76441825955391e-13 8.24015596810943e-15
1.82786250000000e+02 1.71438164288422e-13 8.01080481400022e-15
1.82983750000000e+02 1.66576399985879e-13 7.78783272503118e-15
1.83181250000000e+02 1.61852509022283e-13 7.57106241304949e-15
1.83378750000000e+02 1.57262581488307e-13 7.36032151304063e-15
1.83576250000000e+02 1.52802818354590e-13 7.15544244654061e-15
1.83773750000000e+02 1.48469528327321e-13 6.95626228883323e-15
1.83971250000000e+02 1.44259124793001e-13 6.76262263982804e-15
1.84168750000000e+02 1.40168122849847e-13 6.57436949851825e-15
1.84366250000000e+02 1.36193136423374e-13 6.39135314091814e-15
1.84563750000000e+02 1.32330875463786e-13 6.21342800138421e-15
1.84761250000000e+02 1.28578143222838e-13 6.04045255722630e-15
1.84958750000000e+02 1.24931833607924e-13 5.87228921651711e-15
1.85156250000000e+02 1.21388928611202e-13 5.70880420901267e-15
1.85353750000000e+02 1.17946495811624e-13 5.54986748009650e-15
1.85551250000000e+02 1.14601685947804e-13 5.39535258766399e-15
1.85748750000000e+02 1.11351730559721e-13 5.24513660186599e-15
1.85946250000000e+02 1.08193939697291e-13 5.09910000763199e-15
1.86143750000000e+02 1.05125699693934e-13 4.95712660989615e-15
1.86341250000000e+02 1.02144471003268e-13 4.81910344145094e-15
1.86538750000000e+02 9.92477860971554e-14 4.68492067335624e-15
1.86736250000000e+02 9.64332474233637e-14 4.55447152783246e-15
1.86933750000000e+02 9.36985254211350e-14 4.42765219356934e-15
1.87131250000000e+02 9.10413565930376e-14 4.30436174338326e-15
1.87328750000000e+02 8.84595416314955e-14 4.18450205415798e-15
1.87526250000000e+02 8.59509435984471e-14 4.06797772900579e-15
1.87723750000000e+02 8.35134861566267e-14 3.95469602158732e-15
1.87921250000000e+02 8.11451518510040e-14 3.84456676253025e-15
1.88118750000000e+02 7.88439804389609e-14 3.73750228788899e-15
1.88316250000000e+02 7.66080672678207e-14 3.63341736958841e-15
1.88513750000000e+02 7.44355616983903e-14 3.53222914779678e-15
1.88711250000000e+02 7.23246655732067e-14 3.43385706517470e-15
1.88908750000000e+02 7.02736317282243e-14 3.33822280294777e-15
1.89106250000000e+02 6.82807625467066e-14 3.24525021875263e-15
1.89303750000000e+02 6.63444085541292e-14 3.15486528620687e-15
1.89501250000000e+02 6.44629670529289e-14 3.06699603615566e-15
1.89698750000000e+02 6.26348807959697e-14 2.98157249954801e-15
1.89896250000000e+02 6.08586366976276e-14 2.89852665189790e-15
1.90093750000000e+02 5.91327645814271e-14 2.81779235928622e-15
1.90291250000000e+02 5.74558359631935e-14 2.73930532586083e-15
1.90488750000000e+02 5.58264628687132e-14 2.66300304279310e-15
1.90686250000000e+02 5.42432966849237e-14 2.58882473865069e-15
1.90883750000000e+02 5.27050270436822e-14 2.51671133114740e-15
1.91081250000000e+02 5.12103807371896e-14 2.44660538023182e-15
1.91278750000000e+02 4.97581206641707e-14 2.37845104247749e-15
1.91476250000000e+02 4.83470448059403e-14 2.31219402673873e-15
1.91673750000000e+02 4.69759852315065e-14 2.24778155103705e-15
1.91871250000000e+02 4.56438071308875e-14 2.18516230064391e-15
1.92068750000000e+02 4.43494078758429e-14 2.12428638732664e-15
1.92266250000000e+02 4.30917161072413e-14 2.06510530972555e-15
1.92463750000000e+02 4.18696908483085e-14 2.00757191483042e-15
1.92661250000000e+02 4.06823206430234e-14 1.95164036052620e-15
1.92858750000000e+02 3.95286227189478e-14 1.89726607917834e-15
1.93056250000000e+02 3.84076421737969e-14 1.84440574222858e-15
1.93253750000000e+02 3.73184511850782e-14 1.79301722577357e-15
1.93451250000000e+02 3.62601482421431e-14 1.74305957709883e-15
1.93648750000000e+02 3.52318574000176e-14 1.69449298214148e-15
1.93846250000000e+02 3.42327275543927e-14 1.64727873385635e-15
1.94043750000000e+02 3.32619317371753e-14 1.60137920146000e-15
1.94241250000000e+02 3.23186664320162e-14 1.55675780052856e-15
1.94438750000000e+02 3.14021509092494e-14 1.51337896392572e-15
1.94636250000000e+02 3.05116265796910e-14 1.47120811353763e-15
1.94833750000000e+02 2.96463563667638e-14 1.43021163279254e-15
1.95031250000000e+02 2.88056240964280e-14 1.39035683994335e-15
1.95228750000000e+02 2.79887339044116e-14 1.35161196209190e-15
1.95426250000000e+02 2.71950096602525e-14 1.31394610993444e-15
1.95623750000000e+02 2.64237944076725e-14 1.27732925320816e-15
1.95821250000000e+02 2.56744498208229e-14 1.24173219681965e-15
1.96018750000000e+02 2.49463556759490e-14 1.20712655763596e-15
1.96216250000000e+02 2.42389093380389e-14 1.17348474192020e-15
1.96413750000000e+02 2.35515252620288e-14 1.14077992339363e-15
1.96611250000000e+02 2.28836345081547e-14 1.10898602190693e-15
1.96808750000000e+02 2.22346842710475e-14 1.07807768270376e-15
1.97006250000000e+02 2.16041374221822e-14 1.04803025626012e-15
1.97203750000000e+02 2.09914720653035e-14 1.01881977868357e-15
1.97401250000000e+02 2.03961811044575e-14 9.90422952656749e-16
1.97598750000000e+02 1.98177718242751e-14 9.62817128910154e-16
1.97796250000000e+02 1.92557654821568e-14 9.35980288209434e-16
1.97993750000000e+02 1.87096969120233e-14 9.09891023842968e-16
1.98191250000000e+02 1.81791141393027e-14 8.84528524595776e-16
1.98388750000000e+02 1.76635780068367e-14 8.59872558196345e-16
1.98586250000000e+02 1.71626618113952e-14 8.35903455223228e-16
1.98783750000000e+02 1.66759509504991e-14 8.12602093458580e-16
1.98981250000000e+02 1.62030425792586e-14 7.89949882676348e-16
1.99178750000000e+02 1.57435452769432e-14 7.67928749853004e-16
1.99376250000000e+02 1.52970787230075e-14 7.46521124789034e-16
1.99573750000000e+02 1.48632733823040e-14 7.25709926129846e-16
1.99771250000000e+02 1.44417701992236e-14 7.05478547775058e-16
1.99968750000000e+02 1.40322203005092e-14 6.85810845665278e-16
2.00166250000000e+02 1.36342847064972e-14 6.66691124935949e-16
2.00363750000000e+02 1.32476340505485e-14 6.48104127428110e-16
2.00561250000000e+02 1.28719483064352e-14 6.30035019546070e-16
2.00758750000000e+02 1.25069165234588e-14 6.12469380452468e-16
2.00956250000000e+02 1.21522365690797e-14 5.95393190591311e-16
2.01153750000000e+02 1.18076148788462e-14 5.78792820529843e-16
2.01351250000000e+02 1.14727662134138e-14 5.62655020110483e-16
2.01548750000000e+02 1.11474134224567e-14 5.46966907904145e-16
2.01746250000000e+02 1.08312872152733e-14 5.31715960956610e-16
2.01943750000000e+02 1.05241259378974e-14 5.16890004819829e-16
2.02141250000000e+02 1.02256753565306e-14 5.02477203860201e-16
2.02338750000000e+02 9.93568844711564e-15 4.88466051836156e-16
2.02536250000000e+02 9.65392519087760e-15 4.74845362737588e-16
2.02733750000000e+02 9.38015237566320e-15 4.61604261879876e-16
2.02931250000000e+02 9.11414340291375e-15 4.48732177245341e-16
2.03128750000000e+02 8.85567810011222e-15 4.36218831065360e-16
2.03326250000000e+02 8.60454253854901e-15 4.24054231636440e-16
2.03523750000000e+02 8.36052885625565e-15 4.12228665363692e-16
2.03721250000000e+02 8.12343508595989e-15 4.00732689025470e-16
2.03918750000000e+02 7.89306498791975e-15 3.89557122252983e-16
2.04116250000000e+02 7.66922788749815e-15 3.78693040218929e-16
2.04313750000000e+02 7.45173851734381e-15 3.68131766529354e-16
2.04511250000000e+02 7.24041686404753e-15 3.57864866313050e-16
2.04708750000000e+02 7.03508801914730e-15 3.47884139503080e-16
2.04906250000000e+02 6.83558203435854e-15 3.38181614305020e-16
2.05103750000000e+02 6.64173378090992e-15 3.28749540846773e-16
2.05301250000000e+02 6.45338281286819e-15 3.19580385004914e-16
2.05498750000000e+02 6.27037323433897e-15 3.10666822402617e-16
2.05696250000000e+02 6.09255357043354e-15 3.02001732574470e-16
2.05893750000000e+02 5.91977664189485e-15 2.93578193293495e-16
2.06091250000000e+02 5.75189944327894e-15 2.85389475055862e-16
2.06288750000000e+02 5.58878302459107e-15 2.77429035718947e-16
2.06486250000000e+02 5.43029237627834e-15 2.69690515288462e-16
2.06683750000000e+02 5.27629631748395e-15 2.62167730850500e-16
2.06881250000000e+02 5.12666738747029e-15 2.54854671644484e-16
2.07078750000000e+02 4.98128174012118e-15 2.47745494273114e-16
2.07276250000000e+02 4.84001904143591e-15 2.40834518045497e-16
2.07473750000000e+02 4.70276236993018e-15 2.34116220449746e-16
2.07671250000000e+02 4.56939811986155e-15 2.27585232751475e-16
2.07868750000000e+02 4.43981590719928e-15 2.21236335714677e-16
2.08066250000000e+02 4.31390847826082e-15 2.15064455441588e-16
2.08263750000000e+02 4.19157162093912e-15 2.09064659328236e-16
2.08461250000000e+02 4.07270407844753e-15 2.03232152132458e-16
2.08658750000000e+02 3.95720746551071e-15 1.97562272151254e-16
2.08856250000000e+02 3.84498618693233e-15 1.92050487504445e-16
2.09053750000000e+02 3.73594735847200e-15 1.86692392521681e-16
2.09251250000000e+02 3.63000072996610e-15 1.81483704229929e-16
2.09448750000000e+02 3.52705861062875e-15 1.76420258938653e-16
2.09646250000000e+02 3.42703579647120e-15 1.71498008919946e-16
2.09843750000000e+02 3.32984949977947e-15 1.66713019181008e-16
2.10041250000000e+02 3.23541928059190e-15 1.62061464326391e-16
2.10238750000000e+02 3.14366698012001e-15 1.57539625507520e-16
2.10436250000000e+02 3.05451665605729e-15 1.53143887457032e-16
2.10633750000000e+02 2.96789451972270e-15 1.48870735605634e-16
2.10831250000000e+02 2.88372887498664e-15 1.44716753279146e-16
2.11028750000000e+02 2.80195005892888e-15 1.40678618973500e-16
2.11226250000000e+02 2.72249038417938e-15 1.36753103705555e-16
2.11423750000000e+02 2.64528408289426e-15 1.32937068437589e-16
2.11621250000000e+02 2.57026725232050e-15 1.29227461573442e-16
2.11818750000000e+02 2.49737780190441e-15 1.25621316524321e-16
2.12016250000000e+02 2.42655540189996e-15 1.22115749342295e-16
2.12213750000000e+02 2.35774143343462e-15 1.18707956419651e-16
2.12411250000000e+02 2.29087893999112e-15 1.15395212252240e-16
2.12608750000000e+02 2.22591258026530e-15 1.12174867265053e-16
2.12806250000000e+02 2.16278858236067e-15 1.09044345698289e-16
2.13003750000000e+02 2.10145469928211e-15 1.06001143552231e-16
2.13201250000000e+02 2.04186016569160e-15 1.03042826589315e-16
2.13398750000000e+02 1.98395565589036e-15 1.00167028391771e-16
2.13596250000000e+02 1.92769324299256e-15 9.73714484733164e-17
2.13793750000000e+02 1.87302635925675e-15 9.46538504433870e-17
2.13991250000000e+02 1.81990975754234e-15 9.20120602224474e-17
2.14188750000000e+02 1.76829947385904e-15 8.94439643069599e-17
2.14386250000000e+02 1.71815279097838e-15 8.69475080826345e-17
2.14583750000000e+02 1.66942820307717e-15 8.45206941846131e-17
2.14781250000000e+02 1.62208538138360e-15 8.21615809032827e-17
2.14978750000000e+02 1.57608514079761e-15 7.98682806344560e-17
2.15176250000000e+02 1.53138940745781e-15 7.76389583726756e-17
2.15373750000000e+02 1.48796118722824e-15 7.54718302464508e-17
2.15571250000000e+02 1.44576453507869e-15 7.33651620942566e-17
2.15768750000000e+02 1.40476452533346e-15 7.13172680801601e-17
2.15966250000000e+02 1.36492722276380e-15 6.93265093479779e-17
2.16163750000000e+02 1.32621965450007e-15 6.73912927128880e-17
2.16361250000000e+02 1.28860978274052e-15 6.55100693894564e-17
2.16558750000000e+02 1.25206647823397e-15 6.36813337550649e-17
2.16756250000000e+02 1.21655949451447e-15 6.19036221477566e-17
2.16953750000000e+02 1.18205944286670e-15 6.01755116975398e-17
2.17151250000000e+02 1.14853776800120e-15 5.84956191902238e-17
2.17348750000000e+02 1.11596672441958e-15 5.68625999628787e-17
2.17546250000000e+02 1.08431935344983e-15 5.52751468300354e-17
2.17743750000000e+02 1.05356946093295e-15 5.37319890397808e-17
2.17941250000000e+02 1.02369159554239e-15 5.22318912589094e-17
2.18138750000000e+02 9.94661027718247e-16 5.07736525863235e-17
2.18336250000000e+02 9.66453729198904e-16 4.93561055939013e-17
2.18533750000000e+02 9.39046353133126e-16 4.79781153940588e-17
2.18731250000000e+02 9.12416214756144e-16 4.66385787332740e-17
2.18928750000000e+02 8.86541272613737e-16 4.53364231108466e-17
2.19126250000000e+02 8.61400110318778e-16 4.40706059221874e-17
2.19323750000000e+02 8.36971918825143e-16 4.28401136259615e-17
2.19521250000000e+02 8.13236479204303e-16 4.16439609344171e-17
2.19718750000000e+02 7.90174145910359e-16 4.04811900262569e-17
2.19916250000000e+02 7.67765830519646e-16 3.93508697814243e-17
2.20113750000000e+02 7.45992985931475e-16 3.82520950371944e-17
2.20311250000000e+02 7.24837591016911e-16 3.71839858649787e-17
2.20508750000000e+02 7.04282135702895e-16 3.61456868672643e-17
2.20706250000000e+02 6.84309606479361e-16 3.51363664941302e-17
2.20903750000000e+02 6.64903472317356e-16 3.41552163787939e-17
2.21101250000000e+02 6.46047670986497e-16 3.32014506916597e-17
2.21298750000000e+02 6.27726595760450e-16 3.22743055123545e-17
2.21496250000000e+02 6.09925082499429e-16 3.13730382192492e-17
2.21693750000000e+02 5.92628397099013e-16 3.04969268959794e-17
2.21891250000000e+02 5.75822223294899e-16 2.96452697544941e-17
2.22088750000000e+02 5.59492650813496e-16 2.88173845741702e-17
2.22286250000000e+02 5.43626163858559e-16 2.80126081565455e-17
2.22483750000000e+02 5.28209629924319e-16 2.72302957952385e-17
2.22681250000000e+02 5.13230288925861e-16 2.64698207606304e-17
2.22878750000000e+02 4.98675742637755e-16 2.57305737988973e-17
2.23076250000000e+02 4.84533944432182e-16 2.50119626449943e-17
2.23273750000000e+02 4.70793189308090e-16 2.43134115492055e-17
2.23471250000000e+02 4.57442104203096e-16 2.36343608168774e-17
2.23668750000000e+02 4.44469638580135e-16 2.29742663609742e-17
2.23866250000000e+02 4.31865055281064e-16 2.23325992670938e-17
2.24063750000000e+02 4.19617921639635e-16 2.17088453705990e-17
2.24261250000000e+02 4.07718100846507e-16 2.11025048455288e-17
2.24458750000000e+02 3.96155743559120e-16 2.05130918049589e-17
2.24656250000000e+02 3.84921279749515e-16 1.99401339124936e-17
2.24853750000000e+02 3.74005410783331e-16 1.93831720045808e-17
2.25051250000000e+02 3.63399101723433e-16 1.88417597233470e-17
2.25248750000000e+02 3.53093573851803e-16 1.83154631596594e-17
2.25446250000000e+02 3.43080297403496e-16 1.78038605061316e-17
2.25643750000000e+02 3.33350984506654e-16 1.73065417197959e-17
2.25841250000000e+02 3.23897582322729e-16 1.68231081941721e-17
2.26038750000000e+02 3.14712266381247e-16 1.63531724404727e-17
2.26236250000000e+02 3.05787434103583e-16 1.58963577776878e-17
2.26433750000000e+02 2.97115698510392e-16 1.54522980313052e-17
2.26631250000000e+02 2.88689882107500e-16 1.50206372404235e-17
2.26828750000000e+02 2.80503010945170e-16 1.46010293730253e-17
2.27026250000000e+02 2.72548308845847e-16 1.41931380491831e-17
2.27223750000000e+02 2.64819191795596e-16 1.37966362719765e-17
2.27421250000000e+02 2.57309262494590e-16 1.34112061659072e-17
2.27618750000000e+02 2.50012305062140e-16 1.30365387226017e-17
2.27816250000000e+02 2.42922279891883e-16 1.26723335535997e-17
2.28013750000000e+02 2.36033318652867e-16 1.23182986500304e-17
2.28211250000000e+02 2.29339719432411e-16 1.19741501489854e-17
2.28408750000000e+02 2.22835942016690e-16 1.16396121064016e-17
2.28606250000000e+02 2.16516603305166e-16 1.13144162762720e-17
2.28803750000000e+02 2.10376472855064e-16 1.09983018960088e-17
2.29001250000000e+02 2.04410468552189e-16 1.06910154777879e-17
2.29198750000000e+02 1.98613652404524e-16 1.03923106057084e-17
2.29396250000000e+02 1.92981226455109e-16 1.01019477386031e-17
2.29593750000000e+02 1.87508528810832e-16 9.81969401834536e-18
2.29791250000000e+02 1.82191029783828e-16 9.54532308349777e-18
2.29988750000000e+02 1.77024328142317e-16 9.27861488815349e-18
2.30186250000000e+02 1.72004147467750e-16 9.01935552582676e-18
2.30383750000000e+02 1.67126332615269e-16 8.76733705825145e-18
2.30581250000000e+02 1.62386846274545e-16 8.52235734895073e-18
2.30778750000000e+02 1.57781765628138e-16 8.28421990144506e-18
2.30976250000000e+02 1.53307279104632e-16 8.05273370196948e-18
2.31173750000000e+02 1.48959683223840e-16 7.82771306657519e-18
2.31371250000000e+02 1.44735379531475e-16 7.60897749249165e-18
2.31568750000000e+02 1.40630871620755e-16 7.39635151363185e-18
2.31766250000000e+02 1.36642762238465e-16 7.18966456012555e-18
2.31963750000000e+02 1.32767750473090e-16 6.98875082176719e-18
2.32161250000000e+02 1.29002629022693e-16 6.79344911527011e-18
2.32358750000000e+02 1.25344281540264e-16 6.60360275522090e-18
2.32556250000000e+02 1.21789680054360e-16 6.41905942863082e-18
2.32753750000000e+02 1.18335882462884e-16 6.23967107298430e-18
2.32951250000000e+02 1.14980030097945e-16 6.06529375768691e-18
2.33148750000000e+02 1.11719345359773e-16 5.89578756881778e-18
2.33346250000000e+02 1.08551129417727e-16 5.73101649709463e-18
2.33543750000000e+02 1.05472759976510e-16 5.57084832896230e-18
2.33741250000000e+02 1.02481689105722e-16 5.41515454071749e-18
2.33938750000000e+02 9.95754411309695e-17 5.26381019558478e-18
2.34136250000000e+02 9.67516105847786e-17 5.11669384366225e-18
2.34333750000000e+02 9.40078602156177e-17 4.97368742465639e-18
2.34531250000000e+02 9.13419190533812e-17 4.83467617332854e-18
2.34728750000000e+02 8.87515805297348e-17 4.69954852757760e-18
2.34926250000000e+02 8.62347006517641e-17 4.56819603908557e-18
2.35123750000000e+02 8.37891962274171e-17 4.44051328645405e-18
2.35321250000000e+02 8.14130431412705e-17 4.31639779076278e-18
2.35518750000000e+02 7.91042746791925e-17 4.19574993348246e-18
2.35716250000000e+02 7.68609799005173e-17 4.07847287667638e-18
2.35913750000000e+02 7.46813020563812e-17 3.96447248542703e-18
2.36111250000000e+02 7.25634370529136e-17 3.85365725242558e-18
2.36308750000000e+02 7.05056319580095e-17 3.74593822466428e-18
2.36506250000000e+02 6.85061835504482e-17 3.64122893217276e-18
2.36703750000000e+02 6.65634369101568e-17 3.53944531874151e-18
2.36901250000000e+02 6.46757840484524e-17 3.48999149394506e-18
