SPECIES: e / A
PROCESS: E + A -> E + A, Elastic
PARAM.:  m/M = 0.0000195921, complete set
COMMENT: [e + A(gnd) -> e + A(gnd), Elastic]
UPDATED: 2018-06-05 11:00:00
COLUMNS: Energy (eV) | Cross section (m2)
-----------------------------
0.00000000e+00 5.459240956118246e-18
3.18888889e-01 2.985758022418345e-18
6.37777778e-01 2.111249744634148e-18
9.56666667e-01 1.723828197978317e-18
1.27555556e+00 1.492879011209173e-18
1.59444444e+00 1.335271580498552e-18
1.91333333e+00 1.218930608391054e-18
2.23222222e+00 1.128510457476422e-18
2.55111111e+00 1.055624872317074e-18
2.87000000e+00 9.952526741394485e-19
3.18888889e+00 9.441795892962052e-19
3.50777778e+00 9.002399159231999e-19
3.82666667e+00 8.619140989891583e-19
4.14555556e+00 8.281002804582541e-19
4.46444444e+00 7.979773971215113e-19
4.78333333e+00 7.709194064420962e-19
5.10222222e+00 7.464395056045863e-19
5.42111111e+00 7.241526881744789e-19
5.74000000e+00 7.037499148780494e-19
6.05888889e+00 6.849798678730218e-19
6.37777778e+00 6.676357902492761e-19
6.69666667e+00 6.515458164073203e-19
7.01555556e+00 6.365657492441020e-19
7.33444444e+00 6.225735845607716e-19
7.65333333e+00 6.094653041955269e-19
7.97222222e+00 5.971516044836691e-19
8.29111111e+00 5.855553238145135e-19
8.61000000e+00 5.746093993261055e-19
8.92888889e+00 5.642552287382112e-19
9.24777778e+00 5.544413456878203e-19
9.56666667e+00 5.451223400435144e-19
9.88555556e+00 5.362579713953131e-19
1.02044444e+01 5.278124361585370e-19
1.05233333e+01 5.197537577935054e-19
1.08422222e+01 5.120532764226415e-19
1.11611111e+01 5.046852192473332e-19
1.14800000e+01 4.976263370697243e-19
1.17988889e+01 4.908555952244223e-19
1.21177778e+01 4.843539095492791e-19
1.24366667e+01 4.781039198385776e-19
1.27555556e+01 4.720897946481026e-19
1.30744444e+01 4.662970624501580e-19
1.33933333e+01 4.607124650353414e-19
1.37122222e+01 4.553238297779027e-19
1.40311111e+01 4.501199579615999e-19
1.43500000e+01 4.450905268328508e-19
1.46688889e+01 4.402260034305381e-19
1.49877778e+01 4.355175685548223e-19
1.53066667e+01 4.309570494945791e-19
1.56255556e+01 4.265368603454779e-19
1.59444444e+01 4.222499489268296e-19
1.62633333e+01 4.180897494519265e-19
1.65822222e+01 4.140501402291271e-19
1.69011111e+01 4.101254057737065e-19
1.72200000e+01 4.063102027970180e-19
1.75388889e+01 4.025995296125941e-19
1.78577778e+01 3.989886985607556e-19
1.81766667e+01 3.954733111059635e-19
1.84955556e+01 3.920492353060525e-19
1.88144444e+01 3.887125853909027e-19
1.91333333e+01 3.854597032210481e-19
1.94522222e+01 3.822871414250586e-19
1.97711111e+01 3.791916480389675e-19
2.00900000e+01 3.761701524921408e-19
2.04088889e+01 3.732197528022932e-19
2.07277778e+01 3.703377038582594e-19
2.10466667e+01 3.675214066829781e-19
2.13655556e+01 3.647683985812299e-19
2.16844444e+01 3.620763440872395e-19
2.20033333e+01 3.594430266365117e-19
2.23222222e+01 3.568663408944088e-19
2.26411111e+01 3.543442856811244e-19
2.29600000e+01 3.518749574390247e-19
2.32788889e+01 3.494565441938933e-19
2.35977778e+01 3.470873199665481e-19
2.39166667e+01 3.447656395956633e-19
2.42355556e+01 3.424899339365109e-19
2.45544444e+01 3.402587054037833e-19
2.48733333e+01 3.380705238297278e-19
2.51922222e+01 3.359240226115693e-19
2.55111111e+01 3.338178951246381e-19
2.58300000e+01 3.317508913798162e-19
2.61488889e+01 3.297218149058738e-19
2.64677778e+01 3.277295198390310e-19
2.67866667e+01 3.257729082036601e-19
2.71055556e+01 3.238509273694686e-19
2.74244444e+01 3.219625676717843e-19
2.77433333e+01 3.201068601827214e-19
2.80622222e+01 3.182828746220510e-19
2.83811111e+01 3.164897173975428e-19
2.87000000e+01 3.147265297654018e-19
2.90188889e+01 3.129924861021973e-19
2.93377778e+01 3.112867922803858e-19
2.96566667e+01 3.096086841401666e-19
2.99755556e+01 3.079574260509920e-19
3.02944444e+01 3.063323095565803e-19
3.06133333e+01 3.047326520977635e-19
3.09322222e+01 3.031577958079406e-19
3.12511111e+01 3.016071063763068e-19
3.15700000e+01 3.000799719744000e-19
3.18888889e+01 2.985758022418346e-19
3.22077778e+01 2.970940273274084e-19
3.25266667e+01 2.956340969820419e-19
3.28455556e+01 2.941954797002716e-19
3.31644444e+01 2.927776619072567e-19
3.34833333e+01 2.913801471884731e-19
3.38022222e+01 2.900024555594723e-19
3.41211111e+01 2.886441227732635e-19
3.44400000e+01 2.873046996630528e-19
3.47588889e+01 2.859837515182215e-19
3.50777778e+01 2.846808574915795e-19
3.53966667e+01 2.833956100360542e-19
3.57155556e+01 2.821276143691056e-19
3.60344444e+01 2.808764879632678e-19
3.63533333e+01 2.796418600613240e-19
3.66722222e+01 2.784233712147197e-19
3.69911111e+01 2.772206728439101e-19
3.73100000e+01 2.760334268194180e-19
3.76288889e+01 2.748613050624622e-19
3.79477778e+01 2.737039891640822e-19
3.82666667e+01 2.725611700217572e-19
3.85855556e+01 2.714325474925769e-19
3.89044444e+01 2.703178300620797e-19
3.92233333e+01 2.692167345279304e-19
3.95422222e+01 2.681289856976565e-19
3.98611111e+01 2.670543160997104e-19
4.01800000e+01 2.659924657071704e-19
4.04988889e+01 2.649431816734302e-19
4.08177778e+01 2.639062180792685e-19
4.11366667e+01 2.628813356907234e-19
4.14555556e+01 2.618683017272306e-19
4.17744444e+01 2.608668896395147e-19
4.20933333e+01 2.598768788967527e-19
4.24122222e+01 2.588980547825569e-19
4.27311111e+01 2.579302081993451e-19
4.30500000e+01 2.569731354806987e-19
4.33688889e+01 2.560266382113207e-19
4.36877778e+01 2.550905230542366e-19
4.40066667e+01 2.541646015848943e-19
4.43255556e+01 2.532486901318403e-19
4.46444444e+01 2.523426096236666e-19
4.49633333e+01 2.514461854419380e-19
4.52822222e+01 2.505592472798263e-19
4.56011111e+01 2.496816290061914e-19
4.59200000e+01 2.488131685348621e-19
4.62388889e+01 2.479537076988852e-19
4.65577778e+01 2.471030921295184e-19
4.68766667e+01 2.462611711397595e-19
4.71955556e+01 2.454277976122112e-19
4.75144444e+01 2.446028278910914e-19
4.78333333e+01 2.437861216782108e-19
4.81522222e+01 2.429775419327451e-19
4.84711111e+01 2.421769547746396e-19
4.87900000e+01 2.413842293914929e-19
4.91088889e+01 2.405992379487709e-19
4.94277778e+01 2.398218555032116e-19
4.97466667e+01 2.390519599192888e-19
5.00655556e+01 2.382894317886066e-19
5.03844444e+01 2.375341543521038e-19
5.07033333e+01 2.367860134249539e-19
5.10222222e+01 2.360448973240513e-19
5.13411111e+01 2.353106967979776e-19
5.16600000e+01 2.345833049593498e-19
5.19788889e+01 2.338626172194547e-19
5.22977778e+01 2.331485312250790e-19
5.26166667e+01 2.324409467974479e-19
5.29355556e+01 2.317397658731900e-19
5.32544444e+01 2.310448924472496e-19
5.35733333e+01 2.303562325176707e-19
5.38922222e+01 2.296736940321804e-19
5.42111111e+01 2.289971868365033e-19
5.45300000e+01 2.283266226243406e-19
5.48488889e+01 2.276619148889514e-19
5.51677778e+01 2.270029788762746e-19
5.54866667e+01 2.263497315395363e-19
5.58055556e+01 2.257020914952845e-19
5.61244444e+01 2.250599789808000e-19
5.64433333e+01 2.244233158128330e-19
5.67622222e+01 2.237920253476166e-19
5.70811111e+01 2.231660324421093e-19
5.74000000e+01 2.225452634164254e-19
5.77188889e+01 2.219296460174072e-19
5.80377778e+01 2.213191093833000e-19
5.83566667e+01 2.207135840094901e-19
5.86755556e+01 2.201130017152690e-19
5.89944444e+01 2.195172956115858e-19
5.93133333e+01 2.189264000697557e-19
5.96322222e+01 2.183402506910891e-19
5.99511111e+01 2.177587842774112e-19
6.02700000e+01 2.171819388024401e-19
6.05888889e+01 2.166096533839945e-19
6.09077778e+01 2.160418682570036e-19
6.12266667e+01 2.154785247472896e-19
6.15455556e+01 2.149195652460999e-19
6.18644444e+01 2.143649331853615e-19
6.21833333e+01 2.138145730136340e-19
6.25022222e+01 2.132684301727390e-19
6.28211111e+01 2.127264510750421e-19
6.31400000e+01 2.121885830813673e-19
6.34588889e+01 2.116547744795223e-19
6.37777778e+01 2.111249744634148e-19
6.40966667e+01 2.105991331127418e-19
6.44155556e+01 2.100772013732319e-19
6.47344444e+01 2.095591310374238e-19
6.50533333e+01 2.090448747259633e-19
6.53722222e+01 2.085343858694036e-19
6.56911111e+01 2.080276186904913e-19
6.60100000e+01 2.075245281869239e-19
6.63288889e+01 2.070250701145635e-19
6.66477778e+01 2.065292009710937e-19
6.69666667e+01 2.060368779801037e-19
6.72855556e+01 2.055480590755888e-19
6.76044444e+01 2.050627028868532e-19
6.79233333e+01 2.045807687238029e-19
6.82422222e+01 2.041022165626170e-19
6.85611111e+01 2.036270070317867e-19
6.88800000e+01 2.031551013985090e-19
6.91988889e+01 2.026864615554268e-19
6.95177778e+01 2.022210500077030e-19
6.98366667e+01 2.017588298604206e-19
7.01555556e+01 2.012997648062970e-19
7.04744444e+01 2.008438191137053e-19
7.07933333e+01 2.003909576149923e-19
7.11122222e+01 1.999411456950852e-19
7.14311111e+01 1.994943492803778e-19
7.17500000e+01 1.990505348278897e-19
7.20688889e+01 1.986096693146883e-19
7.23877778e+01 1.981717202275688e-19
7.27066667e+01 1.977366555529818e-19
7.30255556e+01 1.973044437672048e-19
7.33444444e+01 1.968750538267477e-19
7.36633333e+01 1.964484551589878e-19
7.39822222e+01 1.960246176530262e-19
7.43011111e+01 1.956035116507612e-19
7.46200000e+01 1.951851079381711e-19
7.49388889e+01 1.947693777368016e-19
7.52577778e+01 1.943562926954513e-19
7.55766667e+01 1.939458248820514e-19
7.58955556e+01 1.935379467757318e-19
7.62144444e+01 1.931326312590711e-19
7.65333333e+01 1.927298516105240e-19
7.68522222e+01 1.923295814970218e-19
7.71711111e+01 1.919317949667407e-19
7.74900000e+01 1.915364664420351e-19
7.78088889e+01 1.911435707125293e-19
7.81277778e+01 1.907530829283646e-19
7.84466667e+01 1.903649785935982e-19
7.87655556e+01 1.899792335597484e-19
7.90844444e+01 1.895958240194837e-19
7.94033333e+01 1.892147265004513e-19
7.97222222e+01 1.888359178592410e-19
8.00411111e+01 1.884593752754825e-19
8.03600000e+01 1.880850762460704e-19
8.06788889e+01 1.877129985795162e-19
8.09977778e+01 1.873431203904219e-19
8.13166667e+01 1.869754200940726e-19
8.16355556e+01 1.866098764011466e-19
8.19544444e+01 1.862464683125375e-19
8.22733333e+01 1.858851751142878e-19
8.25922222e+01 1.855259763726293e-19
8.29111111e+01 1.851688519291297e-19
8.32300000e+01 1.848137818959401e-19
8.35488889e+01 1.844607466511435e-19
8.38677778e+01 1.841097268342004e-19
8.41866667e+01 1.837607033414891e-19
8.45055556e+01 1.834136573219384e-19
8.48244444e+01 1.830685701727522e-19
8.51433333e+01 1.827254235352199e-19
8.54622222e+01 1.823841992906150e-19
8.57811111e+01 1.820448795561762e-19
8.61000000e+01 1.817074466811715e-19
8.64188889e+01 1.813718832430411e-19
8.67377778e+01 1.810381720436197e-19
8.70566667e+01 1.807062961054338e-19
8.73755556e+01 1.803762386680740e-19
8.76944444e+01 1.800479831846400e-19
8.80133333e+01 1.797215133182558e-19
8.83322222e+01 1.793968129386555e-19
8.86511111e+01 1.790738661188350e-19
8.89700000e+01 1.787526571317710e-19
8.92888889e+01 1.784331704472044e-19
8.96077778e+01 1.781153907284860e-19
8.99266667e+01 1.777993028294845e-19
9.02455556e+01 1.774848917915543e-19
9.05644444e+01 1.771721428405622e-19
9.08833333e+01 1.768610413839714e-19
9.12022222e+01 1.765515730079817e-19
9.15211111e+01 1.762437234747247e-19
9.18400000e+01 1.759374787195123e-19
9.21588889e+01 1.756328248481379e-19
9.24777778e+01 1.753297481342288e-19
9.27966667e+01 1.750282350166481e-19
9.31155556e+01 1.747282720969466e-19
9.34344444e+01 1.744298461368621e-19
9.37533333e+01 1.741329440558649e-19
9.40722222e+01 1.738375529287500e-19
9.43911111e+01 1.735436599832740e-19
9.47100000e+01 1.732512525978352e-19
9.50288889e+01 1.729603182991967e-19
9.53477778e+01 1.726708447602521e-19
9.56666667e+01 1.723828197978316e-19
9.59855556e+01 1.720962313705481e-19
9.63044444e+01 1.718110675766827e-19
9.66233333e+01 1.715273166521093e-19
9.69422222e+01 1.712449669682555e-19
9.72611111e+01 1.709640070301014e-19
9.75800000e+01 1.706844254742138e-19
9.78988889e+01 1.704062110668160e-19
9.82177778e+01 1.701293527018916e-19
9.85366667e+01 1.698538393993229e-19
9.88555556e+01 1.695796603030612e-19
9.91744444e+01 1.693068046793309e-19
9.94933333e+01 1.690352619148639e-19
9.98122222e+01 1.687650215151659e-19
1.00131111e+02 1.684960731028130e-19
1.00450000e+02 1.682284064157777e-19
1.00768889e+02 1.679620113057846e-19
1.01087778e+02 1.676968777366939e-19
1.01406667e+02 1.674329957829138e-19
1.01725556e+02 1.671703556278393e-19
1.02044444e+02 1.669089475623190e-19
1.02363333e+02 1.666487619831471e-19
1.02682222e+02 1.663897893915816e-19
1.03001111e+02 1.661320203918881e-19
1.03320000e+02 1.658754456899081e-19
1.03638889e+02 1.656200560916508e-19
1.03957778e+02 1.653658425019102e-19
1.04276667e+02 1.651127959229042e-19
1.04595556e+02 1.648609074529369e-19
1.04914444e+02 1.646101682850835e-19
1.05233333e+02 1.643605697058969e-19
1.05552222e+02 1.641121030941362e-19
1.05871111e+02 1.638647599195155e-19
1.06190000e+02 1.636185317414741e-19
1.06508889e+02 1.633734102079667e-19
1.06827778e+02 1.631293870542736e-19
1.07146667e+02 1.628864541018301e-19
1.07465556e+02 1.626446032570751e-19
1.07784444e+02 1.624038265103191e-19
1.08103333e+02 1.621641159346293e-19
1.08422222e+02 1.619254636847343e-19
1.08741111e+02 1.616878619959447e-19
1.09060000e+02 1.614513031830930e-19
1.09378889e+02 1.612157796394889e-19
1.09697778e+02 1.609812838358921e-19
1.10016667e+02 1.607478083195016e-19
1.10335556e+02 1.605153457129604e-19
1.10654444e+02 1.602838887133768e-19
1.10973333e+02 1.600534300913607e-19
1.11292222e+02 1.598239626900750e-19
1.11611111e+02 1.595954794243022e-19
1.11930000e+02 1.593679732795259e-19
1.12248889e+02 1.591414373110255e-19
1.12567778e+02 1.589158646429867e-19
1.12886667e+02 1.586912484676244e-19
1.13205556e+02 1.584675820443199e-19
1.13524444e+02 1.582448586987714e-19
1.13843333e+02 1.580230718221573e-19
1.14162222e+02 1.578022148703125e-19
1.14481111e+02 1.575822813629179e-19
1.14800000e+02 1.573632648827009e-19
1.15118889e+02 1.571451590746497e-19
1.15437778e+02 1.569279576452387e-19
1.15756667e+02 1.567116543616651e-19
1.16075556e+02 1.564962430510987e-19
1.16394444e+02 1.562817175999409e-19
1.16713333e+02 1.560680719530972e-19
1.17032222e+02 1.558553001132581e-19
1.17351111e+02 1.556433961401929e-19
1.17670000e+02 1.554323541500527e-19
1.17988889e+02 1.552221683146843e-19
1.18307778e+02 1.550128328609544e-19
1.18626667e+02 1.548043420700833e-19
1.18945556e+02 1.545966902769889e-19
1.19264444e+02 1.543898718696399e-19
1.19583333e+02 1.541838812884193e-19
1.19902222e+02 1.539787130254960e-19
1.20221111e+02 1.537743616242070e-19
1.20540000e+02 1.535708216784471e-19
1.20858889e+02 1.533680878320689e-19
1.21177778e+02 1.531661547782901e-19
1.21496667e+02 1.529650172591108e-19
1.21815556e+02 1.527646700647380e-19
1.22134444e+02 1.525651080330187e-19
1.22453333e+02 1.523663260488817e-19
1.22772222e+02 1.521683190437869e-19
1.23091111e+02 1.519710819951819e-19
1.23410000e+02 1.517746099259676e-19
1.23728889e+02 1.515788979039703e-19
1.24047778e+02 1.513839410414218e-19
1.24366667e+02 1.511897344944467e-19
1.24685556e+02 1.509962734625570e-19
1.25004444e+02 1.508035531881534e-19
1.25323333e+02 1.506115689560342e-19
1.25642222e+02 1.504203160929106e-19
1.25961111e+02 1.502297899669291e-19
1.26280000e+02 1.500399859872000e-19
1.26598889e+02 1.498508996033332e-19
1.26917778e+02 1.496625263049796e-19
1.27236667e+02 1.494748616213797e-19
1.27555556e+02 1.492879011209173e-19
1.27874444e+02 1.491016404106805e-19
1.28193333e+02 1.489160751360281e-19
1.28512222e+02 1.487312009801617e-19
1.28831111e+02 1.485470136637042e-19
1.29150000e+02 1.483635089442836e-19
1.29468889e+02 1.481806826161226e-19
1.29787778e+02 1.479985305096340e-19
1.30106667e+02 1.478170484910210e-19
1.30425556e+02 1.476362324618829e-19
1.30744444e+02 1.474560783588274e-19
1.31063333e+02 1.472765821530859e-19
1.31382222e+02 1.470977398501358e-19
1.31701111e+02 1.469195474893268e-19
1.32020000e+02 1.467420011435127e-19
1.32338889e+02 1.465650969186878e-19
1.32657778e+02 1.463888309536284e-19
1.32976667e+02 1.462131994195381e-19
1.33295556e+02 1.460381985196996e-19
1.33614444e+02 1.458638244891292e-19
1.33933333e+02 1.456900735942366e-19
1.34252222e+02 1.455169421324894e-19
1.34571111e+02 1.453444264320819e-19
1.34890000e+02 1.451725228516075e-19
1.35208889e+02 1.450012277797361e-19
1.35527778e+02 1.448305376348958e-19
1.35846667e+02 1.446604488649577e-19
1.36165556e+02 1.444909579469262e-19
1.36484444e+02 1.443220613866318e-19
1.36803333e+02 1.441537557184289e-19
1.37122222e+02 1.439860375048972e-19
1.37441111e+02 1.438189033365466e-19
1.37760000e+02 1.436523498315264e-19
1.38078889e+02 1.434863736353374e-19
1.38397778e+02 1.433209714205487e-19
1.38716667e+02 1.431561398865171e-19
1.39035556e+02 1.429918757591108e-19
1.39354444e+02 1.428281757904357e-19
1.39673333e+02 1.426650367585663e-19
1.39992222e+02 1.425024554672792e-19
1.40311111e+02 1.423404287457898e-19
1.40630000e+02 1.421789534484926e-19
1.40948889e+02 1.420180264547053e-19
1.41267778e+02 1.418576446684148e-19
1.41586667e+02 1.416978050180271e-19
1.41905556e+02 1.415385044561207e-19
1.42224444e+02 1.413797399592022e-19
1.42543333e+02 1.412215085274653e-19
1.42862222e+02 1.410638071845528e-19
1.43181111e+02 1.409066329773215e-19
1.43500000e+02 1.407499829756099e-19
1.43818889e+02 1.405938542720086e-19
1.44137778e+02 1.404382439816339e-19
1.44456667e+02 1.402831492419039e-19
1.44775556e+02 1.401285672123172e-19
1.45094444e+02 1.399744950742343e-19
1.45413333e+02 1.398209300306620e-19
1.45732222e+02 1.396678693060400e-19
1.46051111e+02 1.395153101460303e-19
1.46370000e+02 1.393632498173088e-19
1.46688889e+02 1.392116856073599e-19
1.47007778e+02 1.390606148242729e-19
1.47326667e+02 1.389100347965417e-19
1.47645556e+02 1.387599428728659e-19
1.47964444e+02 1.386103364219551e-19
1.48283333e+02 1.384612128323347e-19
1.48602222e+02 1.383125695121551e-19
1.48921111e+02 1.381644038890019e-19
1.49240000e+02 1.380167134097090e-19
1.49558889e+02 1.378694955401743e-19
1.49877778e+02 1.377227477651766e-19
1.50196667e+02 1.375764675881950e-19
1.50515556e+02 1.374306525312311e-19
1.50834444e+02 1.372853001346322e-19
1.51153333e+02 1.371404079569172e-19
1.51472222e+02 1.369959735746044e-19
1.51791111e+02 1.368519945820411e-19
1.52110000e+02 1.367084685912355e-19
1.52428889e+02 1.365653932316902e-19
1.52747778e+02 1.364227661502379e-19
1.53066667e+02 1.362805850108786e-19
1.53385556e+02 1.361388474946193e-19
1.53704444e+02 1.359975512993148e-19
1.54023333e+02 1.358566941395108e-19
1.54342222e+02 1.357162737462884e-19
1.54661111e+02 1.355762878671112e-19
1.54980000e+02 1.354367342656727e-19
1.55298889e+02 1.352976107217469e-19
1.55617778e+02 1.351589150310398e-19
1.55936667e+02 1.350206450050426e-19
1.56255556e+02 1.348827984708865e-19
1.56574444e+02 1.347453732711997e-19
1.56893333e+02 1.346083672639652e-19
1.57212222e+02 1.344717783223811e-19
1.57531111e+02 1.343356043347210e-19
1.57850000e+02 1.341998432041980e-19
1.58168889e+02 1.340644928488283e-19
1.58487778e+02 1.339295512012972e-19
1.58806667e+02 1.337950162088271e-19
1.59125556e+02 1.336608858330453e-19
1.59444444e+02 1.335271580498552e-19
1.59763333e+02 1.333938308493077e-19
1.60082222e+02 1.332609022354741e-19
1.60401111e+02 1.331283702263207e-19
1.60720000e+02 1.329962328535852e-19
1.61038889e+02 1.328644881626531e-19
1.61357778e+02 1.327331342124367e-19
1.61676667e+02 1.326021690752551e-19
1.61995556e+02 1.324715908367151e-19
1.62314444e+02 1.323413975955937e-19
1.62633333e+02 1.322115874637222e-19
1.62952222e+02 1.320821585658706e-19
1.63271111e+02 1.319531090396343e-19
1.63590000e+02 1.318244370353212e-19
1.63908889e+02 1.316961407158407e-19
1.64227778e+02 1.315682182565933e-19
1.64546667e+02 1.314406678453617e-19
1.64865556e+02 1.313134876822028e-19
1.65184444e+02 1.311866759793414e-19
1.65503333e+02 1.310602309610641e-19
1.65822222e+02 1.309341508636153e-19
1.66141111e+02 1.308084339350940e-19
1.66460000e+02 1.306830784353508e-19
1.66778889e+02 1.305580826358877e-19
1.67097778e+02 1.304334448197573e-19
1.67416667e+02 1.303091632814640e-19
1.67735556e+02 1.301852363268660e-19
1.68054444e+02 1.300616622730782e-19
1.68373333e+02 1.299384394483764e-19
1.68692222e+02 1.298155661921020e-19
1.69011111e+02 1.296930408545683e-19
1.69330000e+02 1.295708617969676e-19
1.69648889e+02 1.294490273912784e-19
1.69967778e+02 1.293275360201753e-19
1.70286667e+02 1.292063860769380e-19
1.70605556e+02 1.290855759653625e-19
1.70924444e+02 1.289651040996726e-19
1.71243333e+02 1.288449689044325e-19
1.71562222e+02 1.287251688144605e-19
1.71881111e+02 1.286057022747428e-19
1.72200000e+02 1.284865677403494e-19
1.72518889e+02 1.283677636763495e-19
1.72837778e+02 1.282492885577291e-19
1.73156667e+02 1.281311408693084e-19
1.73475556e+02 1.280133191056604e-19
1.73794444e+02 1.278958217710304e-19
1.74113333e+02 1.277786473792564e-19
1.74432222e+02 1.276617944536901e-19
1.74751111e+02 1.275452615271183e-19
1.75070000e+02 1.274290471416862e-19
1.75388889e+02 1.273131498488204e-19
1.75707778e+02 1.271975682091531e-19
1.76026667e+02 1.270823007924471e-19
1.76345556e+02 1.269673461775215e-19
1.76664444e+02 1.268527029521779e-19
1.76983333e+02 1.267383697131277e-19
1.77302222e+02 1.266243450659202e-19
1.77621111e+02 1.265106276248704e-19
1.77940000e+02 1.263972160129892e-19
1.78258889e+02 1.262841088619127e-19
1.78577778e+02 1.261713048118333e-19
1.78896667e+02 1.260588025114307e-19
1.79215556e+02 1.259466006178040e-19
1.79534444e+02 1.258346977964045e-19
1.79853333e+02 1.257230927209690e-19
1.80172222e+02 1.256117840734537e-19
1.80491111e+02 1.255007705439687e-19
1.80810000e+02 1.253900508307136e-19
1.81128889e+02 1.252796236399132e-19
1.81447778e+02 1.251694876857538e-19
1.81766667e+02 1.250596416903208e-19
1.82085556e+02 1.249500843835359e-19
1.82404444e+02 1.248408145030957e-19
1.82723333e+02 1.247318307944107e-19
1.83042222e+02 1.246231320105445e-19
1.83361111e+02 1.245147169121543e-19
1.83680000e+02 1.244065842674311e-19
1.83998889e+02 1.242987328520410e-19
1.84317778e+02 1.241911614490675e-19
1.84636667e+02 1.240838688489531e-19
1.84955556e+02 1.239768538494426e-19
1.85274444e+02 1.238701152555264e-19
1.85593333e+02 1.237636518793846e-19
1.85912222e+02 1.236574625403311e-19
1.86231111e+02 1.235515460647592e-19
1.86550000e+02 1.234459012860865e-19
1.86868889e+02 1.233405270447013e-19
1.87187778e+02 1.232354221879092e-19
1.87506667e+02 1.231305855698798e-19
1.87825556e+02 1.230260160515944e-19
1.88144444e+02 1.229217125007945e-19
1.88463333e+02 1.228176737919293e-19
1.88782222e+02 1.227138988061056e-19
1.89101111e+02 1.226103864310367e-19
1.89420000e+02 1.225071355609927e-19
1.89738889e+02 1.224041450967507e-19
1.90057778e+02 1.223014139455457e-19
1.90376667e+02 1.221989410210217e-19
1.90695556e+02 1.220967252431839e-19
1.91014444e+02 1.219947655383505e-19
1.91333333e+02 1.218930608391054e-19
1.91652222e+02 1.217916100842514e-19
1.91971111e+02 1.216904122187636e-19
1.92290000e+02 1.215894661937433e-19
1.92608889e+02 1.214887709663725e-19
1.92927778e+02 1.213883254998684e-19
1.93246667e+02 1.212881287634387e-19
1.93565556e+02 1.211881797322372e-19
1.93884444e+02 1.210884773873198e-19
1.94203333e+02 1.209890207156007e-19
1.94522222e+02 1.208898087098093e-19
1.94841111e+02 1.207908403684473e-19
1.95160000e+02 1.206921146957465e-19
1.95478889e+02 1.205936307016261e-19
1.95797778e+02 1.204953874016517e-19
1.96116667e+02 1.203973838169935e-19
1.96435556e+02 1.202996189743854e-19
1.96754444e+02 1.202020919060849e-19
1.97073333e+02 1.201048016498320e-19
1.97392222e+02 1.200077472488100e-19
1.97711111e+02 1.199109277516058e-19
1.98030000e+02 1.198143422121706e-19
1.98348889e+02 1.197179896897812e-19
1.98667778e+02 1.196218692490015e-19
1.98986667e+02 1.195259799596444e-19
1.99305556e+02 1.194303208967338e-19
1.99624444e+02 1.193348911404674e-19
1.99943333e+02 1.192396897761793e-19
2.00262222e+02 1.191447158943033e-19
2.00581111e+02 1.190499685903365e-19
2.00900000e+02 1.189554469648029e-19
2.01218889e+02 1.188611501232178e-19
2.01537778e+02 1.187670771760519e-19
2.01856667e+02 1.186732272386963e-19
2.02175556e+02 1.185795994314277e-19
2.02494444e+02 1.184861928793733e-19
2.02813333e+02 1.183930067124769e-19
2.03132222e+02 1.183000400654649e-19
2.03451111e+02 1.182072920778119e-19
2.03770000e+02 1.181147618937082e-19
2.04088889e+02 1.180224486620256e-19
2.04407778e+02 1.179303515362857e-19
2.04726667e+02 1.178384696746262e-19
2.05045556e+02 1.177468022397692e-19
2.05364444e+02 1.176553483989888e-19
2.05683333e+02 1.175641073240798e-19
2.06002222e+02 1.174730781913259e-19
2.06321111e+02 1.173822601814682e-19
2.06640000e+02 1.172916524796749e-19
2.06958889e+02 1.172012542755098e-19
2.07277778e+02 1.171110647629027e-19
2.07596667e+02 1.170210831401184e-19
2.07915556e+02 1.169313086097273e-19
2.08234444e+02 1.168417403785757e-19
2.08553333e+02 1.167523776577561e-19
2.08872222e+02 1.166632196625781e-19
2.09191111e+02 1.165742656125395e-19
2.09510000e+02 1.164855147312978e-19
2.09828889e+02 1.163969662466413e-19
2.10147778e+02 1.163086193904613e-19
2.10466667e+02 1.162204733987239e-19
2.10785556e+02 1.161325275114424e-19
2.11104444e+02 1.160447809726495e-19
2.11423333e+02 1.159572330303702e-19
2.11742222e+02 1.158698829365950e-19
2.12061111e+02 1.157827299472523e-19
2.12380000e+02 1.156957733221827e-19
2.12698889e+02 1.156090123251119e-19
2.13017778e+02 1.155224462236248e-19
2.13336667e+02 1.154360742891396e-19
2.13655556e+02 1.153498957968819e-19
2.13974444e+02 1.152639100258591e-19
2.14293333e+02 1.151781162588354e-19
2.14612222e+02 1.150925137823061e-19
2.14931111e+02 1.150071018864734e-19
2.15250000e+02 1.149218798652211e-19
2.15568889e+02 1.148368470160902e-19
2.15887778e+02 1.147520026402548e-19
2.16206667e+02 1.146673460424979e-19
2.16525556e+02 1.145828765311872e-19
2.16844444e+02 1.144985934182517e-19
2.17163333e+02 1.144144960191580e-19
2.17482222e+02 1.143305836528872e-19
2.17801111e+02 1.142468556419112e-19
2.18120000e+02 1.141633113121703e-19
2.18438889e+02 1.140799499930500e-19
2.18757778e+02 1.139967710173587e-19
2.19076667e+02 1.139137737213050e-19
2.19395556e+02 1.138309574444757e-19
2.19714444e+02 1.137483215298133e-19
2.20033333e+02 1.136658653235949e-19
2.20352222e+02 1.135835881754095e-19
2.20671111e+02 1.135014894381373e-19
2.20990000e+02 1.134195684679277e-19
2.21308889e+02 1.133378246241787e-19
2.21627778e+02 1.132562572695150e-19
2.21946667e+02 1.131748657697682e-19
2.22265556e+02 1.130936494939551e-19
2.22584444e+02 1.130126078142578e-19
2.22903333e+02 1.129317401060031e-19
2.23222222e+02 1.128510457476422e-19
2.23541111e+02 1.127705241207309e-19
2.23860000e+02 1.126901746099093e-19
2.24178889e+02 1.126099966028823e-19
2.24497778e+02 1.125299894904000e-19
2.24816667e+02 1.124501526662383e-19
2.25135556e+02 1.123704855271794e-19
2.25454444e+02 1.122909874729929e-19
2.25773333e+02 1.122116579064165e-19
2.26092222e+02 1.121324962331376e-19
2.26411111e+02 1.120535018617742e-19
2.26730000e+02 1.119746742038564e-19
2.27048889e+02 1.118960126738083e-19
2.27367778e+02 1.118175166889293e-19
2.27686667e+02 1.117391856693762e-19
2.28005556e+02 1.116610190381454e-19
2.28324444e+02 1.115830162210546e-19
2.28643333e+02 1.115051766467255e-19
2.28962222e+02 1.114274997465657e-19
2.29281111e+02 1.113499849547521e-19
2.29600000e+02 1.112726317082127e-19
2.29918889e+02 1.111954394466100e-19
2.30237778e+02 1.111184076123236e-19
2.30556667e+02 1.110415356504336e-19
2.30875556e+02 1.109648230087036e-19
2.31194444e+02 1.108882691375640e-19
2.31513333e+02 1.108118734900958e-19
2.31832222e+02 1.107356355220136e-19
2.32151111e+02 1.106595546916500e-19
2.32470000e+02 1.105836304599387e-19
2.32788889e+02 1.105078622903993e-19
2.33107778e+02 1.104322496491205e-19
2.33426667e+02 1.103567920047451e-19
2.33745556e+02 1.102814888284536e-19
2.34064444e+02 1.102063395939493e-19
2.34383333e+02 1.101313437774423e-19
2.34702222e+02 1.100565008576345e-19
2.35021111e+02 1.099818103157043e-19
2.35340000e+02 1.099072716352913e-19
2.35658889e+02 1.098328843024816e-19
2.35977778e+02 1.097586478057929e-19
2.36296667e+02 1.096845616361595e-19
2.36615556e+02 1.096106252869178e-19
2.36934444e+02 1.095368382537916e-19
2.37253333e+02 1.094632000348779e-19
2.37572222e+02 1.093897101306323e-19
2.37891111e+02 1.093163680438552e-19
2.38210000e+02 1.092431732796770e-19
2.38528889e+02 1.091701253455446e-19
2.38847778e+02 1.090972237512072e-19
2.39166667e+02 1.090244680087029e-19
2.39485556e+02 1.089518576323443e-19
2.39804444e+02 1.088793921387056e-19
2.40123333e+02 1.088070710466085e-19
2.40442222e+02 1.087348938771092e-19
2.40761111e+02 1.086628601534847e-19
2.41080000e+02 1.085909694012200e-19
2.41398889e+02 1.085192211479947e-19
2.41717778e+02 1.084476149236699e-19
2.42036667e+02 1.083761502602756e-19
2.42355556e+02 1.083048266919973e-19
2.42674444e+02 1.082336437551639e-19
2.42993333e+02 1.081626009882345e-19
2.43312222e+02 1.080916979317864e-19
2.43631111e+02 1.080209341285018e-19
2.43950000e+02 1.079503091231562e-19
2.44268889e+02 1.078798224626057e-19
2.44587778e+02 1.078094736957749e-19
2.44906667e+02 1.077392623736448e-19
2.45225556e+02 1.076691880492405e-19
2.45544444e+02 1.075992502776197e-19
2.45863333e+02 1.075294486158606e-19
2.46182222e+02 1.074597826230499e-19
2.46501111e+02 1.073902518602716e-19
2.46820000e+02 1.073208558905947e-19
2.47138889e+02 1.072515942790626e-19
2.47457778e+02 1.071824665926807e-19
2.47776667e+02 1.071134724004057e-19
2.48095556e+02 1.070446112731339e-19
2.48414444e+02 1.069758827836902e-19
2.48733333e+02 1.069072865068170e-19
2.49052222e+02 1.068388220191630e-19
2.49371111e+02 1.067704888992724e-19
2.49690000e+02 1.067022867275738e-19
2.50008889e+02 1.066342150863695e-19
2.50327778e+02 1.065662735598247e-19
2.50646667e+02 1.064984617339571e-19
2.50965556e+02 1.064307791966257e-19
2.51284444e+02 1.063632255375210e-19
2.51603333e+02 1.062958003481541e-19
2.51922222e+02 1.062285032218463e-19
2.52241111e+02 1.061613337537191e-19
2.52560000e+02 1.060942915406837e-19
2.52878889e+02 1.060273761814310e-19
2.53197778e+02 1.059605872764214e-19
2.53516667e+02 1.058939244278749e-19
2.53835556e+02 1.058273872397611e-19
2.54154444e+02 1.057609753177892e-19
2.54473333e+02 1.056946882693984e-19
2.54792222e+02 1.056285257037479e-19
2.55111111e+02 1.055624872317074e-19
2.55430000e+02 1.054965724658476e-19
2.55748889e+02 1.054307810204304e-19
2.56067778e+02 1.053651125113994e-19
2.56386667e+02 1.052995665563709e-19
2.56705556e+02 1.052341427746240e-19
2.57024444e+02 1.051688407870917e-19
2.57343333e+02 1.051036602163514e-19
2.57662222e+02 1.050386006866160e-19
2.57981111e+02 1.049736618237247e-19
2.58300000e+02 1.049088432551339e-19
2.58618889e+02 1.048441446099083e-19
2.58937778e+02 1.047795655187119e-19
2.59256667e+02 1.047151056137992e-19
2.59575556e+02 1.046507645290064e-19
2.59894444e+02 1.045865418997427e-19
2.60213333e+02 1.045224373629816e-19
2.60532222e+02 1.044584505572523e-19
2.60851111e+02 1.043945811226309e-19
2.61170000e+02 1.043308287007324e-19
2.61488889e+02 1.042671929347018e-19
2.61807778e+02 1.042036734692058e-19
2.62126667e+02 1.041402699504247e-19
2.62445556e+02 1.040769820260439e-19
2.62764444e+02 1.040138093452457e-19
2.63083333e+02 1.039507515587011e-19
2.63402222e+02 1.038878083185620e-19
2.63721111e+02 1.038249792784526e-19
2.64040000e+02 1.037622640934619e-19
2.64358889e+02 1.036996624201355e-19
2.64677778e+02 1.036371739164677e-19
2.64996667e+02 1.035747982418937e-19
2.65315556e+02 1.035125350572818e-19
2.65634444e+02 1.034503840249255e-19
2.65953333e+02 1.033883448085364e-19
2.66272222e+02 1.033264170732356e-19
2.66591111e+02 1.032646004855469e-19
2.66910000e+02 1.032028947133889e-19
2.67228889e+02 1.031412994260676e-19
2.67547778e+02 1.030798142942691e-19
2.67866667e+02 1.030184389900518e-19
2.68185556e+02 1.029571731868395e-19
2.68504444e+02 1.028960165594137e-19
2.68823333e+02 1.028349687839068e-19
2.69142222e+02 1.027740295377944e-19
2.69461111e+02 1.027131984998886e-19
2.69780000e+02 1.026524753503307e-19
2.70098889e+02 1.025918597705839e-19
2.70417778e+02 1.025313514434266e-19
2.70736667e+02 1.024709500529455e-19
2.71055556e+02 1.024106552845283e-19
2.71374444e+02 1.023504668248571e-19
2.71693333e+02 1.022903843619014e-19
2.72012222e+02 1.022304075849116e-19
2.72331111e+02 1.021705361844118e-19
2.72650000e+02 1.021107698521934e-19
2.72968889e+02 1.020511082813085e-19
2.73287778e+02 1.019915511660630e-19
2.73606667e+02 1.019320982020101e-19
2.73925556e+02 1.018727490859441e-19
2.74244444e+02 1.018135035158933e-19
2.74563333e+02 1.017543611911143e-19
2.74882222e+02 1.016953218120847e-19
2.75201111e+02 1.016363850804975e-19
2.75520000e+02 1.015775506992545e-19
2.75838889e+02 1.015188183724597e-19
2.76157778e+02 1.014601878054137e-19
2.76476667e+02 1.014016587046068e-19
2.76795556e+02 1.013432307777134e-19
2.77114444e+02 1.012849037335853e-19
2.77433333e+02 1.012266772822463e-19
2.77752222e+02 1.011685511348854e-19
2.78071111e+02 1.011105250038515e-19
2.78390000e+02 1.010525986026468e-19
2.78708889e+02 1.009947716459213e-19
2.79027778e+02 1.009370438494667e-19
2.79346667e+02 1.008794149302103e-19
2.79665556e+02 1.008218846062099e-19
2.79984444e+02 1.007644525966471e-19
2.80303333e+02 1.007071186218223e-19
2.80622222e+02 1.006498824031485e-19
2.80941111e+02 1.005927436631458e-19
2.81260000e+02 1.005357021254356e-19
2.81578889e+02 1.004787575147354e-19
2.81897778e+02 1.004219095568527e-19
2.82216667e+02 1.003651579786796e-19
2.82535556e+02 1.003085025081878e-19
2.82854444e+02 1.002519428744222e-19
2.83173333e+02 1.001954788074962e-19
2.83492222e+02 1.001391100385860e-19
2.83811111e+02 1.000828362999253e-19
2.84130000e+02 1.000266573248000e-19
2.84448889e+02 9.997057284754258e-20
2.84767778e+02 9.991458260352729e-20
2.85086667e+02 9.985868632916457e-20
2.85405556e+02 9.980288376189595e-20
2.85724444e+02 9.974717464018891e-20
2.86043333e+02 9.969155870353165e-20
2.86362222e+02 9.963603569242805e-20
2.86681111e+02 9.958060534839246e-20
2.87000000e+02 9.952526741394484e-20
2.87318889e+02 9.947002163260557e-20
-----------------------------
