Energy (eV)          EEDF (eV^-(3/2))     First Anisotropy
1.25384615384615e-03 3.84740989100758e+01 3.38421331796006e-02
3.76153846153846e-03 3.74638598357958e+01 5.53353297207489e-02
6.26923076923077e-03 3.64801472563770e+01 7.16123070899293e-02
8.77692307692308e-03 3.55222646499172e+01 8.31370079350600e-02
1.12846153846154e-02 3.45895337824680e+01 9.20762142283559e-02
1.37923076923077e-02 3.36812942272015e+01 9.92747439450379e-02
1.63000000000000e-02 3.27969029000205e+01 1.05182481742388e-01
1.88076923076923e-02 3.19357335991763e+01 1.10078532339799e-01
2.13153846153846e-02 3.10971765731359e+01 1.14152783775054e-01
2.38230769230769e-02 3.02806380767619e+01 1.17542705811809e-01
2.63307692307692e-02 2.94855399553115e+01 1.20352372612110e-01
2.88384615384615e-02 2.87113192350502e+01 1.22663276676435e-01
3.13461538461538e-02 2.79574277246248e+01 1.24540925396983e-01
3.38538461538462e-02 2.72233316269059e+01 1.26039091199043e-01
3.63615384615385e-02 2.65085111610145e+01 1.27202672434360e-01
3.88692307692308e-02 2.58124601943131e+01 1.28069689558855e-01
4.13769230769231e-02 2.51346858840169e+01 1.28672720449709e-01
4.38846153846154e-02 2.44747083282327e+01 1.29039959146624e-01
4.63923076923077e-02 2.38320602261610e+01 1.29196014190788e-01
4.89000000000000e-02 2.32062865472206e+01 1.29162522280057e-01
5.14076923076923e-02 2.25969442079922e+01 1.28958627846501e-01
5.39153846153846e-02 2.20036017611888e+01 1.28601363697304e-01
5.64230769230769e-02 2.14258390873680e+01 1.28105957087123e-01
5.89307692307692e-02 2.08632470984349e+01 1.27486078636863e-01
6.14384615384615e-02 2.03154274479842e+01 1.26754047192157e-01
6.39461538461538e-02 1.97819922492491e+01 1.25920999958041e-01
6.64538461538462e-02 1.92625638004548e+01 1.24997035080668e-01
6.89615384615385e-02 1.87567743173829e+01 1.23991332112689e-01
7.14692307692308e-02 1.82642656729645e+01 1.22912254553856e-01
7.39769230769231e-02 1.77846891437030e+01 1.21767437733278e-01
7.64846153846154e-02 1.73177051627587e+01 1.20563864604685e-01
7.89923076923077e-02 1.68629830795167e+01 1.19307931499100e-01
8.15000000000000e-02 1.64202009254672e+01 1.18005505488583e-01
8.40076923076923e-02 1.59890451858618e+01 1.16661974609262e-01
8.65153846153846e-02 1.55692105788771e+01 1.15282292161613e-01
8.90230769230769e-02 1.51603998382744e+01 1.13871015897244e-01
9.15307692307692e-02 1.47623235033255e+01 1.12432342734910e-01
9.40384615384615e-02 1.43746997138584e+01 1.10970139767928e-01
9.65461538461538e-02 1.39972540106848e+01 1.09487971982987e-01
9.90538461538461e-02 1.36297191412670e+01 1.07989127101326e-01
1.01561538461538e-01 1.32718348712410e+01 1.06476638147569e-01
1.04069230769231e-01 1.29233477961387e+01 1.04953303325990e-01
1.06576923076923e-01 1.25840111702836e+01 1.03421704465848e-01
1.09084615384615e-01 1.22535847243733e+01 1.01884224004803e-01
1.11592307692308e-01 1.19318344959457e+01 1.00343059412821e-01
1.14100000000000e-01 1.16185326701456e+01 9.88002372902224e-02
1.16607692307692e-01 1.13134574117789e+01 9.72576261611099e-02
1.19115384615385e-01 1.10163927105276e+01 9.57169477262872e-02
1.21623076923077e-01 1.07271282263027e+01 9.41797872778667e-02
1.24130769230769e-01 1.04454591455579e+01 9.26476035642043e-02
1.26638461538462e-01 1.01711860308577e+01 9.11217379694409e-02
1.29146153846154e-01 9.90411468005144e+00 8.96034222152575e-02
1.31653846153846e-01 9.64405599333674e+00 8.80937861975082e-02
1.34161538461538e-01 9.39082583464509e+00 8.65938652279402e-02
1.36669230769231e-01 9.14424490160309e+00 8.51046060534148e-02
1.39176923076923e-01 8.90413860256546e+00 8.36268730891583e-02
1.41684615384615e-01 8.67033692887487e+00 8.21614541997879e-02
1.44192307692308e-01 8.44267433476916e+00 8.07090654522238e-02
1.46700000000000e-01 8.22098962366952e+00 7.92703561247733e-02
1.49207692307692e-01 8.00512583043613e+00 7.78459133142418e-02
1.51715384615385e-01 7.79493011146641e+00 7.64362659388720e-02
1.54223076923077e-01 7.59025363552443e+00 7.50418885280239e-02
1.56730769230769e-01 7.39095148128236e+00 7.36632049443940e-02
1.59238461538462e-01 7.19688253170186e+00 7.23005919236193e-02
1.61746153846154e-01 7.00790937431261e+00 7.09543819005037e-02
1.64253846153846e-01 6.82389820649263e+00 6.96248661118862e-02
1.66761538461538e-01 6.64471873807500e+00 6.83122974990551e-02
1.69269230769231e-01 6.47024409927080e+00 6.70168929898238e-02
1.71776923076923e-01 6.30035075311250e+00 6.57388360526003e-02
1.74284615384615e-01 6.13491840564097e+00 6.44782790894408e-02
1.76792307692308e-01 5.97382992087988e+00 6.32353452858348e-02
1.79300000000000e-01 5.81697123991350e+00 6.20101307225536e-02
1.81807692307692e-01 5.66423129805456e+00 6.08027063231235e-02
1.84315384615385e-01 5.51550194691382e+00 5.96131194969983e-02
1.86823076923077e-01 5.37067787727069e+00 5.84413957192264e-02
1.89330769230769e-01 5.22965654621333e+00 5.72875401342235e-02
1.91838461538462e-01 5.09233810278194e+00 5.61515391045263e-02
1.94346153846154e-01 4.95862531737667e+00 5.50333613558083e-02
1.96853846153846e-01 4.82842351442860e+00 5.39329593501298e-02
1.99361538461538e-01 4.70164050380674e+00 5.28502705774581e-02
2.01869230769231e-01 4.57818651563938e+00 5.17852184885521e-02
2.04376923076923e-01 4.45797413809936e+00 5.07377136418137e-02
2.06884615384615e-01 4.34091825412682e+00 4.97076547825011e-02
2.09392307692308e-01 4.22693598124512e+00 4.86949296022356e-02
2.11900000000000e-01 4.11594661407797e+00 4.76994156979594e-02
2.14407692307692e-01 4.00787156597171e+00 4.67209814524855e-02
2.16915384615385e-01 3.90263431377355e+00 4.57594867426716e-02
2.19423076923077e-01 3.80016034331485e+00 4.48147836292807e-02
2.21930769230769e-01 3.70037709767719e+00 4.38867170843096e-02
2.24438461538462e-01 3.60321392476568e+00 4.29751257030347e-02
2.26946153846154e-01 3.50860202734524e+00 4.20798421707271e-02
2.29453846153846e-01 3.41647441524542e+00 4.12006938955152e-02
2.31961538461538e-01 3.32676585698621e+00 4.03375036043366e-02
2.34469230769231e-01 3.23941283364654e+00 3.94900897186846e-02
2.36976923076923e-01 3.15435349470935e+00 3.86582668841380e-02
2.39484615384615e-01 3.07152761342633e+00 3.78418464688674e-02
2.41992307692308e-01 2.99087654422275e+00 3.70406368640729e-02
2.44500000000000e-01 2.91234318190840e+00 3.62544439264057e-02
2.47007692307692e-01 2.83587192049034e+00 3.54830713796106e-02
2.49515384615385e-01 2.76140861405825e+00 3.47263211124778e-02
2.52023076923077e-01 2.68890053824023e+00 3.39839934736250e-02
2.54530769230769e-01 2.61829635350289e+00 3.32558875995464e-02
2.57038461538462e-01 2.54954606815276e+00 3.25418017408389e-02
2.59546153846154e-01 2.48260100297619e+00 3.18415334337960e-02
2.62053846153846e-01 2.41741375733868e+00 3.11548797886925e-02
2.64561538461538e-01 2.35393817504121e+00 3.04816377605504e-02
2.67069230769231e-01 2.29212931167246e+00 2.98216042803044e-02
2.69576923076923e-01 2.23194340329464e+00 2.91745764934934e-02
2.72084615384615e-01 2.17333783493428e+00 2.85403519841396e-02
2.74592307692308e-01 2.11627111043774e+00 2.79187288724123e-02
2.77100000000000e-01 2.06070282354759e+00 2.73095060112381e-02
2.79607692307692e-01 2.00659362882372e+00 2.67124831606235e-02
2.82115384615385e-01 1.95390521394470e+00 2.61274610974509e-02
2.84623076923077e-01 1.90260027245152e+00 2.55542417271579e-02
2.87130769230769e-01 1.85264247772821e+00 2.49926282214371e-02
2.89638461538462e-01 1.80399645687558e+00 2.44424251585210e-02
2.92146153846154e-01 1.75662776568749e+00 2.39034385639026e-02
2.94653846153846e-01 1.71050286461871e+00 2.33754760320154e-02
2.97161538461538e-01 1.66558909467203e+00 2.28583468394978e-02
2.99669230769231e-01 1.62185465429428e+00 2.23518619682420e-02
3.02176923076923e-01 1.57926857717977e+00 2.18558342029225e-02
3.04684615384615e-01 1.53780071001583e+00 2.13700782214185e-02
3.07192307692308e-01 1.49742169115047e+00 2.08944106034092e-02
3.09700000000000e-01 1.45810293009220e+00 2.04286499074228e-02
3.12207692307692e-01 1.41981658697010e+00 1.99726167353531e-02
3.14715384615385e-01 1.38253555292271e+00 1.95261337559768e-02
3.17223076923077e-01 1.34623343082160e+00 1.90890257317317e-02
3.19730769230769e-01 1.31088451683175e+00 1.86611195648850e-02
3.22238461538462e-01 1.27646378195499e+00 1.82422443473706e-02
3.24746153846154e-01 1.24294685432186e+00 1.78322313456305e-02
3.27253846153846e-01 1.21031000216159e+00 1.74309140414045e-02
3.29761538461538e-01 1.17853011676670e+00 1.70381281685661e-02
3.32269230769231e-01 1.14758469614330e+00 1.66537116909221e-02
3.34776923076923e-01 1.11745182928307e+00 1.62775048314521e-02
3.37284615384615e-01 1.08811018043953e+00 1.59093500982466e-02
3.39792307692308e-01 1.05953897403238e+00 1.55490922567799e-02
3.42300000000000e-01 1.03171798012220e+00 1.51965783494445e-02
3.44807692307692e-01 1.00462749989731e+00 1.48516577079314e-02
3.47315384615385e-01 9.78248351790432e-01 1.45141819392011e-02
3.49823076923077e-01 9.52561857844523e-01 1.41840049147341e-02
3.52330769230769e-01 9.27549830648810e-01 1.38609827739128e-02
3.54838461538462e-01 9.03194560296387e-01 1.35449739309395e-02
3.57346153846154e-01 8.79478801853305e-01 1.32358390389169e-02
3.59853846153846e-01 8.56385763293880e-01 1.29334409925629e-02
3.62361538461538e-01 8.33899093461920e-01 1.26376449292014e-02
3.64869230769231e-01 8.12002870501151e-01 1.23483181907779e-02
3.67376923076923e-01 7.90681590713430e-01 1.20653303213908e-02
3.69884615384615e-01 7.69920157446419e-01 1.17885530634252e-02
3.72392307692308e-01 7.49703870411374e-01 1.15178603181996e-02
3.74900000000000e-01 7.30018415393915e-01 1.12531281392446e-02
3.77407692307692e-01 7.10849853996707e-01 1.09942347214766e-02
3.79915384615385e-01 6.92184613811887e-01 1.07410603731954e-02
3.82423076923077e-01 6.74009478777046e-01 1.04934874909259e-02
3.84930769230769e-01 6.56311579921732e-01 1.02514005444397e-02
3.87438461538462e-01 6.39078386148973e-01 1.00146860647861e-02
3.89946153846154e-01 6.22297695368090e-01 9.78323260389354e-03
3.92453846153846e-01 6.05957625949369e-01 9.55693072086289e-03
3.94961538461538e-01 5.90046608214611e-01 9.33567296764639e-03
3.97469230769231e-01 5.74553376250222e-01 9.11935384882602e-03
3.99976923076923e-01 5.59466960015883e-01 8.90786980593218e-03
4.02484615384615e-01 5.44776677489632e-01 8.70111920130707e-03
4.04992307692308e-01 5.30472127108905e-01 8.49900227835653e-03
4.07500000000000e-01 5.16543180483302e-01 8.30142114435399e-03
4.10007692307692e-01 5.02979975143763e-01 8.10827975089567e-03
4.12515384615385e-01 4.89772907586428e-01 7.91948386310604e-03
4.15023076923077e-01 4.76912626450647e-01 7.73494103115144e-03
4.17530769230769e-01 4.64390025965629e-01 7.55456056904099e-03
4.20038461538462e-01 4.52196239433633e-01 7.37825353584371e-03
4.22546153846154e-01 4.40322632955400e-01 7.20593269793552e-03
4.25053846153846e-01 4.28760799378514e-01 7.03751250970976e-03
4.27561538461538e-01 4.17502552281645e-01 6.87290909420675e-03
4.30069230769231e-01 4.06539920181358e-01 6.71204020644317e-03
4.32576923076923e-01 3.95865140943798e-01 6.55482521371976e-03
4.35084615384615e-01 3.85470656231471e-01 6.40118507592055e-03
4.37592307692308e-01 3.75349106154431e-01 6.25104231002637e-03
4.40100000000000e-01 3.65493324109895e-01 6.10432097023483e-03
4.42607692307692e-01 3.55896331655957e-01 5.96094662675051e-03
4.45115384615385e-01 3.46551333588153e-01 5.82084633716856e-03
4.47623076923077e-01 3.37451713113523e-01 5.68394861966502e-03
4.50130769230769e-01 3.28591027210121e-01 5.55018343138416e-03
4.52638461538461e-01 3.19963002019471e-01 5.41948214870409e-03
4.55146153846154e-01 3.11561528406625e-01 5.29177753479061e-03
4.57653846153846e-01 3.03380657675044e-01 5.16700371993965e-03
4.60161538461538e-01 2.95414597313203e-01 5.04509618207556e-03
4.62669230769231e-01 2.87657706895283e-01 4.92599171564670e-03
4.65176923076923e-01 2.80104494124216e-01 4.80962841228383e-03
4.67684615384615e-01 2.72749610905240e-01 4.69594564164312e-03
4.70192307692308e-01 2.65587849561035e-01 4.58488402165354e-03
4.72700000000000e-01 2.58614139177859e-01 4.47638539958021e-03
4.75207692307692e-01 2.51823541980884e-01 4.37039283235018e-03
4.77715384615385e-01 2.45211249849610e-01 4.26685056198152e-03
4.80223076923077e-01 2.38772580903854e-01 4.16570399239667e-03
4.82730769230769e-01 2.32502976218103e-01 4.06689966993356e-03
4.85238461538462e-01 2.26397996563531e-01 3.97038526528773e-03
4.87746153846154e-01 2.20453319266275e-01 3.87610954690706e-03
4.90253846153846e-01 2.14664735173467e-01 3.78402236325677e-03
4.92761538461538e-01 2.09028145645613e-01 3.69407462532559e-03
4.95269230769231e-01 2.03539559655901e-01 3.60621828132517e-03
4.97776923076923e-01 1.98195090988640e-01 3.52040629955019e-03
5.00284615384615e-01 1.92990955462764e-01 3.43659265148632e-03
5.02792307692308e-01 1.87923468253659e-01 3.35473228778483e-03
5.05300000000000e-01 1.82989041306234e-01 3.27478112174288e-03
5.07807692307692e-01 1.78184180771771e-01 3.19669601238872e-03
5.10315384615385e-01 1.73505484541789e-01 3.12043474431984e-03
5.12823076923077e-01 1.68949639832797e-01 3.04595600858599e-03
5.15330769230769e-01 1.64513420860126e-01 2.97321938619973e-03
5.17838461538461e-01 1.60193686534022e-01 2.90218533272279e-03
5.20346153846154e-01 1.55987378236554e-01 2.83281515708876e-03
5.22853846153846e-01 1.51891517673673e-01 2.76507100658661e-03
5.25361538461538e-01 1.47903204748306e-01 2.69891585209692e-03
5.27869230769231e-01 1.44019615507826e-01 2.63431346806082e-03
5.30376923076923e-01 1.40238000160674e-01 2.57122841811848e-03
5.32884615384615e-01 1.36555681112870e-01 2.50962604099680e-03
5.35392307692308e-01 1.32970051072941e-01 2.44947243158170e-03
5.37900000000000e-01 1.29478571220512e-01 2.39073442720591e-03
5.40407692307692e-01 1.26078769393675e-01 2.33337959373798e-03
5.42915384615385e-01 1.22768238343663e-01 2.27737620951232e-03
5.45423076923077e-01 1.19544634026160e-01 2.22269325003989e-03
5.47930769230769e-01 1.16405673954531e-01 2.16930037458495e-03
5.50438461538462e-01 1.13349135570480e-01 2.11716791354267e-03
5.52946153846154e-01 1.10372854670997e-01 2.06626685192085e-03
5.55453846153846e-01 1.07474723887788e-01 2.01656881710620e-03
5.57961538461538e-01 1.04652691183083e-01 1.96804606686162e-03
5.60469230769231e-01 1.01904758397278e-01 1.92067147376137e-03
5.62976923076923e-01 9.92289798448787e-02 1.87441851357018e-03
5.65484615384615e-01 9.66234609258639e-02 1.82926125384564e-03
5.67992307692308e-01 9.40863567847411e-02 1.78517433928266e-03
5.70500000000000e-01 9.16158710140900e-02 1.74213298068701e-03
5.73007692307692e-01 8.92102543725985e-02 1.70011294385941e-03
5.75515384615385e-01 8.68678035499074e-02 1.65909053704161e-03
5.78023076923077e-01 8.45868599577480e-02 1.61904259894147e-03
5.80530769230769e-01 8.23658085642141e-02 1.57994648808251e-03
5.83038461538462e-01 8.02030767414052e-02 1.54178007274551e-03
5.85546153846154e-01 7.80971331523481e-02 1.50452171827159e-03
5.88053846153846e-01 7.60464866746078e-02 1.46815027734836e-03
5.90561538461538e-01 7.40496853364399e-02 1.43264508049317e-03
5.93069230769231e-01 7.21053152891088e-02 1.39798592412279e-03
5.95576923076923e-01 7.02119998129917e-02 1.36415306136962e-03
5.98084615384615e-01 6.83683983354445e-02 1.33112719308635e-03
6.00592307692308e-01 6.65732054819579e-02 1.29888945664238e-03
6.03100000000000e-01 6.48251501584390e-02 1.26742141724794e-03
6.05607692307692e-01 6.31229946445111e-02 1.23670505924856e-03
6.08115384615385e-01 6.14655337194168e-02 1.20672277645988e-03
6.10623076923077e-01 5.98515938067626e-02 1.17745736292968e-03
6.13130769230769e-01 5.82800321493514e-02 1.14889200463962e-03
6.15638461538461e-01 5.67497359941378e-02 1.12101027164267e-03
6.18146153846154e-01 5.52596218046226e-02 1.09379610841000e-03
6.20653846153846e-01 5.38086344989317e-02 1.06723382625746e-03
6.23161538461538e-01 5.23957466973651e-02 1.04130809593328e-03
6.25669230769231e-01 5.10199579952181e-02 1.01600393856766e-03
6.28176923076923e-01 4.96802942592590e-02 9.91306718537053e-04
6.30684615384615e-01 4.83758069330668e-02 9.67202136481735e-04
6.33192307692308e-01 4.71055723656382e-02 9.43676220824066e-04
6.35700000000000e-01 4.58686911617927e-02 9.20715321049391e-04
6.38207692307692e-01 4.46642875408585e-02 8.98306100987727e-04
6.40715384615385e-01 4.34915087180999e-02 8.76435531454386e-04
6.43223076923077e-01 4.23495242996266e-02 8.55090883204259e-04
6.45730769230769e-01 4.12375256983182e-02 8.34259720552985e-04
6.48238461538462e-01 4.01547255573306e-02 8.13929895317148e-04
6.50746153846154e-01 3.91003571927947e-02 7.94089539537848e-04
6.53253846153846e-01 3.80736740545112e-02 7.74727059655222e-04
6.55761538461538e-01 3.70739491937279e-02 7.55831130811424e-04
6.58269230769231e-01 3.61004747485943e-02 7.37390690040077e-04
6.60776923076923e-01 3.51525614461975e-02 7.19394930792068e-04
6.63284615384615e-01 3.42295381112099e-02 7.01833297582760e-04
6.65792307692308e-01 3.33307511908178e-02 6.84695479619744e-04
6.68300000000000e-01 3.24555642949317e-02 6.67971405661031e-04
6.70807692307692e-01 3.16033577425641e-02 6.51651238888078e-04
6.73315384615385e-01 3.07735281240895e-02 6.35725371350181e-04
6.75823076923077e-01 2.99654878731406e-02 6.20184418638405e-04
6.78330769230769e-01 2.91786648531973e-02 6.05019215032666e-04
6.80838461538462e-01 2.84125019498105e-02 5.90220808881757e-04
6.83346153846154e-01 2.76664566762614e-02 5.75780457155534e-04
6.85853846153846e-01 2.69400007918430e-02 5.61689621010423e-04
6.88361538461538e-01 2.62326199253946e-02 5.47939961455367e-04
6.90869230769231e-01 2.55438132112157e-02 5.34523334259885e-04
6.93376923076923e-01 2.48730929366106e-02 5.21431785795522e-04
6.95884615384615e-01 2.42199841943298e-02 5.08657548971930e-04
6.98392307692308e-01 2.35840245464160e-02 4.96193038478867e-04
7.00900000000000e-01 2.29647636987695e-02 4.84030846887843e-04
7.03407692307692e-01 2.23617631802769e-02 4.72163740773807e-04
7.05915384615385e-01 2.17745960330426e-02 4.60584656549963e-04
7.08423076923077e-01 2.12028465095007e-02 4.49286696470117e-04
7.10930769230769e-01 2.06461097798107e-02 4.38263124966726e-04
7.13438461538461e-01 2.01039916434114e-02 4.27507365158556e-04
7.15946153846154e-01 1.95761082499915e-02 4.17012994794423e-04
7.18453846153846e-01 1.90620858293171e-02 4.06773742905253e-04
7.20961538461538e-01 1.85615604249328e-02 3.96783486533485e-04
7.23469230769231e-01 1.80741776365396e-02 3.87036246946099e-04
7.25976923076923e-01 1.75995923705357e-02 3.77526186500173e-04
7.28484615384615e-01 1.71374685941646e-02 3.68247605581126e-04
7.30992307692308e-01 1.66874790976563e-02 3.59194939067973e-04
7.33500000000000e-01 1.62493052638949e-02 3.50362753399636e-04
7.36007692307692e-01 1.58226368414428e-02 3.41745743661746e-04
7.38515384615385e-01 1.54071717253333e-02 3.33338730481421e-04
7.41023076923077e-01 1.50026157427733e-02 3.25136657043992e-04
7.43530769230769e-01 1.46086824460476e-02 3.17134586347931e-04
7.46038461538462e-01 1.42250929084787e-02 3.09327698583011e-04
7.48546153846154e-01 1.38515755269890e-02 3.01711288123924e-04
7.51053846153846e-01 1.34878658308832e-02 2.94280761019417e-04
7.53561538461538e-01 1.31337062934736e-02 2.87031632540353e-04
7.56069230769231e-01 1.27888461497894e-02 2.79959524375569e-04
7.58576923076923e-01 1.24530412200210e-02 2.73060162284314e-04
7.61084615384615e-01 1.21260537356068e-02 2.66329373803951e-04
7.63592307692308e-01 1.18076521709282e-02 2.59763085634962e-04
7.66100000000000e-01 1.14976110802910e-02 2.53357321446581e-04
7.68607692307692e-01 1.11957109373644e-02 2.47108199701154e-04
7.71115384615385e-01 1.09017379800616e-02 2.41011931349887e-04
7.73623076923077e-01 1.06154840589190e-02 2.35064817617224e-04
7.76130769230769e-01 1.03367464905255e-02 2.29263247954222e-04
7.78638461538462e-01 1.00653279131848e-02 2.23603698081319e-04
7.81146153846154e-01 9.80103614721110e-03 2.18082727768639e-04
7.83653846153846e-01 9.54368405959636e-03 2.12696978963183e-04
7.86161538461538e-01 9.29308943075361e-03 2.07443173960550e-04
7.88669230769231e-01 9.04907482553107e-03 2.02318113336222e-04
7.91176923076923e-01 8.81146746825611e-03 1.97318674196530e-04
7.93684615384615e-01 8.58009911970874e-03 1.92441808471309e-04
7.96192307692308e-01 8.35480595803143e-03 1.87684540986219e-04
7.98700000000000e-01 8.13542846335450e-03 1.83043967829629e-04
8.01207692307692e-01 7.92181130421437e-03 1.78517254735562e-04
8.03715384615385e-01 7.71380322778544e-03 1.74101635380536e-04
8.06223076923077e-01 7.51125695260480e-03 1.69794409744654e-04
8.08730769230769e-01 7.31402906483887e-03 1.65592942592650e-04
8.11238461538461e-01 7.12197991617737e-03 1.61494662019672e-04
8.13746153846154e-01 6.93497352498084e-03 1.57497057817742e-04
8.16253846153846e-01 6.75287748050144e-03 1.53597680085253e-04
8.18761538461538e-01 6.57556284861523e-03 1.49794137869882e-04
8.21269230769231e-01 6.40290408055382e-03 1.46084097647230e-04
8.23776923076923e-01 6.23477892446949e-03 1.42465282023438e-04
8.26284615384615e-01 6.07106833840412e-03 1.38935468469050e-04
8.28792307692308e-01 5.91165640602286e-03 1.35492487902321e-04
8.31300000000000e-01 5.75643025496062e-03 1.32134223478929e-04
8.33807692307692e-01 5.60527997647209e-03 1.28858609394975e-04
8.36315384615385e-01 5.45809854775642e-03 1.25663629632292e-04
8.38823076923077e-01 5.31478175605684e-03 1.22547316750315e-04
8.41330769230769e-01 5.17522812524632e-03 1.19507750763078e-04
8.43838461538462e-01 5.03933884359529e-03 1.16543058063010e-04
8.46346153846154e-01 4.90701769382530e-03 1.13651410222162e-04
8.48853846153846e-01 4.77817098532420e-03 1.10831022963800e-04
8.51361538461538e-01 4.65270748745870e-03 1.08080155158920e-04
8.53869230769231e-01 4.53053836499437e-03 1.05397107710461e-04
8.56376923076923e-01 4.41157711550882e-03 1.02780222594547e-04
8.58884615384615e-01 4.29573950782340e-03 1.00227881925006e-04
8.61392307692308e-01 4.18294352237773e-03 9.77385069149498e-05
8.63900000000000e-01 4.07310929344240e-03 9.53105569830785e-05
8.66407692307692e-01 3.96615905227678e-03 9.29425288706658e-05
8.68915384615385e-01 3.86201707216400e-03 9.06329557199336e-05
8.71423076923077e-01 3.76060961470888e-03 8.83804061860882e-05
8.73930769230769e-01 3.66186487788187e-03 8.61834836097896e-05
8.76438461538461e-01 3.56571294491933e-03 8.40408252234162e-05
8.78946153846154e-01 3.47208573483075e-03 8.19511012734891e-05
8.81453846153846e-01 3.38091695442682e-03 7.99130142625887e-05
8.83961538461538e-01 3.29214205114226e-03 7.79252982097913e-05
8.86469230769231e-01 3.20569816734014e-03 7.59867178342651e-05
8.88976923076923e-01 3.12152409601873e-03 7.40960678490246e-05
8.91484615384615e-01 3.03956023725571e-03 7.22521722719585e-05
8.93992307692308e-01 2.95974855601817e-03 7.04538836664209e-05
8.96500000000000e-01 2.88203254126634e-03 6.87000824833599e-05
8.99007692307692e-01 2.80635716574100e-03 6.69896764118799e-05
9.01515384615385e-01 2.73266884706900e-03 6.53215997039525e-05
9.04023076923077e-01 2.66091540976716e-03 6.36948125234569e-05
9.06530769230769e-01 2.59104604847283e-03 6.21083003381174e-05
9.09038461538461e-01 2.52301129179374e-03 6.05610733358175e-05
9.11546153846154e-01 2.45676296728766e-03 5.90521657835393e-05
9.14053846153846e-01 2.39225416751286e-03 5.75806354701586e-05
9.16561538461538e-01 2.32943921665260e-03 5.61455631629315e-05
9.19069230769231e-01 2.26827363818179e-03 5.47460520113955e-05
9.21576923076923e-01 2.20871412352081e-03 5.33812270285798e-05
9.24084615384615e-01 2.15071850122200e-03 5.20502345849816e-05
9.26592307692308e-01 2.09424570711678e-03 5.07522418543298e-05
9.29100000000000e-01 2.03925575537355e-03 4.94864363306114e-05
9.31607692307692e-01 1.98570971004924e-03 4.82520253516667e-05
9.34115384615385e-01 1.93356965756685e-03 4.70482356054889e-05
9.36623076923077e-01 1.88279867983170e-03 4.58743126540813e-05
9.39130769230769e-01 1.83336082821002e-03 4.47295204877701e-05
9.41638461538462e-01 1.78522109795433e-03 4.36131410970891e-05
9.44146153846154e-01 1.73834540342373e-03 4.25244740053729e-05
9.46653846153846e-01 1.69270055405810e-03 4.14628358602279e-05
9.49161538461538e-01 1.64825423076641e-03 4.04275600351013e-05
9.51669230769231e-01 1.60497496304823e-03 3.94179961948346e-05
9.54176923076923e-01 1.56283210681039e-03 3.84335099155037e-05
9.56684615384615e-01 1.52179582256772e-03 3.74734823136636e-05
9.59192307692308e-01 1.48183705431973e-03 3.65373096425755e-05
9.61700000000000e-01 1.44292750906859e-03 3.56244029384760e-05
9.64207692307692e-01 1.40503963669310e-03 3.47341876718981e-05
9.66715384615385e-01 1.36814661047324e-03 3.38661033874346e-05
9.69223076923077e-01 1.33222230806887e-03 3.30196033561573e-05
9.71730769230769e-01 1.29724129310479e-03 3.21941542496613e-05
9.74238461538461e-01 1.26317879707765e-03 3.13892358267624e-05
9.76746153846154e-01 1.23001070182226e-03 3.06043405932819e-05
9.79253846153846e-01 1.19771352250898e-03 2.98389735031855e-05
9.81761538461538e-01 1.16626439093928e-03 2.90926516671448e-05
9.84269230769231e-01 1.13564103935735e-03 2.83649040364282e-05
9.86776923076923e-01 1.10582178475139e-03 2.76552711249249e-05
9.89284615384615e-01 1.07678551343133e-03 2.69633047380787e-05
9.91792307692308e-01 1.04851166608241e-03 2.62885676791987e-05
9.94300000000000e-01 1.02098022327046e-03 2.56306334909306e-05
9.96807692307692e-01 9.94171691203395e-04 2.49890862005763e-05
9.99315384615385e-01 9.68067087950104e-04 2.43635200551763e-05
1.00182307692308e+00 9.42647930000250e-04 2.37535392710319e-05
1.00433076923077e+00 9.17896219212163e-04 2.31587578247785e-05
1.00683846153846e+00 8.93794429823998e-04 2.25787991436295e-05
1.00934615384615e+00 8.70325496607491e-04 2.20132959100388e-05
1.01185384615385e+00 8.47472802250270e-04 2.14618898983593e-05
1.01436153846154e+00 8.25220165771344e-04 2.09242316711597e-05
1.01686923076923e+00 8.03551831064348e-04 2.03999804131795e-05
1.01937692307692e+00 7.82452455592876e-04 1.98888036581746e-05
1.02188461538462e+00 7.61907099980418e-04 1.93903771253788e-05
1.02439230769231e+00 7.41901216970438e-04 1.89043845687358e-05
1.02690000000000e+00 7.22420641283166e-04 1.84305175279787e-05
1.02940769230769e+00 7.03451579453707e-04 1.79684751062628e-05
1.03191538461538e+00 6.84980600469133e-04 1.75179638213784e-05
1.03442307692308e+00 6.66994625847187e-04 1.70786974684543e-05
1.03693076923077e+00 6.49480920515749e-04 1.66503968948732e-05
1.03943846153846e+00 6.32427083678165e-04 1.62327897990032e-05
1.04194615384615e+00 6.15821040392227e-04 1.58256105948645e-05
1.04445384615385e+00 5.99651032654104e-04 1.54286002871363e-05
1.04696153846154e+00 5.83905611197382e-04 1.50415062527866e-05
1.04946923076923e+00 5.68573627386532e-04 1.46640821187367e-05
1.05197692307692e+00 5.53644225221265e-04 1.42960875651066e-05
1.05448461538462e+00 5.39106833960674e-04 1.39372882049758e-05
1.05699230769231e+00 5.24951160321811e-04 1.35874554732196e-05
1.05950000000000e+00 5.11167181299142e-04 1.32463664471410e-05
1.06200769230769e+00 4.97745136977112e-04 1.29138036857510e-05
1.06451538461538e+00 4.84675523896400e-04 1.25895551204587e-05
1.06702307692308e+00 4.71949088042815e-04 1.22734139539252e-05
1.06953076923077e+00 4.59556818390779e-04 1.19651784979078e-05
1.07203846153846e+00 4.47489940442386e-04 1.16646520278330e-05
1.07454615384615e+00 4.35739910261153e-04 1.13716426834428e-05
1.07705384615385e+00 4.24298408171123e-04 1.10859633767868e-05
1.07956153846154e+00 4.13157332951392e-04 1.08074316352877e-05
1.08206923076923e+00 4.02308796100110e-04 1.05358695118438e-05
1.08457692307692e+00 3.91745116179128e-04 1.02711034431994e-05
1.08708461538462e+00 3.81458813588406e-04 1.00129641617538e-05
1.08959230769231e+00 3.71442605052664e-04 9.76128661381685e-06
1.09210000000000e+00 3.61689398538310e-04 9.51590983044836e-06
1.09460769230769e+00 3.52192288169694e-04 9.27667681140031e-06
1.09711538461538e+00 3.42944549529391e-04 9.04343444499475e-06
1.09962307692308e+00 3.33939634703277e-04 8.81603343380199e-06
1.10213076923077e+00 3.25171167710028e-04 8.59432817789860e-06
1.10463846153846e+00 3.16632939931199e-04 8.37817666988088e-06
1.10714615384615e+00 3.08318905884497e-04 8.16744042208722e-06
1.10965384615385e+00 3.00223178770681e-04 7.96198439904029e-06
1.11216153846154e+00 2.92340026363963e-04 7.76167690472086e-06
1.11466923076923e+00 2.84663866953353e-04 7.56638951666008e-06
1.11717692307692e+00 2.77189265342514e-04 7.37599698405473e-06
1.11968461538462e+00 2.69910929147847e-04 7.19037716321872e-06
1.12219230769231e+00 2.62823704901884e-04 7.00941095761421e-06
1.12470000000000e+00 2.55922574455097e-04 6.83298222490520e-06
1.12720769230769e+00 2.49202651380036e-04 6.66097769321948e-06
1.12971538461538e+00 2.42659177642032e-04 6.49328690254117e-06
1.13222307692308e+00 2.36287520097186e-04 6.32980215022418e-06
1.13473076923077e+00 2.30083167257042e-04 6.17041840699776e-06
1.13723846153846e+00 2.24041726056150e-04 6.01503324123560e-06
1.13974615384615e+00 2.18158918857892e-04 5.86354676575125e-06
1.14225384615385e+00 2.12430580307092e-04 5.71586158830215e-06
1.14476153846154e+00 2.06852654420969e-04 5.57188273065832e-06
1.14726923076923e+00 2.01421191717330e-04 5.43151758038159e-06
1.14977692307692e+00 1.96132346385128e-04 5.29467581757393e-06
1.15228461538462e+00 1.90982373662136e-04 5.16126936772307e-06
1.15479230769231e+00 1.85967627080808e-04 5.03121235780203e-06
1.15730000000000e+00 1.81084555921258e-04 4.90442104942205e-06
1.15980769230769e+00 1.76329702667771e-04 4.78081377846015e-06
1.16231538461538e+00 1.71699700650476e-04 4.66031091226788e-06
1.16482307692308e+00 1.67191271570055e-04 4.54283480980777e-06
1.16733076923077e+00 1.62801223207609e-04 4.42830976125525e-06
1.16983846153846e+00 1.58526447138210e-04 4.31666193341166e-06
1.17234615384615e+00 1.54363916610002e-04 4.20781933087803e-06
1.17485384615385e+00 1.50310684319529e-04 4.10171175986323e-06
1.17736153846154e+00 1.46363880352566e-04 3.99827077010592e-06
1.17986923076923e+00 1.42520710152100e-04 3.89742961965949e-06
1.18237692307692e+00 1.38778452516926e-04 3.79912322225463e-06
1.18488461538462e+00 1.35134457744191e-04 3.70328811291074e-06
1.18739230769231e+00 1.31586145682634e-04 3.60986241585891e-06
1.18990000000000e+00 1.28131003929699e-04 3.51878579649221e-06
1.19240769230769e+00 1.24766586032390e-04 3.42999941786950e-06
1.19491538461538e+00 1.21490509816833e-04 3.34344590952388e-06
1.19742307692308e+00 1.18300455638606e-04 3.25906933835095e-06
1.19993076923077e+00 1.15194164761682e-04 3.17681516520182e-06
1.20243846153846e+00 1.12169437741101e-04 3.09663020556355e-06
1.20494615384615e+00 1.09224132920737e-04 3.01846260127076e-06
1.20745384615385e+00 1.06356164860741e-04 2.94226179408937e-06
1.20996153846154e+00 1.03563502879994e-04 2.86797848405575e-06
1.21246923076923e+00 1.00844169618294e-04 2.79556460380228e-06
1.21497692307692e+00 9.81962396206457e-05 2.72497328075192e-06
1.21748461538462e+00 9.56178380216529e-05 2.65615881207804e-06
1.21999230769231e+00 9.31071391693820e-05 2.58907664130644e-06
1.22250000000000e+00 9.06623653492250e-05 2.52368332379472e-06
1.22500769230769e+00 8.82817855112503e-05 2.45993649541552e-06
1.22751538461538e+00 8.59637140870788e-05 2.39779484985414e-06
1.23002307692308e+00 8.37065097530434e-05 2.33721811738380e-06
1.23253076923077e+00 8.15085742827692e-05 2.27816703368547e-06
1.23503846153846e+00 7.93683514031276e-05 2.22060331154352e-06
1.23754615384615e+00 7.72843257302609e-05 2.16448962026531e-06
1.24005384615385e+00 7.52550216579318e-05 2.10978956643079e-06
1.24256153846154e+00 7.32790023258405e-05 2.05646766401991e-06
1.24506923076923e+00 7.13548686022642e-05 2.00448931572223e-06
1.24757692307692e+00 6.94812580826243e-05 1.95382078579675e-06
1.25008461538462e+00 6.76568441577098e-05 1.90442918186438e-06
1.25259230769231e+00 6.58803350408591e-05 1.85628243786699e-06
1.25510000000000e+00 6.41504728646893e-05 1.80934928927846e-06
1.25760769230769e+00 6.24660327808570e-05 1.76359925057056e-06
1.26011538461538e+00 6.08258221221268e-05 1.71900259871178e-06
1.26262307692308e+00 5.92286795280103e-05 1.67553035771615e-06
1.26513076923077e+00 5.76734741326095e-05 1.63315427625618e-06
1.26763846153846e+00 5.61591047553428e-05 1.59184680729999e-06
1.27014615384615e+00 5.46844991474116e-05 1.55158109315834e-06
1.27265384615385e+00 5.32486132059280e-05 1.51233095147661e-06
1.27516153846154e+00 5.18504302436825e-05 1.47407085382290e-06
1.27766923076923e+00 5.04889602692832e-05 1.43677591210058e-06
1.28017692307692e+00 4.91632392787616e-05 1.40042185907290e-06
1.28268461538462e+00 4.78723285956763e-05 1.36498503514063e-06
1.28519230769231e+00 4.66153141833761e-05 1.33044237594847e-06
1.28770000000000e+00 4.53913060056618e-05 1.29677139459224e-06
1.29020769230769e+00 4.41994373899704e-05 1.26395016541341e-06
1.29271538461538e+00 4.30388644339507e-05 1.23195731202028e-06
1.29522307692308e+00 4.19087653873220e-05 1.20077199605506e-06
1.29773076923077e+00 4.08083400770298e-05 1.17037390112726e-06
1.30023846153846e+00 3.97368093347758e-05 1.14074321817219e-06
1.30274615384615e+00 3.86934144633704e-05 1.11186063459988e-06
1.30525384615385e+00 3.76774166811436e-05 1.08370732411522e-06
1.30776153846154e+00 3.66880966050888e-05 1.05626493137591e-06
1.31026923076923e+00 3.57247537415069e-05 1.02951556212690e-06
1.31277692307692e+00 3.47867059848944e-05 1.00344176923100e-06
1.31528461538462e+00 3.38732891506183e-05 9.78026543077882e-07
1.31779230769231e+00 3.29838564886966e-05 9.53253302581958e-07
1.32030000000000e+00 3.21177782312803e-05 9.29105882416545e-07
1.32280769230769e+00 3.12744411421735e-05 9.05568521365904e-07
1.32531538461538e+00 3.04532480965872e-05 8.82625853639179e-07
1.32782307692308e+00 2.96536176441185e-05 8.60262900714231e-07
1.33033076923077e+00 2.88749836018820e-05 8.38465059811863e-07
1.33283846153846e+00 2.81167946495463e-05 8.17218093373567e-07
1.33534615384615e+00 2.73785139514252e-05 7.96508121195833e-07
1.33785384615385e+00 2.66596187636757e-05 7.76321613041238e-07
1.34036153846154e+00 2.59596000684746e-05 7.56645377649145e-07
1.34286923076923e+00 2.52779622136106e-05 7.37466555580800e-07
1.34537692307692e+00 2.46142225579977e-05 7.18772609203052e-07
1.34788461538462e+00 2.39679111407388e-05 7.00551315738983e-07
1.35039230769231e+00 2.33385703373627e-05 6.82790760736746e-07
1.35290000000000e+00 2.27257545395401e-05 6.65479328914129e-07
1.35540769230769e+00 2.21290298364128e-05 6.48605695790410e-07
1.35791538461538e+00 2.15479737170002e-05 6.32158821394586e-07
1.36042307692308e+00 2.09821747612162e-05 6.16127944350002e-07
1.36293076923077e+00 2.04312323518969e-05 6.00502573609200e-07
1.36543846153846e+00 1.98947563883267e-05 5.85272480895681e-07
1.36794615384615e+00 1.93723670186294e-05 5.70427695008046e-07
1.37045384615385e+00 1.88636943620448e-05 5.55958496462826e-07
1.37296153846154e+00 1.83683782500091e-05 5.41855409625444e-07
1.37546923076923e+00 1.78860679711384e-05 5.28109197526638e-07
1.37797692307692e+00 1.74164220204621e-05 5.14710854683268e-07
1.38048461538462e+00 1.69591078650793e-05 5.01651602067897e-07
1.38299230769231e+00 1.65138017011052e-05 4.88922882375471e-07
1.38550000000000e+00 1.60801882269829e-05 4.76516353459648e-07
1.38800769230769e+00 1.56579604180526e-05 4.64423882323733e-07
1.39051538461538e+00 1.52468193158211e-05 4.52637540567575e-07
1.39302307692308e+00 1.48464738094966e-05 4.41149600101862e-07
1.39553076923077e+00 1.44566404321706e-05 4.29952527223369e-07
1.39803846153846e+00 1.40770431581630e-05 4.19038977188234e-07
1.40054615384615e+00 1.37074132135258e-05 4.08401790091225e-07
1.40305384615385e+00 1.33474888796785e-05 3.98033986985653e-07
1.40556153846154e+00 1.29970153101528e-05 3.87928764250277e-07
1.40806923076923e+00 1.26557443501501e-05 3.78079489837569e-07
1.41057692307692e+00 1.23234343591441e-05 3.68479698129735e-07
1.41308461538462e+00 1.19998500449438e-05 3.59123086300699e-07
1.41559230769231e+00 1.16847622918385e-05 3.50003510889153e-07
1.41810000000000e+00 1.13779480001574e-05 3.41114983094578e-07
1.42060769230769e+00 1.10791899267943e-05 3.32451664464098e-07
1.42311538461538e+00 1.07882765359928e-05 3.24007863600513e-07
1.42562307692308e+00 1.05050018448755e-05 3.15778033060300e-07
1.42813076923077e+00 1.02291652791900e-05 3.07756765107999e-07
1.43063846153846e+00 9.96057152994644e-06 2.99938787821551e-07
1.43314615384615e+00 9.69903041923848e-06 2.92318962113717e-07
1.43565384615385e+00 9.44435676139872e-06 2.84892278924442e-07
1.43816153846154e+00 9.19637023329840e-06 2.77653855189520e-07
1.44066923076923e+00 8.95489524667025e-06 2.70598931127598e-07
1.44317692307692e+00 8.71976082261404e-06 2.63722866555677e-07
1.44568461538462e+00 8.49080047410062e-06 2.57021138260295e-07
1.44819230769231e+00 8.26785208445610e-06 2.50489337518651e-07
1.45070000000000e+00 8.05075779380889e-06 2.44123166728545e-07
1.45320769230769e+00 7.83936388627363e-06 2.37918436313777e-07
1.45571538461538e+00 7.63352068429659e-06 2.31871062345982e-07
1.45822307692308e+00 7.43308243943088e-06 2.25977064301389e-07
1.46073076923077e+00 7.23790723024037e-06 2.20232562019452e-07
1.46323846153846e+00 7.04785686088108e-06 2.14633772908867e-07
1.46574615384615e+00 6.86279676609473e-06 2.09177009796292e-07
1.46825384615385e+00 6.68259591303156e-06 2.03858678896509e-07
1.47076153846154e+00 6.50712670945534e-06 1.98675276928162e-07
1.47326923076923e+00 6.33626491340196e-06 1.93623389153551e-07
1.47577692307692e+00 6.16988954440097e-06 1.88699686740310e-07
1.47828461538462e+00 6.00788280028250e-06 1.83900924863329e-07
1.48079230769231e+00 5.85012997125253e-06 1.79223940913187e-07
1.48330000000000e+00 5.69651935952621e-06 1.74665652082515e-07
1.48580769230769e+00 5.54694219951821e-06 1.70223053146530e-07
1.48831538461538e+00 5.40129258303458e-06 1.65893214746324e-07
1.49082307692308e+00 5.25946738203844e-06 1.61673281768001e-07
1.49333076923077e+00 5.12136617639213e-06 1.57560471164654e-07
1.49583846153846e+00 4.98689118211026e-06 1.53552069952734e-07
1.49834615384615e+00 4.85594718409149e-06 1.49645433659466e-07
1.50085384615385e+00 4.72844146669563e-06 1.45837984856539e-07
1.50336153846154e+00 4.60428374877645e-06 1.42127211097036e-07
1.50586923076923e+00 4.48338611975836e-06 1.38510663500231e-07
1.50837692307692e+00 4.36566297683125e-06 1.34985954862952e-07
1.51088461538462e+00 4.25103096604735e-06 1.31550758290115e-07
1.51339230769231e+00 4.13940892156153e-06 1.28202805900914e-07
1.51590000000000e+00 4.03071780875269e-06 1.24939887100691e-07
1.51840769230769e+00 3.92488066776333e-06 1.21759846989707e-07
1.52091538461538e+00 3.82182256053369e-06 1.18660585124798e-07
1.52342307692308e+00 3.72147051618674e-06 1.15640054349110e-07
1.52593076923077e+00 3.62375347988876e-06 1.12696259232802e-07
1.52843846153846e+00 3.52860226209258e-06 1.09827254636722e-07
1.53094615384615e+00 3.43594949091059e-06 1.07031144592686e-07
1.53345384615385e+00 3.34572956302305e-06 1.04306081245030e-07
1.53596153846154e+00 3.25787859769861e-06 1.01650263375302e-07
1.53846923076923e+00 3.17233439156372e-06 9.90619353812718e-08
1.54097692307692e+00 3.08903637417164e-06 9.65393859253089e-08
1.54348461538462e+00 3.00792556629838e-06 9.40809469469919e-08
1.54599230769231e+00 2.92894453697676e-06 9.16849927294537e-08
1.54850000000000e+00 2.85203736324157e-06 8.93499386624105e-08
1.55100769230769e+00 2.77714959018703e-06 8.70742401017402e-08
1.55351538461538e+00 2.70422819346671e-06 8.48563914767946e-08
1.55602307692308e+00 2.63322154067245e-06 8.26949254460825e-08
1.55853076923077e+00 2.56407935514147e-06 8.05884117812459e-08
1.56103846153846e+00 2.49675268004871e-06 7.85354563377587e-08
1.56354615384615e+00 2.43119384468704e-06 7.65347002479150e-08
1.56605384615385e+00 2.36735642975165e-06 7.45848191573437e-08
1.56856153846154e+00 2.30519523479917e-06 7.26845221702436e-08
1.57106923076923e+00 2.24466624624358e-06 7.08325511132805e-08
1.57357692307692e+00 2.18572660592360e-06 6.90276795685608e-08
1.57608461538462e+00 2.12833458157660e-06 6.72687121621614e-08
1.57859230769231e+00 2.07244953645460e-06 6.55544838908349e-08
1.58110000000000e+00 2.01803190083495e-06 6.38838592368478e-08
1.58360769230769e+00 1.96504314376298e-06 6.22557313509111e-08
1.58611538461538e+00 1.91344574650245e-06 6.06690214090732e-08
1.58862307692308e+00 1.86320317522397e-06 5.91226780039714e-08
1.59113076923077e+00 1.81427985539039e-06 5.76156763462841e-08
1.59363846153846e+00 1.76664114635396e-06 5.61470175273484e-08
1.59614615384615e+00 1.72025331748330e-06 5.47157279378815e-08
1.59865384615385e+00 1.67508352361345e-06 5.33208587176175e-08
1.60116153846154e+00 1.63109978201600e-06 5.19614850013766e-08
1.60366923076923e+00 1.58827094975378e-06 5.06367053886986e-08
1.60617692307692e+00 1.54656670144375e-06 4.93456412521403e-08
1.60868461538462e+00 1.50595750835330e-06 4.80874362249320e-08
1.61119230769231e+00 1.46641461691328e-06 4.68612557157519e-08
1.61370000000000e+00 1.42791002855556e-06 4.56662862754732e-08
1.61620769230769e+00 1.39041647972227e-06 4.45017350119492e-08
1.61871538461538e+00 1.35390742306948e-06 4.33668291269802e-08
1.62122307692308e+00 1.31835700815291e-06 4.22608154776842e-08
1.62373076923077e+00 1.28374006330000e-06 4.11829600052549e-08
1.62623846153846e+00 1.25003207763852e-06 4.01325472068714e-08
1.62874615384615e+00 1.21720918419534e-06 3.91088797172510e-08
1.63125384615385e+00 1.18524814253489e-06 3.81112779121624e-08
1.63376153846154e+00 1.15412632246068e-06 3.71390793696408e-08
1.63626923076923e+00 1.12382168799189e-06 3.61916384880776e-08
1.63877692307692e+00 1.09431278163168e-06 3.52683259915741e-08
1.64128461538462e+00 1.06557870956816e-06 3.43685285612010e-08
1.64379230769231e+00 1.03759912647892e-06 3.34916484855165e-08
1.64630000000000e+00 1.01035422126184e-06 3.26371032076446e-08
1.64880769230769e+00 9.83824702892363e-07 3.18043249062468e-08
1.65131538461538e+00 9.57991787116655e-07 3.09927601623230e-08
1.65382307692308e+00 9.32837182792466e-07 3.02018696433471e-08
1.65633076923077e+00 9.08343079059837e-07 2.94311276947288e-08
1.65883846153846e+00 8.84492132627029e-07 2.86800219617207e-08
1.66134615384615e+00 8.61267455805280e-07 2.79480530883504e-08
1.66385384615385e+00 8.38652604230714e-07 2.72347344319550e-08
1.66636153846154e+00 8.16631565329663e-07 2.65395916782228e-08
1.66886923076923e+00 7.95188746980973e-07 2.58621625663379e-08
1.67137692307692e+00 7.74308966386360e-07 2.52019965353335e-08
1.67388461538462e+00 7.53977439593577e-07 2.45586544588415e-08
1.67639230769231e+00 7.34179770750007e-07 2.39317083935235e-08
1.67890000000000e+00 7.14901942004225e-07 2.33207412552029e-08
1.68140769230769e+00 6.96130303500581e-07 2.27253465189145e-08
1.68391538461538e+00 6.77851563958724e-07 2.21451279792583e-08
1.68642307692308e+00 6.60052781013680e-07 2.15796995230663e-08
1.68893076923077e+00 6.42721352136482e-07 2.10286848372930e-08
1.69143846153846e+00 6.25845005639402e-07 2.04917171383898e-08
1.69394615384615e+00 6.09411792205348e-07 1.99684389558024e-08
1.69645384615385e+00 5.93410076204564e-07 1.94585019265492e-08
1.69896153846154e+00 5.77828527531486e-07 1.89615665202234e-08
1.70146923076923e+00 5.62656113582466e-07 1.84773018412891e-08
1.70397692307692e+00 5.47882091381920e-07 1.80053853762945e-08
1.70648461538462e+00 5.33496000165472e-07 1.75455028031628e-08
1.70899230769231e+00 5.19487653779842e-07 1.70973478101995e-08
1.71150000000000e+00 5.05847133536145e-07 1.66606218645592e-08
1.71400769230769e+00 4.92564781131384e-07 1.62350339975903e-08
1.71651538461538e+00 4.79631191979461e-07 1.58203006325594e-08
1.71902307692308e+00 4.67037208379406e-07 1.54161454211213e-08
1.72153076923077e+00 4.54773913089897e-07 1.50222990345018e-08
1.72403846153846e+00 4.42832622965738e-07 1.46384989698468e-08
1.72654615384615e+00 4.31204882961344e-07 1.42644893946050e-08
1.72905384615385e+00 4.19882459989631e-07 1.39000209987813e-08
1.73156153846154e+00 4.08857337144961e-07 1.35448507985291e-08
1.73406923076923e+00 3.98121708026778e-07 1.31987419940078e-08
1.73657692307692e+00 3.87667971169084e-07 1.28614637887316e-08
1.73908461538462e+00 3.77488724789936e-07 1.25327912525158e-08
1.74159230769231e+00 3.67576761416357e-07 1.22125051913275e-08
1.74410000000000e+00 3.57925062826638e-07 1.19003919817969e-08
1.74660769230769e+00 3.48526795042490e-07 1.15962434176415e-08
1.74911538461538e+00 3.39375303607986e-07 1.12998565858796e-08
1.75162307692308e+00 3.30464108757858e-07 1.10110337492526e-08
1.75413076923077e+00 3.21786900870202e-07 1.07295821969839e-08
1.75663846153846e+00 3.13337535964462e-07 1.04553141062418e-08
1.75914615384615e+00 3.05110031456445e-07 1.01880464303363e-08
1.76165384615385e+00 2.97098561815058e-07 9.92760079250645e-09
1.76416153846154e+00 2.89297454473912e-07 9.67380334566618e-09
1.76666923076923e+00 2.81701185814865e-07 9.42648467025797e-09
1.76917692307692e+00 2.74304377227020e-07 9.18547964517696e-09
1.77168461538462e+00 2.67101791389877e-07 8.95062734932202e-09
1.77419230769231e+00 2.60088328471804e-07 8.72177096804960e-09
1.77670000000000e+00 2.53259022550740e-07 8.49875767491552e-09
1.77920769230769e+00 2.46609038071258e-07 8.28143852182681e-09
1.78171538461538e+00 2.40133666502541e-07 8.06966835013272e-09
1.78422307692308e+00 2.33828322921135e-07 7.86330570612775e-09
1.78673076923077e+00 2.27688542792874e-07 7.66221273441034e-09
1.78923846153846e+00 2.21709978787799e-07 7.46625507879771e-09
1.79174615384615e+00 2.15888397775161e-07 7.27530180203553e-09
1.79425384615385e+00 2.10219677751610e-07 7.08922530947805e-09
1.79676153846154e+00 2.04699804947883e-07 6.90790124895059e-09
1.79926923076923e+00 1.99324870986853e-07 6.73120843737689e-09
1.80177692307692e+00 1.94091070095357e-07 6.55902876857167e-09
1.80428461538462e+00 1.88994696473073e-07 6.39124714255211e-09
1.80679230769231e+00 1.84032141603846e-07 6.22775139833108e-09
1.80930000000000e+00 1.79199891722657e-07 6.06843222942606e-09
1.81180769230769e+00 1.74494525309074e-07 5.91318310530600e-09
1.81431538461538e+00 1.69912710721467e-07 5.76190020756004e-09
1.81682307692308e+00 1.65451203780118e-07 5.61448236920022e-09
1.81933076923077e+00 1.61106845489821e-07 5.47083099847487e-09
1.82183846153846e+00 1.56876559786510e-07 5.33085000801707e-09
1.82434615384615e+00 1.52757351410056e-07 5.19444575720816e-09
1.82685384615385e+00 1.48746303731687e-07 5.06152699736106e-09
1.82936153846154e+00 1.44840576706423e-07 4.93200480023679e-09
1.83186923076923e+00 1.41037404862179e-07 4.80579250536233e-09
1.83437692307692e+00 1.37334095327192e-07 4.68280565417282e-09
1.83688461538462e+00 1.33728025967493e-07 4.56296193927549e-09
1.83939230769231e+00 1.30216643485293e-07 4.44618115618672e-09
1.84190000000000e+00 1.26797461626387e-07 4.33238514297760e-09
1.84440769230769e+00 1.23468059406816e-07 4.22149772411254e-09
1.84691538461538e+00 1.20226079438186e-07 4.11344466464051e-09
1.84942307692308e+00 1.17069226218259e-07 4.00815362661176e-09
1.85193076923077e+00 1.13995264519276e-07 3.90555411465877e-09
1.85443846153846e+00 1.11002017793729e-07 3.80557742534464e-09
1.85694615384615e+00 1.08087366668576e-07 3.70815660580454e-09
1.85945384615385e+00 1.05249247408618e-07 3.61322641438993e-09
1.86196153846154e+00 1.02485650467476e-07 3.52072326964795e-09
1.86446923076923e+00 9.97946190647276e-08 3.43058521250968e-09
1.86697692307692e+00 9.71742477903395e-08 3.34275185926098e-09
1.86948461538462e+00 9.46226812862474e-08 3.25716436514084e-09
1.87199230769231e+00 9.21381129013707e-08 3.17376538969591e-09
1.87450000000000e+00 8.97187834230310e-08 3.09249905367595e-09
1.87700769230769e+00 8.73629798223388e-08 3.01331089888983e-09
1.87951538461538e+00 8.50690340687437e-08 2.93614785534256e-09
1.88202307692308e+00 8.28353219209943e-08 2.86095820995315e-09
1.88453076923077e+00 8.06602617865864e-08 2.78769156769102e-09
1.88703846153846e+00 7.85423135938680e-08 2.71629881537275e-09
1.88954615384615e+00 7.64799777261510e-08 2.64673209199494e-09
1.89205384615385e+00 7.44717939348734e-08 2.57894476048971e-09
1.89456153846154e+00 7.25163403141564e-08 2.51289137131465e-09
1.89706923076923e+00 7.06122322940227e-08 2.44852763532449e-09
1.89957692307692e+00 6.87581216530481e-08 2.38581039019303e-09
1.90208461538462e+00 6.69526955851063e-08 2.32469757430529e-09
1.90459230769231e+00 6.51946757480709e-08 2.26514820189711e-09
1.90710000000000e+00 6.34828173660689e-08 2.20712233227526e-09
1.90960769230769e+00 6.18159083418553e-08 2.15058104112872e-09
1.91211538461538e+00 6.01927684176864e-08 2.09548639696133e-09
1.91462307692308e+00 5.86122483201704e-08 2.04180143864727e-09
1.91713076923077e+00 5.70732289531262e-08 1.98949014768104e-09
1.91963846153846e+00 5.55746205996089e-08 1.93851742230664e-09
1.92214615384615e+00 5.41153621674180e-08 1.88884905624421e-09
1.92465384615385e+00 5.26944204203787e-08 1.84045171842708e-09
1.92716153846154e+00 5.13107892526610e-08 1.79329292702239e-09
1.92966923076923e+00 4.99634889764062e-08 1.74734102997442e-09
1.93217692307692e+00 4.86515656231857e-08 1.70256518103434e-09
1.93468461538462e+00 4.73740902833986e-08 1.65893532104162e-09
1.93719230769231e+00 4.61301584334156e-08 1.61642216009142e-09
1.93970000000000e+00 4.49188893002674e-08 1.57499715555937e-09
1.94220769230769e+00 4.37394252336574e-08 1.53463249160311e-09
1.94471538461538e+00 4.25909311119882e-08 1.49530106226703e-09
1.94722307692308e+00 4.14725937375111e-08 1.45697645538415e-09
1.94973076923077e+00 4.03836212651337e-08 1.41963293276513e-09
1.95223846153846e+00 3.93232426378589e-08 1.38324541171443e-09
1.95474615384615e+00 3.82907070527223e-08 1.34778944978094e-09
1.95725384615385e+00 3.72852834170726e-08 1.31324123022632e-09
1.95976153846154e+00 3.63062598350269e-08 1.27957754349052e-09
1.96226923076923e+00 3.53529431034125e-08 1.24677577324219e-09
1.96477692307692e+00 3.44246582175539e-08 1.21481387926975e-09
1.96728461538462e+00 3.35207479036717e-08 1.18367038406514e-09
1.96979230769231e+00 3.26405721429641e-08 1.15332436003664e-09
1.97230000000000e+00 3.17835077220157e-08 1.12375541382217e-09
1.97480769230769e+00 3.09489477884994e-08 1.09494367164586e-09
1.97731538461538e+00 3.01363014307404e-08 1.06686976720960e-09
1.97982307692308e+00 2.93449932498968e-08 1.03951483015098e-09
1.98233076923077e+00 2.85744629557444e-08 1.01286047190207e-09
1.98483846153846e+00 2.78241649672516e-08 9.86888772485929e-10
1.98734615384615e+00 2.70935680345527e-08 9.61582269588850e-10
1.98985384615385e+00 2.63821548543647e-08 9.36923948142318e-10
1.99236153846154e+00 2.56894217065691e-08 9.12897227101859e-10
1.99486923076923e+00 2.50148780975517e-08 8.89485949448958e-10
1.99737692307692e+00 2.43580464105490e-08 8.66674369981319e-10
1.99988461538462e+00 2.37184615746656e-08 8.44447145699874e-10
2.00239230769231e+00 2.30956707282478e-08 8.22789326642640e-10
2.00490000000000e+00 2.24892329007222e-08 8.01686344688719e-10
2.00740769230769e+00 2.18987186982564e-08 7.81124003099323e-10
2.00991538461538e+00 2.13237100061619e-08 7.61088467842684e-10
2.01242307692308e+00 2.07637996862885e-08 7.41566259321147e-10
2.01493076923077e+00 2.02185912909741e-08 7.22544242278758e-10
2.01743846153846e+00 1.96876987804531e-08 7.04009616371239e-10
2.01994615384615e+00 1.91707462552781e-08 6.85949908337573e-10
2.02245384615385e+00 1.86673676842959e-08 6.68352964533440e-10
2.02496153846154e+00 1.81772066474678e-08 6.51206941501443e-10
2.02746923076923e+00 1.76999160835066e-08 6.34500298807356e-10
2.02997692307692e+00 1.72351580424963e-08 6.18221790328043e-10
2.03248461538462e+00 1.67826034516154e-08 6.02360457365584e-10
2.03499230769231e+00 1.63419318770314e-08 5.86905622078769e-10
2.03750000000000e+00 1.59128312987497e-08 5.71846879493446e-10
2.04000769230769e+00 1.54949978882181e-08 5.57174090033597e-10
2.04251538461538e+00 1.50881357976821e-08 5.42877373307885e-10
2.04502307692308e+00 1.46919569461422e-08 5.28947102181763e-10
2.04753076923077e+00 1.43061808169272e-08 5.15373895575716e-10
2.05003846153846e+00 1.39305342577597e-08 5.02148611731488e-10
2.05254615384615e+00 1.35647512913603e-08 4.89262342605484e-10
2.05505384615385e+00 1.32085729230355e-08 4.76706408519193e-10
2.05756153846154e+00 1.28617469586815e-08 4.64472351434420e-10
2.06006923076923e+00 1.25240278262179e-08 4.52551929821883e-10
2.06257692307692e+00 1.21951764005665e-08 4.40937112445675e-10
2.06508461538462e+00 1.18749598378261e-08 4.29620073432261e-10
2.06759230769231e+00 1.15631514068525e-08 4.18593187564859e-10
2.07010000000000e+00 1.12595303299271e-08 4.07849024582726e-10
2.07260769230769e+00 1.09638816254124e-08 3.97380343848382e-10
2.07511538461538e+00 1.06759959586542e-08 3.87180089898479e-10
2.07762307692308e+00 1.03956694905817e-08 3.77241388197496e-10
2.08013076923077e+00 1.01227037344579e-08 3.67557539999438e-10
2.08263846153846e+00 9.85690541442509e-09 3.58122017540177e-10
2.08514615384615e+00 9.59808633144897e-09 3.48928460023210e-10
2.08765384615385e+00 9.34606322721750e-09 3.39970669787939e-10
2.09016153846154e+00 9.10065765534979e-09 3.31242607514567e-10
2.09266923076923e+00 8.86169585504671e-09 3.22738388549482e-10
2.09517692307692e+00 8.62900862726272e-09 3.14452278471455e-10
2.09768461538462e+00 8.40243121733371e-09 3.06378689561498e-10
2.10019230769231e+00 8.18180319584627e-09 2.98512177432746e-10
2.10270000000000e+00 7.96696834588547e-09 2.90847436963506e-10
2.10520769230769e+00 7.75777455171257e-09 2.83379298490286e-10
2.10771538461538e+00 7.55407369323333e-09 2.76102724622874e-10
2.11022307692308e+00 7.35572153890575e-09 2.69012807203444e-10
2.11273076923077e+00 7.16257764436814e-09 2.62104763640977e-10
2.11523846153846e+00 6.97450525235986e-09 2.55373933479343e-10
2.11774615384615e+00 6.79137119783559e-09 2.48815775523918e-10
2.12025384615385e+00 6.61304581169497e-09 2.42425865097814e-10
2.12276153846154e+00 6.43940282964238e-09 2.36199890623117e-10
2.12526923076923e+00 6.27031930278531e-09 2.30133650990200e-10
2.12777692307692e+00 6.10567551002512e-09 2.24223052395337e-10
2.13028461538462e+00 5.94535487498112e-09 2.18464105814084e-10
2.13279230769231e+00 5.78924388172332e-09 2.12852924588302e-10
2.13530000000000e+00 5.63723199498266e-09 2.07385721525132e-10
2.13780769230769e+00 5.48921158138973e-09 2.02058806179701e-10
2.14031538461538e+00 5.34507783477968e-09 1.96868582575765e-10
2.14282307692308e+00 5.20472870044028e-09 1.91811547028632e-10
2.14533076923077e+00 5.06806480337543e-09 1.86884285530545e-10
2.14783846153846e+00 4.93498937749847e-09 1.82083471301216e-10
2.15034615384615e+00 4.80540819847233e-09 1.77405862731574e-10
2.15285384615385e+00 4.67922951561238e-09 1.72848301419564e-10
2.15536153846154e+00 4.55636398739056e-09 1.68407709732957e-10
2.15786923076923e+00 4.43672461817697e-09 1.64081088926517e-10
2.16037692307692e+00 4.32022669625564e-09 1.59865516886714e-10
2.16288461538462e+00 4.20678773502395e-09 1.55758146323811e-10
2.16539230769231e+00 4.09632741338562e-09 1.51756203044641e-10
2.16790000000000e+00 3.98876751928716e-09 1.47856983883528e-10
2.17040769230769e+00 3.88403189399359e-09 1.44057854763066e-10
2.17291538461538e+00 3.78204637921988e-09 1.40356249063245e-10
2.17542307692308e+00 3.68273876354717e-09 1.36749666063199e-10
2.17793076923077e+00 3.58603873165823e-09 1.33235669076493e-10
2.18043846153846e+00 3.49187781424102e-09 1.29811883703102e-10
2.18294615384615e+00 3.40018934045373e-09 1.26475996358285e-10
2.18545384615385e+00 3.31090838975546e-09 1.23225752866808e-10
2.18796153846154e+00 3.22397174626560e-09 1.20058956725704e-10
2.19046923076923e+00 3.13931785400373e-09 1.16973467757016e-10
2.19297692307692e+00 3.05688677303511e-09 1.13967200499630e-10
2.19548461538462e+00 2.97662013785246e-09 1.11038122915924e-10
2.19799230769231e+00 2.89846111521214e-09 1.08184255155728e-10
2.20050000000000e+00 2.82235436417757e-09 1.05403668080790e-10
2.20300769230769e+00 2.74824599669381e-09 1.02694481881039e-10
2.20551538461538e+00 2.67608354016791e-09 1.00054864907969e-10
2.20802307692308e+00 2.60581589956566e-09 9.74830325595993e-11
2.21053076923077e+00 2.53739332148799e-09 9.49772459507296e-11
2.21303846153846e+00 2.47076735872719e-09 9.25358106656969e-11
2.21554615384615e+00 2.40589083662246e-09 9.01570757060983e-11
2.21805384615385e+00 2.34271781898655e-09 8.78394324849289e-11
2.22056153846154e+00 2.28120357580815e-09 8.55813135884121e-11
2.22306923076923e+00 2.22130455158071e-09 8.33811918121876e-11
2.22557692307692e+00 2.16297833427491e-09 8.12375790147242e-11
2.22808461538462e+00 2.10618362588202e-09 7.91490251922953e-11
2.23059230769231e+00 2.05088021258859e-09 7.71141175946422e-11
2.23310000000000e+00 1.99702893650114e-09 7.51314796728569e-11
2.23560769230769e+00 1.94459166775216e-09 7.31997700921452e-11
2.23811538461538e+00 1.89353127801537e-09 7.13176818975001e-11
2.24062307692308e+00 1.84381161369396e-09 6.94839417159958e-11
2.24313076923077e+00 1.79539747049937e-09 6.76973088086569e-11
2.24563846153846e+00 1.74825456837429e-09 6.59565741806436e-11
2.24814615384615e+00 1.70234952767996e-09 6.42605598287469e-11
2.25065384615385e+00 1.65764984509353e-09 6.26081180218404e-11
2.25316153846154e+00 1.61412387075278e-09 6.09981304184928e-11
2.25566923076923e+00 1.57174078584632e-09 5.94295073776382e-11
2.25817692307692e+00 1.53047058066122e-09 5.79011871411747e-11
2.26068461538462e+00 1.49028403373431e-09 5.64121351725123e-11
2.26319230769231e+00 1.45115269075452e-09 5.49613435240176e-11
2.26570000000000e+00 1.41304884455395e-09 5.35478300868961e-11
2.26820769230769e+00 1.37594551537245e-09 5.21706378869392e-11
2.27071538461538e+00 1.33981643211240e-09 5.08288344879661e-11
2.27322307692308e+00 1.30463601337277e-09 4.95215114212722e-11
2.27573076923077e+00 1.27037934945981e-09 4.82477835096753e-11
2.27823846153846e+00 1.23702218464472e-09 4.70067882327845e-11
2.28074615384615e+00 1.20454090030973e-09 4.57976851889826e-11
2.28325384615385e+00 1.17291249789839e-09 4.46196555808089e-11
2.28576153846154e+00 1.14211458274212e-09 4.34719015861897e-11
2.28826923076923e+00 1.11212534820357e-09 4.23536458655241e-11
2.29077692307692e+00 1.08292356014501e-09 4.12641309790268e-11
2.29328461538462e+00 1.05448854217226e-09 4.02026189138476e-11
2.29579230769231e+00 1.02680016071059e-09 3.91683906317094e-11
2.29830000000000e+00 9.99838810845491e-10 3.81607455341686e-11
2.30080769230769e+00 9.73585402359592e-10 3.71790009602952e-11
2.30331538461538e+00 9.48021346465381e-10 3.62224917602132e-11
2.30582307692308e+00 9.23128542389013e-10 3.52905698871067e-11
2.30833076923077e+00 8.98889364640298e-10 3.43826039153655e-11
2.31083846153846e+00 8.75286650459713e-10 3.34979785878727e-11
2.31334615384615e+00 8.52303687889744e-10 3.26360944314155e-11
2.31585384615385e+00 8.29924203714228e-10 3.17963673887147e-11
2.31836153846154e+00 8.08132352013283e-10 3.09782283704223e-11
2.32086923076923e+00 7.86912702943558e-10 3.01811229027297e-11
2.32337692307692e+00 7.66250231749323e-10 2.94045107120855e-11
2.32588461538462e+00 7.46130308318692e-10 2.86478653871958e-11
2.32839230769231e+00 7.26538686626505e-10 2.79106740555946e-11
2.33090000000000e+00 7.07461494714657e-10 2.71924370024812e-11
2.33340769230769e+00 6.88885224812941e-10 2.64926673124805e-11
2.33591538461538e+00 6.70796723949005e-10 2.58108905648411e-11
2.33842307692308e+00 6.53183184457890e-10 2.51466445417464e-11
2.34093076923077e+00 6.36032134973728e-10 2.44994788848605e-11
2.34343846153846e+00 6.19331431548273e-10 2.38689547724790e-11
2.34594615384615e+00 6.03069249208280e-10 2.32546446446702e-11
2.34845384615385e+00 5.87234073423914e-10 2.26561319402161e-11
2.35096153846154e+00 5.71814692009742e-10 2.20730107774375e-11
2.35346923076923e+00 5.56800187185910e-10 2.15048857023167e-11
2.35597692307692e+00 5.42179927803278e-10 2.09513713925399e-11
2.35848461538462e+00 5.27943561951764e-10 2.04120924159532e-11
2.36099230769231e+00 5.14081009492316e-10 1.98866829993636e-11
2.36350000000000e+00 5.00582454966585e-10 1.93747867568765e-11
2.36600769230769e+00 4.87438340607227e-10 1.88760564344407e-11
2.36851538461538e+00 4.74639359692045e-10 1.83901536920408e-11
2.37102307692308e+00 4.62176449830494e-10 1.79167488951999e-11
2.37353076923077e+00 4.50040786589043e-10 1.74555208702011e-11
2.37603846153846e+00 4.38223777207361e-10 1.70061566738781e-11
2.37854615384615e+00 4.26717054623006e-10 1.65683513972147e-11
2.38105384615385e+00 4.15512471436229e-10 1.61418079773235e-11
2.38356153846154e+00 4.04602094178782e-10 1.57262369700760e-11
2.38606923076923e+00 3.93978197696610e-10 1.53213563701026e-11
2.38857692307692e+00 3.83633259648971e-10 1.49268913998960e-11
2.39108461538462e+00 3.73559955276965e-10 1.45425743372296e-11
2.39359230769231e+00 3.63751152120688e-10 1.41681443499205e-11
2.39610000000000e+00 3.54199905001824e-10 1.38033473022315e-11
2.39860769230769e+00 3.44899451078295e-10 1.34479355727300e-11
2.40111538461538e+00 3.35843205140643e-10 1.31016678986750e-11
2.40362307692308e+00 3.27024754862919e-10 1.27643092270139e-11
2.40613076923077e+00 3.18437856291734e-10 1.24356305399483e-11
2.40863846153846e+00 3.10076429400337e-10 1.21154086908001e-11
2.41114615384615e+00 3.01934553859579e-10 1.18034262636998e-11
2.41365384615385e+00 2.94006464768621e-10 1.14994714392250e-11
2.41616153846154e+00 2.86286548599327e-10 1.12033378324427e-11
2.41866923076923e+00 2.78769339221587e-10 1.09148243643001e-11
2.42117692307692e+00 2.71449514011326e-10 1.06337351113567e-11
2.42368461538462e+00 2.64321890147945e-10 1.03598791824982e-11
2.42619230769231e+00 2.57381420877222e-10 1.00930706008645e-11
2.42870000000000e+00 2.50623191960809e-10 9.83312816589639e-12
2.43120769230769e+00 2.44042418177284e-10 9.57987532348516e-12
2.43371538461538e+00 2.37634439993180e-10 9.33314005481379e-12
2.43622307692308e+00 2.31394720203454e-10 9.09275476989053e-12
2.43873076923077e+00 2.25318840739369e-10 8.85855618325593e-12
2.44123846153846e+00 2.19402499522903e-10 8.63038519697377e-12
2.44374615384615e+00 2.13641507473669e-10 8.40808680040744e-12
2.44625384615385e+00 2.08031785488800e-10 8.19150997422093e-12
2.44876153846154e+00 2.02569361573052e-10 7.98050757502656e-12
2.45126923076923e+00 1.97250368026419e-10 7.77493624350980e-12
2.45377692307692e+00 1.92071038690463e-10 7.57465629737161e-12
2.45628461538462e+00 1.87027706327845e-10 7.37953164327182e-12
2.45879230769231e+00 1.82116799978684e-10 7.18942969247506e-12
2.46130000000000e+00 1.77334842448089e-10 7.00422126255885e-12
2.46380769230769e+00 1.72678447830575e-10 6.82378048485167e-12
2.46631538461538e+00 1.68144319154007e-10 6.64798472504254e-12
2.46882307692308e+00 1.63729246003043e-10 6.47671450712251e-12
2.47133076923077e+00 1.59430102260277e-10 6.30985342482834e-12
2.47383846153846e+00 1.55243843880658e-10 6.14728805823680e-12
2.47634615384615e+00 1.51167506773169e-10 5.98890790218847e-12
2.47885384615385e+00 1.47198204664365e-10 5.83460529771048e-12
2.48136153846154e+00 1.43333127067537e-10 5.68427534986482e-12
2.48386923076923e+00 1.39569537292736e-10 5.53781586212701e-12
2.48637692307692e+00 1.35904770498482e-10 5.39512726012016e-12
2.48888461538462e+00 1.32336231837160e-10 5.25611252873152e-12
2.49139230769231e+00 1.28861394584877e-10 5.12067715185829e-12
2.49390000000000e+00 1.25477798363555e-10 4.98872904238116e-12
2.49640769230769e+00 1.22183047389392e-10 4.86017847619011e-12
2.49891538461538e+00 1.18974808805391e-10 4.73493803549233e-12
2.50142307692308e+00 1.15850811000159e-10 4.61292255448658e-12
2.50393076923077e+00 1.12808842009462e-10 4.49404905627445e-12
2.50643846153846e+00 1.09846747941568e-10 4.37823669341427e-12
2.50894615384615e+00 1.06962431478033e-10 4.26540669681190e-12
2.51145384615385e+00 1.04153850362347e-10 4.15548232674093e-12
2.51396153846154e+00 1.01419015962836e-10 4.04838881434085e-12
2.51646923076923e+00 9.87559918646112e-11 3.94405331475504e-12
2.51897692307692e+00 9.61628924911012e-11 3.84240485280533e-12
2.52148461538462e+00 9.36378817914814e-11 3.74337427809279e-12
2.52399230769231e+00 9.11791719177096e-11 3.64689422196520e-12
2.52650000000000e+00 8.87850219664205e-11 3.55289904763260e-12
2.52900769230769e+00 8.64537367396645e-11 3.46132480314854e-12
2.53151538461538e+00 8.41836655647843e-11 3.37210918093349e-12
2.53402307692308e+00 8.19732011051044e-11 3.28519147897845e-12
2.53653076923077e+00 7.98207782288209e-11 3.20051255590394e-12
2.53903846153846e+00 7.77248728948895e-11 3.11801478859504e-12
2.54154615384615e+00 7.56840010919827e-11 3.03764203571270e-12
2.54405384615385e+00 7.36967177693312e-11 2.95933960271668e-12
2.54656153846154e+00 7.17616158197907e-11 2.88305420020852e-12
2.54906923076923e+00 6.98773250835360e-11 2.80873391047172e-12
2.55157692307692e+00 6.80425113727583e-11 2.73632814877832e-12
2.55408461538462e+00 6.62558755427198e-11 2.66578763133556e-12
2.55659230769231e+00 6.45161525558634e-11 2.59706434455769e-12
2.55910000000000e+00 6.28221105915371e-11 2.53011150953327e-12
2.56160769230769e+00 6.11725501691830e-11 2.46488354851920e-12
2.56411538461538e+00 5.95663033131290e-11 2.40133605604601e-12
2.56662307692308e+00 5.80022327112470e-11 2.33942577121602e-12
2.56913076923077e+00 5.64792309145439e-11 2.27911054569265e-12
2.57163846153846e+00 5.49962195488962e-11 2.22034931351177e-12
2.57414615384615e+00 5.35521485641206e-11 2.16310206503503e-12
2.57665384615385e+00 5.21459954776276e-11 2.10732982197621e-12
2.57916153846154e+00 5.07767646548093e-11 2.05299460774147e-12
2.58166923076923e+00 4.94434866040770e-11 2.00005942354225e-12
2.58417692307692e+00 4.81452172868075e-11 1.94848822083816e-12
2.58668461538462e+00 4.68810374599029e-11 1.89824587845777e-12
2.58919230769231e+00 4.56500520137213e-11 1.84929818066017e-12
2.59170000000000e+00 4.44513893420902e-11 1.80161179182713e-12
2.59420769230769e+00 4.32842007219381e-11 1.75515423258885e-12
2.59671538461538e+00 4.21476597221962e-11 1.70989385920030e-12
2.59922307692308e+00 4.10409616086125e-11 1.66579984376419e-12
2.60173076923077e+00 3.99633227773595e-11 1.62284215143247e-12
2.60423846153846e+00 3.89139801973129e-11 1.58099151889641e-12
2.60674615384615e+00 3.78921908786005e-11 1.54021943579640e-12
2.60925384615385e+00 3.68972313375443e-11 1.50049812689374e-12
2.61176153846154e+00 3.59283970874416e-11 1.46180053095431e-12
2.61426923076923e+00 3.49850021397506e-11 1.42410028369828e-12
2.61677692307692e+00 3.40663785158571e-11 1.38737169817572e-12
2.61928461538462e+00 3.31718757817895e-11 1.35158974843818e-12
2.62179230769231e+00 3.23008605798526e-11 1.31673005387806e-12
2.62430000000000e+00 3.14527161828319e-11 1.28276886120496e-12
2.62680769230769e+00 3.06268420550636e-11 1.24968302743603e-12
2.62931538461538e+00 2.98226534341016e-11 1.21745000517778e-12
2.63182307692308e+00 2.90395809096670e-11 1.18604782850915e-12
2.63433076923077e+00 2.82770700228526e-11 1.15545509674526e-12
2.63683846153846e+00 2.75345808715180e-11 1.12565095911280e-12
2.63934615384615e+00 2.68115877341709e-11 1.09661510148360e-12
2.64185384615385e+00 2.61075786914517e-11 1.06832773364931e-12
2.64436153846154e+00 2.54220552657958e-11 1.04076957428875e-12
2.64686923076923e+00 2.47545320684854e-11 1.01392183879930e-12
2.64937692307692e+00 2.41045364542086e-11 9.87766225323066e-13
2.65188461538462e+00 2.34716081917685e-11 9.62284903095074e-13
2.65439230769231e+00 2.28552991327473e-11 9.37460501265740e-13
2.65690000000000e+00 2.22551728960485e-11 9.13276096065925e-13
2.65940769230769e+00 2.16708045573403e-11 8.89715198689218e-13
2.66191538461538e+00 2.11017803529943e-11 8.66761744789758e-13
2.66442307692308e+00 2.05476973822204e-11 8.44400084406884e-13
2.66693076923077e+00 2.00081633234539e-11 8.22614970403346e-13
2.66943846153846e+00 1.94827961551595e-11 8.01391547548324e-13
2.67194615384615e+00 1.89712238896461e-11 7.80715343051560e-13
2.67445384615385e+00 1.84730843052924e-11 7.60572257481551e-13
2.67696153846154e+00 1.79880246915629e-11 7.40948554064760e-13
2.67946923076923e+00 1.75157015992695e-11 7.21830850002247e-13
2.68197692307692e+00 1.70557805961621e-11 7.03206106520067e-13
2.68448461538462e+00 1.66079360338836e-11 6.85061620555894e-13
2.68699230769231e+00 1.61718508135718e-11 6.67385016782341e-13
2.68950000000000e+00 1.57472161626334e-11 6.50164238467759e-13
2.69200769230769e+00 1.53337314150152e-11 6.33387538844314e-13
2.69451538461538e+00 1.49311038016770e-11 6.17043473615175e-13
2.69702307692308e+00 1.45390482398716e-11 6.01120893764697e-13
2.69953076923077e+00 1.41572871324530e-11 5.85608937325926e-13
2.70203846153846e+00 1.37855501703363e-11 5.70497021604259e-13
2.70454615384615e+00 1.34235741441144e-11 5.55774836424280e-13
2.70705384615385e+00 1.30711027546254e-11 5.41432337649226e-13
2.70956153846154e+00 1.27278864325190e-11 5.27459739564210e-13
2.71206923076923e+00 1.23936821615478e-11 5.13847508680770e-13
2.71457692307692e+00 1.20682533056397e-11 5.00586356653168e-13
2.71708461538462e+00 1.17513694439692e-11 4.87667234347712e-13
2.71959230769231e+00 1.14428062051352e-11 4.75081326151098e-13
2.72210000000000e+00 1.11423451092008e-11 4.62820043463267e-13
2.72460769230769e+00 1.08497734122282e-11 4.50875018549153e-13
2.72711538461538e+00 1.05648839579936e-11 4.39238099193579e-13
2.72962307692308e+00 1.02874750289159e-11 4.27901343571274e-13
2.73213076923077e+00 1.00173502040427e-11 4.16857014385486e-13
2.73463846153846e+00 9.75431821928348e-12 4.06097573329259e-13
2.73714615384615e+00 9.49819283408906e-12 3.95615676268159e-13
2.73965384615385e+00 9.24879269743964e-12 3.85404168616545e-13
2.74216153846154e+00 9.00594122016544e-12 3.75456079916447e-13
2.74466923076923e+00 8.76946644991226e-12 3.65764619417754e-13
2.74717692307692e+00 8.53920094878898e-12 3.56323171035268e-13
2.74968461538462e+00 8.31498167664612e-12 3.47125289118395e-13
2.75219230769231e+00 8.09664987376672e-12 3.38164694390476e-13
2.75470000000000e+00 7.88405094908982e-12 3.29435269316041e-13
2.75720769230769e+00 7.67703437021351e-12 3.20931053721968e-13
2.75971538461538e+00 7.47545355845244e-12 3.12646240984985e-13
2.76222307692308e+00 7.27916578337891e-12 3.04575174371862e-13
2.76473076923077e+00 7.08803206232975e-12 2.96712342866535e-13
2.76723846153846e+00 6.90191706151718e-12 2.89052377225475e-13
2.76974615384615e+00 6.72068900167660e-12 2.81590046541777e-13
2.77225384615385e+00 6.54421956326082e-12 2.74320254946693e-13
2.77476153846154e+00 6.37238379609136e-12 2.67238037751454e-13
2.77726923076923e+00 6.20506003088701e-12 2.60338558294610e-13
2.77977692307692e+00 6.04212979269526e-12 2.53617104352219e-13
2.78228461538462e+00 5.88347771828778e-12 2.47069085120730e-13
2.78479230769231e+00 5.72899147317090e-12 2.40690028320318e-13
2.78730000000000e+00 5.57856167249002e-12 2.34475576896877e-13
2.78980769230769e+00 5.43208180320287e-12 2.28421485903623e-13
2.79231538461538e+00 5.28944814981119e-12 2.22523619782093e-13
2.79482307692308e+00 5.15055971975443e-12 2.16777949751529e-13
2.79733076923077e+00 5.01531817229859e-12 2.11180550838293e-13
2.79983846153846e+00 4.88362774856864e-12 2.05727599066788e-13
2.80234615384615e+00 4.75539520477507e-12 2.00415369009120e-13
2.80485384615385e+00 4.63052974514401e-12 1.95240231432318e-13
2.80736153846154e+00 4.50894295798449e-12 1.90198650552695e-13
2.80986923076923e+00 4.39054875308824e-12 1.85287181787320e-13
2.81237692307692e+00 4.27526330047928e-12 1.80502469198798e-13
2.81488461538462e+00 4.16300497195452e-12 1.75841243343693e-13
2.81739230769231e+00 4.05369428237309e-12 1.71300319206466e-13
2.81990000000000e+00 3.94725383368657e-12 1.66876593851811e-13
2.82240769230769e+00 3.84360825987383e-12 1.62567044204078e-13
2.82491538461538e+00 3.74268417438114e-12 1.58368725108362e-13
2.82742307692308e+00 3.64441011734217e-12 1.54278767468533e-13
2.82993076923077e+00 3.54871650525820e-12 1.50294376132709e-13
2.83243846153846e+00 3.45553558149353e-12 1.46412827892972e-13
2.83494615384615e+00 3.36480136901983e-12 1.42631469738110e-13
2.83745384615385e+00 3.27644962296769e-12 1.38947717175612e-13
2.83996153846154e+00 3.19041778538645e-12 1.35359052277868e-13
2.84246923076923e+00 3.10664494094985e-12 1.31863022078693e-13
2.84497692307692e+00 3.02507177361910e-12 1.28457236754650e-13
2.84748461538462e+00 2.94564052527117e-12 1.25139368090883e-13
2.84999230769231e+00 2.86829495416399e-12 1.21907148007672e-13
2.85250000000000e+00 2.79298029533107e-12 1.18758366889391e-13
2.85500769230769e+00 2.71964322162085e-12 1.15690872003384e-13
2.85751538461538e+00 2.64823180650013e-12 1.12702566117493e-13
2.86002307692308e+00 2.57869548671487e-12 1.09791406172196e-13
2.86253076923077e+00 2.51098502668286e-12 1.06955401775556e-13
2.86503846153846e+00 2.44505248346737e-12 1.04192613778987e-13
2.86754615384615e+00 2.38085117333445e-12 1.01501153031476e-13
2.87005384615385e+00 2.31833563818544e-12 9.88791791829560e-14
2.87256153846154e+00 2.25746161354415e-12 9.63248992940962e-14
2.87506923076923e+00 2.19818599721523e-12 9.38365666929455e-14
2.87757692307692e+00 2.14046681862169e-12 9.14124796805739e-14
2.88008461538462e+00 2.08426320952627e-12 8.90509804372896e-14
2.88259230769231e+00 2.02953537464752e-12 8.67504539719362e-14
2.88510000000000e+00 1.97624456363428e-12 8.45093269325533e-14
2.88760769230769e+00 1.92435304349954e-12 8.23260664806481e-14
2.89011538461538e+00 1.87382407229660e-12 8.01991793055838e-14
2.89262307692308e+00 1.82462187270327e-12 7.81272106777441e-14
2.89513076923077e+00 1.77671160682551e-12 7.61087433773423e-14
2.89763846153846e+00 1.73005935141492e-12 7.41423966804264e-14
2.90014615384615e+00 1.68463207420151e-12 7.22268254707554e-14
2.90265384615385e+00 1.64039761014620e-12 7.03607193865613e-14
2.90516153846154e+00 1.59732463878803e-12 6.85428018314006e-14
2.90766923076923e+00 1.55538266206750e-12 6.67718291589913e-14
2.91017692307692e+00 1.51454198263176e-12 6.50465897520822e-14
2.91268461538462e+00 1.47477368311425e-12 6.33659032427105e-14
2.91519230769231e+00 1.43604960534688e-12 6.17286197630504e-14
2.91770000000000e+00 1.39834233052873e-12 6.01336190989732e-14
2.92020769230769e+00 1.36162515972186e-12 5.85798098886175e-14
2.92271538461538e+00 1.32587209522212e-12 5.70661289197893e-14
2.92522307692308e+00 1.29105782187120e-12 5.55915404548854e-14
2.92773076923077e+00 1.25715768922711e-12 5.41550354685570e-14
2.93023846153846e+00 1.22414769402972e-12 5.27556309258407e-14
2.93274615384615e+00 1.19200446345152e-12 5.13923691490733e-14
2.93525384615385e+00 1.16070523829738e-12 5.00643172095750e-14
2.93776153846154e+00 1.13022785697498e-12 4.87705662239081e-14
2.94026923076923e+00 1.10055073980317e-12 4.75102307727579e-14
2.94277692307692e+00 1.07165287366202e-12 4.62824482454520e-14
2.94528461538462e+00 1.04351379732921e-12 4.50863782841601e-14
2.94779230769231e+00 1.01611358677356e-12 4.39212022498060e-14
2.95030000000000e+00 9.89432841121967e-13 4.27861226197049e-14
2.95280769230769e+00 9.63452668859506e-13 4.16803624170497e-14
2.95531538461538e+00 9.38154674645688e-13 4.06031647101119e-14
2.95782307692308e+00 9.13520946093490e-13 3.95537921309807e-14
2.96033076923077e+00 8.89534041152942e-13 3.85315263330646e-14
2.96283846153846e+00 8.66176975704721e-13 3.75356674772250e-14
2.96534615384615e+00 8.43433211706945e-13 3.65655337805412e-14
2.96785384615385e+00 8.21286645309657e-13 3.56204610826561e-14
2.97036153846154e+00 7.99721595512025e-13 3.46998023451204e-14
2.97286923076923e+00 7.78722793059345e-13 3.38029272371680e-14
2.97537692307692e+00 7.58275369582324e-13 3.29292216693020e-14
2.97788461538462e+00 7.38364847219793e-13 3.20780873971612e-14
2.98039230769231e+00 7.18977128214470e-13 3.12489416407970e-14
2.98290000000000e+00 7.00098484982949e-13 3.04412166560350e-14
2.98540769230769e+00 6.81715550351697e-13 2.96543593283735e-14
2.98791538461538e+00 6.63815308227077e-13 2.88878308160615e-14
2.99042307692308e+00 6.46385084242031e-13 2.81411062070449e-14
2.99293076923077e+00 6.29412536828499e-13 2.74136741329354e-14
2.99543846153846e+00 6.12885648439382e-13 2.67050364032390e-14
2.99794615384615e+00 5.96792717160179e-13 2.60147076837679e-14
3.00045384615385e+00 5.81122348300437e-13 2.53422151875327e-14
3.00296153846154e+00 5.65863446367402e-13 2.46870983185872e-14
3.00546923076923e+00 5.51005207209815e-13 2.40489083767963e-14
3.00797692307692e+00 5.36537110333507e-13 2.34272082259761e-14
3.01048461538462e+00 5.22448911557533e-13 2.28215720115881e-14
3.01299230769231e+00 5.08730635653562e-13 2.22315848893700e-14
3.01550000000000e+00 4.95372569319247e-13 2.16568427203389e-14
3.01800769230769e+00 4.82365254269791e-13 2.10969517817415e-14
3.02051538461538e+00 4.69699480635255e-13 2.05515285126994e-14
3.02302307692308e+00 4.57366280343424e-13 2.00201992696983e-14
3.02553076923077e+00 4.45356920802518e-13 1.95026000519130e-14
3.02803846153846e+00 4.33662898690370e-13 1.89983762408689e-14
3.03054615384615e+00 4.22275934018097e-13 1.85071823712749e-14
3.03305384615385e+00 4.11187964181361e-13 1.80286819107139e-14
3.03556153846154e+00 4.00391138280801e-13 1.75625470062967e-14
3.03806923076923e+00 3.89877811563172e-13 1.71084582742624e-14
3.04057692307692e+00 3.79640539984310e-13 1.66661045638697e-14
3.04308461538462e+00 3.69672075011995e-13 1.62351827562293e-14
3.04559230769231e+00 3.59965358418579e-13 1.58153975709005e-14
3.04810000000000e+00 3.50513517308833e-13 1.54064613488849e-14
3.05060769230769e+00 3.41309859231945e-13 1.50080938469038e-14
3.05311538461538e+00 3.32347867508899e-13 1.46200220561549e-14
3.05562307692308e+00 3.23621196551089e-13 1.42419800280548e-14
3.05813076923077e+00 3.15123667390103e-13 1.38737086788107e-14
3.06063846153846e+00 3.06849263283307e-13 1.35149556041366e-14
3.06314615384615e+00 2.98792125512814e-13 1.31654749159627e-14
3.06565384615385e+00 2.90946549176943e-13 1.28250270854297e-14
3.06816153846154e+00 2.83306979171279e-13 1.24933787626858e-14
3.07066923076923e+00 2.75868006255355e-13 1.21703026269570e-14
3.07317692307692e+00 2.68624363205727e-13 1.18555772185741e-14
3.07568461538462e+00 2.61570921138049e-13 1.15489867956369e-14
3.07819230769231e+00 2.54702685823024e-13 1.12503211961901e-14
3.08070000000000e+00 2.48014794168049e-13 1.09593756838314e-14
3.08320769230769e+00 2.41502510758735e-13 1.06759508013055e-14
3.08571538461538e+00 2.35161224552187e-13 1.03998522413685e-14
3.08822307692308e+00 2.28986445565072e-13 1.01308907226121e-14
3.09073076923077e+00 2.22973801710430e-13 9.86888185042553e-15
3.09323846153846e+00 2.17119035688443e-13 9.61364598513818e-15
3.09574615384615e+00 2.11418002013439e-13 9.36500812567832e-15
3.09825384615385e+00 2.05866664036486e-13 9.12279779769449e-15
3.10076153846154e+00 2.00461091101535e-13 8.88684892538402e-15
3.10326923076923e+00 1.95197455762301e-13 8.65699972466556e-15
3.10577692307692e+00 1.90072031060394e-13 8.43309258368480e-15
3.10828461538462e+00 1.85081187922531e-13 8.21497396069530e-15
3.11079230769231e+00 1.80221392554185e-13 8.00249428585133e-15
3.11330000000000e+00 1.75489203949939e-13 7.79550785137034e-15
3.11580769230769e+00 1.70881271446478e-13 7.59387270734703e-15
3.11831538461538e+00 1.66394332382480e-13 7.39745056975380e-15
3.12082307692308e+00 1.62025209755530e-13 7.20610673196029e-15
3.12333076923077e+00 1.57770809983802e-13 7.01970996582171e-15
3.12583846153846e+00 1.53628120706145e-13 6.83813242784787e-15
3.12834615384615e+00 1.49594208678158e-13 6.66124957632040e-15
3.13085384615385e+00 1.45666217665763e-13 6.48894009157758e-15
3.13336153846154e+00 1.41841366432853e-13 6.32108578485642e-15
3.13586923076923e+00 1.38116946772025e-13 6.15757152218288e-15
3.13837692307692e+00 1.34490321578744e-13 5.99828513937041e-15
3.14088461538462e+00 1.30958923009400e-13 5.84311736927192e-15
3.14339230769231e+00 1.27520250637395e-13 5.69196177180772e-15
3.14590000000000e+00 1.24171869691437e-13 5.54471465583017e-15
3.14840769230769e+00 1.20911409324173e-13 5.40127500498747e-15
3.15091538461538e+00 1.17736560956150e-13 5.26154441218612e-15
3.15342307692308e+00 1.14645076618142e-13 5.12542701655150e-15
3.15593076923077e+00 1.11634767367295e-13 4.99282943306563e-15
3.15843846153846e+00 1.08703501730587e-13 4.86366068580067e-15
3.16094615384615e+00 1.05849204215930e-13 4.73783214887760e-15
3.16345384615385e+00 1.03069853821933e-13 4.61525748967332e-15
3.16596153846154e+00 1.00363482613933e-13 4.49585260399089e-15
3.16846923076923e+00 9.77281743305953e-14 4.37953556183965e-15
3.17097692307692e+00 9.51620630212916e-14 4.26622654697348e-15
3.17348461538462e+00 9.26633317426114e-14 4.15584780507051e-15
3.17599230769231e+00 9.02302112538340e-14 4.04832359388375e-15
3.17850000000000e+00 8.78609787703295e-14 3.94358012766049e-15
3.18100769230769e+00 8.55539567385362e-14 3.84154552439181e-15
3.18351538461538e+00 8.33075116640267e-14 3.74214975913039e-15
3.18602307692308e+00 8.11200529387447e-14 3.64532461908099e-15
3.18853076923077e+00 7.89900317202514e-14 3.55100365354989e-15
3.19103846153846e+00 7.69159398304032e-14 3.45912212643946e-15
3.19354615384615e+00 7.48963087016994e-14 3.36961697419421e-15
3.19605384615385e+00 7.29297083229725e-14 3.28242676534218e-15
3.19856153846154e+00 7.10147462317760e-14 3.19749165439178e-15
3.20106923076923e+00 6.91500665284457e-14 3.11475334320943e-15
3.20357692307692e+00 6.73343489119862e-14 3.03415503801518e-15
3.20608461538462e+00 6.55663077576241e-14 2.95564141247347e-15
3.20859230769231e+00 6.38446911938871e-14 2.87915857218229e-15
3.21110000000000e+00 6.21682802204973e-14 2.80465401513889e-15
3.21360769230769e+00 6.05358878416116e-14 2.73207659420863e-15
3.21611538461538e+00 5.89463582364763e-14 2.66137648387597e-15
3.21862307692308e+00 5.73985659297246e-14 2.59250514825344e-15
3.22113076923077e+00 5.58914149983196e-14 2.52541530548170e-15
3.22363846153846e+00 5.44238382923183e-14 2.46006089393059e-15
3.22614615384615e+00 5.29947966892320e-14 2.39639704224739e-15
3.22865384615385e+00 5.16032783481254e-14 2.33438004053727e-15
3.23116153846154e+00 5.02482979966201e-14 2.27396730757885e-15
3.23366923076923e+00 4.89288962332686e-14 2.21511736331509e-15
3.23617692307692e+00 4.76441388453997e-14 2.15778979826728e-15
3.23868461538462e+00 4.63931161563295e-14 2.10194524724827e-15
3.24119230769231e+00 4.51749423724154e-14 2.04754536406836e-15
3.24370000000000e+00 4.39887549588678e-14 1.99455279341612e-15
3.24620769230769e+00 4.28337140264788e-14 1.94293114415711e-15
3.24871538461538e+00 4.17090017447180e-14 1.89264496565452e-15
3.25122307692308e+00 4.06138217547364e-14 1.84365972498282e-15
3.25373076923077e+00 3.95473986081906e-14 1.79594178160728e-15
3.25623846153846e+00 3.85089772158985e-14 1.74945836333851e-15
3.25874615384615e+00 3.74978223201714e-14 1.72684903638425e-15
