Energy (eV)          EEDF (eV^-(3/2))     First Anisotropy
5.72222222222222e-03 6.75374264262473e+00 7.94344613609535e-03
1.71666666666667e-02 6.50045988566638e+00 1.29143443093182e-02
2.86111111111111e-02 6.25667588426131e+00 1.65201138791760e-02
4.00555555555556e-02 6.02203441162414e+00 1.89572472448116e-02
5.15000000000000e-02 5.79619259873449e+00 2.07531416832886e-02
6.29444444444444e-02 5.57882043614329e+00 2.21172274528037e-02
7.43888888888889e-02 5.36960028977523e+00 2.31627881090808e-02
8.58333333333333e-02 5.16822643830655e+00 2.39610344379835e-02
9.72777777777778e-02 4.97440462521123e+00 2.45609381832186e-02
1.08722222222222e-01 4.78785162979322e+00 2.49982519641895e-02
1.20166666666667e-01 4.60829485314229e+00 2.53002100038597e-02
1.31611111111111e-01 4.43547191771070e+00 2.54882221646723e-02
1.43055555555556e-01 4.26913028831201e+00 2.55795313300381e-02
1.54500000000000e-01 4.10902689820777e+00 2.55882903570360e-02
1.65944444444444e-01 3.95492779832279e+00 2.55262933022661e-02
1.77388888888889e-01 3.80660781143389e+00 2.54034901976607e-02
1.88833333333333e-01 3.66385020670743e+00 2.52283604458275e-02
2.00277777777778e-01 3.52644637976004e+00 2.50081907606220e-02
2.11722222222222e-01 3.39419555078828e+00 2.47492865501433e-02
2.23166666666667e-01 3.26690446901574e+00 2.44571359735980e-02
2.34611111111111e-01 3.14438713063396e+00 2.41365390526488e-02
2.46055555555556e-01 3.02646450843790e+00 2.37917111961425e-02
2.57500000000000e-01 2.91296428829569e+00 2.34263670335831e-02
2.68944444444444e-01 2.80372061913886e+00 2.30437891631342e-02
2.80388888888889e-01 2.69857386896255e+00 2.26468851504058e-02
2.91833333333333e-01 2.59737039309531e+00 2.22382351801775e-02
3.03277777777778e-01 2.49996230826556e+00 2.18201322777322e-02
3.14722222222222e-01 2.40620727782930e+00 2.13946164598175e-02
3.26166666666667e-01 2.31596830280565e+00 2.09635040488784e-02
3.37611111111111e-01 2.22911352180837e+00 2.05284127764649e-02
3.49055555555556e-01 2.14551601907220e+00 2.00907836570745e-02
3.60500000000000e-01 2.06505363805138e+00 1.96518999783551e-02
3.71944444444444e-01 1.98760880380529e+00 1.92129039103435e-02
3.83388888888889e-01 1.91306835036289e+00 1.87748111140712e-02
3.94833333333333e-01 1.84132335613758e+00 1.83385236113084e-02
4.06277777777778e-01 1.77226898403669e+00 1.79048411921507e-02
4.17722222222222e-01 1.70580432895360e+00 1.74744715247494e-02
4.29166666666667e-01 1.64183226981372e+00 1.70480392143383e-02
4.40611111111111e-01 1.58025932771190e+00 1.66260938073561e-02
4.52055555555556e-01 1.52099552970197e+00 1.62091170416689e-02
4.63500000000000e-01 1.46395427681092e+00 1.57975293211016e-02
4.74944444444444e-01 1.40905221798041e+00 1.53916955385322e-02
4.86388888888889e-01 1.35620912781466e+00 1.49919303350194e-02
4.97833333333333e-01 1.30534778978148e+00 1.45985028392529e-02
5.09277777777778e-01 1.25639388297466e+00 1.42116409636824e-02
5.20722222222222e-01 1.20927587389558e+00 1.38315352823601e-02
5.32166666666667e-01 1.16392491164162e+00 1.34583425818795e-02
5.43611111111111e-01 1.12027472732635e+00 1.30921890299235e-02
5.55055555555556e-01 1.07826153746588e+00 1.27331731083321e-02
5.66500000000000e-01 1.03782395048083e+00 1.23813682607800e-02
5.77944444444444e-01 9.98902877267156e-01 1.20368253037503e-02
5.89388888888889e-01 9.61441444588721e-01 1.16995746311125e-02
6.00833333333333e-01 9.25384912221335e-01 1.13696282193356e-02
6.12277777777778e-01 8.90680592727586e-01 1.10469814640090e-02
6.23722222222222e-01 8.57277774691463e-01 1.07316148484561e-02
6.35166666666667e-01 8.25127648450522e-01 1.04234954901079e-02
6.46611111111111e-01 7.94183234788487e-01 1.01225785175356e-02
6.58055555555556e-01 7.64399316419113e-01 9.82880836343713e-03
6.69500000000000e-01 7.35732371737117e-01 9.54211993300551e-03
6.80944444444444e-01 7.08140511389065e-01 9.26243967202323e-03
6.92388888888889e-01 6.81583416904807e-01 8.98968654810112e-03
7.03833333333333e-01 6.56022281932301e-01 8.72377294426734e-03
7.15277777777778e-01 6.31419755389786e-01 8.46460548010667e-03
7.26722222222222e-01 6.07739887021812e-01 8.21208575686969e-03
7.38166666666667e-01 5.84948074766869e-01 7.96611105277637e-03
7.49611111111111e-01 5.63011014204193e-01 7.72657493444657e-03
7.61055555555556e-01 5.41896649968583e-01 7.49336783758185e-03
7.72500000000000e-01 5.21574128802370e-01 7.26637758780300e-03
7.83944444444444e-01 5.02013754573298e-01 7.04548987543216e-03
7.95388888888889e-01 4.83186944784272e-01 6.83058869108201e-03
8.06833333333333e-01 4.65066188899553e-01 6.62155671982102e-03
8.18277777777778e-01 4.47625008057505e-01 6.41827570236638e-03
8.29722222222222e-01 4.30837916461881e-01 6.22062675958077e-03
8.41166666666667e-01 4.14680384078949e-01 6.02849069637757e-03
8.52611111111111e-01 3.99128800798386e-01 5.84174826135519e-03
8.64055555555556e-01 3.84160441983447e-01 5.66028039637451e-03
8.75500000000000e-01 3.69753435197859e-01 5.48396845589762e-03
8.86944444444444e-01 3.55886728308516e-01 5.31269440442829e-03
8.98388888888889e-01 3.42540058662583e-01 5.14634099587697e-03
9.09833333333333e-01 3.29693923536520e-01 4.98479193272157e-03
9.21277777777778e-01 3.17329551582912e-01 4.82793200997881e-03
9.32722222222222e-01 3.05428875453271e-01 4.67564724097490e-03
9.44166666666667e-01 2.93974505358366e-01 4.52782497516298e-03
9.55611111111111e-01 2.82949703660697e-01 4.38435399172484e-03
9.67055555555556e-01 2.72338360448539e-01 4.24512459140652e-03
9.78500000000000e-01 2.62124969953142e-01 4.11002867273073e-03
9.89944444444444e-01 2.52294607931333e-01 3.97895979782146e-03
1.00138888888889e+00 2.42832909819141e-01 3.85181324936169e-03
1.01283333333333e+00 2.33726049786325e-01 3.72848608415342e-03
1.02427777777778e+00 2.24960720434972e-01 3.60887715920760e-03
1.03572222222222e+00 2.16524113562296e-01 3.49288717518480e-03
1.04716666666667e+00 2.08403901224269e-01 3.38041872188599e-03
1.05861111111111e+00 2.00588217741220e-01 3.27137625836180e-03
1.07005555555556e+00 1.93065642562817e-01 3.16566615455198e-03
1.08150000000000e+00 1.85825183309245e-01 3.06319669779714e-03
1.09294444444444e+00 1.78856259966799e-01 2.96387809379522e-03
1.10438888888889e+00 1.72148689181659e-01 2.86762247186165e-03
1.11583333333333e+00 1.65692669614462e-01 2.77434387821879e-03
1.12727777777778e+00 1.59478767394007e-01 2.68395827364790e-03
1.13872222222222e+00 1.53497902545954e-01 2.59638351618771e-03
1.15016666666667e+00 1.47741335565811e-01 2.51153936998703e-03
1.16161111111111e+00 1.42200654660784e-01 2.42934746154166e-03
1.17305555555556e+00 1.36867763589661e-01 2.34973128075223e-03
1.18450000000000e+00 1.31734869657415e-01 2.27261615962101e-03
1.19594444444444e+00 1.26794472495072e-01 2.19792924849610e-03
1.20738888888889e+00 1.22039352940510e-01 2.12559949644393e-03
1.21883333333333e+00 1.17462562641632e-01 2.05555762468441e-03
1.23027777777778e+00 1.13057413757882e-01 1.98773610406077e-03
1.24172222222222e+00 1.08817469326372e-01 1.92206912341201e-03
1.25316666666667e+00 1.04736533752826e-01 1.85849257665797e-03
1.26461111111111e+00 1.00808643766189e-01 1.79694401510139e-03
1.27605555555556e+00 9.70280597905010e-02 1.73736263101602e-03
1.28750000000000e+00 9.33892574441667e-02 1.67968922687959e-03
1.29894444444444e+00 8.98869195762122e-02 1.62386618372094e-03
1.31038888888889e+00 8.65159283927621e-02 1.56983743300198e-03
1.32183333333333e+00 8.32713580779351e-02 1.51754842448749e-03
1.33327777777778e+00 8.01484675012099e-02 1.46694609751216e-03
1.34472222222222e+00 7.71426933800758e-02 1.41797884668859e-03
1.35616666666667e+00 7.42496435446179e-02 1.37059650094636e-03
1.36761111111111e+00 7.14650905245523e-02 1.32475027944822e-03
1.37905555555556e+00 6.87849654280189e-02 1.28039276934622e-03
1.39050000000000e+00 6.62053519213372e-02 1.23747789426725e-03
1.40194444444444e+00 6.37224805775962e-02 1.19596088267721e-03
1.41338888888889e+00 6.13327233004425e-02 1.15579823910766e-03
1.42483333333333e+00 5.90325880877045e-02 1.11694771308402e-03
1.43627777777778e+00 5.68187138664397e-02 1.07936827077928e-03
1.44772222222222e+00 5.46878656411347e-02 1.04302006326828e-03
1.45916666666667e+00 5.26369297223200e-02 1.00786440425646e-03
1.47061111111111e+00 5.06629091799917e-02 9.73863732369815e-04
1.48205555555556e+00 4.87629195013891e-02 9.40981588699477e-04
1.49350000000000e+00 4.69341843268404e-02 9.09182588333965e-04
1.50494444444444e+00 4.51740314398545e-02 8.78432392114188e-04
1.51638888888889e+00 4.34798888173857e-02 8.48697680633679e-04
1.52783333333333e+00 4.18492809144952e-02 8.19946126945455e-04
1.53927777777778e+00 4.02798250058387e-02 7.92146371394285e-04
1.55072222222222e+00 3.87692277432706e-02 7.65267994374816e-04
1.56216666666667e+00 3.73152817754500e-02 7.39281495814625e-04
1.57361111111111e+00 3.59158625245025e-02 7.14158264312706e-04
1.58505555555556e+00 3.45689251060228e-02 6.89870556941552e-04
1.59650000000000e+00 3.32725013084202e-02 6.66391475138402e-04
1.60794444444444e+00 3.20246967480517e-02 6.43694940946741e-04
1.61938888888889e+00 3.08236880712454e-02 6.21755674983311e-04
1.63083333333333e+00 2.96677203184674e-02 6.00549173699064e-04
1.64227777777778e+00 2.85551043326008e-02 5.80051688267200e-04
1.65372222222222e+00 2.74842143167946e-02 5.60240202212625e-04
1.66516666666667e+00 2.64534854393581e-02 5.41092413811360e-04
1.67661111111111e+00 2.54614115485645e-02 5.22586711538910e-04
1.68805555555556e+00 2.45065429881168e-02 5.04702156979461e-04
1.69950000000000e+00 2.35874844571709e-02 4.87418465186249e-04
1.71094444444444e+00 2.27028929922059e-02 4.70715985412010e-04
1.72238888888889e+00 2.18514759847726e-02 4.54575683147222e-04
1.73383333333333e+00 2.10319893116813e-02 4.38979121792106e-04
1.74527777777778e+00 2.02432354988452e-02 4.23908445558385e-04
1.75672222222222e+00 1.94840619888896e-02 4.09346361614188e-04
1.76816666666667e+00 1.87533594440390e-02 3.95276125611158e-04
1.77961111111111e+00 1.80500601260305e-02 3.81681522529755e-04
1.79105555555556e+00 1.73731363467887e-02 3.68546852749293e-04
1.80250000000000e+00 1.67215989522464e-02 3.55856916454783e-04
1.81394444444444e+00 1.60944958908090e-02 3.43596998384372e-04
1.82538888888889e+00 1.54909108089059e-02 3.31752853558216e-04
1.83683333333333e+00 1.49099617246793e-02 3.20310692834146e-04
1.84827777777778e+00 1.43507997270299e-02 3.09257169384365e-04
1.85972222222222e+00 1.38126077467973e-02 2.98579364722954e-04
1.87116666666667e+00 1.32945993541628e-02 2.88264777131393e-04
1.88261111111111e+00 1.27960176100977e-02 2.78301306924439e-04
1.89405555555556e+00 1.23161339675959e-02 2.68677245378007e-04
1.90550000000000e+00 1.18542471973884e-02 2.59381262571290e-04
1.91694444444444e+00 1.14096823725659e-02 2.50402395521087e-04
1.92838888888889e+00 1.09817898734505e-02 2.41730037047206e-04
1.93983333333333e+00 1.05699444468623e-02 2.33353924571335e-04
1.95127777777778e+00 1.01735442843130e-02 2.25264129600905e-04
1.96272222222222e+00 9.79201015043151e-03 2.17451046951502e-04
1.97416666666667e+00 9.42478453074906e-03 2.09905385669499e-04
1.98561111111111e+00 9.07133081744284e-03 2.02618157818770e-04
1.99705555555556e+00 8.73113253013110e-03 1.95580669836279e-04
2.00850000000000e+00 8.40369255464956e-03 1.88784513178901e-04
2.01994444444444e+00 8.08853242289192e-03 1.82221555210669e-04
2.03138888888889e+00 7.78519160766876e-03 1.75883930631523e-04
2.04283333333333e+00 7.49322685549613e-03 1.69764032895752e-04
2.05427777777778e+00 7.21221153340416e-03 1.63854506137205e-04
2.06572222222222e+00 6.94173501078164e-03 1.58148236946527e-04
2.07716666666667e+00 6.68140205543358e-03 1.52638347354043e-04
2.08861111111111e+00 6.43083225632349e-03 1.47318186366697e-04
2.10005555555556e+00 6.18965947100915e-03 1.42181323308474e-04
2.11150000000000e+00 5.95753128622527e-03 1.37221540698463e-04
2.12294444444444e+00 5.73410850713183e-03 1.32432827321321e-04
2.13438888888889e+00 5.51906465763406e-03 1.27809371697033e-04
2.14583333333333e+00 5.31208550718627e-03 1.23345555567707e-04
2.15727777777778e+00 5.11286860792117e-03 1.19035947757669e-04
2.16872222222222e+00 4.92112285624830e-03 1.14875297953382e-04
2.18016666666667e+00 4.73656806484183e-03 1.10858531338413e-04
2.19161111111111e+00 4.55893455340144e-03 1.06980742248376e-04
2.20305555555556e+00 4.38796275681922e-03 1.03237189092948e-04
2.21450000000000e+00 4.22340284292328e-03 9.96232889766342e-05
2.22594444444444e+00 4.06501435025692e-03 9.61346124705260e-05
2.23738888888889e+00 3.91256583397953e-03 9.27668786774249e-05
2.24883333333333e+00 3.76583453028206e-03 8.95159503252091e-05
2.26027777777778e+00 3.62460602837084e-03 8.63778291342384e-05
2.27172222222222e+00 3.48867395956092e-03 8.33486511443383e-05
2.28316666666667e+00 3.35783969393649e-03 8.04246826483149e-05
2.29461111111111e+00 3.23191205022692e-03 7.76023154605440e-05
2.30605555555556e+00 3.11070701795811e-03 7.48780630763766e-05
2.31750000000000e+00 2.99404748655839e-03 7.22485566356128e-05
2.32894444444444e+00 2.88176298848338e-03 6.97105410027805e-05
2.34038888888889e+00 2.77368944827473e-03 6.72608710623010e-05
2.35183333333333e+00 2.66966894457596e-03 6.48965080444709e-05
2.36327777777778e+00 2.56954947767421e-03 6.26145160520361e-05
2.37472222222222e+00 2.47318474901798e-03 6.04120585690829e-05
2.38616666666667e+00 2.38043394622975e-03 5.82863954002430e-05
2.39761111111111e+00 2.29116153742756e-03 5.62348791583719e-05
2.40905555555556e+00 2.20523707420684e-03 5.42549523789158e-05
2.42050000000000e+00 2.12253499965995e-03 5.23441445071484e-05
2.43194444444444e+00 2.04293446621416e-03 5.05000689747673e-05
2.44338888888889e+00 1.96631915779068e-03 4.87204204334991e-05
2.45483333333333e+00 1.89257712104004e-03 4.70029720177891e-05
2.46627777777778e+00 1.82160060059901e-03 4.53455727539750e-05
2.47772222222222e+00 1.75328588273818e-03 4.37461449642722e-05
2.48916666666667e+00 1.68753314298956e-03 4.22026819761172e-05
2.50061111111111e+00 1.62424630033459e-03 4.07132455246685e-05
2.51205555555556e+00 1.56333287750441e-03 3.92759635964429e-05
2.52350000000000e+00 1.50470386492122e-03 3.78890281907127e-05
2.53494444444444e+00 1.44827359152227e-03 3.65506931486699e-05
2.54638888888889e+00 1.39395959872145e-03 3.52592720970694e-05
2.55783333333333e+00 1.34168252073427e-03 3.40131364173625e-05
2.56927777777778e+00 1.29136596782164e-03 3.28107133215805e-05
2.58072222222222e+00 1.24293641541712e-03 3.16504839294873e-05
2.59216666666667e+00 1.19632309613085e-03 3.05309815624601e-05
2.60361111111111e+00 1.15145789637897e-03 2.94507898287173e-05
2.61505555555556e+00 1.10827525732840e-03 2.84085410192420e-05
2.62650000000000e+00 1.06671207846835e-03 2.74029144507015e-05
2.63794444444444e+00 1.02670762601024e-03 2.64326348594044e-05
2.64938888888889e+00 9.88203443560512e-04 2.54964708785701e-05
2.66083333333333e+00 9.51143267258147e-04 2.45932335369598e-05
2.67227777777778e+00 9.15472943025705e-04 2.37217748351684e-05
2.68372222222222e+00 8.81140347948903e-04 2.28809863261524e-05
2.69516666666667e+00 8.48095313731616e-04 2.20697978496087e-05
2.70661111111111e+00 8.16289553413435e-04 2.12871761243978e-05
2.71805555555556e+00 7.85676591134768e-04 2.05321235599026e-05
2.72950000000000e+00 7.56211693793953e-04 1.98036770333844e-05
2.74094444444444e+00 7.27851806094038e-04 1.91009067055509e-05
2.75238888888889e+00 7.00555487232632e-04 1.84229148966647e-05
2.76383333333333e+00 6.74282850726481e-04 1.77688349800221e-05
2.77527777777778e+00 6.48995505763426e-04 1.71378303318418e-05
2.78672222222222e+00 6.24656501453372e-04 1.65290932864191e-05
2.79816666666667e+00 6.01230272574229e-04 1.59418442005137e-05
2.80961111111111e+00 5.78682587619893e-04 1.53753304211167e-05
2.82105555555556e+00 5.56980499001020e-04 1.48288254075657e-05
2.83250000000000e+00 5.36092294606694e-04 1.43016278319717e-05
2.84394444444444e+00 5.15987451747206e-04 1.37930607081175e-05
2.85538888888889e+00 4.96636592282553e-04 1.33024705642856e-05
2.86683333333333e+00 4.78011439953215e-04 1.28292266299156e-05
2.87827777777778e+00 4.60084778812816e-04 1.23727200631797e-05
2.88972222222222e+00 4.42830413697695e-04 1.19323631838264e-05
2.90116666666667e+00 4.26223131771845e-04 1.15075887835913e-05
2.91261111111111e+00 4.10238665696688e-04 1.10978493708236e-05
2.92405555555556e+00 3.94853658321942e-04 1.07026165239740e-05
2.93550000000000e+00 3.80045628354173e-04 1.03213802313433e-05
2.94694444444444e+00 3.65792937698941e-04 9.95364825196178e-06
2.95838888888889e+00 3.52074759657314e-04 9.59894550830336e-06
2.96983333333333e+00 3.38871048670426e-04 9.25681348983647e-06
2.98127777777778e+00 3.26162510857801e-04 8.92680968622067e-06
2.99272222222222e+00 3.13930575987609e-04 8.60850702528167e-06
3.00416666666667e+00 3.02157370219555e-04 8.30149336607685e-06
3.01561111111111e+00 2.90825689994931e-04 8.00537094715914e-06
3.02705555555556e+00 2.79918977001668e-04 7.71975591165079e-06
3.03850000000000e+00 2.69421293841006e-04 7.44427782369026e-06
3.04994444444444e+00 2.59317300871096e-04 7.17857920050501e-06
3.06138888888889e+00 2.49592233665370e-04 6.92231506753044e-06
3.07283333333333e+00 2.40231881559659e-04 6.67515252191533e-06
3.08427777777778e+00 2.31222566770331e-04 6.43677031748281e-06
3.09572222222222e+00 2.22551124519611e-04 6.20685845379175e-06
3.10716666666667e+00 2.14204883715403e-04 5.98511780432979e-06
3.11861111111111e+00 2.06171648441263e-04 5.77125971418857e-06
3.13005555555556e+00 1.98439680206239e-04 5.56500565195574e-06
3.14150000000000e+00 1.90997680697751e-04 5.36608685624768e-06
3.15294444444444e+00 1.83834775362513e-04 5.17424399376312e-06
3.16438888888889e+00 1.76940497429313e-04 4.98922683400408e-06
3.17583333333333e+00 1.70304772697846e-04 4.81079393042368e-06
3.18727777777778e+00 1.63917904737882e-04 4.63871231708721e-06
3.19872222222222e+00 1.57770560797161e-04 4.47275720872699e-06
3.21016666666667e+00 1.51853758106883e-04 4.31271172859677e-06
3.22161111111111e+00 1.46158850759472e-04 4.15836661553566e-06
3.23305555555556e+00 1.40677517123552e-04 4.00951996931454e-06
3.24450000000000e+00 1.35401747619290e-04 3.86597699269955e-06
3.25594444444444e+00 1.30323833076564e-04 3.72754974198689e-06
3.26738888888889e+00 1.25436353410375e-04 3.59405688958122e-06
3.27883333333333e+00 1.20732166835501e-04 3.46532349146008e-06
3.29027777777778e+00 1.16204399375711e-04 3.34118076584548e-06
3.30172222222222e+00 1.11846434871896e-04 3.22146587461455e-06
3.31316666666667e+00 1.07651905275057e-04 3.10602172446151e-06
3.32461111111111e+00 1.03614681343619e-04 2.99469675389569e-06
3.33605555555556e+00 9.97288637206086e-05 2.88734474727925e-06
3.34750000000000e+00 9.59887742687899e-05 2.78382464689012e-06
3.35894444444444e+00 9.23889478161982e-05 2.68400037120015e-06
3.37038888888889e+00 8.89241241292345e-05 2.58774064184815e-06
3.38183333333333e+00 8.55892402654914e-05 2.49491881430347e-06
3.39327777777778e+00 8.23794231378333e-05 2.40541271661950e-06
3.40472222222222e+00 7.92899824298381e-05 2.31910449035712e-06
3.41616666666667e+00 7.63164037151677e-05 2.23588044554315e-06
3.42761111111111e+00 7.34543418626617e-05 2.15563090597923e-06
3.43905555555556e+00 7.06996147100720e-05 2.07825007365524e-06
3.45050000000000e+00 6.80481969223307e-05 2.00363589200399e-06
3.46194444444444e+00 6.54962141389008e-05 1.93168991370629e-06
3.47338888888889e+00 6.30399372842237e-05 1.86231717476915e-06
3.48483333333333e+00 6.06757771456675e-05 1.79542607137570e-06
3.49627777777778e+00 5.84002791028621e-05 1.73092824257068e-06
3.50772222222222e+00 5.62101181045654e-05 1.66873845464123e-06
3.51916666666667e+00 5.41020937914255e-05 1.60877449547150e-06
3.53061111111111e+00 5.20731258206898e-05 1.55095706232370e-06
3.54205555555556e+00 5.01202493809240e-05 1.49520966312109e-06
3.55350000000000e+00 4.82406108386587e-05 1.44145851707486e-06
3.56494444444444e+00 4.64314635887330e-05 1.38963245863633e-06
3.57638888888889e+00 4.46901640214471e-05 1.33966284597194e-06
3.58783333333333e+00 4.30141676782155e-05 1.29148347151031e-06
3.59927777777778e+00 4.14010255156276e-05 1.24503047669587e-06
3.61072222222222e+00 3.98483803439478e-05 1.20024226805214e-06
3.62216666666667e+00 3.83539633699304e-05 1.15705944033366e-06
3.63361111111111e+00 3.69155908823934e-05 1.11542469520023e-06
3.64505555555556e+00 3.55311610722027e-05 1.07528276943613e-06
3.65650000000000e+00 3.41986509465227e-05 1.03658036281767e-06
3.66794444444444e+00 3.29161133866447e-05 9.99266068406756e-07
3.67938888888889e+00 3.16816742894146e-05 9.63290306103275e-07
3.69083333333333e+00 3.04935298415347e-05 9.28605257740339e-07
3.70227777777778e+00 2.93499438714429e-05 8.95164805209887e-07
3.71372222222222e+00 2.82492453241601e-05 8.62924469591032e-07
3.72516666666667e+00 2.71898258106816e-05 8.31841355316807e-07
3.73661111111111e+00 2.61701372583019e-05 8.01874091291615e-07
3.74805555555556e+00 2.51886896560296e-05 7.72982778757891e-07
3.75950000000000e+00 2.42440488673270e-05 7.45128938991310e-07
3.77094444444444e+00 2.33348345440793e-05 7.18275462763524e-07
3.78238888888889e+00 2.24597181003605e-05 6.92386562151561e-07
3.79383333333333e+00 2.16174207798871e-05 6.67427723491836e-07
3.80527777777778e+00 2.08067117789550e-05 6.43365662516213e-07
3.81672222222222e+00 2.00264064560849e-05 6.20168280250023e-07
3.82816666666667e+00 1.92753645949102e-05 5.97804622491526e-07
3.83961111111111e+00 1.85524887384377e-05 5.76244837215287e-07
3.85105555555556e+00 1.78567225905879e-05 5.55460136749051e-07
3.86250000000000e+00 1.71870494657956e-05 5.35422759882659e-07
3.87394444444444e+00 1.65424908100033e-05 5.16105935262864e-07
3.88538888888889e+00 1.59221047644006e-05 4.97483846477155e-07
3.89683333333333e+00 1.53249847952399e-05 4.79531597984217e-07
3.90827777777778e+00 1.47502583633123e-05 4.62225182614663e-07
3.91972222222222e+00 1.41970856545787e-05 4.45541449647239e-07
3.93116666666667e+00 1.36646583488141e-05 4.29458075430988e-07
3.94261111111111e+00 1.31521984387254e-05 4.13953532594401e-07
3.95405555555556e+00 1.26589570966787e-05 3.99007062631400e-07
3.96550000000000e+00 1.21842135757205e-05 3.84598648476044e-07
3.97694444444444e+00 1.17272741609602e-05 3.70708988011651e-07
3.98838888888889e+00 1.12874711514961e-05 3.57319468794937e-07
3.99983333333333e+00 1.08641618889546e-05 3.44412143404711e-07
4.01127777777778e+00 1.04567278143643e-05 3.31969705920007e-07
4.02272222222222e+00 1.00645735681751e-05 3.19975468830618e-07
4.03416666666667e+00 9.68712611740310e-06 3.08413341757591e-07
4.04561111111111e+00 9.32383391847731e-06 2.97267809212329e-07
4.05705555555556e+00 8.97416611377651e-06 2.86523910745030e-07
4.06850000000000e+00 8.63761175262923e-06 2.76167221110547e-07
4.07994444444444e+00 8.31367904784738e-06 2.66183831112490e-07
4.09138888888889e+00 8.00189465407375e-06 2.56560329321008e-07
4.10283333333333e+00 7.70180297902011e-06 2.47283784250134e-07
4.11427777777778e+00 7.41296551494057e-06 2.38341727347186e-07
4.12572222222222e+00 7.13496020054911e-06 2.29722136305550e-07
4.13716666666667e+00 6.86738080228841e-06 2.21413419664297e-07
4.14861111111111e+00 6.60983632085272e-06 2.13404400753961e-07
4.16005555555556e+00 6.36195042155479e-06 2.05684303333252e-07
4.17150000000000e+00 6.12336088213630e-06 1.98242737255650e-07
4.18294444444444e+00 5.89371906565551e-06 1.91069684627805e-07
4.19438888888889e+00 5.67268940894774e-06 1.84155486595896e-07
4.20583333333333e+00 5.45994893429858e-06 1.77490830469429e-07
4.21727777777778e+00 5.25518677556187e-06 1.71066737428636e-07
4.22872222222222e+00 5.05810372576468e-06 1.64874550472807e-07
4.24016666666667e+00 4.86841179851220e-06 1.58905923283543e-07
4.25161111111111e+00 4.68583380725852e-06 1.53152808643584e-07
4.26305555555556e+00 4.51010296145398e-06 1.47607448052501e-07
4.27450000000000e+00 4.34096247512687e-06 1.42262361375699e-07
4.28594444444444e+00 4.17816519316646e-06 1.37110336849701e-07
4.29738888888889e+00 4.02147322871917e-06 1.32144421538573e-07
4.30883333333333e+00 3.87065761697036e-06 1.27357912037673e-07
4.32027777777778e+00 3.72549797923368e-06 1.22744345596634e-07
4.33172222222222e+00 3.58578220220839e-06 1.18297491421230e-07
4.34316666666667e+00 3.45130612707475e-06 1.14011342625791e-07
4.35461111111111e+00 3.32187325122972e-06 1.09880107883686e-07
4.36605555555556e+00 3.19729444196860e-06 1.05898203925125e-07
4.37750000000000e+00 3.07738765902783e-06 1.02060248066932e-07
4.38894444444444e+00 2.96197768962489e-06 9.83610510002171e-08
4.40038888888889e+00 2.85089589142604e-06 9.47956099020350e-08
4.41183333333333e+00 2.74397994708271e-06 9.13591017279872e-08
4.42327777777778e+00 2.64107362612054e-06 8.80468768058869e-08
4.43472222222222e+00 2.54202655753769e-06 8.48544525618343e-08
4.44616666666667e+00 2.44669400941475e-06 8.17775077088776e-08
4.45761111111111e+00 2.35493667746864e-06 7.88118762306841e-08
4.46905555555556e+00 2.26662048206281e-06 7.59535419651524e-08
4.48050000000000e+00 2.18161637153065e-06 7.31986332164919e-08
4.49194444444444e+00 2.09980013432333e-06 7.05434175538093e-08
4.50338888888889e+00 2.02105221681125e-06 6.79842968423023e-08
4.51483333333333e+00 1.94525754925481e-06 6.55178024066192e-08
4.52627777777778e+00 1.87230537701813e-06 6.31405904103387e-08
4.53772222222222e+00 1.80208909934549e-06 6.08494373332056e-08
4.54916666666667e+00 1.73450611313347e-06 5.86412357773063e-08
4.56061111111111e+00 1.66945766303218e-06 5.65129901341708e-08
4.57205555555556e+00 1.60684869753303e-06 5.44618126767278e-08
4.58350000000000e+00 1.54658772955313e-06 5.24849196754469e-08
4.59494444444444e+00 1.48858670325191e-06 5.05796276492714e-08
4.60638888888889e+00 1.43276086487836e-06 4.87433497834919e-08
4.61783333333333e+00 1.37902863938781e-06 4.69735924440133e-08
4.62927777777778e+00 1.32731151079654e-06 4.52679518467197e-08
4.64072222222222e+00 1.27753390787762e-06 4.36241107988380e-08
4.65216666666667e+00 1.22962309341539e-06 4.20398356742147e-08
4.66361111111111e+00 1.18350905793900e-06 4.05129732943125e-08
4.67505555555556e+00 1.13912441769427e-06 3.90414481101134e-08
4.68650000000000e+00 1.09640431581751e-06 3.76232594039473e-08
4.69794444444444e+00 1.05528632791166e-06 3.62564785886627e-08
4.70938888888889e+00 1.01571037049495e-06 3.49392466265704e-08
4.72083333333333e+00 9.77618613525160e-07 3.36697715186052e-08
4.73227777777778e+00 9.40955395587645e-07 3.24463259047537e-08
4.74372222222222e+00 9.05667142856473e-07 3.12672447173967e-08
4.75516666666667e+00 8.71702290589789e-07 3.01309230009972e-08
4.76661111111111e+00 8.39011207795252e-07 2.90358136679302e-08
4.77805555555556e+00 8.07546124896219e-07 2.79804254674595e-08
4.78950000000000e+00 7.77261063677659e-07 2.69633209707647e-08
4.80094444444444e+00 7.48111770341972e-07 2.59831146262247e-08
4.81238888888889e+00 7.20055650611719e-07 2.50384709006071e-08
4.82383333333333e+00 6.93051707711554e-07 2.41281024713440e-08
4.83527777777778e+00 6.67060482248167e-07 2.32507684986055e-08
4.84672222222222e+00 6.42043994755845e-07 2.24052729361902e-08
4.85816666666667e+00 6.17965690046455e-07 2.15904629607116e-08
4.86961111111111e+00 5.94790383803158e-07 2.08052273575757e-08
4.88105555555556e+00 5.72484211298811e-07 2.00484950579586e-08
4.89250000000000e+00 5.51014577737114e-07 1.93192336884980e-08
4.90394444444444e+00 5.30350110791038e-07 1.86164481716624e-08
4.91538888888889e+00 5.10460614599433e-07 1.79391793877155e-08
4.92683333333333e+00 4.91317025797963e-07 1.72865028738083e-08
4.93827777777778e+00 4.72891370902080e-07 1.66575275802867e-08
4.94972222222222e+00 4.55156725573476e-07 1.60513946554203e-08
4.96116666666667e+00 4.38087175171029e-07 1.54672763142618e-08
4.97261111111111e+00 4.21657776889964e-07 1.49043746782997e-08
4.98405555555556e+00 4.05844523405458e-07 1.43619207220973e-08
4.99550000000000e+00 3.90624307671132e-07 1.38391732298726e-08
5.00694444444444e+00 3.75974889270223e-07 1.33354177886101e-08
5.01838888888889e+00 3.61874861805287e-07 1.28499658253277e-08
5.02983333333333e+00 3.48303621725473e-07 1.23821536712988e-08
5.04127777777778e+00 3.35241338116697e-07 1.19313416672840e-08
5.05272222222222e+00 3.22668923822808e-07 1.14969132895441e-08
5.06416666666667e+00 3.10568007480977e-07 1.10782743356841e-08
5.07561111111111e+00 2.98920906681349e-07 1.06748520907787e-08
5.08705555555556e+00 2.87710602192026e-07 1.02860945693087e-08
5.09850000000000e+00 2.76920713005804e-07 9.91146976478893e-09
5.10994444444444e+00 2.66535472484243e-07 9.55046492571693e-09
5.12138888888889e+00 2.56539705241232e-07 9.20258586316598e-09
5.13283333333333e+00 2.46918805042531e-07 8.86735627792903e-09
5.14427777777778e+00 2.37658713390954e-07 8.54431711705176e-09
5.15572222222222e+00 2.28745899052217e-07 8.23302594553481e-09
5.16716666666667e+00 2.20167338231370e-07 7.93305636058919e-09
5.17861111111111e+00 2.11910495545108e-07 7.64399739259612e-09
5.19005555555556e+00 2.03963305748496e-07 7.36545295979199e-09
5.20150000000000e+00 1.96314156046339e-07 7.09704132885281e-09
5.21294444444444e+00 1.88951869180129e-07 6.83839459443453e-09
5.22438888888889e+00 1.81865687041478e-07 6.58915818138541e-09
5.23583333333333e+00 1.75045255003656e-07 6.34899036112688e-09
5.24727777777778e+00 1.68480606741229e-07 6.11756178908949e-09
5.25872222222222e+00 1.62162149714610e-07 5.89455505320843e-09
5.27016666666667e+00 1.56080651117472e-07 5.67966425268362e-09
5.28161111111111e+00 1.50227224387631e-07 5.47259456778748e-09
5.29305555555556e+00 1.44593316252176e-07 5.27306186775052e-09
5.30450000000000e+00 1.39170694188480e-07 5.08079232313994e-09
5.31594444444444e+00 1.33951434433463e-07 4.89552203188320e-09
5.32738888888889e+00 1.28927910367588e-07 4.71699666153200e-09
5.33883333333333e+00 1.24092781406492e-07 4.54497110178501e-09
5.35027777777778e+00 1.19438982240038e-07 4.37920913209208e-09
5.36172222222222e+00 1.14959712541384e-07 4.21948309731200e-09
5.37316666666667e+00 1.10648427005343e-07 4.06557360489484e-09
5.38461111111111e+00 1.06498825785662e-07 3.91726921604617e-09
5.39605555555556e+00 1.02504845310668e-07 3.77436616388144e-09
5.40750000000000e+00 9.86606493946970e-08 3.63666807498206e-09
5.41894444444444e+00 9.49606207371131e-08 3.50398570076866e-09
5.43038888888889e+00 9.13993526880186e-08 3.37613666050527e-09
5.44183333333333e+00 8.79716413728439e-08 3.25294519172595e-09
5.45327777777778e+00 8.46724780641765e-08 3.13424191146166e-09
5.46472222222222e+00 8.14970418858894e-08 3.01986358332460e-09
5.47616666666667e+00 7.84406927514814e-08 2.90965289990175e-09
5.48761111111111e+00 7.54989645848687e-08 2.80345826111004e-09
5.49905555555556e+00 7.26675588091446e-08 2.70113357168392e-09
5.51050000000000e+00 6.99423380456858e-08 2.60253804122508e-09
5.52194444444444e+00 6.73193200872906e-08 2.50753599131283e-09
5.53338888888889e+00 6.47946720610855e-08 2.41599667094202e-09
5.54483333333333e+00 6.23647048451724e-08 2.32779407732776e-09
5.55627777777778e+00 6.00258676611958e-08 2.24280678444255e-09
5.56772222222222e+00 5.77747429018618e-08 2.16091777580962e-09
5.57916666666667e+00 5.56080411250248e-08 2.08201428818462e-09
5.59061111111111e+00 5.35225962477674e-08 2.00598765253266e-09
5.60205555555556e+00 5.15153609302706e-08 1.93273314856905e-09
5.61350000000000e+00 4.95834021092506e-08 1.86214986122110e-09
5.62494444444444e+00 4.77238967251612e-08 1.79414054216596e-09
5.63638888888889e+00 4.59341275844068e-08 1.72861147732993e-09
5.64783333333333e+00 4.42114794009757e-08 1.66547235826537e-09
5.65927777777778e+00 4.25534349632289e-08 1.60463615906260e-09
5.67072222222222e+00 4.09575714668257e-08 1.54601901635143e-09
5.68216666666667e+00 3.94215569660949e-08 1.48954011704690e-09
5.69361111111111e+00 3.79431469670204e-08 1.43512158428766e-09
5.70505555555556e+00 3.65201811546494e-08 1.38268837299066e-09
5.71650000000000e+00 3.51505802268403e-08 1.33216816684099e-09
5.72794444444444e+00 3.38323428650298e-08 1.28349127892945e-09
5.73938888888889e+00 3.25635428010411e-08 1.23659055665681e-09
5.75083333333333e+00 3.13423260107714e-08 1.19140128943818e-09
5.76227777777778e+00 3.01669079969060e-08 1.14786112036854e-09
5.77372222222222e+00 2.90355711891203e-08 1.10590996012903e-09
5.78516666666667e+00 2.79466624284979e-08 1.06548990640145e-09
5.79661111111111e+00 2.68985905522284e-08 1.02654516207762e-09
5.80805555555556e+00 2.58898240735173e-08 9.89021960287234e-10
5.81950000000000e+00 2.49188889370915e-08 9.52868490493968e-10
5.83094444444444e+00 2.39843663716063e-08 9.18034827212180e-10
5.84238888888889e+00 2.30848908103617e-08 8.84472861776712e-10
5.85383333333333e+00 2.22191479017510e-08 8.52136236133350e-10
5.86527777777778e+00 2.13858725830282e-08 8.20980279463877e-10
5.87672222222222e+00 2.05838472371666e-08 7.90961946434733e-10
5.88816666666667e+00 1.98118999095889e-08 7.62039759363377e-10
5.89961111111111e+00 1.90689025959107e-08 7.34173749583464e-10
5.91105555555556e+00 1.83537695971246e-08 7.07325403644967e-10
5.92250000000000e+00 1.76654559285187e-08 6.81457610307019e-10
5.93394444444444e+00 1.70029557971300e-08 6.56534609412786e-10
5.94538888888889e+00 1.63653011277780e-08 6.32521942948691e-10
5.95683333333333e+00 1.57515601525625e-08 6.09386407561070e-10
5.96827777777778e+00 1.51608360453919e-08 5.87096009100717e-10
5.97972222222222e+00 1.45922656152798e-08 5.65619918343089e-10
5.99116666666667e+00 1.40450180422017e-08 5.44928429494976e-10
6.00261111111111e+00 1.35182936632421e-08 5.24992918170082e-10
6.01405555555556e+00 1.30113228065122e-08 5.05785802793312e-10
6.02550000000000e+00 1.25233646632588e-08 4.87280506591756e-10
6.03694444444444e+00 1.20537062084497e-08 4.69451420936817e-10
6.04838888888889e+00 1.16016611559039e-08 4.52273870248892e-10
6.05983333333333e+00 1.11665689583104e-08 4.35724077952681e-10
6.07127777777778e+00 1.07477938392687e-08 4.19779133883038e-10
6.08272222222222e+00 1.03447238668969e-08 4.04416962541486e-10
6.09416666666667e+00 9.95677005769138e-09 3.89616293334605e-10
6.10561111111111e+00 9.58336551600213e-09 3.75356630461612e-10
6.11705555555556e+00 9.22396460734637e-09 3.61618225233527e-10
6.12850000000000e+00 8.87804215886495e-09 3.48382048825528e-10
6.13994444444444e+00 8.54509269406831e-09 3.35629765999029e-10
6.15138888888889e+00 8.22462969214452e-09 3.23343709941314e-10
6.16283333333333e+00 7.91618487902078e-09 3.11506857862178e-10
6.17427777777778e+00 7.61930754119139e-09 3.00102807627972e-10
6.18572222222222e+00 7.33356386895051e-09 2.89115755010720e-10
6.19716666666667e+00 7.05853632112527e-09 2.78530472346845e-10
6.20861111111111e+00 6.79382301503224e-09 2.68332286965092e-10
6.22005555555556e+00 6.53903714040483e-09 2.58507061339007e-10
6.23150000000000e+00 6.29380639260837e-09 2.49041173558546e-10
6.24294444444444e+00 6.05777243011232e-09 2.39921498497461e-10
6.25438888888889e+00 5.83059034942443e-09 2.31135389779857e-10
6.26583333333333e+00 5.61192818248799e-09 2.22670662291932e-10
6.27727777777778e+00 5.40146641026431e-09 2.14515575435533e-10
6.28872222222222e+00 5.19889749711694e-09 2.06658816826155e-10
6.30016666666667e+00 5.00392544047534e-09 1.99089486993538e-10
6.31161111111111e+00 4.81626533836276e-09 1.91797083931081e-10
6.32305555555556e+00 4.63564297390510e-09 1.84771488868435e-10
6.33450000000000e+00 4.46179441354476e-09 1.78002952278761e-10
6.34594444444444e+00 4.29446562241544e-09 1.71482080385048e-10
6.35738888888889e+00 4.13341209213001e-09 1.65199822237831e-10
6.36883333333333e+00 3.97839848446025e-09 1.59147457185386e-10
6.38027777777778e+00 3.82919828652193e-09 1.53316582874282e-10
6.39172222222222e+00 3.68559348067652e-09 1.47699103570894e-10
6.40316666666667e+00 3.54737422529051e-09 1.42287219196007e-10
6.41461111111111e+00 3.41433854814728e-09 1.37073414260926e-10
6.42605555555556e+00 3.28629205188849e-09 1.32050447671196e-10
6.43750000000000e+00 3.16304762919296e-09 1.27211342702552e-10
6.44894444444444e+00 3.04442519009687e-09 1.22549377334753e-10
6.46038888888889e+00 2.93025139813727e-09 1.18058074993899e-10
6.47183333333333e+00 2.82035941773914e-09 1.13731195577157e-10
6.48327777777778e+00 2.71458866978029e-09 1.09562726856630e-10
6.49472222222222e+00 2.61278459756860e-09 1.05546876114857e-10
6.50616666666667e+00 2.51479844053393e-09 1.01678062287519e-10
6.51761111111111e+00 2.42048701688171e-09 9.79509080423492e-11
6.52905555555556e+00 2.32971251476855e-09 9.43602324734850e-11
6.54050000000000e+00 2.24234229039582e-09 9.09010439220229e-11
6.55194444444444e+00 2.15824867469387e-09 8.75685330531494e-11
6.56338888888889e+00 2.07730878627705e-09 8.43580662252405e-11
6.57483333333333e+00 1.99940435235439e-09 8.12651790621066e-11
6.58627777777778e+00 1.92442153545222e-09 7.82855702962196e-11
6.59772222222222e+00 1.85225076750425e-09 7.54150957790351e-11
6.60916666666667e+00 1.78278658942279e-09 7.26497628520620e-11
6.62061111111111e+00 1.71592749701757e-09 6.99857246769157e-11
6.63205555555556e+00 1.65157579295191e-09 6.74192750019566e-11
6.64350000000000e+00 1.58963744361337e-09 6.49468430212655e-11
6.65494444444444e+00 1.53002194206312e-09 6.25649884175193e-11
6.66638888888889e+00 1.47264217544166e-09 6.02703966135317e-11
6.67783333333333e+00 1.41741429800400e-09 5.80598741698558e-11
6.68927777777778e+00 1.36425760828508e-09 5.59303443760512e-11
6.70072222222222e+00 1.31309443147846e-09 5.38788429624216e-11
6.71216666666667e+00 1.26385000570898e-09 5.19025140683267e-11
6.72361111111111e+00 1.21645237280150e-09 4.99986061843626e-11
6.73505555555556e+00 1.17083227332696e-09 4.81644684042589e-11
6.74650000000000e+00 1.12692304513937e-09 4.63975467442391e-11
6.75794444444444e+00 1.08466052621423e-09 4.46953805941637e-11
6.76938888888889e+00 1.04398296065374e-09 4.30555993177790e-11
6.78083333333333e+00 1.00483090867559e-09 4.14759189579532e-11
6.79227777777778e+00 9.67147159536619e-10 3.99541390802948e-11
6.80372222222222e+00 9.30876648145749e-10 3.84881397035867e-11
6.81516666666667e+00 8.95966374442923e-10 3.70758784127087e-11
6.82661111111111e+00 8.62365325962988e-10 3.57153874550800e-11
6.83805555555556e+00 8.30024403429799e-10 3.44047710568329e-11
6.84950000000000e+00 7.98896348830021e-10 3.31422027882136e-11
6.86094444444444e+00 7.68935676530847e-10 3.19259230233944e-11
6.87238888888889e+00 7.40098606647941e-10 3.07542365068221e-11
6.88383333333333e+00 7.12343001232349e-10 2.96255099949994e-11
6.89527777777778e+00 6.85628302542911e-10 2.85381699971388e-11
6.90672222222222e+00 6.59915473929321e-10 2.74907005783487e-11
6.91816666666667e+00 6.35166942680102e-10 2.64816412926129e-11
6.92961111111111e+00 6.11346545126601e-10 2.55095851055163e-11
6.94105555555556e+00 5.88419473893859e-10 2.45731764728644e-11
6.95250000000000e+00 5.66352226912716e-10 2.36711094551830e-11
6.96394444444444e+00 5.45112558586078e-10 2.28021258998412e-11
6.97538888888889e+00 5.24669432553982e-10 2.19650136992828e-11
6.98683333333333e+00 5.04992976453654e-10 2.11586051034432e-11
6.99827777777778e+00 4.86054438161303e-10 2.03817751027959e-11
7.00972222222222e+00 4.67826143881496e-10 1.96334398564235e-11
7.02116666666667e+00 4.50281457632193e-10 1.89125552124013e-11
7.03261111111111e+00 4.33394742327885e-10 1.82181152219089e-11
7.04405555555556e+00 4.17141322383797e-10 1.75491507639514e-11
7.05550000000000e+00 4.01497447570935e-10 1.69047281962016e-11
7.06694444444444e+00 3.86440258395711e-10 1.62839480542682e-11
7.07838888888889e+00 3.71947752615435e-10 1.56859438053320e-11
7.08983333333333e+00 3.57998753165738e-10 1.51098806406870e-11
7.10127777777778e+00 3.44572877140690e-10 1.45549543187349e-11
7.11272222222222e+00 3.31650506080525e-10 1.40203900403812e-11
7.12416666666667e+00 3.19212757250637e-10 1.35054413900891e-11
7.13561111111111e+00 3.07241456052650e-10 1.30093892731820e-11
7.14705555555556e+00 2.95719109513177e-10 1.25315409316273e-11
7.15850000000000e+00 2.84628880660904e-10 1.20712289788185e-11
7.16994444444444e+00 2.73954563982705e-10 1.16278104690296e-11
7.18138888888889e+00 2.63680561686695e-10 1.12006660057003e-11
7.19283333333333e+00 2.53791860964598e-10 1.07891988776491e-11
7.20427777777778e+00 2.44274012001945e-10 1.03928342313217e-11
7.21572222222222e+00 2.35113106913773e-10 1.00110182663487e-11
7.22716666666667e+00 2.26295759384319e-10 9.64321747779995e-12
7.23861111111111e+00 2.17809085108691e-10 9.28891789626787e-12
7.25005555555556e+00 2.09640682998096e-10 8.94762438363673e-12
7.26150000000000e+00 2.01778617015908e-10 8.61885994265624e-12
7.27294444444444e+00 1.94211398777463e-10 8.30216505133554e-12
7.28438888888889e+00 1.86927970723075e-10 7.99709702506800e-12
7.29583333333333e+00 1.79917689998364e-10 7.70322939879867e-12
7.30727777777778e+00 1.73170312865812e-10 7.42015133492495e-12
7.31872222222222e+00 1.66675979771384e-10 7.14746704796102e-12
7.33016666666667e+00 1.60425200911119e-10 6.88479526241320e-12
7.34161111111111e+00 1.54408842365839e-10 6.63176866945584e-12
7.35305555555556e+00 1.48618112776881e-10 6.38803342312153e-12
7.36450000000000e+00 1.43044550469767e-10 6.15324864651269e-12
7.37594444444444e+00 1.37680011118485e-10 5.92708595577750e-12
7.38738888888889e+00 1.32516655816915e-10 5.70922900388736e-12
7.39883333333333e+00 1.27546939650924e-10 5.49937303879412e-12
7.41027777777778e+00 1.22763600647800e-10 5.29722447996233e-12
7.42172222222222e+00 1.18159649189354e-10 5.10250050695274e-12
7.43316666666667e+00 1.13728357780071e-10 4.91492867162570e-12
7.44461111111111e+00 1.09463251217739e-10 4.73424650973164e-12
7.45605555555556e+00 1.05358097147405e-10 4.56020118054145e-12
7.46750000000000e+00 1.01406896933409e-10 4.39254911374579e-12
7.47894444444444e+00 9.76038769140778e-11 4.23105566906636e-12
7.49038888888889e+00 9.39434799456200e-11 4.07549481000564e-12
7.50183333333333e+00 9.04203573004106e-11 3.92564878791054e-12
7.51327777777778e+00 8.70293608332905e-11 3.78130783915520e-12
7.52472222222222e+00 8.37655354760858e-11 3.64226989098460e-12
7.53616666666667e+00 8.06241119842381e-11 3.50834028415700e-12
7.54761111111111e+00 7.76004999685744e-11 3.37933149531732e-12
7.55905555555556e+00 7.46902811986783e-11 3.25506287926875e-12
7.57050000000000e+00 7.18892031321136e-11 3.13536041651303e-12
7.58194444444444e+00 6.91931727145209e-11 3.02005646988543e-12
7.59338888888889e+00 6.65982503851159e-11 2.90898955128358e-12
7.60483333333333e+00 6.41006443330581e-11 2.80200409579227e-12
7.61627777777778e+00 6.16967049441682e-11 2.69895024517420e-12
7.62772222222222e+00 5.93829194799903e-11 2.59968363758254e-12
7.63916666666667e+00 5.71559069358691e-11 2.50406520922093e-12
7.65061111111111e+00 5.50124131010356e-11 2.41196099592870e-12
7.66205555555556e+00 5.29493058111392e-11 2.32324194888699e-12
7.67350000000000e+00 5.09635703611366e-11 2.23778375414069e-12
7.68494444444444e+00 4.90523051099315e-11 2.15546665862640e-12
7.69638888888889e+00 4.72127172308926e-11 2.07617530340568e-12
7.70783333333333e+00 4.54421186399643e-11 1.99979856220080e-12
7.71927777777778e+00 4.37379220589618e-11 1.92622938661610e-12
7.73072222222222e+00 4.20976372433473e-11 1.85536465582781e-12
7.74216666666667e+00 4.05188673371113e-11 1.78710503477076e-12
7.75361111111111e+00 3.89993053707719e-11 1.72135483235324e-12
7.76505555555556e+00 3.75367308957352e-11 1.65802186969311e-12
7.77650000000000e+00 3.61290067325049e-11 1.59701735111559e-12
7.78794444444444e+00 3.47740758546383e-11 1.53825573980439e-12
7.79938888888889e+00 3.34699583763001e-11 1.48165463859608e-12
7.81083333333333e+00 3.22147486655396e-11 1.42713467457466e-12
7.82227777777778e+00 3.10066125535712e-11 1.37461938843826e-12
7.83372222222222e+00 2.98437846604970e-11 1.32403512707412e-12
7.84516666666667e+00 2.87245658112742e-11 1.27531094217637e-12
7.85661111111111e+00 2.76473205530787e-11 1.22837848894052e-12
7.86805555555556e+00 2.66104747692921e-11 1.18317193186994e-12
7.87950000000000e+00 2.56125133743136e-11 1.13962785257989e-12
7.89094444444444e+00 2.46519781044768e-11 1.09768516092932e-12
7.90238888888889e+00 2.37274653825317e-11 1.05728500982326e-12
7.91383333333333e+00 2.28376242711359e-11 1.01837071273870e-12
7.92527777777778e+00 2.19811544945191e-11 9.80887664656048e-13
7.93672222222222e+00 2.11568045425842e-11 9.44783265293607e-13
7.94816666666667e+00 2.03633698390802e-11 9.10006846639465e-13
7.95961111111111e+00 1.95996909816131e-11 8.76509600577465e-13
7.97105555555556e+00 1.88646520501227e-11 8.44244511560615e-13
7.98250000000000e+00 1.81571789727394e-11 8.13166290728467e-13
7.99394444444444e+00 1.74762379596796e-11 7.83231312403908e-13
8.00538888888889e+00 1.68208339893811e-11 7.54397553209522e-13
8.01683333333333e+00 1.61900093576546e-11 7.26624533135003e-13
8.02827777777778e+00 1.55828422752445e-11 6.99873259035086e-13
8.03972222222222e+00 1.49984455237540e-11 6.74106169779932e-13
8.05116666666667e+00 1.44359651570576e-11 6.49287084461798e-13
8.06261111111111e+00 1.38945792536104e-11 6.25381150696076e-13
8.07405555555555e+00 1.33734967172729e-11 6.02354796504743e-13
8.08550000000000e+00 1.28719561188682e-11 5.80175683242943e-13
8.09694444444444e+00 1.23892245859120e-11 5.58812660226642e-13
8.10838888888889e+00 1.19245967294350e-11 5.38235721229596e-13
8.11983333333333e+00 1.14773936154221e-11 5.18415962377811e-13
8.13127777777778e+00 1.10469617706245e-11 4.99325541778369e-13
8.14272222222222e+00 1.06326722296948e-11 4.80937640333696e-13
8.15416666666667e+00 1.02339196146130e-11 4.63226424729334e-13
8.16561111111111e+00 9.85012125017555e-12 4.46167010508072e-13
8.17705555555556e+00 9.48071631386099e-12 4.29735427686667e-13
8.18850000000000e+00 9.12516501461084e-12 4.13908587125739e-13
8.19994444444444e+00 8.78294780571761e-12 3.98664248115653e-13
8.21138888888889e+00 8.45356462405011e-12 3.83980987296166e-13
8.22283333333333e+00 8.13653416086821e-12 3.69838168576910e-13
8.23427777777778e+00 7.83139315704368e-12 3.56215914295335e-13
8.24572222222222e+00 7.53769572753870e-12 3.43095077224878e-13
8.25716666666667e+00 7.25501270880791e-12 3.30457214128851e-13
8.26861111111111e+00 6.98293103175106e-12 3.18284559389107e-13
8.28005555555556e+00 6.72105311902601e-12 3.06560000439367e-13
8.29150000000000e+00 6.46899630288671e-12 2.95267053742094e-13
8.30294444444444e+00 6.22639226717048e-12 2.84389841634445e-13
8.31438888888889e+00 5.99288650798493e-12 2.73913070125828e-13
8.32583333333333e+00 5.76813781676175e-12 2.63822007412054e-13
8.33727777777778e+00 5.55181778063884e-12 2.54102463272365e-13
8.34872222222222e+00 5.34361030355832e-12 2.44740769076101e-13
8.36016666666667e+00 5.14321114363719e-12 2.35723758888588e-13
8.37161111111111e+00 4.95032746864138e-12 2.27038750639598e-13
8.38305555555556e+00 4.76467742872197e-12 2.18673528572671e-13
8.39450000000000e+00 4.58598974372047e-12 2.10616326086537e-13
8.40594444444444e+00 4.41400330757324e-12 2.02855809197588e-13
8.41738888888889e+00 4.24846680599232e-12 1.95381060681244e-13
8.42883333333333e+00 4.08913834998350e-12 1.88181564726299e-13
8.44027777777778e+00 3.93578512166701e-12 1.81247192219106e-13
8.45172222222222e+00 3.78818303476656e-12 1.74568186464812e-13
8.46316666666667e+00 3.64611640664931e-12 1.68135149690268e-13
8.47461111111111e+00 3.50937764319293e-12 1.61939029597975e-13
8.48605555555556e+00 3.37776693588498e-12 1.55971106829185e-13
8.49750000000000e+00 3.25109196926336e-12 1.50222982709683e-13
8.50894444444445e+00 3.12916764046439e-12 1.44686567439333e-13
8.52038888888889e+00 3.01181578819646e-12 1.39354068765926e-13
8.53183333333333e+00 2.89886493292788e-12 1.34217981026183e-13
8.54327777777778e+00 2.79015002580883e-12 1.29271074636043e-13
8.55472222222222e+00 2.68551220797992e-12 1.24506385894191e-13
8.56616666666667e+00 2.58479857807975e-12 1.19917207341465e-13
8.57761111111111e+00 2.48786196884112e-12 1.15497078161103e-13
8.58905555555556e+00 2.39456073235543e-12 1.11239775224325e-13
8.60050000000000e+00 2.30475853267695e-12 1.07139304339623e-13
8.61194444444445e+00 2.21832414700044e-12 1.03189891819103e-13
8.62338888888889e+00 2.13513127353028e-12 9.93859763902740e-14
8.63483333333333e+00 2.05505834729043e-12 9.57222013705756e-14
8.64627777777778e+00 1.97798836213489e-12 9.21934071623900e-14
8.65772222222222e+00 1.90380870011303e-12 8.87946239724912e-14
8.66916666666667e+00 1.83241096665451e-12 8.55210649267982e-14
8.68061111111111e+00 1.76369083219402e-12 8.23681192173543e-14
8.69205555555556e+00 1.69754787993872e-12 7.93313457073742e-14
8.70350000000000e+00 1.63388545884503e-12 7.64064666830348e-14
8.71494444444444e+00 1.57261054266653e-12 7.35893618317577e-14
8.72638888888889e+00 1.51363359375207e-12 7.08760624668700e-14
8.73783333333333e+00 1.45686843246696e-12 6.82627459402725e-14
8.74927777777778e+00 1.40223211101593e-12 6.57457302836660e-14
8.76072222222222e+00 1.34964479247423e-12 6.33214690105837e-14
8.77216666666667e+00 1.29902963394934e-12 6.09865461995210e-14
8.78361111111111e+00 1.25031267430572e-12 5.87376716022033e-14
8.79505555555555e+00 1.20342272624251e-12 5.65716760770098e-14
8.80650000000000e+00 1.15829127206855e-12 5.44855071280552e-14
8.81794444444444e+00 1.11485236377650e-12 5.24762246060556e-14
8.82938888888889e+00 1.07304252648910e-12 5.05409965849072e-14
8.84083333333333e+00 1.03280066588726e-12 4.86770953727612e-14
8.85227777777778e+00 9.94067978763000e-13 4.68818936861039e-14
8.86372222222222e+00 9.56787867260320e-13 4.51528609390144e-14
8.87516666666667e+00 9.20905856047915e-13 4.34875597323137e-14
8.88661111111111e+00 8.86369512725084e-13 4.18836423621410e-14
8.89805555555556e+00 8.53128371312410e-13 4.03388475593377e-14
8.90950000000000e+00 8.21133858366397e-13 3.88509973048851e-14
8.92094444444444e+00 7.90339222138618e-13 3.74179937608871e-14
8.93238888888889e+00 7.60699464128501e-13 3.60378163268600e-14
8.94383333333333e+00 7.32171273455997e-13 3.47085187922265e-14
8.95527777777778e+00 7.04712963452259e-13 3.34282266050505e-14
8.96672222222222e+00 6.78284410862147e-13 3.21951342232538e-14
8.97816666666667e+00 6.52846997127407e-13 3.10075026079774e-14
8.98961111111111e+00 6.28363551960924e-13 2.98636567318386e-14
9.00105555555556e+00 6.04798299106991e-13 2.87619832510291e-14
9.01250000000000e+00 5.82116803963783e-13 2.77009282321348e-14
9.02394444444444e+00 5.60285923361866e-13 2.66789949614693e-14
9.03538888888889e+00 5.39273757041789e-13 2.56947418437625e-14
9.04683333333333e+00 5.19049601128638e-13 2.47467803696509e-14
9.05827777777778e+00 4.99583903180997e-13 2.38337731660572e-14
9.06972222222222e+00 4.80848219089546e-13 2.29544321056264e-14
9.08116666666667e+00 4.62815171452334e-13 2.21075165172373e-14
9.09261111111111e+00 4.45458409573495e-13 2.12918314078668e-14
9.10405555555556e+00 4.28752571011105e-13 2.05062258007572e-14
9.11550000000000e+00 4.12673244446594e-13 1.97495911129416e-14
9.12694444444444e+00 3.97196934081051e-13 1.90208595916912e-14
9.13838888888889e+00 3.82301025237533e-13 1.83190028146737e-14
9.14983333333333e+00 3.67963751377623e-13 1.76430302393108e-14
9.16127777777778e+00 3.54164162235492e-13 1.69919878112372e-14
9.17272222222222e+00 3.40882093261877e-13 1.63649566150373e-14
9.18416666666667e+00 3.28098136116038e-13 1.57610515968536e-14
9.19561111111111e+00 3.15793610308080e-13 1.51794202955961e-14
9.20705555555556e+00 3.03950535939113e-13 1.46192416567143e-14
9.21850000000000e+00 2.92551607379255e-13 1.40797248742672e-14
9.22994444444445e+00 2.81580168026984e-13 1.35601082750622e-14
9.24138888888889e+00 2.71020185924501e-13 1.30596582482197e-14
9.25283333333333e+00 2.60856230374673e-13 1.25776682099136e-14
9.26427777777778e+00 2.51073449351159e-13 1.21134576102491e-14
9.27572222222222e+00 2.41657547836234e-13 1.16663709704014e-14
9.28716666666667e+00 2.32594766902333e-13 1.12357769708604e-14
9.29861111111111e+00 2.23871863608759e-13 1.08210675461595e-14
9.31005555555556e+00 2.15476091676386e-13 1.04216570382152e-14
9.32150000000000e+00 2.07395182827906e-13 1.00369813700080e-14
9.33294444444445e+00 1.99617328893898e-13 9.66649724929488e-15
9.34438888888889e+00 1.92131164526472e-13 9.30968140470857e-15
9.35583333333333e+00 1.84925750622247e-13 8.96602984700296e-15
9.36727777777778e+00 1.77990558308307e-13 8.63505716033954e-15
9.37872222222222e+00 1.71315453585173e-13 8.31629581522931e-15
9.39016666666667e+00 1.64890682497560e-13 8.00929551781335e-15
9.40161111111111e+00 1.58706856882773e-13 7.71362256401393e-15
9.41305555555556e+00 1.52754940670450e-13 7.42885923529193e-15
9.42450000000000e+00 1.47026236654582e-13 7.15460320902040e-15
9.43594444444444e+00 1.41512373807933e-13 6.89046699029740e-15
9.44738888888889e+00 1.36205295027662e-13 6.63607736684590e-15
9.45883333333333e+00 1.31097245383340e-13 6.39107488188816e-15
9.47027777777778e+00 1.26180760764526e-13 6.15511332843574e-15
9.48172222222222e+00 1.21448656993667e-13 5.92785925907403e-15
9.49316666666667e+00 1.16894019313547e-13 5.70899152158626e-15
9.50461111111111e+00 1.12510192284046e-13 5.49820079821994e-15
9.51605555555556e+00 1.08290770069642e-13 5.29518917449090e-15
9.52750000000000e+00 1.04229587062041e-13 5.09966971848653e-15
9.53894444444444e+00 1.00320708886954e-13 4.91136607547137e-15
9.55038888888889e+00 9.65584237169202e-14 4.73001207895111e-15
9.56183333333333e+00 9.29372339399452e-14 4.55535137458194e-15
9.57327777777778e+00 8.94518481117172e-14 4.38713705934615e-15
9.58472222222222e+00 8.60971732373940e-14 4.22513133181276e-15
9.59616666666667e+00 8.28683073191727e-14 4.06910516077048e-15
9.60761111111111e+00 7.97605321939121e-14 3.91883795657744e-15
9.61905555555555e+00 7.67693066476687e-14 3.77411726347964e-15
9.63050000000000e+00 7.38902597680352e-14 3.63473845946944e-15
9.64194444444444e+00 7.11191845685574e-14 3.50050446706571e-15
9.65338888888889e+00 6.84520318303548e-14 3.37122547582513e-15
9.66483333333333e+00 6.58849041957507e-14 3.24671867403323e-15
9.67627777777778e+00 6.34140504631617e-14 3.12680799127688e-15
9.68772222222222e+00 6.10358601154102e-14 3.01132384894602e-15
9.69916666666667e+00 5.87468580366376e-14 2.90010292379846e-15
9.71061111111111e+00 5.65436994347600e-14 2.79298791354482e-15
9.72205555555556e+00 5.44231649601690e-14 2.68982731731967e-15
9.73350000000000e+00 5.23821559931722e-14 2.59047522156576e-15
9.74494444444444e+00 5.04176901241408e-14 2.49479109371260e-15
9.75638888888889e+00 4.85268967878029e-14 2.40263958421667e-15
9.76783333333333e+00 4.67070130760321e-14 2.31389033516050e-15
9.77927777777778e+00 4.49553796934652e-14 2.22841779660760e-15
9.79072222222222e+00 4.32694370784510e-14 2.14610104862819e-15
9.80216666666667e+00 4.16467216578271e-14 2.06682363261338e-15
9.81361111111111e+00 4.00848622473523e-14 1.99047338408703e-15
9.82505555555556e+00 3.85815765912185e-14 1.91694227608598e-15
9.83650000000000e+00 3.71346680212922e-14 1.84612626642556e-15
9.84794444444444e+00 3.57420222528494e-14 1.77792515052698e-15
9.85938888888889e+00 3.44016042897037e-14 1.71224242020419e-15
9.87083333333333e+00 3.31114554557601e-14 1.64898512713663e-15
9.88227777777778e+00 3.18696905279318e-14 1.58806375186967e-15
9.89372222222222e+00 3.06744949861584e-14 1.52939207687022e-15
9.90516666666667e+00 2.95241223583876e-14 1.47288706618639e-15
9.91661111111111e+00 2.84168916687724e-14 1.41846874621537e-15
9.92805555555556e+00 2.73511849844359e-14 1.36606009397399e-15
9.93950000000000e+00 2.63254450471897e-14 1.31558692815747e-15
9.95094444444444e+00 2.53381730019301e-14 1.26697780416650e-15
9.96238888888889e+00 2.43879262026667e-14 1.22016391338161e-15
9.97383333333333e+00 2.34733161080984e-14 1.17507898578493e-15
9.98527777777778e+00 2.25930062491226e-14 1.13165919652135e-15
9.99672222222222e+00 2.17457102792875e-14 1.08984307453266e-15
1.00081666666667e+01 2.09301900955483e-14 1.04957142024928e-15
1.00196111111111e+01 2.01452540167480e-14 1.01078721504071e-15
1.00310555555556e+01 1.93897550671773e-14 9.73435544940989e-16
1.00425000000000e+01 1.86625892718867e-14 9.37463522975535e-16
1.00539444444444e+01 1.79626940710856e-14 9.02820213044397e-16
1.00653888888889e+01 1.72890467409674e-14 8.69456559282893e-16
1.00768333333333e+01 1.66406629247587e-14 8.37325315455383e-16
1.00882777777778e+01 1.60165951698158e-14 8.06380979424856e-16
1.00997222222222e+01 1.54159315667421e-14 7.76579726200037e-16
1.01111666666667e+01 1.48377943993254e-14 7.47879353033799e-16
1.01226111111111e+01 1.42813388630610e-14 7.20239210001571e-16
1.01340555555556e+01 1.37457518458478e-14 6.93620148604164e-16
1.01455000000000e+01 1.32302507197108e-14 6.67984465654466e-16
1.01569444444444e+01 1.27340822165409e-14 6.43295849003916e-16
1.01683888888889e+01 1.22565213087800e-14 6.19519327154180e-16
1.01798333333333e+01 1.17968701678712e-14 5.96621218913539e-16
1.01912777777778e+01 1.13544571273566e-14 5.74569086653681e-16
1.02027222222222e+01 1.09286357179526e-14 5.53331688582870e-16
1.02141666666667e+01 1.05187837105924e-14 5.32878939538098e-16
1.02256111111111e+01 1.01243022079552e-14 5.13181861554055e-16
1.02370555555556e+01 9.74461477997111e-15 4.94212547162746e-16
1.02485000000000e+01 9.37916660739520e-15 4.75944119383508e-16
1.02599444444444e+01 9.02742368466046e-15 4.58350693026904e-16
1.02713888888889e+01 8.68887202650789e-15 4.41407338754549e-16
1.02828333333333e+01 8.36301692948516e-15 4.25090047185482e-16
1.02942777777778e+01 8.04938223699016e-15 4.17198709858326e-16
