SPECIES: e / A
PROCESS: E + A -> E + A, Elastic
PARAM.:  m/M = 0.0000195921, complete set
COMMENT: [e + A(gnd) -> e + A(gnd), Elastic]
UPDATED: 2018-06-05 11:00:00
COLUMNS: Energy (eV) | Cross section (m2)
-----------------------------
0.00000000e+00 8.583355531175829e-18
1.29000000e-01 4.694393019556255e-18
2.58000000e-01 3.319437137683021e-18
3.87000000e-01 2.710309073522704e-18
5.16000000e-01 2.347196509778127e-18
6.45000000e-01 2.099396380965657e-18
7.74000000e-01 1.916477924999333e-18
9.03000000e-01 1.774313783734775e-18
1.03200000e+00 1.659718568841510e-18
1.16100000e+00 1.564797673185418e-18
1.29000000e+00 1.484497417379312e-18
1.41900000e+00 1.415412751302874e-18
1.54800000e+00 1.355154536761352e-18
1.67700000e+00 1.301990364553100e-18
1.80600000e+00 1.254629308431620e-18
1.93500000e+00 1.212087065686248e-18
2.06400000e+00 1.173598254889064e-18
2.19300000e+00 1.138557545164275e-18
2.32200000e+00 1.106479045894340e-18
2.45100000e+00 1.076967619658341e-18
2.58000000e+00 1.049698190482829e-18
2.70900000e+00 1.024400540666136e-18
2.83800000e+00 1.000847954624171e-18
2.96700000e+00 9.788486098263944e-19
3.09600000e+00 9.582389624996665e-19
3.22500000e+00 9.388786039112509e-19
3.35400000e+00 9.206462158150423e-19
3.48300000e+00 9.034363578409013e-19
3.61200000e+00 8.871568918673873e-19
3.74100000e+00 8.717268993024904e-19
3.87000000e+00 8.570749835352503e-19
3.99900000e+00 8.431378761097849e-19
4.12800000e+00 8.298592844207552e-19
4.25700000e+00 8.171889329791433e-19
4.38600000e+00 8.050817609567674e-19
4.51500000e+00 7.934972467691636e-19
4.64400000e+00 7.823988365927091e-19
4.77300000e+00 7.717534584283866e-19
4.90200000e+00 7.615311069787472e-19
5.03100000e+00 7.517044874570313e-19
5.16000000e+00 7.422487086896562e-19
5.28900000e+00 7.331410176477130e-19
5.41800000e+00 7.243605689561901e-19
5.54700000e+00 7.158882240616878e-19
5.67600000e+00 7.077063756514371e-19
5.80500000e+00 6.997987936552191e-19
5.93400000e+00 6.921504897632685e-19
6.06300000e+00 6.847475978853486e-19
6.19200000e+00 6.775772683806759e-19
6.32100000e+00 6.706275742223222e-19
6.45000000e+00 6.638874275366041e-19
6.57900000e+00 6.573465051884736e-19
6.70800000e+00 6.509951822765501e-19
6.83700000e+00 6.448244725630362e-19
6.96600000e+00 6.388259749997777e-19
7.09500000e+00 6.329918256266462e-19
7.22400000e+00 6.273146542158102e-19
7.35300000e+00 6.217875451182535e-19
7.48200000e+00 6.164040018395136e-19
7.61100000e+00 6.111579149320102e-19
7.74000000e+00 6.060435328431241e-19
7.86900000e+00 6.010554354027492e-19
7.99800000e+00 5.961885096724522e-19
8.12700000e+00 5.914379279115915e-19
8.25600000e+00 5.867991274445318e-19
8.38500000e+00 5.822677922380930e-19
8.51400000e+00 5.778398360201513e-19
8.64300000e+00 5.735113867893055e-19
8.77200000e+00 5.692787725821373e-19
8.90100000e+00 5.651385083791598e-19
9.03000000e+00 5.610872840433309e-19
9.15900000e+00 5.571219531962622e-19
9.28800000e+00 5.532395229471702e-19
9.41700000e+00 5.494371443983713e-19
9.54600000e+00 5.457121038588825e-19
9.67500000e+00 5.420618147045408e-19
9.80400000e+00 5.384838098291703e-19
9.93300000e+00 5.349757346367313e-19
1.00620000e+01 5.315353405292249e-19
1.01910000e+01 5.281604788494326e-19
1.03200000e+01 5.248490952414143e-19
1.04490000e+01 5.215992243951394e-19
1.05780000e+01 5.184089851447041e-19
1.07070000e+01 5.152765758923603e-19
1.08360000e+01 5.122002703330678e-19
1.09650000e+01 5.091784134565211e-19
1.10940000e+01 5.062094178056140e-19
1.12230000e+01 5.032917599721306e-19
1.13520000e+01 5.004239773120853e-19
1.14810000e+01 4.976046648646285e-19
1.16100000e+01 4.948324724597709e-19
1.17390000e+01 4.921061020014042e-19
1.18680000e+01 4.894243049131972e-19
1.19970000e+01 4.867858797359536e-19
1.21260000e+01 4.841896698659292e-19
1.22550000e+01 4.816345614244377e-19
1.23840000e+01 4.791194812498333e-19
1.25130000e+01 4.766433950036473e-19
1.26420000e+01 4.742053053832887e-19
1.27710000e+01 4.718042504342914e-19
1.29000000e+01 4.694393019556255e-19
1.30290000e+01 4.671095639920642e-19
1.31580000e+01 4.648141714080477e-19
1.32870000e+01 4.625522885378861e-19
1.34160000e+01 4.603231079075211e-19
1.35450000e+01 4.581258490234035e-19
1.36740000e+01 4.559597572243618e-19
1.38030000e+01 4.538241025926284e-19
1.39320000e+01 4.517181789204506e-19
1.40610000e+01 4.496413027289671e-19
1.41900000e+01 4.475928123362541e-19
1.43190000e+01 4.455720669716536e-19
1.44480000e+01 4.435784459336937e-19
1.45770000e+01 4.416113477890857e-19
1.47060000e+01 4.396701896104534e-19
1.48350000e+01 4.377544062505973e-19
1.49640000e+01 4.358634496512452e-19
1.50930000e+01 4.339967881843668e-19
1.52220000e+01 4.321539060242556e-19
1.53510000e+01 4.303343025486945e-19
1.54800000e+01 4.285374917676252e-19
1.56090000e+01 4.267630017778413e-19
1.57380000e+01 4.250103742423168e-19
1.58670000e+01 4.232791638928633e-19
1.59960000e+01 4.215689380548925e-19
1.61250000e+01 4.198792761931314e-19
1.62540000e+01 4.182097694772068e-19
1.63830000e+01 4.165600203660808e-19
1.65120000e+01 4.149296422103776e-19
1.66410000e+01 4.133182588716986e-19
1.67700000e+01 4.117255043580753e-19
1.68990000e+01 4.101510224747559e-19
1.70280000e+01 4.085944664895716e-19
1.71570000e+01 4.070554988121666e-19
1.72860000e+01 4.055337906864189e-19
1.74150000e+01 4.040290218954161e-19
1.75440000e+01 4.025408804783837e-19
1.76730000e+01 4.010690624589994e-19
1.78020000e+01 3.996132715845544e-19
1.79310000e+01 3.981732190754547e-19
1.80600000e+01 3.967486233845818e-19
1.81890000e+01 3.953392099660557e-19
1.83180000e+01 3.939447110529713e-19
1.84470000e+01 3.925648654436979e-19
1.85760000e+01 3.911994182963546e-19
1.87050000e+01 3.898481209310965e-19
1.88340000e+01 3.885107306398607e-19
1.89630000e+01 3.871870105032434e-19
1.90920000e+01 3.858767292141933e-19
1.92210000e+01 3.845796609082248e-19
1.93500000e+01 3.832955849998665e-19
1.94790000e+01 3.820242860250774e-19
1.96080000e+01 3.807655534893736e-19
1.97370000e+01 3.795191817214249e-19
1.98660000e+01 3.782849697318876e-19
1.99950000e+01 3.770627210772550e-19
2.01240000e+01 3.758522437285157e-19
2.02530000e+01 3.746533499444205e-19
2.03820000e+01 3.734658561491679e-19
2.05110000e+01 3.722895828143275e-19
2.06400000e+01 3.711243543448281e-19
2.07690000e+01 3.699699989688478e-19
2.08980000e+01 3.688263486314467e-19
2.10270000e+01 3.676932388917958e-19
2.11560000e+01 3.665705088238565e-19
2.12850000e+01 3.654580009203768e-19
2.14140000e+01 3.643555610000727e-19
2.15430000e+01 3.632630381178709e-19
2.16720000e+01 3.621802844780951e-19
2.18010000e+01 3.611071553504811e-19
2.19300000e+01 3.600435089889137e-19
2.20590000e+01 3.589892065527802e-19
2.21880000e+01 3.579441120308439e-19
2.23170000e+01 3.569080921675402e-19
2.24460000e+01 3.558810163916058e-19
2.25750000e+01 3.548627567469549e-19
2.27040000e+01 3.538531878257186e-19
2.28330000e+01 3.528521867033665e-19
2.29620000e+01 3.518596328758382e-19
2.30910000e+01 3.508754081986070e-19
2.32200000e+01 3.498993968276095e-19
2.33490000e+01 3.489314851619723e-19
2.34780000e+01 3.479715617884717e-19
2.36070000e+01 3.470195174276650e-19
2.37360000e+01 3.460752448816343e-19
2.38650000e+01 3.451386389832861e-19
2.39940000e+01 3.442095965471520e-19
2.41230000e+01 3.432880163216383e-19
2.42520000e+01 3.423737989426743e-19
2.43810000e+01 3.414668468887119e-19
2.45100000e+01 3.405670644370286e-19
2.46390000e+01 3.396743576212916e-19
2.47680000e+01 3.387886341903380e-19
2.48970000e+01 3.379098035681316e-19
2.50260000e+01 3.370377768148572e-19
2.51550000e+01 3.361724665891120e-19
2.52840000e+01 3.353137871111611e-19
2.54130000e+01 3.344616541272186e-19
2.55420000e+01 3.336159848747235e-19
2.56710000e+01 3.327766980485759e-19
2.58000000e+01 3.319437137683021e-19
2.59290000e+01 3.311169535461211e-19
2.60580000e+01 3.302963402558802e-19
2.61870000e+01 3.294817981028335e-19
2.63160000e+01 3.286732525942368e-19
2.64450000e+01 3.278706305107319e-19
2.65740000e+01 3.270738598784958e-19
2.67030000e+01 3.262828699421315e-19
2.68320000e+01 3.254975911382750e-19
2.69610000e+01 3.247179550698998e-19
2.70900000e+01 3.239438944812930e-19
2.72190000e+01 3.231753432336862e-19
2.73480000e+01 3.224122362815181e-19
2.74770000e+01 3.216545096493121e-19
2.76060000e+01 3.209021004091470e-19
2.77350000e+01 3.201549466587070e-19
2.78640000e+01 3.194129874998888e-19
2.79930000e+01 3.186761630179540e-19
2.81220000e+01 3.179444142612059e-19
2.82510000e+01 3.172176832211790e-19
2.83800000e+01 3.164959128133231e-19
2.85090000e+01 3.157790468581692e-19
2.86380000e+01 3.150670300629628e-19
2.87670000e+01 3.143598080037502e-19
2.88960000e+01 3.136573271079051e-19
2.90250000e+01 3.129595346370836e-19
2.91540000e+01 3.122663786705934e-19
2.92830000e+01 3.115778080891670e-19
2.94120000e+01 3.108937725591267e-19
2.95410000e+01 3.102142225169307e-19
2.96700000e+01 3.095391091540881e-19
2.97990000e+01 3.088683844024346e-19
2.99280000e+01 3.082020009197568e-19
3.00570000e+01 3.075399120757570e-19
3.01860000e+01 3.068820719383474e-19
3.03150000e+01 3.062284352602661e-19
3.04440000e+01 3.055789574660051e-19
3.05730000e+01 3.049335946390416e-19
3.07020000e+01 3.042923035093653e-19
3.08310000e+01 3.036550414412929e-19
3.09600000e+01 3.030217664215621e-19
3.10890000e+01 3.023924370476967e-19
3.12180000e+01 3.017670125166382e-19
3.13470000e+01 3.011454526136337e-19
3.14760000e+01 3.005277177013746e-19
3.16050000e+01 2.999137687093796e-19
3.17340000e+01 2.993035671236157e-19
3.18630000e+01 2.986970749763498e-19
3.19920000e+01 2.980942548362261e-19
3.21210000e+01 2.974950697985628e-19
3.22500000e+01 2.968994834758625e-19
3.23790000e+01 2.963074599885304e-19
3.25080000e+01 2.957189639557958e-19
3.26370000e+01 2.951339604868309e-19
3.27660000e+01 2.945524151720621e-19
3.28950000e+01 2.939742940746690e-19
3.30240000e+01 2.933995637222659e-19
3.31530000e+01 2.928281910987620e-19
3.32820000e+01 2.922601436363950e-19
3.34110000e+01 2.916953892079337e-19
3.35400000e+01 2.911338961190465e-19
3.36690000e+01 2.905756331008301e-19
3.37980000e+01 2.900205693024960e-19
3.39270000e+01 2.894686742842088e-19
3.40560000e+01 2.889199180100756e-19
3.41850000e+01 2.883742708412794e-19
3.43140000e+01 2.878317035293557e-19
3.44430000e+01 2.872921872096068e-19
3.45720000e+01 2.867556933946528e-19
3.47010000e+01 2.862221939681129e-19
3.48300000e+01 2.856916611784169e-19
3.49590000e+01 2.851640676327411e-19
3.50880000e+01 2.846393862910686e-19
3.52170000e+01 2.841175904603681e-19
3.53460000e+01 2.835986537888895e-19
3.54750000e+01 2.830825502605749e-19
3.56040000e+01 2.825692541895799e-19
3.57330000e+01 2.820587402149047e-19
3.58620000e+01 2.815509832951308e-19
3.59910000e+01 2.810459587032616e-19
3.61200000e+01 2.805436420216654e-19
3.62490000e+01 2.800440091371157e-19
3.63780000e+01 2.795470362359302e-19
3.65070000e+01 2.790526997992035e-19
3.66360000e+01 2.785609765981311e-19
3.67650000e+01 2.780718436894264e-19
3.68940000e+01 2.775852784108234e-19
3.70230000e+01 2.771012583766664e-19
3.71520000e+01 2.766197614735851e-19
3.72810000e+01 2.761407658562502e-19
3.74100000e+01 2.756642499432116e-19
3.75390000e+01 2.751901924128130e-19
3.76680000e+01 2.747185721991857e-19
3.77970000e+01 2.742493684883168e-19
3.79260000e+01 2.737825607141904e-19
3.80550000e+01 2.733181285550017e-19
3.81840000e+01 2.728560519294412e-19
3.83130000e+01 2.723963109930477e-19
3.84420000e+01 2.719388861346287e-19
3.85710000e+01 2.714837579727468e-19
3.87000000e+01 2.710309073522704e-19
3.88290000e+01 2.705803153409875e-19
-----------------------------
