Energy (eV)          EEDF (eV^-(3/2))     First Anisotropy
1.24545454545455e-01 4.97289926202881e-02 5.55679880035451e-05
3.73636363636364e-01 4.81911055175522e-02 9.06444380640900e-05
6.22727272727273e-01 4.67007781303840e-02 1.16745322484533e-04
8.71818181818182e-01 4.52565396573171e-02 1.34883671605940e-04
1.12090909090909e+00 4.38569647819785e-02 1.48670776202366e-04
1.37000000000000e+00 4.25006722602723e-02 1.59525492550256e-04
1.61909090909091e+00 4.11863235851227e-02 1.68208483769540e-04
1.86818181818182e+00 3.99126216175273e-02 1.75194423295509e-04
2.11727272727273e+00 3.86783093436322e-02 1.80807865452716e-04
2.36636363636364e+00 3.74821686230995e-02 1.85284743711079e-04
2.61545454545455e+00 3.63230189869649e-02 1.88804264094011e-04
2.86454545454545e+00 3.51997164726557e-02 1.91507095153857e-04
3.11363636363636e+00 3.41111524949894e-02 1.93506501139674e-04
3.36272727272727e+00 3.30562527522182e-02 1.94895539578269e-04
3.61181818181818e+00 3.20339761657468e-02 1.95751923079424e-04
3.86090909090909e+00 3.10433138526994e-02 1.96141423691515e-04
4.11000000000000e+00 3.00832881302587e-02 1.96120329471163e-04
4.35909090909091e+00 2.91529515529648e-02 1.95737263578914e-04
4.60818181818182e+00 2.82513859709380e-02 1.95034560515376e-04
4.85727272727273e+00 2.73777016307679e-02 1.94049327776423e-04
5.10636363636364e+00 2.65310362949854e-02 1.92814279345846e-04
5.35545454545455e+00 2.57105543911223e-02 1.91358399003213e-04
5.60454545454545e+00 2.49154461870879e-02 1.89707475688466e-04
5.85363636363636e+00 2.41449269920386e-02 1.87884540677958e-04
6.10272727272727e+00 2.33982363819860e-02 1.85910228418486e-04
6.35181818181818e+00 2.26746374493266e-02 1.83803077241862e-04
6.60090909090909e+00 2.19734160755891e-02 1.81579782180191e-04
6.85000000000000e+00 2.12938802266727e-02 1.79255409154751e-04
7.09909090909091e+00 2.06353592708097e-02 1.76843578055568e-04
7.34818181818182e+00 1.99972033138467e-02 1.74356619783935e-04
7.59727272727273e+00 1.93787825608302e-02 1.71805712010497e-04
7.84636363636364e+00 1.87794866934428e-02 1.69200997534578e-04
8.09545454545455e+00 1.81987242676806e-02 1.66551687481467e-04
8.34454545454545e+00 1.76359221301588e-02 1.63866151988353e-04
8.59363636363636e+00 1.70905248524651e-02 1.61152000192559e-04
8.84272727272727e+00 1.65619941830142e-02 1.58416151072600e-04
9.09181818181818e+00 1.60498085158453e-02 1.55664896425007e-04
9.34090909090909e+00 1.55534623758500e-02 1.52903957044774e-04
9.59000000000000e+00 1.50724659199200e-02 1.50138532969866e-04
9.83909090909091e+00 1.46063444539940e-02 1.47373348728897e-04
1.00881818181818e+01 1.41546379631277e-02 1.44612693997664e-04
1.03372727272727e+01 1.37169006577217e-02 1.41860459846769e-04
1.05863636363636e+01 1.32927005374167e-02 1.39120172319290e-04
1.08354545454545e+01 1.28816189598183e-02 1.36395022691926e-04
1.10845454545455e+01 1.24832502292033e-02 1.33687894397782e-04
1.13336363636364e+01 1.20972011961295e-02 1.31001388065093e-04
1.15827272727273e+01 1.17230908694583e-02 1.28337844214690e-04
1.18318181818182e+01 1.13605500403429e-02 1.25699363998448e-04
1.20809090909091e+01 1.10092209178563e-02 1.23087828173092e-04
1.23300000000000e+01 1.06687567758879e-02 1.20504914714877e-04
1.25790909090909e+01 1.03388216083626e-02 1.17952114079703e-04
1.28281818181818e+01 1.00190898056469e-02 1.15430744336241e-04
1.30772727272727e+01 9.70924582496317e-03 1.12941965148990e-04
1.33263636363636e+01 9.40898388181094e-03 1.10486789436970e-04
1.35754545454545e+01 9.11800764818794e-03 1.08066095081908e-04
1.38245454545455e+01 8.83602996014451e-03 1.05680635491689e-04
1.40736363636364e+01 8.56277253437708e-03 1.03331049354273e-04
1.43227272727273e+01 8.29796569360080e-03 1.01017869653465e-04
1.45718181818182e+01 8.04134810039984e-03 9.87415320086759e-05
1.48209090909091e+01 7.79266649931377e-03 9.65023823922409e-05
1.50700000000000e+01 7.55167546690008e-03 9.43006844221240e-05
1.53190909090909e+01 7.31813716801929e-03 9.21366255393993e-05
1.55681818181818e+01 7.09182112575764e-03 9.00103234509328e-05
1.58172727272727e+01 6.87250398920010e-03 8.79218321435277e-05
1.60663636363636e+01 6.65996931464060e-03 8.58711466822733e-05
1.63154545454545e+01 6.45400735197405e-03 8.38582082825545e-05
1.65645454545455e+01 6.25441483769418e-03 8.18829088654092e-05
1.68136363636364e+01 6.06099479429076e-03 7.99450952877713e-05
1.70627272727273e+01 5.87355633585775e-03 7.80445732728225e-05
1.73118181818182e+01 5.69191447970556e-03 7.61811110624312e-05
1.75609090909091e+01 5.51588996380188e-03 7.43544428105269e-05
1.78100000000000e+01 5.34530906985823e-03 7.25642718315926e-05
1.80590909090909e+01 5.18000345098391e-03 7.08102732417115e-05
1.83081818181818e+01 5.01980996832633e-03 6.90920968796054e-05
1.85572727272727e+01 4.86457052721404e-03 6.74093700463162e-05
1.88063636363636e+01 4.71413192211109e-03 6.57616995415222e-05
1.90554545454545e+01 4.56834568541875e-03 6.41486739581029e-05
1.93045454545455e+01 4.42706794095299e-03 6.25698657134445e-05
1.95536363636364e+01 4.29015926195211e-03 6.10248329357303e-05
1.98027272727273e+01 4.15748453347924e-03 5.95131212157353e-05
2.00518181818182e+01 4.02891281907627e-03 5.80342652332271e-05
2.03009090909091e+01 3.90431723154278e-03 5.65877902656713e-05
2.05500000000000e+01 3.78357480771131e-03 5.51732136500334e-05
2.07990909090909e+01 3.66656638654020e-03 5.37900458888470e-05
2.10481818181818e+01 3.55317649322079e-03 5.24377919817516e-05
2.12972727272727e+01 3.44329322346443e-03 5.11159526754664e-05
2.15463636363636e+01 3.33680813366338e-03 4.98240252850908e-05
2.17954545454545e+01 3.23361613386805e-03 4.85615047176416e-05
2.20445454545455e+01 3.13361538407384e-03 4.73278843518724e-05
2.22936363636364e+01 3.03670719371479e-03 4.61226568500744e-05
2.25427272727273e+01 2.94279592426736e-03 4.49453149067066e-05
2.27918181818182e+01 2.85178889486421e-03 4.37953519380025e-05
2.30409090909091e+01 2.76359629082757e-03 4.26722627159977e-05
2.32900000000000e+01 2.67813107503130e-03 4.15755439924135e-05
2.35390909090909e+01 2.59530890165717e-03 4.05046949055564e-05
2.37881818181818e+01 2.51504803402063e-03 3.94592175553386e-05
2.40372727272727e+01 2.43726926281152e-03 3.84386175411472e-05
2.42863636363636e+01 2.36189582829647e-03 3.74424042305335e-05
2.45354545454545e+01 2.28885334456483e-03 3.64700911771345e-05
2.47845454545455e+01 2.21806972611732e-03 3.55211964569110e-05
2.50336363636364e+01 2.14947511672459e-03 3.45952429721326e-05
2.52827272727273e+01 2.08300182048704e-03 3.36917587254847e-05
2.55318181818182e+01 2.01858423502541e-03 3.28102770662976e-05
2.57809090909091e+01 1.95615878673786e-03 3.19503369105106e-05
2.60300000000000e+01 1.89566386805934e-03 3.11114829641047e-05
2.62790909090909e+01 1.83703977644133e-03 3.02932658108792e-05
2.65281818181818e+01 1.78022865610708e-03 2.94952421218376e-05
2.67772727272727e+01 1.72517444026146e-03 2.87169748482669e-05
2.70263636363636e+01 1.67182279599539e-03 2.79580332426137e-05
2.72754545454545e+01 1.62012107066477e-03 2.72179929868162e-05
2.75245454545455e+01 1.57001823992770e-03 2.64964362730852e-05
2.77736363636364e+01 1.52146485738837e-03 2.57929518698315e-05
2.80227272727273e+01 1.47441300579902e-03 2.51071351739357e-05
2.82718181818182e+01 1.42881624977016e-03 2.44385882503487e-05
2.85209090909091e+01 1.38462958994364e-03 2.37869198597938e-05
2.87700000000000e+01 1.34180941858281e-03 2.31517454942644e-05
2.90190909090909e+01 1.30031347639526e-03 2.25326873263440e-05
2.92681818181818e+01 1.26010081125998e-03 2.19293742452872e-05
2.95172727272727e+01 1.22113173736839e-03 2.13414418867814e-05
2.97663636363636e+01 1.18336779620997e-03 2.07685325511550e-05
3.00154545454545e+01 1.14677171861764e-03 2.02102951980880e-05
3.02645454545455e+01 1.11130738798685e-03 1.96663854132649e-05
3.05136363636364e+01 1.07693980463207e-03 1.91364653687863e-05
3.07627272727273e+01 1.04363505124587e-03 1.86202037779487e-05
3.10118181818182e+01 1.01136025942593e-03 1.81172758448788e-05
3.12609090909091e+01 9.80083577237171e-04 1.76273632093841e-05
3.15100000000000e+01 9.49774137777209e-04 1.71501539001763e-05
3.17590909090909e+01 9.20402028622754e-04 1.66853422327520e-05
3.20081818181818e+01 8.91938262588812e-04 1.62326287687547e-05
3.22572727272727e+01 8.64354748834800e-04 1.57917202737503e-05
3.25063636363636e+01 8.37624265239591e-04 1.53623296020954e-05
3.27554545454545e+01 8.11720431536049e-04 1.49441756359671e-05
3.30045454545455e+01 7.86617683276385e-04 1.45369832077322e-05
3.32536363636364e+01 7.62291246602575e-04 1.41404830203050e-05
3.35027272727273e+01 7.38717113797235e-04 1.37544115657986e-05
3.37518181818182e+01 7.15872019590367e-04 1.33785110427039e-05
3.40009090909091e+01 6.93733418198897e-04 1.30125292717562e-05
3.42500000000000e+01 6.72279461076283e-04 1.26562196193304e-05
3.44990909090909e+01 6.51488975290894e-04 1.23093408850205e-05
3.47481818181818e+01 6.31341442812657e-04 1.19716572326428e-05
3.49972727272727e+01 6.11816980077306e-04 1.16429381217782e-05
3.52463636363636e+01 5.92896318427026e-04 1.13229581913524e-05
3.54954545454545e+01 5.74560785094244e-04 1.10114971814557e-05
3.57445454545455e+01 5.56792284773509e-04 1.07083398452622e-05
3.59936363636364e+01 5.39573281763217e-04 1.04132758609315e-05
3.62427272727273e+01 5.22886782659756e-04 1.01260997436420e-05
3.64918181818182e+01 5.06716319586694e-04 9.84661075785887e-06
3.67409090909091e+01 4.91045933942656e-04 9.57461282989587e-06
3.69900000000000e+01 4.75860160651809e-04 9.30991446674243e-06
3.72390909090909e+01 4.61144012862514e-04 9.05232865158353e-06
3.74881818181818e+01 4.46882967276233e-04 8.80167276993746e-06
3.77372727272727e+01 4.33062949692271e-04 8.55776853716567e-06
3.79863636363636e+01 4.19670321159699e-04 8.32044189427434e-06
3.82354545454545e+01 4.06691864517099e-04 8.08952293067812e-06
3.84845454545455e+01 3.94114771348571e-04 7.86484580110414e-06
3.87336363636364e+01 3.81926629343100e-04 7.64624864333211e-06
3.89827272727273e+01 3.70115410044926e-04 7.43357349683601e-06
3.92318181818182e+01 3.58669456982649e-04 7.22666622236529e-06
3.94809090909091e+01 3.47577474165482e-04 7.02537642247670e-06
3.97300000000000e+01 3.36828514935252e-04 6.82955736706358e-06
3.99790909090909e+01 3.26411971137526e-04 6.63906590365632e-06
4.02281818181818e+01 3.16317562731142e-04 6.45376238929643e-06
4.04772727272727e+01 3.06535327562297e-04 6.27351062398695e-06
4.07263636363636e+01 2.97055611560414e-04 6.09817776309825e-06
4.09754545454545e+01 2.87869059210553e-04 5.92763424877515e-06
4.12245454545455e+01 2.78966604320469e-04 5.76175373790778e-06
4.14736363636364e+01 2.70339461073188e-04 5.60041303121777e-06
4.17227272727273e+01 2.61979115356333e-04 5.44349200348215e-06
4.19718181818182e+01 2.53877316359544e-04 5.29087353490130e-06
4.22209090909091e+01 2.46026068431763e-04 5.14244344359992e-06
4.24700000000000e+01 2.38417623190347e-04 4.99809042201340e-06
4.27190909090909e+01 2.31044471857216e-04 4.85770596329326e-06
4.29681818181818e+01 2.23899337900571e-04 4.72118430291043e-06
4.32172727272727e+01 2.16975169800362e-04 4.58842236175244e-06
4.34663636363636e+01 2.10265134107357e-04 4.45931967520982e-06
4.37154545454545e+01 2.03762608699221e-04 4.33377833565262e-06
4.39645454545455e+01 1.97461176245156e-04 4.21170293292282e-06
4.42136363636364e+01 1.91354617872638e-04 4.09300049594502e-06
4.44627272727273e+01 1.85436907030043e-04 3.97758043545705e-06
4.47118181818182e+01 1.79702203539046e-04 3.86535448785219e-06
4.49609090909091e+01 1.74144847830953e-04 3.75623666011419e-06
4.52100000000000e+01 1.68759355361288e-04 3.65014317772106e-06
4.54590909090909e+01 1.63540411185808e-04 3.54699242599311e-06
4.57081818181818e+01 1.58482864749854e-04 3.44670490214867e-06
4.59572727272727e+01 1.53581724769811e-04 3.34920316865700e-06
4.62063636363636e+01 1.48832154319324e-04 3.25441179723992e-06
4.64554545454545e+01 1.44229466055738e-04 3.16225732231109e-06
4.67045454545455e+01 1.39769117594173e-04 3.07266819329702e-06
4.69536363636364e+01 1.35446707024641e-04 2.98557472795926e-06
4.72027272727273e+01 1.31257968567827e-04 2.90090906671029e-06
4.74518181818182e+01 1.27198768365189e-04 2.81860512790938e-06
4.77009090909091e+01 1.23265100399258e-04 2.73859856411781e-06
4.79500000000000e+01 1.19453082540111e-04 2.66082672059541e-06
4.81990909090909e+01 1.15758952706562e-04 2.58522858948484e-06
4.84481818181818e+01 1.12179065176504e-04 2.51174477154162e-06
4.86972727272727e+01 1.08709886965283e-04 2.44031743893618e-06
4.89463636363636e+01 1.05347994347078e-04 2.37089029180238e-06
4.91954545454545e+01 1.02090069476031e-04 2.30340852143992e-06
4.94445454545455e+01 9.89328971118727e-05 2.23781877290945e-06
4.96936363636364e+01 9.58733614467993e-05 2.17406910847208e-06
4.99427272727273e+01 9.29084430304996e-05 2.11210897186212e-06
5.01918181818182e+01 9.00352157902582e-05 2.05188915337818e-06
5.04409090909091e+01 8.72508441432203e-05 1.99336175577404e-06
5.06900000000000e+01 8.45525801979593e-05 1.93648016182651e-06
5.09390909090909e+01 8.19377610375398e-05 1.88119899906374e-06
5.11881818181818e+01 7.94038061069781e-05 1.82747410981316e-06
5.14372727272727e+01 7.69482146506510e-05 1.77526252210822e-06
5.16863636363636e+01 7.45685632497107e-05 1.72452241640625e-06
5.19354545454545e+01 7.22625034304161e-05 1.67521309699902e-06
5.21845454545455e+01 7.00277593464288e-05 1.62729496311384e-06
5.24336363636364e+01 6.78621255327814e-05 1.58072948070066e-06
5.26827272727273e+01 6.57634647293134e-05 1.53547915489359e-06
5.29318181818182e+01 6.37297057714102e-05 1.49150750313348e-06
5.31809090909091e+01 6.17588415459741e-05 1.44877902893533e-06
5.34300000000000e+01 5.98489270106081e-05 1.40725919690198e-06
5.36790909090909e+01 5.79980772706663e-05 1.36691440586711e-06
5.39281818181818e+01 5.62044657294563e-05 1.32771196578986e-06
5.41772727272727e+01 5.44663222749340e-05 1.28962007532288e-06
5.44263636363636e+01 5.27819315364123e-05 1.25260779657077e-06
5.46754545454545e+01 5.11496311916649e-05 1.21664503315954e-06
5.49245454545455e+01 4.95678103263835e-05 1.18170250816586e-06
5.51736363636364e+01 4.80349078443672e-05 1.14775174258990e-06
5.54227272727273e+01 4.65494109268833e-05 1.11476503436158e-06
5.56718181818182e+01 4.51098535396671e-05 1.08271543786827e-06
5.59209090909091e+01 4.37148149860953e-05 1.05157674399093e-06
5.61700000000000e+01 4.23629185051029e-05 1.02132346106162e-06
5.64190909090909e+01 4.10528299101771e-05 9.91930794588430e-07
5.66681818181818e+01 3.97832562796546e-05 9.63374629627114e-07
5.69172727272727e+01 3.85529446735759e-05 9.35631513672917e-07
5.71663636363636e+01 3.73606808996041e-05 9.08678637665808e-07
5.74154545454545e+01 3.62052883147407e-05 8.82493819332744e-07
5.76645454545455e+01 3.50856266640987e-05 8.57055486482806e-07
5.79136363636364e+01 3.40005909555861e-05 8.32342660725604e-07
5.81627272727273e+01 3.29491103693932e-05 8.08334941604175e-07
5.84118181818182e+01 3.19301472012012e-05 7.85012491132735e-07
5.86609090909091e+01 3.09426958380738e-05 7.62356018728663e-07
5.89100000000000e+01 2.99857817660193e-05 7.40346766822799e-07
5.91590909090909e+01 2.90584606067037e-05 7.18966495657786e-07
5.94081818181818e+01 2.81598171901723e-05 6.98197469954527e-07
5.96572727272727e+01 2.72889646468353e-05 6.78022445975536e-07
5.99063636363636e+01 2.64450435338664e-05 6.58424657320555e-07
6.01554545454545e+01 2.56272209870208e-05 6.39387802372369e-07
6.04045454545455e+01 2.48346898986822e-05 6.20896031743847e-07
6.06536363636364e+01 2.40666681213295e-05 6.02933936050250e-07
6.09027272727273e+01 2.33223976956380e-05 5.85486533999582e-07
6.11518181818182e+01 2.26011441024501e-05 5.68539260793245e-07
6.14009090909091e+01 2.19021955378795e-05 5.52077956828794e-07
6.16500000000000e+01 2.12248622108330e-05 5.36088856900282e-07
6.18990909090909e+01 2.05684756612149e-05 5.20558578864062e-07
6.21481818181818e+01 1.99323881034219e-05 5.05474113623584e-07
6.23972727272727e+01 1.93159717837748e-05 4.90822815414443e-07
6.26463636363636e+01 1.87186183621046e-05 4.76592391236912e-07
6.28954545454545e+01 1.81397383113826e-05 4.62770891454145e-07
6.31445454545455e+01 1.75787603359174e-05 4.49346700414352e-07
6.33936363636364e+01 1.70351308075435e-05 4.36308527320339e-07
6.36427272727273e+01 1.65083132192474e-05 4.23645397340705e-07
6.38918181818182e+01 1.59977876556900e-05 4.11346642956685e-07
6.41409090909091e+01 1.55030502801022e-05 3.99401895538167e-07
6.43900000000000e+01 1.50236128370498e-05 3.87801077283692e-07
6.46390909090909e+01 1.45590021698686e-05 3.76534392808952e-07
6.48881818181818e+01 1.41087597558733e-05 3.65592321666876e-07
6.51372727272727e+01 1.36724412516270e-05 3.54965611093205e-07
6.53863636363636e+01 1.32496160551745e-05 3.44645268178513e-07
6.56354545454546e+01 1.28398668810823e-05 3.34622552863933e-07
6.58845454545455e+01 1.24427893486202e-05 3.24888970969309e-07
6.61336363636364e+01 1.20579915826784e-05 3.15436267408013e-07
6.63827272727273e+01 1.16850938270274e-05 3.06256419583927e-07
6.66318181818182e+01 1.13237280695367e-05 2.97341630965947e-07
6.68809090909091e+01 1.09735376789843e-05 2.88684324835088e-07
6.71300000000000e+01 1.06341770530982e-05 2.80277138297188e-07
6.73790909090909e+01 1.03053112770021e-05 2.72112916064756e-07
6.76281818181818e+01 9.98661579416004e-06 2.64184704897038e-07
6.78772727272727e+01 9.67777608456731e-06 2.56485748208426e-07
6.81263636363636e+01 9.37848735486455e-06 2.49009480290873e-07
6.83754545454545e+01 9.08845423753750e-06 2.41749521118567e-07
6.86245454545455e+01 8.80739049941939e-06 2.34699671185947e-07
6.88736363636364e+01 8.53501875920769e-06 2.27853906485652e-07
6.91227272727273e+01 8.27107021371746e-06 2.21206373622928e-07
6.93718181818182e+01 8.01528437259971e-06 2.14751385062951e-07
6.96209090909091e+01 7.76740880126390e-06 2.08483414507325e-07
6.98700000000000e+01 7.52719887175076e-06 2.02397092463981e-07
7.01190909090909e+01 7.29441752098304e-06 1.96487201665736e-07
7.03681818181818e+01 7.06883501780904e-06 1.90748672954049e-07
7.06172727272727e+01 6.85022873525815e-06 1.85176581287867e-07
7.08663636363636e+01 6.63838293117955e-06 1.79766141492653e-07
7.11154545454545e+01 6.43308853532666e-06 1.74512704421115e-07
7.13645454545454e+01 6.23414294302608e-06 1.69411753144563e-07
7.16136363636364e+01 6.04134981522724e-06 1.64458899248591e-07
7.18627272727273e+01 5.85451888473605e-06 1.59649879230453e-07
7.21118181818182e+01 5.67346576844038e-06 1.54980550995426e-07
7.23609090909091e+01 5.49801178534267e-06 1.50446890449389e-07
7.26100000000000e+01 5.32798378021998e-06 1.46044988231939e-07
7.28590909090909e+01 5.16321395251518e-06 1.41771046350525e-07
7.31081818181818e+01 5.00353969141640e-06 1.37621375143475e-07
7.33572727272727e+01 4.84880341467985e-06 1.33592390335573e-07
7.36063636363636e+01 4.69885241334976e-06 1.29680609918754e-07
7.38554545454545e+01 4.55353870105016e-06 1.25882651323975e-07
7.41045454545455e+01 4.41271886793744e-06 1.22195228619525e-07
7.43536363636364e+01 4.27625393916929e-06 1.18615149786785e-07
7.46027272727273e+01 4.14400923775088e-06 1.15139314071410e-07
7.48518181818182e+01 4.01585425162227e-06 1.11764709407935e-07
7.51009090909091e+01 3.89166250485627e-06 1.08488409915709e-07
7.53500000000000e+01 3.77131143283960e-06 1.05307573496836e-07
7.55990909090909e+01 3.65468226116247e-06 1.02219439369522e-07
7.58481818181818e+01 3.54165988886521e-06 9.92213258340108e-08
7.60972727272727e+01 3.43213277437003e-06 9.63106281067733e-08
7.63463636363636e+01 3.32599282556286e-06 9.34848160369774e-08
7.65954545454545e+01 3.22313529311746e-06 9.07414320289710e-08
7.68445454545455e+01 3.12345866711846e-06 8.80780889866960e-08
7.70936363636364e+01 3.02686457688138e-06 8.54924683153686e-08
7.73427272727273e+01 2.93325769387088e-06 8.29823179789178e-08
7.75918181818182e+01 2.84254563762111e-06 8.05454506116614e-08
7.78409090909091e+01 2.75463888456564e-06 7.81797416826803e-08
7.80900000000000e+01 2.66945067968676e-06 7.58831277341219e-08
7.83390909090909e+01 2.58689695079360e-06 7.36536045774844e-08
7.85881818181818e+01 2.50689622586891e-06 7.14892256544324e-08
7.88372727272727e+01 2.42936955233988e-06 6.93881004477913e-08
7.90863636363636e+01 2.35424041927064e-06 6.73483928133251e-08
7.93354545454545e+01 2.28143468185374e-06 6.53683194572990e-08
7.95845454545454e+01 2.21088048823678e-06 6.34461484317579e-08
7.98336363636364e+01 2.14250820861189e-06 6.15801976720099e-08
8.00827272727273e+01 2.07625036649833e-06 5.97688335751934e-08
8.03318181818182e+01 2.01204157214993e-06 5.80104696187885e-08
8.05809090909091e+01 1.94981845802217e-06 5.63035650179408e-08
8.08300000000000e+01 1.88951961623478e-06 5.46466234362911e-08
8.10790909090909e+01 1.83108553789764e-06 5.30381916695803e-08
8.13281818181818e+01 1.77445855459870e-06 5.14768584456718e-08
8.15772727272727e+01 1.71958278126912e-06 4.99612532613618e-08
8.18263636363636e+01 1.66640406110605e-06 4.84900451659063e-08
8.20754545454545e+01 1.61486991212543e-06 4.70619416477338e-08
8.23245454545455e+01 1.56492947536757e-06 4.56756875351926e-08
8.25736363636364e+01 1.51653346470452e-06 4.43300639283178e-08
8.28227272727273e+01 1.46963411819972e-06 4.30238871607781e-08
8.30718181818182e+01 1.42418515097181e-06 4.17560077911675e-08
8.33209090909091e+01 1.38014170951618e-06 4.05253096227995e-08
8.35700000000000e+01 1.33746032743910e-06 3.93307087621849e-08
8.38190909090909e+01 1.29609888251231e-06 3.81711526599505e-08
8.40681818181818e+01 1.25601655525140e-06 3.70456192341470e-08
8.43172727272727e+01 1.21717378847907e-06 3.59531160204742e-08
8.45663636363636e+01 1.17953224833809e-06 3.48926792866717e-08
8.48154545454545e+01 1.14305478645964e-06 3.38633732199682e-08
8.50645454545455e+01 1.10770540330170e-06 3.28642891254846e-08
8.53136363636364e+01 1.07344921262109e-06 3.18945446473748e-08
8.55627272727273e+01 1.04025240704438e-06 3.09532830120877e-08
8.58118181818182e+01 1.00808222470341e-06 3.00396722931330e-08
8.60609090909091e+01 9.76906916902669e-07 2.91529046967268e-08
8.63100000000000e+01 9.46695716786565e-07 2.82921958753799e-08
8.65590909090909e+01 9.17418808942427e-07 2.74567842302224e-08
8.68081818181818e+01 8.89047300077629e-07 2.66459302716451e-08
8.70572727272727e+01 8.61553190400687e-07 2.58589159995964e-08
8.73063636363636e+01 8.34909346023816e-07 2.50950442597980e-08
8.75554545454545e+01 8.09089472184547e-07 2.43536381516918e-08
8.78045454545454e+01 7.84068087295469e-07 2.36340404448410e-08
8.80536363636364e+01 7.59820497796491e-07 2.29356130119630e-08
8.83027272727273e+01 7.36322773784824e-07 2.22577362781408e-08
8.85518181818182e+01 7.13551725398600e-07 2.15998086857564e-08
8.88009090909091e+01 6.91484879930833e-07 2.09612461746913e-08
8.90500000000000e+01 6.70100459651144e-07 2.03414816826928e-08
8.92990909090909e+01 6.49377360290559e-07 1.97399646385586e-08
8.95481818181818e+01 6.29295130283648e-07 1.91561604966105e-08
8.97972727272727e+01 6.09833950513450e-07 1.85895502854953e-08
9.00463636363636e+01 5.90974614776379e-07 1.80396301408114e-08
9.02954545454545e+01 5.72698510827659e-07 1.75059108743758e-08
9.05445454545455e+01 5.54987602012927e-07 1.69879175499515e-08
9.07936363636364e+01 5.37824409467887e-07 1.64851890711204e-08
9.10427272727273e+01 5.21191994868465e-07 1.59972777809628e-08
9.12918181818182e+01 5.05073943714396e-07 1.55237490732128e-08
9.15409090909091e+01 4.89454349129785e-07 1.50641810145550e-08
9.17900000000000e+01 4.74317796164641e-07 1.46181639814603e-08
9.20390909090909e+01 4.59649346566228e-07 1.41853002924823e-08
9.22881818181818e+01 4.45434524084537e-07 1.37652038697911e-08
9.25372727272727e+01 4.31659300136629e-07 1.33574999111307e-08
9.27863636363636e+01 4.18310079978579e-07 1.29618245509263e-08
9.30354545454545e+01 4.05373689288843e-07 1.25778245473444e-08
9.32845454545455e+01 3.92837361166546e-07 1.22051569742545e-08
9.35336363636364e+01 3.80688723531846e-07 1.18434889220425e-08
9.37827272727273e+01 3.68915786915958e-07 1.14924972070283e-08
9.40318181818182e+01 3.57506932628764e-07 1.11518680892451e-08
9.42809090909091e+01 3.46450901292351e-07 1.08212969983337e-08
9.45300000000000e+01 3.35736781729145e-07 1.05004882699140e-08
9.47790909090909e+01 3.25354000182933e-07 1.01891548791134e-08
9.50281818181818e+01 3.15292309916633e-07 9.88701819480247e-09
9.52772727272727e+01 3.05541781066080e-07 9.59380774140502e-09
9.55263636363636e+01 2.96092790851760e-07 9.30926095343535e-09
9.57754545454545e+01 2.86936014082101e-07 9.03312294842138e-09
9.60245454545454e+01 2.78062413950460e-07 8.76514630352335e-09
9.62736363636364e+01 2.69463233116713e-07 8.50509083859390e-09
9.65227272727273e+01 2.61129985064654e-07 8.25272340549876e-09
9.67718181818182e+01 2.53054445726669e-07 8.00781768351956e-09
9.70209090909091e+01 2.45228645367414e-07 7.77015398066087e-09
9.72700000000000e+01 2.37644860718497e-07 7.53951904250041e-09
9.75190909090909e+01 2.30295607349000e-07 7.31570585928126e-09
9.77681818181818e+01 2.23173632301797e-07 7.09851348767124e-09
9.80172727272727e+01 2.16271906912429e-07 6.88774687802063e-09
9.82663636363636e+01 2.09583619880433e-07 6.68321669674803e-09
9.85154545454545e+01 2.03102170547281e-07 6.48473916175541e-09
9.87645454545455e+01 1.96821162382202e-07 6.29213588061394e-09
9.90136363636364e+01 1.90734396669455e-07 6.10523369343041e-09
9.92627272727273e+01 1.84835866390833e-07 5.92386452026277e-09
9.95118181818182e+01 1.79119750297343e-07 5.74786521295395e-09
9.97609090909091e+01 1.73580407164225e-07 5.57707741125519e-09
1.00010000000000e+02 1.68212370223643e-07 5.41134739808792e-09
1.00259090909091e+02 1.63010341789888e-07 5.25052598050672e-09
1.00508181818182e+02 1.57969187963798e-07 5.09446834503992e-09
1.00757272727273e+02 1.53083933640203e-07 4.94303391877271e-09
1.01006363636364e+02 1.48349757570848e-07 4.79608626462944e-09
1.01255454545455e+02 1.43761987606309e-07 4.65349295363403e-09
1.01504545454545e+02 1.39316096085061e-07 4.51512544781359e-09
1.01753636363636e+02 1.35007695365124e-07 4.38085898648982e-09
1.02002727272727e+02 1.30832533493935e-07 4.25057247587802e-09
1.02251818181818e+02 1.26786490012093e-07 4.12414838189907e-09
1.02500909090909e+02 1.22865571886882e-07 4.00147262609279e-09
1.02750000000000e+02 1.19065909571558e-07 3.88243447575969e-09
1.02999090909091e+02 1.15383753221631e-07 3.76692647278732e-09
1.03248181818182e+02 1.11815468886479e-07 3.65484432022577e-09
1.03497272727273e+02 1.08357535033037e-07 3.54608677045392e-09
1.03746363636364e+02 1.05006539032912e-07 3.44055556469256e-09
1.03995454545455e+02 1.01759173794472e-07 3.33815533581380e-09
1.04244545454545e+02 9.86122344990799e-08 3.23879352367991e-09
1.04493636363636e+02 9.55626154382557e-08 3.14238029293839e-09
1.04742727272727e+02 9.26073069486808e-08 3.04882845321421e-09
1.04991818181818e+02 8.97433924419554e-08 2.95805338163049e-09
1.05240909090909e+02 8.69680455262240e-08 2.86997294757749e-09
1.05490000000000e+02 8.42785272168143e-08 2.78450743352799e-09
1.05739090909091e+02 8.16721832573605e-08 2.70157948295354e-09
1.05988181818182e+02 7.91464414260897e-08 2.62111401879927e-09
1.06237272727273e+02 7.66988090731561e-08 2.54303816314112e-09
1.06486363636364e+02 7.43268706348053e-08 2.46728119278234e-09
1.06735454545455e+02 7.20282852494595e-08 2.39377446927697e-09
1.06984545454545e+02 6.98007844475262e-08 2.32245137777100e-09
1.07233636363636e+02 6.76421699126433e-08 2.25324726762258e-09
1.07482727272727e+02 6.55503113121791e-08 2.18609939475783e-09
1.07731818181818e+02 6.35231441948036e-08 2.12094686571226e-09
1.07980909090909e+02 6.15586679530861e-08 2.05773058330018e-09
1.08230000000000e+02 5.96549438490996e-08 1.99639318957627e-09
1.08479090909091e+02 5.78100931177951e-08 1.93687902778879e-09
1.08728181818182e+02 5.60222950616376e-08 1.87913408381049e-09
1.08977272727273e+02 5.42897853060956e-08 1.82310592844550e-09
1.09226363636364e+02 5.26108540405537e-08 1.76874368489946e-09
1.09475454545455e+02 5.09838443309040e-08 1.71599797842589e-09
1.09724545454545e+02 4.94071504843212e-08 1.66482089217982e-09
1.09973636363636e+02 4.78792164646033e-08 1.61516592435862e-09
1.10222727272727e+02 4.63985343565313e-08 1.56698794659837e-09
1.10471818181818e+02 4.49636428777067e-08 1.52024316358927e-09
1.10720909090909e+02 4.35731259364139e-08 1.47488907386865e-09
1.10970000000000e+02 4.22256112340828e-08 1.43088442875971e-09
1.11219090909091e+02 4.09197689225066e-08 1.38818920462309e-09
1.11468181818182e+02 3.96543102560605e-08 1.34676456079859e-09
1.11717272727273e+02 3.84279863559693e-08 1.30657279819421e-09
1.11966363636364e+02 3.72395869654824e-08 1.26757733549878e-09
1.12215454545455e+02 3.60879392554741e-08 1.22974267296812e-09
1.12464545454545e+02 3.49719066669807e-08 1.19303436058174e-09
1.12713636363636e+02 3.38903877895304e-08 1.15741896713025e-09
1.12962727272727e+02 3.28423152741689e-08 1.12286405021002e-09
1.13211818181818e+02 3.18266547800920e-08 1.08933812709883e-09
1.13460909090909e+02 3.08424039538567e-08 1.05681064648269e-09
1.13710000000000e+02 2.98885914401605e-08 1.02525195891269e-09
1.13959090909091e+02 2.89642759311826e-08 9.94633296596962e-10
1.14208181818182e+02 2.80685452131847e-08 9.64926743211575e-10
1.14457272727273e+02 2.72005152912059e-08 9.36105204188314e-10
1.14706363636364e+02 2.63593295081468e-08 9.08142389349387e-10
1.14955454545455e+02 2.55441576993368e-08 8.81012786875765e-10
1.15204545454545e+02 2.47541953732461e-08 8.54691640353805e-10
1.15453636363636e+02 2.39886629175327e-08 8.29154926494059e-10
1.15702727272727e+02 2.32468048296486e-08 8.04379333505241e-10
1.15951818181818e+02 2.25278889712336e-08 7.80342240104343e-10
1.16200909090909e+02 2.18312058455697e-08 7.57021695141434e-10
1.16450000000000e+02 2.11560678973799e-08 7.34396396354854e-10
1.16699090909091e+02 2.05018088397898e-08 7.12445675674042e-10
1.16948181818182e+02 1.98677829798893e-08 6.91149477558636e-10
1.17197272727273e+02 1.92533645987484e-08 6.70488337688063e-10
1.17446363636364e+02 1.86579473280196e-08 6.50443370303787e-10
1.17695454545455e+02 1.80809435515147e-08 6.30996249505723e-10
1.17944545454545e+02 1.75217838252874e-08 6.12129192717266e-10
1.18193636363636e+02 1.69799163156487e-08 5.93824944635466e-10
1.18442727272727e+02 1.64548062545664e-08 5.76066761653969e-10
1.18691818181818e+02 1.59459354119019e-08 5.58838396744902e-10
1.18940909090909e+02 1.54528015839700e-08 5.42124084784375e-10
1.19190000000000e+02 1.49749180979152e-08 5.25908527282638e-10
1.19439090909091e+02 1.45118133352242e-08 5.10176881707868e-10
1.19688181818182e+02 1.40630302546130e-08 4.94914745950189e-10
1.19937272727273e+02 1.36281259529015e-08 4.80108143042697e-10
1.20186363636364e+02 1.32066712238494e-08 4.65743511947804e-10
1.20435454545455e+02 1.27982501345741e-08 4.51807694124840e-10
1.20684545454545e+02 1.24024596150667e-08 4.38287921625667e-10
1.20933636363636e+02 1.20189090604026e-08 4.25171805540252e-10
1.21182727272727e+02 1.16472199452555e-08 4.12447324783117e-10
1.21431818181818e+02 1.12870254503314e-08 4.00102815210663e-10
1.21680909090909e+02 1.09379701003546e-08 3.88126959058437e-10
1.21930000000000e+02 1.05997094132504e-08 3.76508773970881e-10
1.22179090909091e+02 1.02719095628118e-08 3.65237605254726e-10
1.22428181818182e+02 9.95424704116976e-09 3.54303114739923e-10
1.22677272727273e+02 9.64640834777719e-09 3.43695269828709e-10
1.22926363636364e+02 9.34808967720409e-09 3.33404336797449e-10
1.23175454545455e+02 9.05899661931263e-09 3.23420871153886e-10
1.23424545454545e+02 8.77884386870439e-09 3.13735709071268e-10
1.23673636363636e+02 8.50735494315238e-09 3.04339959074703e-10
1.23922727272727e+02 8.24426191074259e-09 2.95224993973161e-10
1.24171818181818e+02 7.98930512545182e-09 2.86382443029926e-10
1.24420909090909e+02 7.74223297090351e-09 2.77804184363571e-10
1.24670000000000e+02 7.50280161204812e-09 2.69482337070053e-10
1.24919090909091e+02 7.27077475634751e-09 2.61409255607616e-10
1.25168181818182e+02 7.04592341498625e-09 2.53577521812902e-10
1.25417272727273e+02 6.82802568259665e-09 2.45979937054583e-10
1.25666363636364e+02 6.61686651631430e-09 2.38609517369588e-10
1.25915454545455e+02 6.41223752355273e-09 2.31459486543545e-10
1.26164545454545e+02 6.21393675634115e-09 2.24523269950336e-10
1.26413636363636e+02 6.02176851202201e-09 2.17794488573334e-10
1.26662727272727e+02 5.83554314011328e-09 2.11266953203542e-10
1.26911818181818e+02 5.65507685514231e-09 2.04934658809434e-10
1.27160909090909e+02 5.48019155526831e-09 1.98791779072851e-10
1.27410000000000e+02 5.31071464651401e-09 1.92832660734086e-10
1.27659090909091e+02 5.14647887369690e-09 1.87051819525652e-10
1.27908181818182e+02 4.98732215149223e-09 1.81443934451692e-10
1.28157272727273e+02 4.83308740842865e-09 1.76003842167726e-10
1.28406363636364e+02 4.68362243052653e-09 1.70726533452684e-10
1.28655454545455e+02 4.53877971107835e-09 1.65607148245340e-10
1.28904545454545e+02 4.39841630507457e-09 1.60640971215949e-10
1.29153636363636e+02 4.26239368813120e-09 1.55823427468684e-10
1.29402727272727e+02 4.13057761978099e-09 1.51150078371398e-10
1.29651818181818e+02 4.00283801099142e-09 1.46616617508960e-10
1.29900909090909e+02 3.87904879578013e-09 1.42218866756124e-10
1.30150000000000e+02 3.75908780680061e-09 1.37952772219880e-10
1.30399090909091e+02 3.64283665565135e-09 1.33814401297463e-10
1.30648181818182e+02 3.53018061335463e-09 1.29799938578691e-10
1.30897272727273e+02 3.42100849987291e-09 1.25905681821400e-10
1.31146363636364e+02 3.31521257345131e-09 1.22128039394945e-10
1.31395454545455e+02 3.21268842428747e-09 1.18463526720966e-10
1.31644545454545e+02 3.11333487148973e-09 1.14908763091573e-10
1.31893636363636e+02 3.01705386322173e-09 1.11460468581629e-10
1.32142727272727e+02 2.92375037993564e-09 1.08115461052634e-10
1.32391818181818e+02 2.83333234059732e-09 1.04870653245497e-10
1.32640909090909e+02 2.74571051181178e-09 1.01723049959310e-10
1.32890000000000e+02 2.66079841975887e-09 9.86697451408754e-11
1.33139090909091e+02 2.57851226545960e-09 9.57079197578696e-11
1.33388181818182e+02 2.49877084021455e-09 9.28348388645206e-11
1.33637272727273e+02 2.42149544736010e-09 9.00478487204743e-11
1.33886363636364e+02 2.34660982395525e-09 8.73443749399604e-11
1.34135454545455e+02 2.27404006551789e-09 8.47219199404255e-11
1.34384545454545e+02 2.20371455308862e-09 8.21780606573453e-11
1.34633636363636e+02 2.13556388255000e-09 7.97104463267091e-11
1.34882727272727e+02 2.06952079613204e-09 7.73167963333681e-11
1.35131818181818e+02 2.00552011603549e-09 7.49948981232987e-11
1.35380909090909e+02 1.94349868010802e-09 7.27426051776976e-11
1.35630000000000e+02 1.88339527950957e-09 7.05578349260806e-11
1.35879090909091e+02 1.82515059872659e-09 6.84385672099167e-11
1.36128181818182e+02 1.76870715574333e-09 6.63828421819439e-11
1.36377272727273e+02 1.71400924663122e-09 6.43887582441372e-11
1.36626363636364e+02 1.66100289012577e-09 6.24544707089027e-11
1.36875454545455e+02 1.60963577435251e-09 6.05781899707550e-11
1.37124545454545e+02 1.55985720520049e-09 5.87581798657584e-11
1.37373636363636e+02 1.51161805629234e-09 5.69927560796117e-11
1.37622727272727e+02 1.46487072050165e-09 5.52802846030659e-11
1.37871818181818e+02 1.41956906296956e-09 5.36191802332770e-11
1.38120909090909e+02 1.37566837557430e-09 5.20079051195953e-11
1.38370000000000e+02 1.33312533280889e-09 5.04449672676847e-11
1.38619090909091e+02 1.29189794931539e-09 4.89289194304900e-11
1.38868181818182e+02 1.25194553755439e-09 4.74583576047419e-11
1.39117272727273e+02 1.21322866856523e-09 4.60319195555236e-11
1.39366363636364e+02 1.17570913274205e-09 4.46482838486124e-11
1.39615454545455e+02 1.13934990212479e-09 4.33061685406897e-11
1.39864545454545e+02 1.10411509385639e-09 4.20043300020184e-11
1.40113636363636e+02 1.06996993477001e-09 4.07415617740724e-11
1.40362727272727e+02 1.03688072707158e-09 3.95166934611665e-11
1.40611818181818e+02 1.00481481508342e-09 3.83285896550845e-11
1.40860909090909e+02 9.73740553016452e-10 3.71761488916279e-11
1.41110000000000e+02 9.43627273739027e-10 3.60583025787114e-11
1.41359090909091e+02 9.14445258714364e-10 3.49740141963366e-11
1.41608181818182e+02 8.86165708049992e-10 3.39222782207814e-11
1.41857272727273e+02 8.58760712710056e-10 3.29021190691436e-11
1.42106363636364e+02 8.32203226755684e-10 3.19125904004570e-11
1.42355454545455e+02 8.06467040653395e-10 3.09527741776403e-11
1.42604545454545e+02 7.81526755408968e-10 3.00217798229184e-11
1.42853636363636e+02 7.57357757501182e-10 2.91187433983448e-11
1.43102727272727e+02 7.33936194590864e-10 2.82428268107381e-11
1.43351818181818e+02 7.11238951981019e-10 2.73932170403119e-11
1.43600909090909e+02 6.89243629804979e-10 2.65691253922288e-11
1.43850000000000e+02 6.67928520920019e-10 2.57697867287307e-11
1.44099090909091e+02 6.47272589625426e-10 2.49944588923824e-11
1.44348181818182e+02 6.27255450470940e-10 2.42424219364717e-11
1.44597272727273e+02 6.07857348579201e-10 2.35129773701525e-11
1.44846363636364e+02 5.89059139999546e-10 2.28054476540311e-11
1.45095454545455e+02 5.70842272814876e-10 2.21191755285355e-11
1.45344545454545e+02 5.53188768832810e-10 2.14535234082450e-11
1.45593636363636e+02 5.36081205843010e-10 2.08078727942413e-11
1.45842727272727e+02 5.19502700423297e-10 2.01816237039830e-11
1.46091818181818e+02 5.03436891277400e-10 1.95741941181868e-11
1.46340909090909e+02 4.87867923088030e-10 1.89850194441650e-11
1.46590000000000e+02 4.72780430869294e-10 1.84135519659093e-11
1.46839090909091e+02 4.58159524900829e-10 1.78592604285398e-11
1.47088181818182e+02 4.43990775733460e-10 1.73216294878811e-11
1.47337272727273e+02 4.30260200255001e-10 1.68001591707114e-11
1.47586363636364e+02 4.16954247786042e-10 1.62943645109427e-11
1.47835454545455e+02 4.04059786706812e-10 1.58037750688656e-11
1.48084545454545e+02 3.91564091497612e-10 1.53279344969519e-11
1.48333636363636e+02 3.79454830180002e-10 1.48664001185868e-11
1.48582727272727e+02 3.67720052146438e-10 1.44187425193769e-11
1.48831818181818e+02 3.56348176366215e-10 1.39845451506583e-11
1.49080909090909e+02 3.45327979956177e-10 1.35634039448124e-11
1.49330000000000e+02 3.34648587104869e-10 1.31549269215480e-11
1.49579090909091e+02 3.24299458407187e-10 1.27587338886631e-11
1.49828181818182e+02 3.14270380254805e-10 1.23744560484618e-11
1.50077272727273e+02 3.04551454969144e-10 1.20017356118924e-11
1.50326363636364e+02 2.95133090960901e-10 1.16402255362944e-11
1.50575454545455e+02 2.86005993264123e-10 1.12895891813594e-11
1.50824545454545e+02 2.77161154363027e-10 1.09494999979562e-11
1.51073636363636e+02 2.68589845302487e-10 1.06196412262312e-11
1.51322727272727e+02 2.60283607073473e-10 1.02997056027289e-11
1.51571818181818e+02 2.52234242264853e-10 9.98939507626302e-12
1.51820909090909e+02 2.44433806973391e-10 9.68842053225751e-12
1.52070000000000e+02 2.36874602963916e-10 9.39650151093100e-12
1.52319090909091e+02 2.29549170119195e-10 9.11336599192793e-12
1.52568181818182e+02 2.22450278932804e-10 8.83875011294498e-12
1.52817272727273e+02 2.15570923522223e-10 8.57239789393659e-12
1.53066363636364e+02 2.08904314664373e-10 8.31406104818312e-12
1.53315454545455e+02 2.02443873095342e-10 8.06349873614718e-12
1.53564545454545e+02 1.96183223017325e-10 7.82047734253125e-12
1.53813636363636e+02 1.90116185806353e-10 7.58477025998722e-12
1.54062727272727e+02 1.84236773914636e-10 7.35615767929298e-12
1.54311818181818e+02 1.78539184961457e-10 7.13442638580352e-12
1.54560909090909e+02 1.73017796006814e-10 6.91936956197476e-12
1.54810000000000e+02 1.67667158002148e-10 6.71078658569559e-12
1.55059090909091e+02 1.62481990445538e-10 6.50848287535873e-12
1.55308181818182e+02 1.57457176069734e-10 6.31226968874509e-12
1.55557272727273e+02 1.52587755894763e-10 6.12196392593767e-12
1.55806363636364e+02 1.47868924298889e-10 5.93738799328559e-12
1.56055454545455e+02 1.43296024275962e-10 5.75836962733981e-12
1.56304545454545e+02 1.38864542839425e-10 5.58474173517068e-12
1.56553636363636e+02 1.34570106568448e-10 5.41634223945416e-12
1.56802727272727e+02 1.30408477291823e-10 5.25301392819343e-12
1.57051818181818e+02 1.26375547905313e-10 5.09460430893769e-12
1.57300909090909e+02 1.22467338318359e-10 4.94096546735449e-12
1.57550000000000e+02 1.18679991526139e-10 4.79195392294961e-12
1.57799090909091e+02 1.15009769825936e-10 4.64743051766735e-12
1.58048181818182e+02 1.11453051058413e-10 4.50726027216825e-12
1.58297272727273e+02 1.08006325104419e-10 4.37131224501506e-12
1.58546363636364e+02 1.04666190396504e-10 4.23945943477253e-12
1.58795454545455e+02 1.01429350561914e-10 4.11157865409808e-12
1.59044545454545e+02 9.82926111694135e-11 3.98755041540036e-12
1.59293636363636e+02 9.52528765766964e-11 3.86725881991495e-12
1.59542727272727e+02 9.23071468753161e-11 3.75059145010182e-12
1.59791818181818e+02 8.94525149300753e-11 3.63743926526546e-12
1.60040909090909e+02 8.66861635099800e-11 3.52769650029436e-12
1.60290000000000e+02 8.40053625079199e-11 3.42126056246144e-12
1.60539090909091e+02 8.14074662622251e-11 3.31803195135911e-12
1.60788181818182e+02 7.88899108969659e-11 3.21791415621043e-12
1.61037272727273e+02 7.64502118414223e-11 3.12081355527779e-12
1.61286363636364e+02 7.40859613611192e-11 3.02663934544206e-12
1.61535454545455e+02 7.17948261816370e-11 2.93530345217930e-12
1.61784545454545e+02 6.95745451859086e-11 2.84672044770698e-12
1.62033636363636e+02 6.74229271827238e-11 2.76080747157864e-12
1.62282727272727e+02 6.53378487442531e-11 2.67748415365787e-12
1.62531818181818e+02 6.33172521104377e-11 2.59667253940084e-12
1.62780909090909e+02 6.13591431581901e-11 2.51829701737363e-12
1.63030000000000e+02 5.94615894333981e-11 2.44228424545240e-12
1.63279090909091e+02 5.76227182548504e-11 2.36856309330313e-12
1.63528181818182e+02 5.58407148321985e-11 2.29706456902400e-12
1.63777272727273e+02 5.41138205095683e-11 2.22772174729971e-12
1.64026363636364e+02 5.24403310181523e-11 2.16046971876979e-12
1.64275454545455e+02 5.08185947942699e-11 2.09524552567623e-12
1.64524545454545e+02 4.92470113494423e-11 2.03198810328134e-12
1.64773636363636e+02 4.77240296908717e-11 1.97063822303915e-12
1.65022727272727e+02 4.62481467907735e-11 1.91113843747079e-12
1.65271818181818e+02 4.48179061030390e-11 1.85343302669325e-12
1.65520909090909e+02 4.34318961257727e-11 1.79746794654852e-12
1.65770000000000e+02 4.20887490082841e-11 1.74319077583888e-12
1.66019090909091e+02 4.07871392088583e-11 1.69055067501977e-12
1.66268181818182e+02 3.95257821629876e-11 1.63949833380426e-12
1.66517272727273e+02 3.83034330397408e-11 1.58998591985678e-12
1.66766363636364e+02 3.71188855050316e-11 1.54196704240535e-12
1.67015454545455e+02 3.59709705310900e-11 1.49539670624875e-12
1.67264545454545e+02 3.48585552427512e-11 1.45023126983962e-12
1.67513636363636e+02 3.37805417994215e-11 1.40642840462309e-12
1.67762727272727e+02 3.27358663116249e-11 1.36394705559554e-12
1.68011818181818e+02 3.17234977910505e-11 1.32274740304695e-12
1.68260909090909e+02 3.07424371330728e-11 1.28279082544919e-12
1.68510000000000e+02 2.97917161307367e-11 1.24403986173846e-12
1.68759090909091e+02 2.88703965245984e-11 1.20645818166231e-12
1.69008181818182e+02 2.79775690603290e-11 1.17001054836240e-12
1.69257272727273e+02 2.71123526081576e-11 1.13466278174158e-12
1.69506363636364e+02 2.62738932875690e-11 1.10038173232357e-12
1.69755454545455e+02 2.54613636246104e-11 1.06713524838789e-12
1.70004545454545e+02 2.46739617352593e-11 1.03489214598407e-12
1.70253636363636e+02 2.39109105340449e-11 1.00362217984470e-12
1.70502727272727e+02 2.31714569671452e-11 9.73296015171858e-13
1.70751818181818e+02 2.24548712691993e-11 9.43885200270661e-13
1.71000909090909e+02 2.17604462431030e-11 9.15362140003149e-13
1.71250000000000e+02 2.10874965620777e-11 8.87700068831874e-13
1.71499090909091e+02 2.04353580970568e-11 8.60873029540743e-13
1.71748181818182e+02 1.98033872498154e-11 8.34855846518397e-13
1.71997272727273e+02 1.91909603294941e-11 8.09624099606152e-13
1.72246363636364e+02 1.85974729330983e-11 7.85154105326519e-13
1.72495454545455e+02 1.80223393490136e-11 7.61422893403008e-13
1.72744545454545e+02 1.74649919789685e-11 7.38408185314153e-13
1.72993636363636e+02 1.69248807778719e-11 7.16088373490733e-13
1.73242727272727e+02 1.64014727109761e-11 6.94442501138050e-13
1.73491818181818e+02 1.58942512278252e-11 6.73450242664438e-13
1.73740909090909e+02 1.54027157524721e-11 6.53091884696807e-13
1.73990000000000e+02 1.49263811894615e-11 6.33348306818668e-13
1.74239090909091e+02 1.44647774476918e-11 6.14200966305254e-13
1.74488181818182e+02 1.40174489685109e-11 5.95631879050305e-13
1.74737272727273e+02 1.35839542842702e-11 5.77623600898916e-13
1.74986363636364e+02 1.31638655798674e-11 5.60159214172703e-13
1.75235454545455e+02 1.27567682705364e-11 5.43222310897406e-13
1.75484545454545e+02 1.23622605926945e-11 5.26796977467799e-13
1.75733636363636e+02 1.19799532074420e-11 5.10867779772856e-13
1.75982727272727e+02 1.16094688163255e-11 4.95419748768060e-13
1.76231818181818e+02 1.12504417889825e-11 4.80438366481469e-13
1.76480909090909e+02 1.09025178023010e-11 4.65909552439765e-13
1.76730000000000e+02 1.05653534907390e-11 4.51819649906873e-13
1.76979090909091e+02 1.02386161092710e-11 4.38155414937077e-13
1.77228181818182e+02 9.92198319944675e-12 4.24904002760454e-13
1.77477272727273e+02 9.61514227683312e-12 4.12052954460290e-13
1.77726363636364e+02 9.31779052069066e-12 3.99590187303780e-13
1.77975454545455e+02 9.02963447512044e-12 3.87503982763136e-13
1.78224545454545e+02 8.75038975945301e-12 3.75782975552332e-13
1.78473636363636e+02 8.47978078759331e-12 3.64416142993120e-13
1.78722727272727e+02 8.21754049604594e-12 3.53392794700837e-13
1.78971818181818e+02 7.96341008035036e-12 3.42702562580487e-13
1.79220909090909e+02 7.71713873966728e-12 3.32335391123269e-13
1.79470000000000e+02 7.47848342926381e-12 3.22281527576676e-13
1.79719090909091e+02 7.24720862191684e-12 3.12531514096576e-13
1.79968181818182e+02 7.02308607159939e-12 3.03076178030456e-13
1.80217272727273e+02 6.80589459218084e-12 2.93906622410515e-13
1.80466363636364e+02 6.59541983779137e-12 2.85014219017456e-13
1.80715454545455e+02 6.39145409128447e-12 2.76390599826507e-13
1.80964545454545e+02 6.19379605924122e-12 2.68027649171172e-13
1.81213636363636e+02 6.00225067331410e-12 2.59917496142438e-13
1.81462727272727e+02 5.81662889771474e-12 2.52052507216737e-13
1.81711818181818e+02 5.63674754265467e-12 2.44425279105752e-13
1.81960909090909e+02 5.46242908355571e-12 2.37028631821094e-13
1.82210000000000e+02 5.29350148585124e-12 2.29855601653852e-13
1.82459090909091e+02 5.12979803608680e-12 2.22899435550035e-13
1.82708181818182e+02 4.97115717469107e-12 2.16153584176640e-13
1.82957272727273e+02 4.81742233929108e-12 2.09611695138470e-13
1.83206363636364e+02 4.66844180926164e-12 2.03267608004101e-13
1.83455454545455e+02 4.52406855599260e-12 1.97115348198527e-13
1.83704545454545e+02 4.38416009778657e-12 1.91149121403040e-13
1.83953636363636e+02 4.24857835924391e-12 1.85363308123482e-13
1.84202727272727e+02 4.11718953499661e-12 1.79752458422057e-13
1.84451818181818e+02 3.98986395765593e-12 1.74311286807752e-13
1.84700909090909e+02 3.86647596984387e-12 1.69034667280392e-13
1.84950000000000e+02 3.74690380018215e-12 1.63917628317472e-13
1.85199090909091e+02 3.63102944373076e-12 1.58955348844215e-13
1.85448181818182e+02 3.51873854364638e-12 1.54143153286131e-13
1.85697272727273e+02 3.40992028024710e-12 1.49476506729832e-13
1.85946363636364e+02 3.30446726098963e-12 1.44951011357185e-13
1.86195454545455e+02 3.20227541448378e-12 1.40562402085444e-13
1.86444545454545e+02 3.10324388778464e-12 1.36306542565884e-13
1.86693636363636e+02 3.00727494686089e-12 1.32179421302809e-13
1.86942727272727e+02 2.91427388014146e-12 1.28177147889470e-13
1.87191818181818e+02 2.82414890504475e-12 1.24295949357376e-13
1.87440909090909e+02 2.73681107739862e-12 1.20532166635427e-13
1.87690000000000e+02 2.65217420366152e-12 1.16882250970657e-13
1.87939090909091e+02 2.57015475628684e-12 1.13342761041602e-13
1.88188181818182e+02 2.49067178997656e-12 1.09910359428688e-13
1.88437272727273e+02 2.41364686313796e-12 1.06581809162346e-13
1.88686363636364e+02 2.33900396001287e-12 1.03353971167430e-13
1.88935454545455e+02 2.26666941565782e-12 1.00223801151273e-13
1.89184545454545e+02 2.19657184324429e-12 9.71883467451489e-14
1.89433636363636e+02 2.12864206360712e-12 9.42447447317746e-14
1.89682727272727e+02 2.06281303697182e-12 9.13902183563615e-14
1.89931818181818e+02 1.99901979679311e-12 8.86220747187178e-14
1.90180909090909e+02 1.93719938563957e-12 8.59377022438392e-14
1.90430000000000e+02 1.87729079306101e-12 8.33345681268020e-14
1.90679090909091e+02 1.81923489567647e-12 8.08102162656143e-14
1.90928181818182e+02 1.76297439790926e-12 7.83622647434285e-14
1.91177272727273e+02 1.70845377637794e-12 7.59884033665389e-14
1.91426363636364e+02 1.65561922478169e-12 7.36863918333526e-14
1.91675454545455e+02 1.60441860079891e-12 7.14540575134831e-14
1.91924545454545e+02 1.55480137462812e-12 6.92892934059795e-14
1.92173636363636e+02 1.50671857912011e-12 6.71900561590348e-14
1.92422727272727e+02 1.46012276145249e-12 6.51543641494058e-14
1.92671818181818e+02 1.41496793629848e-12 6.31802956197439e-14
1.92920909090909e+02 1.37120954044415e-12 6.12659868720150e-14
1.93170000000000e+02 1.32880438880901e-12 5.94096304437607e-14
1.93419090909091e+02 1.28771063203541e-12 5.76094736281518e-14
1.93668181818182e+02 1.24788771454821e-12 5.58638166781897e-14
1.93917272727273e+02 1.20929633518360e-12 5.41710110509243e-14
1.94166363636364e+02 1.17189840818044e-12 5.25294580959053e-14
1.94415454545455e+02 1.13565702559346e-12 5.09376074703990e-14
1.94664545454545e+02 1.10053642086895e-12 4.93939556812417e-14
1.94913636363636e+02 1.06650193354669e-12 4.78970446706199e-14
1.95162727272727e+02 1.03351997505377e-12 4.64454604445115e-14
1.95411818181818e+02 1.00155799555597e-12 4.50378317425052e-14
1.95660909090909e+02 9.70584451834468e-13 4.36728287476900e-14
1.95910000000000e+02 9.40568776155835e-13 4.23491617851139e-14
1.96159090909091e+02 9.11481346250460e-13 4.10655802624989e-14
1.96408181818182e+02 8.83293455632198e-13 3.98208713895393e-14
1.96657272727273e+02 8.55977285723776e-13 3.86138589259046e-14
1.96906363636364e+02 8.29505878247451e-13 3.74434022420334e-14
1.97155454545455e+02 8.03853108619942e-13 3.63083951884152e-14
1.97404545454545e+02 7.78993660170125e-13 3.52077650544056e-14
1.97653636363636e+02 7.54902999154041e-13 3.41404715584222e-14
1.97902727272727e+02 7.31557350542635e-13 3.31055058686135e-14
1.98151818181818e+02 7.08933674558196e-13 3.21018896530852e-14
1.98400909090909e+02 6.87009643936454e-13 3.11286741587528e-14
1.98650000000000e+02 6.65763621891834e-13 3.01849392826000e-14
1.98899090909091e+02 6.45174640865820e-13 2.92697928136558e-14
1.99148181818182e+02 6.25222381522644e-13 2.83823695197506e-14
1.99397272727273e+02 6.05887153014338e-13 2.75218302548475e-14
1.99646363636364e+02 5.87149873439506e-13 2.66873612866367e-14
1.99895454545455e+02 5.68992051011435e-13 2.58781734898910e-14
2.00144545454545e+02 5.51395765808585e-13 2.50935016031203e-14
2.00393636363636e+02 5.34343652089437e-13 2.43326035076422e-14
2.00642727272727e+02 5.17818881154309e-13 2.35947595284169e-14
2.00891818181818e+02 5.01805144737125e-13 2.28792717559916e-14
2.01140909090909e+02 4.86286638910821e-13 2.21854633888914e-14
2.01390000000000e+02 4.71248048490478e-13 2.15126780709832e-14
2.01639090909091e+02 4.56674531989770e-13 2.08602793491552e-14
2.01888181818182e+02 4.42551706756470e-13 2.02276500221692e-14
2.02137272727273e+02 4.28865635000379e-13 1.96141915042617e-14
2.02386363636364e+02 4.15602809962485e-13 1.90193233438616e-14
2.02635454545455e+02 4.02750142585168e-13 1.84424826482066e-14
2.02884545454545e+02 3.90294948594637e-13 1.78831235527156e-14
2.03133636363636e+02 3.78224935982833e-13 1.73407167063684e-14
2.03382727272727e+02 3.66528192876491e-13 1.68147487726288e-14
2.03631818181818e+02 3.55193175781322e-13 1.63047219454425e-14
2.03880909090909e+02 3.44208698189762e-13 1.58101534798346e-14
2.04130000000000e+02 3.33563919541031e-13 1.53305752191924e-14
2.04379090909091e+02 3.23248334572163e-13 1.48655332073513e-14
2.04628181818182e+02 3.13251762798531e-13 1.44145872243708e-14
2.04877272727273e+02 3.03564338621862e-13 1.39773103328812e-14
2.05126363636364e+02 2.94176501541071e-13 1.35532885336800e-14
2.05375454545455e+02 2.85078986717017e-13 1.31421203553547e-14
2.05624545454545e+02 2.76262815829048e-13 1.27434164755540e-14
2.05873636363636e+02 2.67719288214314e-13 1.23567993536897e-14
2.06122727272727e+02 2.59439972281107e-13 1.19819028747352e-14
2.06371818181818e+02 2.51416697187733e-13 1.16183720037870e-14
2.06620909090909e+02 2.43641544778728e-13 1.12658624510523e-14
2.06870000000000e+02 2.36106841770440e-13 1.09240403346586e-14
2.07119090909091e+02 2.28805152212902e-13 1.05925819032390e-14
2.07368181818182e+02 2.21729270045238e-13 1.02711732050089e-14
2.07617272727273e+02 2.14872212092368e-13 9.95950976441293e-15
2.07866363636364e+02 2.08227211136415e-13 9.65729633572387e-15
2.08115454545455e+02 2.01787709238159e-13 9.36424661038734e-15
2.08364545454545e+02 1.95547351265015e-13 9.08008294674485e-15
2.08613636363636e+02 1.89499978619160e-13 8.80453610791766e-15
2.08862727272727e+02 1.83639623159637e-13 8.53734500761346e-15
2.09111818181818e+02 1.77960501312401e-13 8.27825646361616e-15
2.09360909090909e+02 1.72457008362518e-13 8.02702495871870e-15
2.09610000000000e+02 1.67123712922888e-13 7.78341240023223e-15
2.09859090909091e+02 1.61955351598201e-13 7.54718792163484e-15
2.10108181818182e+02 1.56946823716404e-13 7.31812764669422e-15
2.10357272727273e+02 1.52093186370551e-13 7.09601445901179e-15
2.10606363636364e+02 1.47389649514873e-13 6.88063782577545e-15
2.10855454545455e+02 1.42831571237496e-13 6.67179358907777e-15
2.11104545454545e+02 1.38414453179346e-13 6.46928377306068e-15
2.11353636363636e+02 1.34133936094722e-13 6.27291639688533e-15
2.11602727272727e+02 1.29985795549170e-13 6.08250529335710e-15
2.11851818181818e+02 1.25965937750400e-13 5.89786993303529e-15
2.12100909090909e+02 1.22070395508122e-13 5.71883525365504e-15
2.12350000000000e+02 1.18295324318839e-13 5.54523148862461e-15
2.12599090909091e+02 1.14636998588608e-13 5.37689402523061e-15
2.12848181818182e+02 1.11091807904490e-13 5.21366323652440e-15
2.13097272727273e+02 1.07656253524321e-13 5.05538431709090e-15
2.13346363636364e+02 1.04326944905803e-13 4.90190715700612e-15
2.13595454545455e+02 1.01100596360380e-13 4.75308619305003e-15
2.13844545454545e+02 9.79740238105993e-14 4.60878027111271e-15
2.14093636363636e+02 9.49441416477516e-14 4.46885251275802e-15
2.14342727272727e+02 9.20079596866913e-14 4.33317018582313e-15
2.14591818181818e+02 8.91625802148276e-14 4.20160457893251e-15
2.14840909090909e+02 8.64051951323769e-14 4.07403087980345e-15
2.15090000000000e+02 8.37330831810548e-14 3.95032805295437e-15
2.15339090909091e+02 8.11436072702794e-14 3.83037873835925e-15
2.15588181818182e+02 7.86342118384536e-14 3.71406913164179e-15
2.15837272727273e+02 7.62024203678416e-14 3.60128886704869e-15
2.16086363636364e+02 7.38458329279121e-14 3.49193092732857e-15
2.16335454545455e+02 7.15621238068513e-14 3.38589153766027e-15
2.16584545454545e+02 6.93490392163219e-14 3.28307006749754e-15
2.16833636363636e+02 6.72043950672029e-14 3.18336893538060e-15
2.17082727272727e+02 6.51260748141187e-14 3.08669351662792e-15
2.17331818181818e+02 6.31120273666233e-14 2.99295205382132e-15
2.17580909090909e+02 6.11602650649828e-14 2.90205556999655e-15
2.17830000000000e+02 5.92688617185577e-14 2.81391778145154e-15
2.18079090909091e+02 5.74359507131022e-14 2.72845502532383e-15
2.18328181818182e+02 5.56597231433203e-14 2.64558617421912e-15
2.18577272727273e+02 5.39384260534896e-14 2.56523255282871e-15
2.18826363636364e+02 5.22703606986761e-14 2.48731787350441e-15
2.19075454545455e+02 5.06538808682454e-14 2.41176816064677e-15
2.19324545454545e+02 4.90873912612210e-14 2.33851168069235e-15
2.19573636363636e+02 4.75693459118836e-14 2.26747887421805e-15
2.19822727272727e+02 4.60982466640628e-14 2.19860229010056e-15
2.20071818181818e+02 4.46726416926081e-14 2.13181652166860e-15
2.20320909090909e+02 4.32911240705858e-14 2.06705814478589e-15
2.20570000000000e+02 4.19523303807854e-14 2.00426565569150e-15
2.20819090909091e+02 4.06549393759347e-14 1.94337941925470e-15
2.21068181818182e+02 3.93976706570879e-14 1.88434160814625e-15
2.21317272727273e+02 3.81792834280577e-14 1.82709614343271e-15
2.21566363636364e+02 3.69985752647266e-14 1.77158864852928e-15
2.21815454545455e+02 3.58543809283764e-14 1.71776639530600e-15
2.22064545454545e+02 3.47455712157172e-14 1.66557825415469e-15
2.22313636363636e+02 3.36710518444772e-14 1.61497464556609e-15
2.22562727272727e+02 3.26297623734593e-14 1.56590749317319e-15
2.22811818181818e+02 3.16206751559936e-14 1.51833017821629e-15
2.23060909090909e+02 3.06427943257537e-14 1.47219749538545e-15
2.23310000000000e+02 2.96951548139392e-14 1.42746560851094e-15
2.23559090909091e+02 2.87768214008841e-14 1.38409201359796e-15
2.23808181818182e+02 2.78868877807321e-14 1.34203549548887e-15
2.24057272727273e+02 2.70244756796291e-14 1.30125608554327e-15
2.24306363636364e+02 2.61887339846567e-14 1.26171502873207e-15
2.24555454545455e+02 2.53788379038706e-14 1.22337474522737e-15
2.24804545454545e+02 2.45939881523151e-14 1.18619879479410e-15
2.25053636363636e+02 2.38334101632093e-14 1.15015184225900e-15
2.25302727272727e+02 2.30963533235304e-14 1.11519962402541e-15
2.25551818181818e+02 2.23820902332339e-14 1.08130891560226e-15
2.25800909090909e+02 2.16899159873845e-14 1.04844750011565e-15
2.26050000000000e+02 2.10191474804860e-14 1.01658413672653e-15
2.26299090909091e+02 2.03691227351471e-14 9.85688534227935e-16
2.26548181818182e+02 1.97392002401351e-14 9.55731320171364e-16
2.26797272727273e+02 1.91287583260971e-14 9.26684010721122e-16
2.27046363636364e+02 1.85371945490291e-14 8.98518987143105e-16
2.27295454545455e+02 1.79639250957255e-14 8.71209468432608e-16
2.27544545454545e+02 1.74083842076144e-14 8.44729485923924e-16
2.27793636363636e+02 1.68700236224118e-14 8.19053858668429e-16
2.28042727272727e+02 1.63483120330431e-14 7.94158169558626e-16
2.28291818181818e+02 1.58427345632964e-14 7.70018742175580e-16
2.28540909090909e+02 1.53527922596927e-14 7.46612618337087e-16
2.28790000000000e+02 1.48780015990695e-14 7.23917535589041e-16
2.29039090909091e+02 1.44178940133649e-14 7.01911908350001e-16
2.29288181818182e+02 1.39720154211456e-14 6.80574805918745e-16
2.29537272727273e+02 1.35399257856481e-14 6.59885931002389e-16
2.29786363636364e+02 1.31211986784042e-14 6.39825602920472e-16
2.30035454545455e+02 1.27154208584003e-14 6.20374738100421e-16
2.30284545454545e+02 1.23221918642501e-14 6.01514831974977e-16
2.30533636363636e+02 1.19411236189799e-14 5.83227941427732e-16
2.30782727272727e+02 1.15718400470368e-14 5.65496667770592e-16
2.31031818181818e+02 1.12139767031400e-14 5.48304140237189e-16
2.31280909090909e+02 1.08671804126107e-14 5.31633999976052e-16
2.31530000000000e+02 1.05311089228242e-14 5.15470384010231e-16
2.31779090909091e+02 1.02054305668220e-14 4.99797911773755e-16
2.32028181818182e+02 9.88982393176198e-15 4.84601669446828e-16
2.32277272727273e+02 9.58397754603574e-15 4.69867194663231e-16
2.32526363636364e+02 9.28758957040652e-15 4.55580464513605e-16
2.32775454545455e+02 9.00036750012491e-15 4.41727881648350e-16
2.33024545454545e+02 8.72202787625644e-15 4.28296261372385e-16
2.33273636363636e+02 8.45229600593631e-15 4.15272819130764e-16
2.33522727272727e+02 8.19090569127588e-15 4.02645158373603e-16
2.33771818181818e+02 7.93759896665227e-15 3.90401258788922e-16
2.34020909090909e+02 7.69212584412261e-15 3.78529464891866e-16
2.34270000000000e+02 7.45424406671138e-15 3.67018474594883e-16
2.34519090909091e+02 7.22371887029266e-15 3.55857329595558e-16
2.34768181818182e+02 7.00032274894477e-15 3.45035404219774e-16
2.35017272727273e+02 6.78383523344567e-15 3.34542394530916e-16
2.35266363636364e+02 6.57404267266356e-15 3.24368309762331e-16
2.35515454545455e+02 6.37073802270497e-15 3.14503462416452e-16
2.35764545454545e+02 6.17372064258358e-15 3.04938459065601e-16
2.36013636363636e+02 5.98279609620785e-15 2.95664191431520e-16
2.36262727272727e+02 5.79777596049268e-15 2.86671827735350e-16
2.36511818181818e+02 5.61847763940486e-15 2.77952804309938e-16
2.36760909090909e+02 5.44472418375943e-15 2.69498817466237e-16
2.37010000000000e+02 5.27634411658884e-15 2.61301815349513e-16
2.37259090909091e+02 5.11317126458793e-15 2.53353991077809e-16
2.37508181818182e+02 4.95504459204895e-15 2.45647774796379e-16
2.37757272727273e+02 4.80180804404897e-15 2.38175825922272e-16
2.38006363636364e+02 4.65331039171989e-15 2.30931027026662e-16
2.38255454545455e+02 4.50940508300092e-15 2.23906476781631e-16
2.38504545454545e+02 4.36995009800662e-15 2.17095483403391e-16
2.38753636363636e+02 4.23480780886773e-15 2.10491558294229e-16
2.39002727272727e+02 4.10384484390655e-15 2.04088409877272e-16
2.39251818181818e+02 3.97693195601268e-15 1.97879937618251e-16
2.39500909090909e+02 3.85394389508926e-15 1.91860226228452e-16
2.39750000000000e+02 3.73475928444389e-15 1.86023539862729e-16
2.39999090909091e+02 3.61926050147470e-15 1.80364317222134e-16
2.40248181818182e+02 3.50733356014119e-15 1.74877165895739e-16
2.40497272727273e+02 3.39886799995031e-15 1.69556856838340e-16
2.40746363636364e+02 3.29375677643965e-15 1.64398320002760e-16
2.40995454545455e+02 3.19189615553540e-15 1.59396639315669e-16
2.41244545454545e+02 3.09318561117745e-15 1.54547048004644e-16
2.41493636363636e+02 2.99752772611032e-15 1.49844924066890e-16
2.41742727272727e+02 2.90482809574235e-15 1.45285785875435e-16
2.41991818181818e+02 2.81499523497799e-15 1.40865287918622e-16
2.42240909090909e+02 2.72794048793126e-15 1.36579216668751e-16
2.42490000000000e+02 2.64357794043147e-15 1.32423486448850e-16
2.42739090909091e+02 2.56182433556537e-15 1.28394135937667e-16
2.42988181818182e+02 2.48259899049790e-15 1.24487324140682e-16
2.43237272727273e+02 2.40582371788134e-15 1.20699326458195e-16
2.43486363636364e+02 2.33142274833993e-15 1.17026531567455e-16
2.43735454545455e+02 2.25932265569317e-15 1.13465437844085e-16
2.43984545454545e+02 2.18945228449173e-15 1.10012650032044e-16
2.44233636363636e+02 2.12174267979416e-15 1.06664876014569e-16
2.44482727272727e+02 2.05612701911554e-15 1.03418923683091e-16
2.44731818181818e+02 1.99254054648038e-15 1.00271697901185e-16
2.44980909090909e+02 1.93092050851513e-15 9.72201975605610e-17
2.45230000000000e+02 1.87120609251697e-15 9.42615126368726e-17
2.45479090909091e+02 1.81333836666931e-15 9.13928216958118e-17
2.45728181818182e+02 1.75726022117301e-15 8.86113890244145e-17
2.45977272727273e+02 1.70291631260911e-15 8.59145618317126e-17
2.46226363636364e+02 1.65025300907388e-15 8.32997680233424e-17
2.46475454545455e+02 1.59921833724955e-15 8.07645136528317e-17
2.46724545454545e+02 1.54976193111198e-15 7.83063805487565e-17
2.46973636363636e+02 1.50183498222446e-15 7.59230240138618e-17
2.47222727272727e+02 1.45539019156885e-15 7.36121705940231e-17
2.47471818181818e+02 1.41038172286620e-15 7.13716159149278e-17
2.47720909090909e+02 1.36676515734104e-15 6.91992225843680e-17
2.47970000000000e+02 1.32449744988457e-15 6.70929180951826e-17
2.48219090909091e+02 1.28353688673555e-15 6.50506930459281e-17
2.48468181818182e+02 1.24384304381665e-15 6.30705990984742e-17
2.48717272727273e+02 1.20537674734708e-15 6.11507469851188e-17
2.48966363636364e+02 1.16810003500936e-15 5.92893049204117e-17
2.49215454545455e+02 1.13197611848435e-15 5.74844967860704e-17
2.49464545454545e+02 1.09696934714500e-15 5.57346004403338e-17
2.49713636363636e+02 1.06304517287272e-15 5.40379460786083e-17
2.49962727272727e+02 1.03017011596200e-15 5.23929146438844e-17
2.50211818181818e+02 9.98311732079289e-16 5.07979362854169e-17
2.50460909090909e+02 9.67438580243773e-16 4.92514888641602e-17
2.50710000000000e+02 9.37520191798320e-16 4.77520964592185e-17
2.50959090909091e+02 9.08527040453455e-16 4.62983280984986e-17
2.51208181818182e+02 8.80430512800391e-16 4.48887963046826e-17
2.51457272727273e+02 8.53202880427491e-16 4.35221556765731e-17
2.51706363636364e+02 8.26817272434254e-16 4.21971017558193e-17
2.51955454545455e+02 8.01247648912478e-16 4.09123697343791e-17
2.52204545454545e+02 7.76468775247521e-16 3.96667332500443e-17
2.52453636363636e+02 7.52456197214295e-16 3.84590032185152e-17
2.52702727272727e+02 7.29186216843465e-16 3.72880267009406e-17
2.52951818181818e+02 7.06635869033949e-16 3.61526858058499e-17
2.53200909090909e+02 6.84782898888711e-16 3.50518966244063e-17
2.53450000000000e+02 6.63605739751438e-16 3.39846081667600e-17
2.53699090909091e+02 6.43083492001874e-16 3.29498014566175e-17
2.53948181818182e+02 6.23195902186695e-16 3.19464884961657e-17
2.54197272727273e+02 6.03923343279960e-16 3.09737112562502e-17
2.54446363636364e+02 5.85246795228589e-16 3.00305408678033e-17
2.54695454545455e+02 5.67147826181509e-16 2.91160767014869e-17
2.54944545454545e+02 5.49608574299297e-16 2.82294455096516e-17
2.55193636363636e+02 5.32611730126349e-16 2.73698005943389e-17
2.55442727272727e+02 5.16140519508237e-16 2.65363210005554e-17
2.55691818181818e+02 5.00178687037312e-16 2.57282107340516e-17
2.55940909090909e+02 4.84710480010278e-16 2.49446980028437e-17
2.56190000000000e+02 4.69720632881873e-16 2.41850344597833e-17
2.56439090909091e+02 4.55194352254952e-16 2.34484945567823e-17
2.56688181818182e+02 4.41117302110518e-16 2.27343748080231e-17
2.56937272727273e+02 4.27475589833575e-16 2.20419930711955e-17
2.57186363636364e+02 4.14255752443264e-16 2.13706879706646e-17
2.57435454545455e+02 4.01444743306264e-16 2.07198182421704e-17
2.57684545454545e+02 3.89029919261103e-16 2.00887621216294e-17
2.57933636363636e+02 3.76999028140635e-16 1.94769167524903e-17
2.58182727272727e+02 3.65340196680410e-16 1.88836976110952e-17
2.58431818181818e+02 3.54041918800970e-16 1.83085379495011e-17
2.58680909090909e+02 3.43093044252518e-16 1.77508882552162e-17
2.58930000000000e+02 3.32482767610757e-16 1.72102157118673e-17
2.59179090909091e+02 3.22200617651991e-16 1.66860037386693e-17
2.59428181818182e+02 3.12236446899756e-16 1.61777514659934e-17
2.59677272727273e+02 3.02580421732190e-16 1.56849732238038e-17
2.59926363636364e+02 2.93223012635735e-16 1.52071981301947e-17
2.60175454545455e+02 2.84154984800484e-16 1.47439696248455e-17
2.60424545454545e+02 2.75367389006354e-16 1.42948450336857e-17
2.60673636363636e+02 2.66851552791126e-16 1.38593951467794e-17
2.60922727272727e+02 2.58599071891605e-16 1.34372038090375e-17
2.61171818181818e+02 2.50601801949473e-16 1.30278675233667e-17
2.61420909090909e+02 2.42851850473632e-16 1.26309950658713e-17
2.61670000000000e+02 2.35341569051122e-16 1.22462071018453e-17
2.61919090909091e+02 2.28063545826197e-16 1.18731358573824e-17
2.62168181818182e+02 2.21010598101995e-16 1.15114247461194e-17
2.62417272727273e+02 2.14175765337324e-16 1.11607280051645e-17
2.62666363636364e+02 2.07552302248243e-16 1.08207104016283e-17
2.62915454545455e+02 2.01133672151149e-16 1.04910469004856e-17
2.63164545454545e+02 1.94913540511740e-16 1.01714223545267e-17
2.63413636363636e+02 1.88885768693472e-16 9.86153120372447e-18
2.63662727272727e+02 1.83044407899356e-16 9.56107718374040e-18
2.63911818181818e+02 1.77383693301096e-16 9.26977304328980e-18
2.64160909090909e+02 1.71898038349794e-16 8.98734027009216e-18
2.64410000000000e+02 1.66582029262592e-16 8.71350881747437e-18
2.64659090909091e+02 1.61430419698936e-16 8.44801687023012e-18
2.64908181818182e+02 1.56438125524415e-16 8.19061057897668e-18
2.65157272727273e+02 1.51600219853051e-16 7.94104380106580e-18
2.65406363636364e+02 1.46911928164592e-16 7.69907789129388e-18
2.65655454545455e+02 1.42368623592548e-16 7.46448146546636e-18
2.65904545454545e+02 1.37965822357946e-16 7.23703017959383e-18
2.66153636363636e+02 1.33699179344295e-16 7.01650651579688e-18
2.66402727272727e+02 1.29564483809401e-16 6.80269957471933e-18
2.66651818181818e+02 1.25557655229795e-16 6.59540487425266e-18
2.66900909090909e+02 1.21674739273667e-16 6.39442415437514e-18
2.67150000000000e+02 1.17911903898349e-16 6.19956518251841e-18
2.67399090909091e+02 1.14265435581862e-16 6.01064158664302e-18
2.67648181818182e+02 1.10731735617034e-16 5.82747266619344e-18
2.67897272727273e+02 1.07307316601840e-16 5.64988320773023e-18
2.68146363636364e+02 1.03988798983419e-16 5.47770333568920e-18
2.68395454545455e+02 1.00772907722806e-16 5.31076834408254e-18
2.68644545454545e+02 9.76564690627948e-17 5.14891853926388e-18
2.68893636363636e+02 9.46364073957671e-17 4.99199908747134e-18
2.69142727272727e+02 9.17097422283817e-17 4.83985986700617e-18
2.69391818181818e+02 8.88735852401302e-17 4.69235532490658e-18
2.69640909090909e+02 8.61251374328588e-17 4.54934433797659e-18
2.69890000000000e+02 8.34616863684423e-17 4.41069007423393e-18
2.70139090909091e+02 8.08806035012652e-17 4.27625987391743e-18
2.70388181818182e+02 7.83793415553746e-17 4.14592511496088e-18
2.70637272727273e+02 7.59554320399344e-17 4.01956108180389e-18
2.70886363636364e+02 7.36064828030785e-17 3.89704685898229e-18
2.71135454545455e+02 7.13301756711013e-17 3.77826521133775e-18
2.71384545454545e+02 6.91242641606557e-17 3.66310247205810e-18
2.71633636363636e+02 6.69865712617023e-17 3.55144843412077e-18
2.71882727272727e+02 6.49149872890243e-17 3.44319624503760e-18
2.72131818181818e+02 6.29074678001820e-17 3.33824230480081e-18
2.72380909090909e+02 6.09620315778563e-17 3.23648616693105e-18
2.72630000000000e+02 5.90767586745892e-17 3.13783043985349e-18
2.72879090909091e+02 5.72497885245645e-17 3.04218070208172e-18
2.73128181818182e+02 5.54793180872806e-17 2.94944540649321e-18
2.73377272727273e+02 5.37636000887029e-17 2.85953578698526e-18
2.73626363636364e+02 5.21009412898771e-17 2.77236578261195e-18
2.73875454545455e+02 5.04897008158749e-17 2.73006609310838e-18
