SPECIES: e / A
PROCESS: E + A -> E + A, Elastic
PARAM.:  m/M = 0.0000195921, complete set
COMMENT: [e + A(gnd) -> e + A(gnd), Elastic]
UPDATED: 2018-06-05 11:00:00
COLUMNS: Energy (eV) | Cross section (m2)
-----------------------------
0.00000000e+00 1.434987136276538e-17
4.61538462e-02 7.848205251689936e-18
9.23076923e-02 5.549519153613829e-18
1.38461538e-01 4.531163414718619e-18
1.84615385e-01 3.924102625844968e-18
2.30769231e-01 3.509824088829908e-18
2.76923077e-01 3.204016377211928e-18
3.23076923e-01 2.966342762023236e-18
3.69230769e-01 2.774759576806915e-18
4.15384615e-01 2.616068417229978e-18
4.61538462e-01 2.481820413983524e-18
5.07692308e-01 2.366322917959298e-18
5.53846154e-01 2.265581707359310e-18
6.00000000e-01 2.176700496564141e-18
6.46153846e-01 2.097521082350263e-18
6.92307692e-01 2.026397882494181e-18
7.38461538e-01 1.962051312922484e-18
7.84615385e-01 1.903469366132049e-18
8.30769231e-01 1.849839717871276e-18
8.76923077e-01 1.800501767383243e-18
9.23076923e-01 1.754912044414954e-18
9.69230769e-01 1.712618792162813e-18
1.01538462e+00 1.673242981766158e-18
1.06153846e+00 1.636463919455784e-18
1.10769231e+00 1.602008188605964e-18
1.15384615e+00 1.569641050337987e-18
1.20000000e+00 1.539159681732629e-18
1.24615385e+00 1.510387804906206e-18
1.29230769e+00 1.483171381011618e-18
1.33846154e+00 1.457375128295477e-18
1.38461538e+00 1.432879684093696e-18
1.43076923e+00 1.409579274597892e-18
1.47692308e+00 1.387379788403457e-18
1.52307692e+00 1.366197173673382e-18
1.56923077e+00 1.345956096572831e-18
1.61538462e+00 1.326588812089688e-18
1.66153846e+00 1.308034208614989e-18
1.70769231e+00 1.290236995542412e-18
1.75384615e+00 1.273147009255055e-18
1.80000000e+00 1.256718617636499e-18
1.84615385e+00 1.240910206991762e-18
1.89230769e+00 1.225683738230332e-18
1.93846154e+00 1.211004361525840e-18
1.98461538e+00 1.196840080559555e-18
2.03076923e+00 1.183161458979649e-18
2.07692308e+00 1.169941362943303e-18
2.12307692e+00 1.157154734614301e-18
2.16923077e+00 1.144778392311484e-18
2.21538462e+00 1.132790853679655e-18
2.26153846e+00 1.121172178812848e-18
2.30769231e+00 1.109903830722766e-18
2.35384615e+00 1.098968550930545e-18
2.40000000e+00 1.088350248282070e-18
2.44615385e+00 1.078033899357192e-18
2.49230769e+00 1.068005459070643e-18
2.53846154e+00 1.058251780254530e-18
2.58461538e+00 1.048760541175131e-18
2.63076923e+00 1.039520180075113e-18
2.67692308e+00 1.030519835950346e-18
2.72307692e+00 1.021749294871495e-18
2.76923077e+00 1.013198941247090e-18
2.81538462e+00 1.004859713499348e-18
2.86153846e+00 9.967230636881839e-19
2.90769231e+00 9.887809206744120e-19
2.95384615e+00 9.810256564612420e-19
3.00000000e+00 9.734500553949932e-19
3.04615385e+00 9.660472859423436e-19
3.09230769e+00 9.588108747931961e-19
3.13846154e+00 9.517346830660247e-19
3.18461538e+00 9.448128844169069e-19
3.23076923e+00 9.380399448748247e-19
3.27692308e+00 9.314106042446290e-19
3.32307692e+00 9.249198589356380e-19
3.36923077e+00 9.185629460884868e-19
3.41538462e+00 9.123353288857969e-19
3.46153846e+00 9.062326829437239e-19
3.50769231e+00 9.002508836916217e-19
3.55384615e+00 8.943859946561431e-19
3.60000000e+00 8.886342565741521e-19
3.64615385e+00 8.829920772660426e-19
3.69230769e+00 8.774560222074770e-19
3.73846154e+00 8.720228057433262e-19
3.78461538e+00 8.666892828927447e-19
3.83076923e+00 8.614524416989473e-19
3.87692308e+00 8.563093960814067e-19
3.92307692e+00 8.512573791519398e-19
3.96923077e+00 8.462937369595151e-19
4.01538462e+00 8.414159226316591e-19
4.06153846e+00 8.366214908830792e-19
4.10769231e+00 8.319080928646113e-19
4.15384615e+00 8.272734713278413e-19
4.20000000e+00 8.227154560827886e-19
4.24615385e+00 8.182319597278920e-19
4.29230769e+00 8.138209736332103e-19
4.33846154e+00 8.094805641592841e-19
4.38461538e+00 8.052088690954892e-19
4.43076923e+00 8.010040943029820e-19
4.47692308e+00 7.968645105484906e-19
4.52307692e+00 7.927884505162613e-19
4.56923077e+00 7.887743059864328e-19
4.61538462e+00 7.848205251689937e-19
4.66153846e+00 7.809256101832833e-19
4.70769231e+00 7.770881146737422e-19
4.75384615e+00 7.733066415532859e-19
4.80000000e+00 7.695798408663145e-19
4.84615385e+00 7.659064077639270e-19
4.89230769e+00 7.622850805844469e-19
4.93846154e+00 7.587146390328467e-19
4.98461538e+00 7.551939024531032e-19
5.03076923e+00 7.517217281879303e-19
5.07692308e+00 7.482970100207142e-19
5.12307692e+00 7.449186766948257e-19
5.16923077e+00 7.415856905058090e-19
5.21538462e+00 7.382970459622465e-19
5.26153846e+00 7.350517685113731e-19
5.30769231e+00 7.318489133257747e-19
5.35384615e+00 7.286875641477385e-19
5.40000000e+00 7.255668321880468e-19
5.44615385e+00 7.224858550762078e-19
5.49230769e+00 7.194437958593080e-19
5.53846154e+00 7.164398420468479e-19
5.58461538e+00 7.134732046990851e-19
5.63076923e+00 7.105431175565602e-19
5.67692308e+00 7.076488362086288e-19
5.72307692e+00 7.047896372989458e-19
5.76923077e+00 7.019648177659817e-19
5.81538462e+00 6.991736941167544e-19
5.86153846e+00 6.964156017320794e-19
5.90769231e+00 6.936898942017286e-19
5.95384615e+00 6.909959426879925e-19
6.00000000e+00 6.883331353162199e-19
6.04615385e+00 6.857008765909960e-19
6.09230769e+00 6.830985868366909e-19
6.13846154e+00 6.805257016611898e-19
6.18461538e+00 6.779816714416748e-19
6.23076923e+00 6.754659608313935e-19
6.27692308e+00 6.729780482864157e-19
6.32307692e+00 6.705174256114196e-19
6.36923077e+00 6.680835975236167e-19
6.41538462e+00 6.656760812339613e-19
6.46153846e+00 6.632944060448438e-19
6.50769231e+00 6.609381129635023e-19
6.55384615e+00 6.586067543304369e-19
6.60000000e+00 6.562998934621398e-19
6.64615385e+00 6.540171043074946e-19
6.69230769e+00 6.517579711172328e-19
6.73846154e+00 6.495220881258620e-19
6.78461538e+00 6.473090592455170e-19
6.83076923e+00 6.451184977712061e-19
6.87692308e+00 6.429500260969566e-19
6.92307692e+00 6.408032754423856e-19
6.96923077e+00 6.386778855892472e-19
7.01538462e+00 6.365735046275276e-19
7.06153846e+00 6.344897887106832e-19
7.10769231e+00 6.324264018196340e-19
7.15384615e+00 6.303830155351457e-19
7.20000000e+00 6.283593088182493e-19
7.24615385e+00 6.263549677983652e-19
7.29230769e+00 6.243696855688148e-19
7.33846154e+00 6.224031619894170e-19
7.38461538e+00 6.204551034958809e-19
7.43076923e+00 6.185252229157198e-19
7.47692308e+00 6.166132392904254e-19
7.52307692e+00 6.147188777036509e-19
7.56923077e+00 6.128418691151659e-19
7.61538462e+00 6.109819502003535e-19
7.66153846e+00 6.091388631950345e-19
7.70769231e+00 6.073123557454095e-19
7.75384615e+00 6.055021807629199e-19
7.80000000e+00 6.037080962838412e-19
7.84615385e+00 6.019298653334246e-19
7.89230769e+00 6.001672557944146e-19
7.93846154e+00 5.984200402797775e-19
7.98461538e+00 5.966879960094824e-19
8.03076923e+00 5.949709046911816e-19
8.07692308e+00 5.932685524046473e-19
8.12307692e+00 5.915807294898246e-19
8.16923077e+00 5.899072304383682e-19
8.21538462e+00 5.882478537885348e-19
8.26153846e+00 5.866024020233096e-19
8.30769231e+00 5.849706814716514e-19
8.35384615e+00 5.833525022127398e-19
8.40000000e+00 5.817476779831230e-19
8.44615385e+00 5.801560260866588e-19
8.49230769e+00 5.785773673071505e-19
8.53846154e+00 5.770115258235854e-19
8.58461538e+00 5.754583291278815e-19
8.63076923e+00 5.739176079450577e-19
8.67692308e+00 5.723891961557419e-19
8.72307692e+00 5.708729307209378e-19
8.76923077e+00 5.693686516089715e-19
8.81538462e+00 5.678762017245456e-19
8.86153846e+00 5.663954268398274e-19
8.90769231e+00 5.649261755275038e-19
8.95384615e+00 5.634682990957368e-19
9.00000000e+00 5.620216515249554e-19
9.04615385e+00 5.605860894064240e-19
9.09230769e+00 5.591614718825278e-19
9.13846154e+00 5.577476605887194e-19
9.18461538e+00 5.563445195970712e-19
9.23076923e+00 5.549519153613828e-19
9.27692308e+00 5.535697166637923e-19
9.32307692e+00 5.521977945628421e-19
9.36923077e+00 5.508360223429549e-19
9.41538462e+00 5.494842754652725e-19
9.46153846e+00 5.481424315198159e-19
9.50769231e+00 5.468103701789233e-19
9.55384615e+00 5.454879731519280e-19
9.60000000e+00 5.441751241410352e-19
9.64615385e+00 5.428717087983616e-19
9.69230769e+00 5.415776146841018e-19
9.73846154e+00 5.402927312257860e-19
9.78461538e+00 5.390169496785962e-19
9.83076923e+00 5.377501630867085e-19
9.87692308e+00 5.364922662456295e-19
9.92307692e+00 5.352431556654979e-19
9.96923077e+00 5.340027295353214e-19
1.00153846e+01 5.327708876881210e-19
1.00615385e+01 5.315475315669561e-19
1.01076923e+01 5.303325641918035e-19
1.01538462e+01 5.291258901272649e-19
1.02000000e+01 5.279274154510803e-19
1.02461538e+01 5.267370477234206e-19
1.02923077e+01 5.255546959569407e-19
1.03384615e+01 5.243802705875657e-19
1.03846154e+01 5.232136834459957e-19
1.04307692e+01 5.220548477299008e-19
1.04769231e+01 5.209036779767936e-19
1.05230769e+01 5.197600900375564e-19
1.05692308e+01 5.186240010506029e-19
1.06153846e+01 5.174953294166612e-19
1.06615385e+01 5.163739947741555e-19
1.07076923e+01 5.152599179751732e-19
1.07538462e+01 5.141530210620008e-19
1.08000000e+01 5.130532272442097e-19
1.08461538e+01 5.119604608762801e-19
1.08923077e+01 5.108746474357477e-19
1.09384615e+01 5.097957135018566e-19
1.09846154e+01 5.087235867347067e-19
1.10307692e+01 5.076581958548821e-19
1.10769231e+01 5.065994706235452e-19
1.11230769e+01 5.055473418229874e-19
1.11692308e+01 5.045017412376207e-19
1.12153846e+01 5.034626016354022e-19
1.12615385e+01 5.024298567496739e-19
1.13076923e+01 5.014034412614155e-19
1.13538462e+01 5.003832907818898e-19
1.14000000e+01 4.993693418356786e-19
1.14461538e+01 4.983615318440919e-19
1.14923077e+01 4.973597991089477e-19
1.15384615e+01 4.963640827967047e-19
1.15846154e+01 4.953743229229473e-19
1.16307692e+01 4.943904603372060e-19
1.16769231e+01 4.934124367081106e-19
1.17230769e+01 4.924401945088633e-19
1.17692308e+01 4.914736770030277e-19
1.18153846e+01 4.905128282306210e-19
1.18615385e+01 4.895575929945055e-19
1.19076923e+01 4.886079168470704e-19
1.19538462e+01 4.876637460771965e-19
1.20000000e+01 4.867250276974966e-19
1.20461538e+01 4.857917094318257e-19
1.20923077e+01 4.848637397030532e-19
1.21384615e+01 4.839410676210910e-19
1.21846154e+01 4.830236429711718e-19
1.22307692e+01 4.821114162023698e-19
1.22769231e+01 4.812043384163607e-19
1.23230769e+01 4.803023613564115e-19
1.23692308e+01 4.794054373965980e-19
1.24153846e+01 4.785135195312422e-19
1.24615385e+01 4.776265613645653e-19
1.25076923e+01 4.767445171005506e-19
1.25538462e+01 4.758673415330124e-19
1.26000000e+01 4.749949900358637e-19
1.26461538e+01 4.741274185535812e-19
1.26923077e+01 4.732645835918596e-19
1.27384615e+01 4.724064422084535e-19
1.27846154e+01 4.715529520042001e-19
1.28307692e+01 4.707040711142211e-19
1.28769231e+01 4.698597581992973e-19
1.29230769e+01 4.690199724374123e-19
1.29692308e+01 4.681846735154634e-19
1.30153846e+01 4.673538216211328e-19
1.30615385e+01 4.665273774349176e-19
1.31076923e+01 4.657053021223145e-19
1.31538462e+01 4.648875573261549e-19
1.32000000e+01 4.640741051590877e-19
1.32461538e+01 4.632649081962069e-19
1.32923077e+01 4.624599294678190e-19
1.33384615e+01 4.616591324523492e-19
1.33846154e+01 4.608624810693813e-19
1.34307692e+01 4.600699396728304e-19
1.34769231e+01 4.592814730442434e-19
1.35230769e+01 4.584970463862253e-19
1.35692308e+01 4.577166253159898e-19
1.36153846e+01 4.569401758590282e-19
1.36615385e+01 4.561676644428984e-19
1.37076923e+01 4.553990578911272e-19
1.37538462e+01 4.546343234172256e-19
1.38000000e+01 4.538734286188155e-19
1.38461538e+01 4.531163414718619e-19
1.38923077e+01 4.523630303250132e-19
1.39384615e+01 4.516134638940427e-19
1.39846154e+01 4.508676112563914e-19
1.40307692e+01 4.501254418458109e-19
1.40769231e+01 4.493869254471010e-19
1.41230769e+01 4.486520321909438e-19
1.41692308e+01 4.479207325488292e-19
1.42153846e+01 4.471929973280716e-19
1.42615385e+01 4.464687976669150e-19
1.43076923e+01 4.457481050297262e-19
1.43538462e+01 4.450308912022712e-19
1.44000000e+01 4.443171282870761e-19
1.44461538e+01 4.436067886988697e-19
1.44923077e+01 4.428998451601055e-19
1.45384615e+01 4.421962706965626e-19
1.45846154e+01 4.414960386330213e-19
1.46307692e+01 4.407991225890174e-19
1.46769231e+01 4.401054964746660e-19
1.47230769e+01 4.394151344865600e-19
1.47692308e+01 4.387280111037385e-19
1.48153846e+01 4.380441010837238e-19
1.48615385e+01 4.373633794586265e-19
1.49076923e+01 4.366858215313172e-19
1.49538462e+01 4.360114028716631e-19
1.50000000e+01 4.353400993128281e-19
1.50461538e+01 4.346718869476356e-19
1.50923077e+01 4.340067421249923e-19
1.51384615e+01 4.333446414463724e-19
1.51846154e+01 4.326855617623604e-19
1.52307692e+01 4.320294801692514e-19
1.52769231e+01 4.313763740057082e-19
1.53230769e+01 4.307262208494737e-19
1.53692308e+01 4.300789985141374e-19
1.54153846e+01 4.294346850459560e-19
1.54615385e+01 4.287932587207251e-19
1.55076923e+01 4.281546980407034e-19
1.55538462e+01 4.275189817315853e-19
1.56000000e+01 4.268860887395253e-19
1.56461538e+01 4.262559982282085e-19
1.56923077e+01 4.256286895759699e-19
1.57384615e+01 4.250041423729591e-19
1.57846154e+01 4.243823364183518e-19
1.58307692e+01 4.237632517176052e-19
1.58769231e+01 4.231468684797576e-19
1.59230769e+01 4.225331671147711e-19
1.59692308e+01 4.219221282309166e-19
1.60153846e+01 4.213137326322000e-19
1.60615385e+01 4.207079613158295e-19
1.61076923e+01 4.201047954697228e-19
1.61538462e+01 4.195042164700527e-19
1.62000000e+01 4.189062058788329e-19
1.62461538e+01 4.183107454415396e-19
1.62923077e+01 4.177178170847714e-19
1.63384615e+01 4.171274029139455e-19
1.63846154e+01 4.165394852110289e-19
1.64307692e+01 4.159540464323057e-19
1.64769231e+01 4.153710692061776e-19
1.65230769e+01 4.147905363309996e-19
1.65692308e+01 4.142124307729480e-19
1.66153846e+01 4.136367356639206e-19
1.66615385e+01 4.130634342994703e-19
1.67076923e+01 4.124925101367688e-19
1.67538462e+01 4.119239467926017e-19
1.68000000e+01 4.113577280413943e-19
1.68461538e+01 4.107938378132662e-19
1.68923077e+01 4.102322601921160e-19
1.69384615e+01 4.096729794137345e-19
1.69846154e+01 4.091159798639460e-19
1.70307692e+01 4.085612460767773e-19
1.70769231e+01 4.080087627326539e-19
1.71230769e+01 4.074585146566236e-19
1.71692308e+01 4.069104868166051e-19
1.72153846e+01 4.063646643216640e-19
1.72615385e+01 4.058210324203127e-19
1.73076923e+01 4.052795764988361e-19
1.73538462e+01 4.047402820796421e-19
1.74000000e+01 4.042031348196348e-19
1.74461538e+01 4.036681205086133e-19
1.74923077e+01 4.031352250676919e-19
1.75384615e+01 4.026044345477446e-19
1.75846154e+01 4.020757351278713e-19
1.76307692e+01 4.015491131138860e-19
1.76769231e+01 4.010245549368276e-19
1.77230769e+01 4.005020471514910e-19
1.77692308e+01 3.999815764349799e-19
1.78153846e+01 3.994631295852798e-19
1.78615385e+01 3.989466935198517e-19
1.79076923e+01 3.984322552742453e-19
1.79538462e+01 3.979198020007323e-19
1.80000000e+01 3.974093209669587e-19
1.80461538e+01 3.969007995546158e-19
1.80923077e+01 3.963942252581306e-19
1.81384615e+01 3.958895856833738e-19
1.81846154e+01 3.953868685463865e-19
1.82307692e+01 3.948860616721237e-19
1.82769231e+01 3.943871529932164e-19
1.83230769e+01 3.938901305487503e-19
1.83692308e+01 3.933949824830611e-19
1.84153846e+01 3.929016970445469e-19
1.84615385e+01 3.924102625844968e-19
1.85076923e+01 3.919206675559353e-19
1.85538462e+01 3.914329005124833e-19
1.86000000e+01 3.909469501072334e-19
1.86461538e+01 3.904628050916417e-19
1.86923077e+01 3.899804543144343e-19
1.87384615e+01 3.894998867205280e-19
1.87846154e+01 3.890210913499667e-19
1.88307692e+01 3.885440573368711e-19
1.88769231e+01 3.880687739084032e-19
1.89230769e+01 3.875952303837446e-19
1.89692308e+01 3.871234161730880e-19
1.90153846e+01 3.866533207766430e-19
1.90615385e+01 3.861849337836543e-19
1.91076923e+01 3.857182448714336e-19
1.91538462e+01 3.852532438044041e-19
1.92000000e+01 3.847899204331573e-19
1.92461538e+01 3.843282646935228e-19
1.92923077e+01 3.838682666056502e-19
1.93384615e+01 3.834099162731028e-19
1.93846154e+01 3.829532038819635e-19
1.94307692e+01 3.824981196999520e-19
1.94769231e+01 3.820446540755540e-19
1.95230769e+01 3.815927974371613e-19
1.95692308e+01 3.811425402922234e-19
1.96153846e+01 3.806938732264099e-19
1.96615385e+01 3.802467869027834e-19
1.97076923e+01 3.798012720609841e-19
1.97538462e+01 3.793573195164233e-19
1.98000000e+01 3.789149201594891e-19
1.98461538e+01 3.784740649547604e-19
1.98923077e+01 3.780347449402325e-19
1.99384615e+01 3.775969512265516e-19
1.99846154e+01 3.771606749962592e-19
2.00307692e+01 3.767259075030469e-19
2.00769231e+01 3.762926400710187e-19
2.01230769e+01 3.758608640939651e-19
2.01692308e+01 3.754305710346446e-19
2.02153846e+01 3.750017524240743e-19
2.02615385e+01 3.745743998608305e-19
2.03076923e+01 3.741485050103571e-19
2.03538462e+01 3.737240596042827e-19
2.04000000e+01 3.733010554397466e-19
2.04461538e+01 3.728794843787328e-19
2.04923077e+01 3.724593383474129e-19
2.05384615e+01 3.720406093354957e-19
2.05846154e+01 3.716232893955870e-19
2.06307692e+01 3.712073706425548e-19
2.06769231e+01 3.707928452529045e-19
2.07230769e+01 3.703797054641604e-19
2.07692308e+01 3.699679435742552e-19
2.08153846e+01 3.695575519409270e-19
2.08615385e+01 3.691485229811233e-19
2.09076923e+01 3.687408491704129e-19
2.09538462e+01 3.683345230424044e-19
2.10000000e+01 3.679295371881716e-19
2.10461538e+01 3.675258842556866e-19
2.10923077e+01 3.671235569492585e-19
2.11384615e+01 3.667225480289805e-19
2.11846154e+01 3.663228503101817e-19
2.12307692e+01 3.659244566628874e-19
2.12769231e+01 3.655273600112840e-19
2.13230769e+01 3.651315533331921e-19
2.13692308e+01 3.647370296595441e-19
2.14153846e+01 3.643437820738693e-19
2.14615385e+01 3.639518037117845e-19
2.15076923e+01 3.635610877604906e-19
2.15538462e+01 3.631716274582759e-19
2.16000000e+01 3.627834160940234e-19
2.16461538e+01 3.623964470067265e-19
2.16923077e+01 3.620107135850078e-19
2.17384615e+01 3.616262092666455e-19
2.17846154e+01 3.612429275381039e-19
2.18307692e+01 3.608608619340704e-19
2.18769231e+01 3.604800060369971e-19
2.19230769e+01 3.601003534766487e-19
2.19692308e+01 3.597218979296540e-19
2.20153846e+01 3.593446331190642e-19
2.20615385e+01 3.589685528139156e-19
2.21076923e+01 3.585936508287974e-19
2.21538462e+01 3.582199210234240e-19
2.22000000e+01 3.578473573022131e-19
2.22461538e+01 3.574759536138678e-19
2.22923077e+01 3.571057039509641e-19
2.23384615e+01 3.567366023495425e-19
2.23846154e+01 3.563686428887047e-19
2.24307692e+01 3.560018196902143e-19
2.24769231e+01 3.556361269181030e-19
2.25230769e+01 3.552715587782801e-19
2.25692308e+01 3.549081095181475e-19
2.26153846e+01 3.545457734262176e-19
2.26615385e+01 3.541845448317373e-19
2.27076923e+01 3.538244181043144e-19
2.27538462e+01 3.534653876535495e-19
2.28000000e+01 3.531074479286714e-19
2.28461538e+01 3.527505934181766e-19
2.28923077e+01 3.523948186494729e-19
2.29384615e+01 3.520401181885271e-19
2.29846154e+01 3.516864866395158e-19
2.30307692e+01 3.513339186444815e-19
2.30769231e+01 3.509824088829908e-19
2.31230769e+01 3.506319520717980e-19
2.31692308e+01 3.502825429645106e-19
2.32153846e+01 3.499341763512606e-19
2.32615385e+01 3.495868470583772e-19
2.33076923e+01 3.492405499480648e-19
2.33538462e+01 3.488952799180832e-19
2.34000000e+01 3.485510319014322e-19
2.34461538e+01 3.482078008660397e-19
2.34923077e+01 3.478655818144518e-19
2.35384615e+01 3.475243697835279e-19
2.35846154e+01 3.471841598441381e-19
2.36307692e+01 3.468449471008643e-19
2.36769231e+01 3.465067266917042e-19
2.37230769e+01 3.461694937877787e-19
2.37692308e+01 3.458332435930421e-19
2.38153846e+01 3.454979713439962e-19
2.38615385e+01 3.451636723094061e-19
2.39076923e+01 3.448303417900202e-19
2.39538462e+01 3.444979751182930e-19
2.40000000e+01 3.441665676581099e-19
2.40461538e+01 3.438361148045165e-19
2.40923077e+01 3.435066119834489e-19
2.41384615e+01 3.431780546514683e-19
2.41846154e+01 3.428504382954980e-19
2.42307692e+01 3.425237584325627e-19
2.42769231e+01 3.421980106095310e-19
2.43230769e+01 3.418731904028605e-19
2.43692308e+01 3.415492934183455e-19
2.44153846e+01 3.412263152908668e-19
2.44615385e+01 3.409042516841457e-19
2.45076923e+01 3.405830982904985e-19
2.45538462e+01 3.402628508305949e-19
2.46000000e+01 3.399435050532186e-19
2.46461538e+01 3.396250567350301e-19
2.46923077e+01 3.393075016803321e-19
2.47384615e+01 3.389908357208374e-19
2.47846154e+01 3.386750547154389e-19
2.48307692e+01 3.383601545499828e-19
2.48769231e+01 3.380461311370426e-19
2.49230769e+01 3.377329804156968e-19
2.49692308e+01 3.374206983513082e-19
2.50153846e+01 3.371092809353053e-19
2.50615385e+01 3.367987241849671e-19
2.51076923e+01 3.364890241432079e-19
2.51538462e+01 3.361801768783664e-19
2.52000000e+01 3.358721784839958e-19
2.52461538e+01 3.355650250786564e-19
2.52923077e+01 3.352587128057098e-19
2.53384615e+01 3.349532378331160e-19
2.53846154e+01 3.346485963532316e-19
2.54307692e+01 3.343447845826109e-19
2.54769231e+01 3.340417987618083e-19
2.55230769e+01 3.337396351551827e-19
2.55692308e+01 3.334382900507044e-19
2.56153846e+01 3.331377597597637e-19
2.56615385e+01 3.328380406169807e-19
2.57076923e+01 3.325391289800179e-19
2.57538462e+01 3.322410212293946e-19
2.58000000e+01 3.319437137683021e-19
2.58461538e+01 3.316472030224219e-19
2.58923077e+01 3.313514854397451e-19
2.59384615e+01 3.310565574903940e-19
2.59846154e+01 3.307624156664444e-19
2.60307692e+01 3.304690564817511e-19
2.60769231e+01 3.301764764717740e-19
2.61230769e+01 3.298846721934061e-19
2.61692308e+01 3.295936402248040e-19
2.62153846e+01 3.293033771652185e-19
2.62615385e+01 3.290138796348281e-19
2.63076923e+01 3.287251442745739e-19
2.63538462e+01 3.284371677459958e-19
2.64000000e+01 3.281499467310699e-19
2.64461538e+01 3.278634779320486e-19
2.64923077e+01 3.275777580713013e-19
2.65384615e+01 3.272927838911568e-19
2.65846154e+01 3.270085521537473e-19
2.66307692e+01 3.267250596408542e-19
2.66769231e+01 3.264423031537546e-19
2.67230769e+01 3.261602795130701e-19
2.67692308e+01 3.258789855586164e-19
2.68153846e+01 3.255984181492546e-19
2.68615385e+01 3.253185741627442e-19
2.69076923e+01 3.250394504955966e-19
2.69538462e+01 3.247610440629310e-19
2.70000000e+01 3.244833517983310e-19
2.70461538e+01 3.242063706537029e-19
2.70923077e+01 3.239300975991350e-19
2.71384615e+01 3.236545296227585e-19
2.71846154e+01 3.233796637306095e-19
2.72307692e+01 3.231054969464924e-19
2.72769231e+01 3.228320263118448e-19
2.73230769e+01 3.225592488856030e-19
2.73692308e+01 3.222871617440696e-19
2.74153846e+01 3.220157619807812e-19
2.74615385e+01 3.217450467063788e-19
2.75076923e+01 3.214750130484783e-19
2.75538462e+01 3.212056581515420e-19
2.76000000e+01 3.209369791767528e-19
2.76461538e+01 3.206689733018875e-19
2.76923077e+01 3.204016377211928e-19
2.77384615e+01 3.201349696452621e-19
2.77846154e+01 3.198689663009127e-19
2.78307692e+01 3.196036249310653e-19
2.78769231e+01 3.193389427946236e-19
2.79230769e+01 3.190749171663553e-19
2.79692308e+01 3.188115453367745e-19
2.80153846e+01 3.185488246120250e-19
2.80615385e+01 3.182867523137638e-19
2.81076923e+01 3.180253257790477e-19
2.81538462e+01 3.177645423602186e-19
2.82000000e+01 3.175043994247913e-19
2.82461538e+01 3.172448943553416e-19
2.82923077e+01 3.169860245493963e-19
2.83384615e+01 3.167277874193230e-19
2.83846154e+01 3.164701803922217e-19
2.84307692e+01 3.162132009098170e-19
2.84769231e+01 3.159568464283516e-19
2.85230769e+01 3.157011144184803e-19
2.85692308e+01 3.154460023651654e-19
2.86153846e+01 3.151915077675729e-19
2.86615385e+01 3.149376281389690e-19
2.87076923e+01 3.146843610066186e-19
2.87538462e+01 3.144317039116841e-19
2.88000000e+01 3.141796544091247e-19
2.88461538e+01 3.139282100675974e-19
2.88923077e+01 3.136773684693586e-19
2.89384615e+01 3.134271272101662e-19
2.89846154e+01 3.131774838991826e-19
2.90307692e+01 3.129284361588793e-19
2.90769231e+01 3.126799816249416e-19
2.91230769e+01 3.124321179461740e-19
2.91692308e+01 3.121848427844074e-19
2.92153846e+01 3.119381538144056e-19
2.92615385e+01 3.116920487237745e-19
2.93076923e+01 3.114465252128700e-19
2.93538462e+01 3.112015809947085e-19
2.94000000e+01 3.109572137948772e-19
2.94461538e+01 3.107134213514454e-19
2.94923077e+01 3.104702014148764e-19
2.95384615e+01 3.102275517479405e-19
2.95846154e+01 3.099854701256286e-19
2.96307692e+01 3.097439543350666e-19
2.96769231e+01 3.095030021754299e-19
2.97230769e+01 3.092626114578599e-19
2.97692308e+01 3.090227800053800e-19
2.98153846e+01 3.087835056528128e-19
2.98615385e+01 3.085447862466985e-19
2.99076923e+01 3.083066196452127e-19
2.99538462e+01 3.080690037180865e-19
3.00000000e+01 3.078319363465258e-19
3.00461538e+01 3.075954154231325e-19
3.00923077e+01 3.073594388518255e-19
3.01384615e+01 3.071240045477625e-19
3.01846154e+01 3.068891104372632e-19
3.02307692e+01 3.066547544577322e-19
3.02769231e+01 3.064209345575830e-19
3.03230769e+01 3.061876486961623e-19
3.03692308e+01 3.059548948436758e-19
3.04153846e+01 3.057226709811136e-19
3.04615385e+01 3.054909751001768e-19
3.05076923e+01 3.052598052032042e-19
3.05538462e+01 3.050291593031006e-19
3.06000000e+01 3.047990354232645e-19
3.06461538e+01 3.045694315975173e-19
3.06923077e+01 3.043403458700324e-19
3.07384615e+01 3.041117762952656e-19
3.07846154e+01 3.038837209378855e-19
3.08307692e+01 3.036561778727048e-19
3.08769231e+01 3.034291451846116e-19
3.09230769e+01 3.032026209685025e-19
3.09692308e+01 3.029766033292147e-19
3.10153846e+01 3.027510903814600e-19
3.10615385e+01 3.025260802497581e-19
3.11076923e+01 3.023015710683717e-19
3.11538462e+01 3.020775609812412e-19
3.12000000e+01 3.018540481419206e-19
3.12461538e+01 3.016310307135129e-19
3.12923077e+01 3.014085068686073e-19
3.13384615e+01 3.011864747892160e-19
3.13846154e+01 3.009649326667123e-19
3.14307692e+01 3.007438787017679e-19
3.14769231e+01 3.005233111042923e-19
3.15230769e+01 3.003032280933713e-19
3.15692308e+01 3.000836278972073e-19
3.16153846e+01 2.998645087530586e-19
3.16615385e+01 2.996458689071805e-19
3.17076923e+01 2.994277066147663e-19
3.17538462e+01 2.992100201398887e-19
3.18000000e+01 2.989928077554418e-19
3.18461538e+01 2.987760677430834e-19
3.18923077e+01 2.985597983931782e-19
3.19384615e+01 2.983439980047412e-19
3.19846154e+01 2.981286648853810e-19
3.20307692e+01 2.979137973512447e-19
3.20769231e+01 2.976993937269619e-19
3.21230769e+01 2.974854523455908e-19
3.21692308e+01 2.972719715485626e-19
3.22153846e+01 2.970589496856285e-19
3.22615385e+01 2.968463851148056e-19
3.23076923e+01 2.966342762023237e-19
3.23538462e+01 2.964226213225727e-19
3.24000000e+01 2.962114188580507e-19
3.24461538e+01 2.960006671993112e-19
3.24923077e+01 2.957903647449123e-19
3.25384615e+01 2.955805099013652e-19
3.25846154e+01 2.953711010830837e-19
3.26307692e+01 2.951621367123339e-19
3.26769231e+01 2.949536152191841e-19
3.27230769e+01 2.947455350414553e-19
3.27692308e+01 2.945378946246722e-19
3.28153846e+01 2.943306924220143e-19
3.28615385e+01 2.941239268942674e-19
3.29076923e+01 2.939175965097759e-19
3.29538462e+01 2.937116997443949e-19
3.30000000e+01 2.935062350814428e-19
3.30461538e+01 2.933012010116548e-19
3.30923077e+01 2.930965960331360e-19
3.31384615e+01 2.928924186513149e-19
3.31846154e+01 2.926886673788984e-19
3.32307692e+01 2.924853407358257e-19
3.32769231e+01 2.922824372492231e-19
3.33230769e+01 2.920799554533594e-19
3.33692308e+01 2.918778938896015e-19
3.34153846e+01 2.916762511063699e-19
3.34615385e+01 2.914750256590954e-19
3.35076923e+01 2.912742161101753e-19
3.35538462e+01 2.910738210289302e-19
3.36000000e+01 2.908738389915615e-19
3.36461538e+01 2.906742685811088e-19
3.36923077e+01 2.904751083874073e-19
3.37384615e+01 2.902763570070468e-19
3.37846154e+01 2.900780130433294e-19
3.38307692e+01 2.898800751062286e-19
3.38769231e+01 2.896825418123485e-19
3.39230769e+01 2.894854117848830e-19
3.39692308e+01 2.892886836535752e-19
3.40153846e+01 2.890923560546783e-19
3.40615385e+01 2.888964276309149e-19
3.41076923e+01 2.887008970314382e-19
3.41538462e+01 2.885057629117927e-19
3.42000000e+01 2.883110239338752e-19
3.42461538e+01 2.881166787658968e-19
3.42923077e+01 2.879227260823438e-19
3.43384615e+01 2.877291645639407e-19
3.43846154e+01 2.875359928976117e-19
3.44307692e+01 2.873432097764437e-19
3.44769231e+01 2.871508138996491e-19
3.45230769e+01 2.869588039725289e-19
3.45692308e+01 2.867671787064360e-19
3.46153846e+01 2.865759368187392e-19
3.46615385e+01 2.863850770327868e-19
3.47076923e+01 2.861945980778710e-19
3.47538462e+01 2.860044986891922e-19
3.48000000e+01 2.858147776078241e-19
3.48461538e+01 2.856254335806780e-19
3.48923077e+01 2.854364653604689e-19
3.49384615e+01 2.852478717056802e-19
3.49846154e+01 2.850596513805300e-19
3.50307692e+01 2.848718031549368e-19
3.50769231e+01 2.846843258044858e-19
3.51230769e+01 2.844972181103954e-19
3.51692308e+01 2.843104788594839e-19
3.52153846e+01 2.841241068441366e-19
3.52615385e+01 2.839381008622728e-19
3.53076923e+01 2.837524597173132e-19
3.53538462e+01 2.835671822181480e-19
3.54000000e+01 2.833822671791040e-19
3.54461538e+01 2.831977134199137e-19
3.54923077e+01 2.830135197656829e-19
3.55384615e+01 2.828296850468596e-19
3.55846154e+01 2.826462080992030e-19
3.56307692e+01 2.824630877637519e-19
3.56769231e+01 2.822803228867948e-19
3.57230769e+01 2.820979123198384e-19
3.57692308e+01 2.819158549195784e-19
3.58153846e+01 2.817341495478684e-19
3.58615385e+01 2.815527950716907e-19
3.59076923e+01 2.813717903631262e-19
3.59538462e+01 2.811911342993250e-19
3.60000000e+01 2.810108257624777e-19
3.60461538e+01 2.808308636397853e-19
3.60923077e+01 2.806512468234315e-19
3.61384615e+01 2.804719742105530e-19
3.61846154e+01 2.802930447032120e-19
3.62307692e+01 2.801144572083673e-19
3.62769231e+01 2.799362106378464e-19
3.63230769e+01 2.797583039083180e-19
3.63692308e+01 2.795807359412639e-19
3.64153846e+01 2.794035056629518e-19
3.64615385e+01 2.792266120044078e-19
3.65076923e+01 2.790500539013897e-19
3.65538462e+01 2.788738302943597e-19
3.66000000e+01 2.786979401284579e-19
3.66461538e+01 2.785223823534758e-19
3.66923077e+01 2.783471559238299e-19
3.67384615e+01 2.781722597985356e-19
3.67846154e+01 2.779976929411811e-19
3.68307692e+01 2.778234543199016e-19
3.68769231e+01 2.776495429073541e-19
3.69230769e+01 2.774759576806914e-19
3.69692308e+01 2.773026976215371e-19
3.70153846e+01 2.771297617159604e-19
3.70615385e+01 2.769571489544514e-19
3.71076923e+01 2.767848583318962e-19
3.71538462e+01 2.766128888475521e-19
3.72000000e+01 2.764412395050236e-19
3.72461538e+01 2.762699093122379e-19
3.72923077e+01 2.760988972814210e-19
3.73384615e+01 2.759282024290735e-19
3.73846154e+01 2.757578237759471e-19
3.74307692e+01 2.755877603470207e-19
3.74769231e+01 2.754180111714775e-19
3.75230769e+01 2.752485752826811e-19
3.75692308e+01 2.750794517181528e-19
3.76153846e+01 2.749106395195487e-19
3.76615385e+01 2.747421377326363e-19
3.77076923e+01 2.745739454072725e-19
3.77538462e+01 2.744060615973810e-19
3.78000000e+01 2.742384853609295e-19
3.78461538e+01 2.740712157599080e-19
3.78923077e+01 2.739042518603062e-19
3.79384615e+01 2.737375927320925e-19
3.79846154e+01 2.735712374491912e-19
3.80307692e+01 2.734051850894616e-19
3.80769231e+01 2.732394347346763e-19
3.81230769e+01 2.730739854704998e-19
3.81692308e+01 2.729088363864673e-19
3.82153846e+01 2.727439865759640e-19
3.82615385e+01 2.725794351362037e-19
3.83076923e+01 2.724151811682085e-19
3.83538462e+01 2.722512237767876e-19
3.84000000e+01 2.720875620705176e-19
3.84461538e+01 2.719241951617214e-19
3.84923077e+01 2.717611221664483e-19
3.85384615e+01 2.715983422044541e-19
3.85846154e+01 2.714358543991808e-19
3.86307692e+01 2.712736578777368e-19
3.86769231e+01 2.711117517708774e-19
3.87230769e+01 2.709501352129853e-19
3.87692308e+01 2.707888073420509e-19
3.88153846e+01 2.706277672996530e-19
3.88615385e+01 2.704670142309398e-19
3.89076923e+01 2.703065472846099e-19
3.89538462e+01 2.701463656128930e-19
3.90000000e+01 2.699864683715314e-19
3.90461538e+01 2.698268547197614e-19
3.90923077e+01 2.696675238202942e-19
3.91384615e+01 2.695084748392981e-19
3.91846154e+01 2.693497069463798e-19
3.92307692e+01 2.691912193145663e-19
3.92769231e+01 2.690330111202867e-19
3.93230769e+01 2.688750815433543e-19
3.93692308e+01 2.687174297669489e-19
3.94153846e+01 2.685600549775987e-19
3.94615385e+01 2.684029563651631e-19
3.95076923e+01 2.682461331228148e-19
3.95538462e+01 2.680895844470226e-19
3.96000000e+01 2.679333095375340e-19
3.96461538e+01 2.677773075973583e-19
3.96923077e+01 2.676215778327490e-19
3.97384615e+01 2.674661194531873e-19
3.97846154e+01 2.673109316713653e-19
3.98307692e+01 2.671560137031687e-19
3.98769231e+01 2.670013647676607e-19
3.99230769e+01 2.668469840870652e-19
3.99692308e+01 2.666928708867504e-19
4.00153846e+01 2.665390243952129e-19
4.00615385e+01 2.663854438440605e-19
4.01076923e+01 2.662321284679971e-19
4.01538462e+01 2.660790775048061e-19
4.02000000e+01 2.659262901953347e-19
4.02461538e+01 2.657737657834781e-19
4.02923077e+01 2.656215035161635e-19
4.03384615e+01 2.654695026433350e-19
4.03846154e+01 2.653177624179375e-19
4.04307692e+01 2.651662820959017e-19
4.04769231e+01 2.650150609361288e-19
4.05230769e+01 2.648640982004746e-19
4.05692308e+01 2.647133931537355e-19
4.06153846e+01 2.645629450636325e-19
4.06615385e+01 2.644127532007965e-19
4.07076923e+01 2.642628168387537e-19
4.07538462e+01 2.641131352539109e-19
4.08000000e+01 2.639637077255401e-19
4.08461538e+01 2.638145335357648e-19
4.08923077e+01 2.636656119695453e-19
4.09384615e+01 2.635169423146637e-19
4.09846154e+01 2.633685238617103e-19
4.10307692e+01 2.632203559040693e-19
4.10769231e+01 2.630724377379041e-19
4.11230769e+01 2.629247686621443e-19
4.11692308e+01 2.627773479784703e-19
4.12153846e+01 2.626301749913009e-19
4.12615385e+01 2.624832490077786e-19
4.13076923e+01 2.623365693377562e-19
4.13538462e+01 2.621901352937829e-19
4.14000000e+01 2.620439461910915e-19
4.14461538e+01 2.618980013475840e-19
4.14923077e+01 2.617523000838190e-19
4.15384615e+01 2.616068417229978e-19
4.15846154e+01 2.614616255909519e-19
4.16307692e+01 2.613166510161292e-19
4.16769231e+01 2.611719173295812e-19
4.17230769e+01 2.610274238649504e-19
4.17692308e+01 2.608831699584565e-19
4.18153846e+01 2.607391549488849e-19
4.18615385e+01 2.605953781775727e-19
4.19076923e+01 2.604518389883968e-19
4.19538462e+01 2.603085367277611e-19
4.20000000e+01 2.601654707445842e-19
4.20461538e+01 2.600226403902864e-19
4.20923077e+01 2.598800450187782e-19
4.21384615e+01 2.597376839864471e-19
4.21846154e+01 2.595955566521464e-19
4.22307692e+01 2.594536623771821e-19
4.22769231e+01 2.593120005253014e-19
4.23230769e+01 2.591705704626809e-19
4.23692308e+01 2.590293715579141e-19
4.24153846e+01 2.588884031819998e-19
4.24615385e+01 2.587476647083306e-19
4.25076923e+01 2.586071555126809e-19
4.25538462e+01 2.584668749731954e-19
4.26000000e+01 2.583268224703774e-19
4.26461538e+01 2.581869973870777e-19
4.26923077e+01 2.580473991084824e-19
4.27384615e+01 2.579080270221026e-19
4.27846154e+01 2.577688805177620e-19
4.28307692e+01 2.576299589875866e-19
4.28769231e+01 2.574912618259932e-19
4.29230769e+01 2.573527884296781e-19
4.29692308e+01 2.572145381976062e-19
4.30153846e+01 2.570765105310004e-19
4.30615385e+01 2.569387048333303e-19
4.31076923e+01 2.568011205103014e-19
4.31538462e+01 2.566637569698444e-19
4.32000000e+01 2.565266136221048e-19
4.32461538e+01 2.563896898794317e-19
4.32923077e+01 2.562529851563676e-19
4.33384615e+01 2.561164988696378e-19
4.33846154e+01 2.559802304381400e-19
4.34307692e+01 2.558441792829339e-19
4.34769231e+01 2.557083448272306e-19
4.35230769e+01 2.555727264963826e-19
4.35692308e+01 2.554373237178739e-19
4.36153846e+01 2.553021359213090e-19
4.36615385e+01 2.551671625384036e-19
4.37076923e+01 2.550324030029743e-19
4.37538462e+01 2.548978567509283e-19
4.38000000e+01 2.547635232202541e-19
4.38461538e+01 2.546294018510110e-19
4.38923077e+01 2.544954920853201e-19
4.39384615e+01 2.543617933673533e-19
4.39846154e+01 2.542283051433253e-19
4.40307692e+01 2.540950268614823e-19
4.40769231e+01 2.539619579720934e-19
4.41230769e+01 2.538290979274410e-19
4.41692308e+01 2.536964461818111e-19
4.42153846e+01 2.535640021914837e-19
4.42615385e+01 2.534317654147239e-19
4.43076923e+01 2.532997353117726e-19
4.43538462e+01 2.531679113448366e-19
4.44000000e+01 2.530362929780803e-19
4.44461538e+01 2.529048796776155e-19
4.44923077e+01 2.527736709114937e-19
4.45384615e+01 2.526426661496953e-19
4.45846154e+01 2.525118648641224e-19
4.46307692e+01 2.523812665285885e-19
4.46769231e+01 2.522508706188104e-19
4.47230769e+01 2.521206766123989e-19
4.47692308e+01 2.519906839888501e-19
4.48153846e+01 2.518608922295373e-19
4.48615385e+01 2.517313008177011e-19
4.49076923e+01 2.516019092384417e-19
4.49538462e+01 2.514727169787103e-19
4.50000000e+01 2.513437235272997e-19
4.50461538e+01 2.512149283748370e-19
4.50923077e+01 2.510863310137741e-19
4.51384615e+01 2.509579309383800e-19
4.51846154e+01 2.508297276447320e-19
4.52307692e+01 2.507017206307077e-19
4.52769231e+01 2.505739093959768e-19
4.53230769e+01 2.504462934419922e-19
4.53692308e+01 2.503188722719829e-19
4.54153846e+01 2.501916453909449e-19
4.54615385e+01 2.500646123056339e-19
4.55076923e+01 2.499377725245566e-19
4.55538462e+01 2.498111255579632e-19
4.56000000e+01 2.496846709178393e-19
4.56461538e+01 2.495584081178978e-19
4.56923077e+01 2.494323366735714e-19
4.57384615e+01 2.493064561020046e-19
4.57846154e+01 2.491807659220460e-19
4.58307692e+01 2.490552656542403e-19
4.58769231e+01 2.489299548208212e-19
4.59230769e+01 2.488048329457030e-19
4.59692308e+01 2.486798995544738e-19
4.60153846e+01 2.485551541743874e-19
4.60615385e+01 2.484305963343557e-19
4.61076923e+01 2.483062255649418e-19
4.61538462e+01 2.481820413983524e-19
4.62000000e+01 2.480580433684296e-19
4.62461538e+01 2.479342310106449e-19
4.62923077e+01 2.478106038620906e-19
4.63384615e+01 2.476871614614736e-19
4.63846154e+01 2.475639033491075e-19
4.64307692e+01 2.474408290669056e-19
4.64769231e+01 2.473179381583736e-19
4.65230769e+01 2.471952301686030e-19
4.65692308e+01 2.470727046442634e-19
4.66153846e+01 2.469503611335957e-19
4.66615385e+01 2.468281991864055e-19
4.67076923e+01 2.467062183540553e-19
4.67538462e+01 2.465844181894583e-19
4.68000000e+01 2.464627982470714e-19
4.68461538e+01 2.463413580828881e-19
4.68923077e+01 2.462200972544317e-19
4.69384615e+01 2.460990153207489e-19
4.69846154e+01 2.459781118424026e-19
4.70307692e+01 2.458573863814657e-19
4.70769231e+01 2.457368385015139e-19
4.71230769e+01 2.456164677676194e-19
4.71692308e+01 2.454962737463443e-19
4.72153846e+01 2.453762560057339e-19
4.72615385e+01 2.452564141153105e-19
4.73076923e+01 2.451367476460663e-19
4.73538462e+01 2.450172561704577e-19
4.74000000e+01 2.448979392623983e-19
4.74461538e+01 2.447787964972527e-19
4.74923077e+01 2.446598274518305e-19
4.75384615e+01 2.445410317043792e-19
4.75846154e+01 2.444224088345789e-19
4.76307692e+01 2.443039584235352e-19
4.76769231e+01 2.441856800537734e-19
4.77230769e+01 2.440675733092324e-19
4.77692308e+01 2.439496377752582e-19
4.78153846e+01 2.438318730385982e-19
4.78615385e+01 2.437142786873948e-19
4.79076923e+01 2.435968543111795e-19
4.79538462e+01 2.434795995008668e-19
4.80000000e+01 2.433625138487483e-19
4.80461538e+01 2.432455969484867e-19
4.80923077e+01 2.431288483951099e-19
4.81384615e+01 2.430122677850050e-19
4.81846154e+01 2.428958547159129e-19
4.82307692e+01 2.427796087869214e-19
4.82769231e+01 2.426635295984608e-19
4.83230769e+01 2.425476167522971e-19
4.83692308e+01 2.424318698515266e-19
4.84153846e+01 2.423162885005703e-19
4.84615385e+01 2.422008723051680e-19
4.85076923e+01 2.420856208723728e-19
4.85538462e+01 2.419705338105455e-19
4.86000000e+01 2.418556107293490e-19
4.86461538e+01 2.417408512397424e-19
4.86923077e+01 2.416262549539762e-19
4.87384615e+01 2.415118214855859e-19
4.87846154e+01 2.413975504493873e-19
4.88307692e+01 2.412834414614708e-19
4.88769231e+01 2.411694941391956e-19
4.89230769e+01 2.410557081011849e-19
4.89692308e+01 2.409420829673202e-19
4.90153846e+01 2.408286183587359e-19
4.90615385e+01 2.407153138978144e-19
4.91076923e+01 2.406021692081803e-19
4.91538462e+01 2.404891839146957e-19
4.92000000e+01 2.403763576434543e-19
4.92461538e+01 2.402636900217769e-19
4.92923077e+01 2.401511806782057e-19
4.93384615e+01 2.400388292424997e-19
4.93846154e+01 2.399266353456287e-19
4.94307692e+01 2.398145986197693e-19
4.94769231e+01 2.397027186982990e-19
4.95230769e+01 2.395909952157916e-19
4.95692308e+01 2.394794278080119e-19
4.96153846e+01 2.393680161119110e-19
4.96615385e+01 2.392567597656211e-19
4.97076923e+01 2.391456584084508e-19
4.97538462e+01 2.390347116808797e-19
4.98000000e+01 2.389239192245544e-19
4.98461538e+01 2.388132806822827e-19
4.98923077e+01 2.387027956980291e-19
4.99384615e+01 2.385924639169105e-19
4.99846154e+01 2.384822849851905e-19
5.00307692e+01 2.383722585502753e-19
5.00769231e+01 2.382623842607088e-19
5.01230769e+01 2.381526617661679e-19
5.01692308e+01 2.380430907174574e-19
5.02153846e+01 2.379336707665062e-19
5.02615385e+01 2.378244015663617e-19
5.03076923e+01 2.377152827711858e-19
5.03538462e+01 2.376063140362503e-19
5.04000000e+01 2.374974950179319e-19
5.04461538e+01 2.373888253737079e-19
5.04923077e+01 2.372803047621518e-19
5.05384615e+01 2.371719328429287e-19
5.05846154e+01 2.370637092767906e-19
5.06307692e+01 2.369556337255723e-19
5.06769231e+01 2.368477058521868e-19
5.07230769e+01 2.367399253206205e-19
5.07692308e+01 2.366322917959298e-19
5.08153846e+01 2.365248049442356e-19
5.08615385e+01 2.364174644327197e-19
5.09076923e+01 2.363102699296200e-19
5.09538462e+01 2.362032211042267e-19
5.10000000e+01 2.360963176268776e-19
5.10461538e+01 2.359895591689540e-19
5.10923077e+01 2.358829454028763e-19
5.11384615e+01 2.357764760021000e-19
5.11846154e+01 2.356701506411116e-19
5.12307692e+01 2.355639689954238e-19
5.12769231e+01 2.354579307415723e-19
5.13230769e+01 2.353520355571106e-19
5.13692308e+01 2.352462831206067e-19
5.14153846e+01 2.351406731116387e-19
5.14615385e+01 2.350352052107906e-19
5.15076923e+01 2.349298790996486e-19
5.15538462e+01 2.348246944607967e-19
5.16000000e+01 2.347196509778128e-19
5.16461538e+01 2.346147483352646e-19
5.16923077e+01 2.345099862187062e-19
5.17384615e+01 2.344053643146732e-19
5.17846154e+01 2.343008823106793e-19
5.18307692e+01 2.341965398952128e-19
5.18769231e+01 2.340923367577317e-19
5.19230769e+01 2.339882725886606e-19
5.19692308e+01 2.338843470793864e-19
5.20153846e+01 2.337805599222549e-19
5.20615385e+01 2.336769108105664e-19
5.21076923e+01 2.335733994385725e-19
5.21538462e+01 2.334700255014720e-19
5.22000000e+01 2.333667886954067e-19
5.22461538e+01 2.332636887174588e-19
5.22923077e+01 2.331607252656459e-19
5.23384615e+01 2.330578980389182e-19
5.23846154e+01 2.329552067371541e-19
5.24307692e+01 2.328526510611573e-19
5.24769231e+01 2.327502307126523e-19
5.25230769e+01 2.326479453942815e-19
5.25692308e+01 2.325457948096010e-19
5.26153846e+01 2.324437786630774e-19
5.26615385e+01 2.323418966600840e-19
5.27076923e+01 2.322401485068973e-19
5.27538462e+01 2.321385339106931e-19
5.28000000e+01 2.320370525795439e-19
5.28461538e+01 2.319357042224141e-19
5.28923077e+01 2.318344885491576e-19
5.29384615e+01 2.317334052705136e-19
5.29846154e+01 2.316324540981035e-19
5.30307692e+01 2.315316347444273e-19
5.30769231e+01 2.314309469228602e-19
5.31230769e+01 2.313303903476492e-19
5.31692308e+01 2.312299647339095e-19
5.32153846e+01 2.311296697976216e-19
5.32615385e+01 2.310295052556272e-19
5.33076923e+01 2.309294708256265e-19
5.33538462e+01 2.308295662261746e-19
5.34000000e+01 2.307297911766781e-19
5.34461538e+01 2.306301453973916e-19
5.34923077e+01 2.305306286094154e-19
5.35384615e+01 2.304312405346907e-19
5.35846154e+01 2.303319808959975e-19
5.36307692e+01 2.302328494169510e-19
5.36769231e+01 2.301338458219983e-19
5.37230769e+01 2.300349698364152e-19
5.37692308e+01 2.299362211863030e-19
5.38153846e+01 2.298375995985855e-19
5.38615385e+01 2.297391048010054e-19
5.39076923e+01 2.296407365221217e-19
5.39538462e+01 2.295424944913061e-19
5.40000000e+01 2.294443784387400e-19
5.40461538e+01 2.293463880954116e-19
5.40923077e+01 2.292485231931127e-19
5.41384615e+01 2.291507834644351e-19
5.41846154e+01 2.290531686427686e-19
5.42307692e+01 2.289556784622967e-19
5.42769231e+01 2.288583126579949e-19
5.43230769e+01 2.287610709656262e-19
5.43692308e+01 2.286639531217394e-19
5.44153846e+01 2.285669588636653e-19
5.44615385e+01 2.284700879295141e-19
5.45076923e+01 2.283733400581722e-19
5.45538462e+01 2.282767149892994e-19
5.46000000e+01 2.281802124633259e-19
5.46461538e+01 2.280838322214492e-19
5.46923077e+01 2.279875740056317e-19
5.47384615e+01 2.278914375585972e-19
5.47846154e+01 2.277954226238283e-19
5.48307692e+01 2.276995289455636e-19
5.48769231e+01 2.276037562687945e-19
5.49230769e+01 2.275081043392629e-19
5.49692308e+01 2.274125729034578e-19
5.50153846e+01 2.273171617086128e-19
5.50615385e+01 2.272218705027033e-19
5.51076923e+01 2.271266990344435e-19
5.51538462e+01 2.270316470532837e-19
5.52000000e+01 2.269367143094077e-19
5.52461538e+01 2.268419005537299e-19
5.52923077e+01 2.267472055378926e-19
5.53384615e+01 2.266526290142630e-19
5.53846154e+01 2.265581707359310e-19
5.54307692e+01 2.264638304567059e-19
5.54769231e+01 2.263696079311144e-19
5.55230769e+01 2.262755029143971e-19
5.55692308e+01 2.261815151625066e-19
5.56153846e+01 2.260876444321044e-19
5.56615385e+01 2.259938904805583e-19
5.57076923e+01 2.259002530659397e-19
5.57538462e+01 2.258067319470213e-19
5.58000000e+01 2.257133268832744e-19
5.58461538e+01 2.256200376348658e-19
5.58923077e+01 2.255268639626559e-19
5.59384615e+01 2.254338056281957e-19
5.59846154e+01 2.253408623937245e-19
5.60307692e+01 2.252480340221670e-19
5.60769231e+01 2.251553202771312e-19
5.61230769e+01 2.250627209229054e-19
5.61692308e+01 2.249702357244562e-19
5.62153846e+01 2.248778644474256e-19
5.62615385e+01 2.247856068581285e-19
5.63076923e+01 2.246934627235505e-19
5.63538462e+01 2.246014318113453e-19
5.64000000e+01 2.245095138898320e-19
5.64461538e+01 2.244177087279932e-19
5.64923077e+01 2.243260160954719e-19
5.65384615e+01 2.242344357625696e-19
5.65846154e+01 2.241429675002435e-19
5.66307692e+01 2.240516110801046e-19
5.66769231e+01 2.239603662744146e-19
5.67230769e+01 2.238692328560841e-19
5.67692308e+01 2.237782105986699e-19
5.68153846e+01 2.236872992763730e-19
5.68615385e+01 2.235964986640358e-19
5.69076923e+01 2.235058085371399e-19
5.69538462e+01 2.234152286718040e-19
5.70000000e+01 2.233247588447814e-19
5.70461538e+01 2.232343988334575e-19
5.70923077e+01 2.231441484158481e-19
5.71384615e+01 2.230540073705962e-19
5.71846154e+01 2.229639754769706e-19
5.72307692e+01 2.228740525148631e-19
5.72769231e+01 2.227842382647866e-19
5.73230769e+01 2.226945325078722e-19
5.73692308e+01 2.226049350258679e-19
5.74153846e+01 2.225154456011356e-19
5.74615385e+01 2.224260640166492e-19
5.75076923e+01 2.223367900559925e-19
5.75538462e+01 2.222476235033565e-19
5.76000000e+01 2.221585641435380e-19
5.76461538e+01 2.220696117619367e-19
5.76923077e+01 2.219807661445531e-19
5.77384615e+01 2.218920270779871e-19
5.77846154e+01 2.218033943494348e-19
5.78307692e+01 2.217148677466871e-19
5.78769231e+01 2.216264470581272e-19
5.79230769e+01 2.215381320727285e-19
5.79692308e+01 2.214499225800528e-19
5.80153846e+01 2.213618183702478e-19
5.80615385e+01 2.212738192340452e-19
5.81076923e+01 2.211859249627585e-19
5.81538462e+01 2.210981353482813e-19
5.82000000e+01 2.210104501830844e-19
5.82461538e+01 2.209228692602148e-19
5.82923077e+01 2.208353923732930e-19
5.83384615e+01 2.207480193165107e-19
5.83846154e+01 2.206607498846295e-19
5.84307692e+01 2.205735838729785e-19
5.84769231e+01 2.204865210774523e-19
5.85230769e+01 2.203995612945087e-19
5.85692308e+01 2.203127043211674e-19
5.86153846e+01 2.202259499550074e-19
5.86615385e+01 2.201392979941652e-19
5.87076923e+01 2.200527482373330e-19
5.87538462e+01 2.199663004837564e-19
5.88000000e+01 2.198799545332327e-19
5.88461538e+01 2.197937101861090e-19
5.88923077e+01 2.197075672432800e-19
5.89384615e+01 2.196215255061863e-19
5.89846154e+01 2.195355847768123e-19
5.90307692e+01 2.194497448576845e-19
5.90769231e+01 2.193640055518693e-19
5.91230769e+01 2.192783666629715e-19
5.91692308e+01 2.191928279951320e-19
5.92153846e+01 2.191073893530261e-19
5.92615385e+01 2.190220505418619e-19
5.93076923e+01 2.189368113673778e-19
5.93538462e+01 2.188516716358413e-19
5.94000000e+01 2.187666311540466e-19
5.94461538e+01 2.186816897293132e-19
5.94923077e+01 2.185968471694839e-19
5.95384615e+01 2.185121032829228e-19
5.95846154e+01 2.184274578785138e-19
5.96307692e+01 2.183429107656586e-19
5.96769231e+01 2.182584617542748e-19
5.97230769e+01 2.181741106547943e-19
5.97692308e+01 2.180898572781615e-19
5.98153846e+01 2.180057014358316e-19
5.98615385e+01 2.179216429397682e-19
5.99076923e+01 2.178376816024427e-19
5.99538462e+01 2.177538172368313e-19
6.00000000e+01 2.176700496564140e-19
6.00461538e+01 2.175863786751730e-19
-----------------------------
