SPECIES: e / A
PROCESS: E + A -> E + A, Elastic
PARAM.:  m/M = 0.0000195921, complete set
COMMENT: [e + A(gnd) -> e + A(gnd), Elastic]
UPDATED: 2018-06-05 11:00:00
COLUMNS: Energy (eV) | Cross section (m2)
-----------------------------
0.00000000e+00 2.188334867278506e-17
1.98461538e-02 1.196840080559555e-17
3.96923077e-02 8.462937369595152e-18
5.95384615e-02 6.909959426879924e-18
7.93846154e-02 5.984200402797775e-18
9.92307692e-02 5.352431556654979e-18
1.19076923e-01 4.886079168470704e-18
1.38923077e-01 4.523630303250132e-18
1.58769231e-01 4.231468684797576e-18
1.78615385e-01 3.989466935198517e-18
1.98461538e-01 3.784740649547604e-18
2.18307692e-01 3.608608619340703e-18
2.38153846e-01 3.454979713439962e-18
2.58000000e-01 3.319437137683021e-18
2.77846154e-01 3.198689663009127e-18
2.97692308e-01 3.090227800053800e-18
3.17538462e-01 2.992100201398887e-18
3.37384615e-01 2.902763570070468e-18
3.57230769e-01 2.820979123198384e-18
3.77076923e-01 2.745739454072726e-18
3.96923077e-01 2.676215778327489e-18
4.16769231e-01 2.611719173295812e-18
4.36615385e-01 2.551671625384036e-18
4.56461538e-01 2.495584081178978e-18
4.76307692e-01 2.443039584235352e-18
4.96153846e-01 2.393680161119110e-18
5.16000000e-01 2.347196509778127e-18
5.35846154e-01 2.303319808959975e-18
5.55692308e-01 2.261815151625066e-18
5.75538462e-01 2.222476235033566e-18
5.95384615e-01 2.185121032829228e-18
6.15230769e-01 2.149588241466485e-18
6.35076923e-01 2.115734342398788e-18
6.54923077e-01 2.083431157776359e-18
6.74769231e-01 2.052563804578100e-18
6.94615385e-01 2.023028972629057e-18
7.14461538e-01 1.994733467599258e-18
7.34307692e-01 1.967592972104530e-18
7.54153846e-01 1.941530987346273e-18
7.74000000e-01 1.916477924999333e-18
7.93846154e-01 1.892370324773802e-18
8.13692308e-01 1.869150177600480e-18
8.33538462e-01 1.846764337992393e-18
8.53384615e-01 1.825164012020916e-18
8.73230769e-01 1.804304309670352e-18
8.93076923e-01 1.784143852218326e-18
9.12923077e-01 1.764644426822855e-18
9.32769231e-01 1.745770681751589e-18
9.52615385e-01 1.727489856719981e-18
9.72461538e-01 1.709771543656507e-18
9.92307692e-01 1.692587473919030e-18
1.01215385e+00 1.675911328574024e-18
1.03200000e+00 1.659718568841510e-18
1.05184615e+00 1.643986284220549e-18
1.07169231e+00 1.628693056156901e-18
1.09153846e+00 1.613818835407495e-18
1.11138462e+00 1.599344831504564e-18
1.13123077e+00 1.585253412933464e-18
1.15107692e+00 1.571528016818181e-18
1.17092308e+00 1.558153067062500e-18
1.19076923e+00 1.545113900026900e-18
1.21061538e+00 1.532396696934813e-18
1.23046154e+00 1.519988422299817e-18
1.25030769e+00 1.507876767750044e-18
1.27015385e+00 1.496050100699444e-18
1.29000000e+00 1.484497417379312e-18
1.30984615e+00 1.473208299799003e-18
1.32969231e+00 1.462172876253164e-18
1.34953846e+00 1.451381785035234e-18
1.36938462e+00 1.440826141054028e-18
1.38923077e+00 1.430497505082861e-18
1.40907692e+00 1.420387855399333e-18
1.42892308e+00 1.410489561599192e-18
1.44876923e+00 1.400795360389996e-18
1.46861538e+00 1.391298333190107e-18
1.48846154e+00 1.381991885375985e-18
1.50830769e+00 1.372869727036363e-18
1.52815385e+00 1.363925855105664e-18
1.54800000e+00 1.355154536761352e-18
1.56784615e+00 1.346550293980883e-18
1.58769231e+00 1.338107889163745e-18
1.60753846e+00 1.329822311732839e-18
1.62738462e+00 1.321688765637340e-18
1.64723077e+00 1.313702657686209e-18
1.66707692e+00 1.305859586647906e-18
1.68692308e+00 1.298155333057508e-18
1.70676923e+00 1.290585849677635e-18
1.72661538e+00 1.283147252564175e-18
1.74646154e+00 1.275835812692018e-18
1.76630769e+00 1.268647948099769e-18
1.78615385e+00 1.261580216515868e-18
1.80600000e+00 1.254629308431621e-18
1.82584615e+00 1.247792040589489e-18
1.84569231e+00 1.241065349857529e-18
1.86553846e+00 1.234446287463211e-18
1.88538462e+00 1.227932013561955e-18
1.90523077e+00 1.221519792117676e-18
1.92507692e+00 1.215206986074356e-18
1.94492308e+00 1.208991052799307e-18
1.96476923e+00 1.202869539780235e-18
1.98461538e+00 1.196840080559555e-18
2.00446154e+00 1.190900390890677e-18
2.02430769e+00 1.185048265102048e-18
2.04415385e+00 1.179281572655841e-18
2.06400000e+00 1.173598254889064e-18
2.08384615e+00 1.167996321925798e-18
2.10369231e+00 1.162473849750025e-18
2.12353846e+00 1.157028977429273e-18
2.14338462e+00 1.151659904479987e-18
2.16323077e+00 1.146364888366142e-18
2.18307692e+00 1.141142242123217e-18
2.20292308e+00 1.135990332100167e-18
2.22276923e+00 1.130907575812533e-18
2.24261538e+00 1.125892439900279e-18
2.26246154e+00 1.120943438184371e-18
2.28230769e+00 1.116059129816510e-18
2.30215385e+00 1.111238117516783e-18
2.32200000e+00 1.106479045894340e-18
2.34184615e+00 1.101780599846511e-18
2.36169231e+00 1.097141503032067e-18
2.38153846e+00 1.092560516414614e-18
2.40138462e+00 1.088036436872323e-18
2.42123077e+00 1.083568095870473e-18
2.44107692e+00 1.079154358193474e-18
2.46092308e+00 1.074794120733242e-18
2.48076923e+00 1.070486311330996e-18
2.50061538e+00 1.066229887669709e-18
2.52046154e+00 1.062023836214627e-18
2.54030769e+00 1.057867171199394e-18
2.56015385e+00 1.053758933655493e-18
2.58000000e+00 1.049698190482829e-18
2.59984615e+00 1.045684033559407e-18
2.61969231e+00 1.041715578888180e-18
2.63953846e+00 1.037791965779241e-18
2.65938462e+00 1.033912356065651e-18
2.67923077e+00 1.030075933351267e-18
2.69907692e+00 1.026281902289050e-18
2.71892308e+00 1.022529487888401e-18
2.73876923e+00 1.018817934850148e-18
2.75861538e+00 1.015146506927899e-18
2.77846154e+00 1.011514486314528e-18
2.79830769e+00 1.007921173052637e-18
2.81815385e+00 1.004365884467886e-18
2.83800000e+00 1.000847954624171e-18
2.85784615e+00 9.973667337996291e-19
2.87769231e+00 9.939215879825705e-19
2.89753846e+00 9.905118983864200e-19
2.91738462e+00 9.871370609828462e-19
2.93723077e+00 9.837964860522652e-19
2.95707692e+00 9.804895977509674e-19
2.97692308e+00 9.772158336941408e-19
2.99676923e+00 9.739746445541106e-19
3.01661538e+00 9.707654936731366e-19
3.03646154e+00 9.675878566901560e-19
3.05630769e+00 9.644412211808756e-19
3.07615385e+00 9.613250863106585e-19
3.09600000e+00 9.582389624996665e-19
3.11584615e+00 9.551823710997533e-19
3.13569231e+00 9.521548440826215e-19
3.15553846e+00 9.491559237387866e-19
3.17538462e+00 9.461851623869010e-19
3.19523077e+00 9.432421220930288e-19
3.21507692e+00 9.403263743994613e-19
3.23492308e+00 9.374375000626999e-19
3.25476923e+00 9.345750888002402e-19
3.27461538e+00 9.317387390458056e-19
3.29446154e+00 9.289280577127084e-19
3.31430769e+00 9.261426599650116e-19
3.33415385e+00 9.233821689961964e-19
3.35400000e+00 9.206462158150423e-19
3.37384615e+00 9.179344390384450e-19
3.39369231e+00 9.152464846909086e-19
3.41353846e+00 9.125820060104578e-19
3.43338462e+00 9.099406632607298e-19
3.45323077e+00 9.073221235490157e-19
3.47307692e+00 9.047260606500264e-19
3.49292308e+00 9.021521548351759e-19
3.51276923e+00 8.996000927071751e-19
3.53261538e+00 8.970695670397460e-19
3.55246154e+00 8.945602766222654e-19
3.57230769e+00 8.920719261091630e-19
3.59215385e+00 8.896042258739040e-19
3.61200000e+00 8.871568918673873e-19
3.63184615e+00 8.847296454806075e-19
3.65169231e+00 8.823222134114274e-19
3.67153846e+00 8.799343275353155e-19
3.69138462e+00 8.775657247799139e-19
3.71123077e+00 8.752161470032961e-19
3.73107692e+00 8.728853408757945e-19
3.75092308e+00 8.705730577652709e-19
3.77076923e+00 8.682790536257104e-19
3.79061538e+00 8.660030888890301e-19
3.81046154e+00 8.637449283599905e-19
3.83030769e+00 8.615043411141041e-19
3.85015385e+00 8.592811003984435e-19
3.87000000e+00 8.570749835352503e-19
3.88984615e+00 8.548857718282536e-19
3.90969231e+00 8.527132504716041e-19
3.92953846e+00 8.505572084613454e-19
3.94938462e+00 8.484174385093312e-19
3.96923077e+00 8.462937369595151e-19
3.98907692e+00 8.441859037065337e-19
4.00892308e+00 8.420937421165076e-19
4.02876923e+00 8.400170589499930e-19
4.04861538e+00 8.379556642870119e-19
4.06846154e+00 8.359093714540958e-19
4.08830769e+00 8.338779969532814e-19
4.10815385e+00 8.318613603929926e-19
4.12800000e+00 8.298592844207552e-19
4.14784615e+00 8.278715946576821e-19
4.16769231e+00 8.258981196346775e-19
4.18753846e+00 8.239386907303059e-19
4.20738462e+00 8.219931421102743e-19
4.22723077e+00 8.200613106684806e-19
4.24707692e+00 8.181430359695760e-19
4.26692308e+00 8.162381601930020e-19
4.28676923e+00 8.143465280784507e-19
4.30661538e+00 8.124679868727114e-19
4.32646154e+00 8.106023862778587e-19
4.34630769e+00 8.087495784007432e-19
4.36615385e+00 8.069094177037476e-19
4.38600000e+00 8.050817609567676e-19
4.40584615e+00 8.032664671903860e-19
4.42569231e+00 8.014633976502018e-19
4.44553846e+00 7.996724157522818e-19
4.46538462e+00 7.978933870397033e-19
4.48523077e+00 7.961261791401547e-19
4.50507692e+00 7.943706617245651e-19
4.52492308e+00 7.926267064667321e-19
4.54476923e+00 7.908941870039220e-19
4.56461538e+00 7.891729788984112e-19
4.58446154e+00 7.874629595999457e-19
4.60430769e+00 7.857640084090907e-19
4.62415385e+00 7.840760064414471e-19
4.64400000e+00 7.823988365927091e-19
4.66384615e+00 7.807323835045410e-19
4.68369231e+00 7.790765335312498e-19
4.70353846e+00 7.774311747072326e-19
4.72338462e+00 7.757961967151760e-19
4.74323077e+00 7.741714908549894e-19
4.76307692e+00 7.725569500134499e-19
4.78292308e+00 7.709524686345416e-19
4.80276923e+00 7.693579426904683e-19
4.82261538e+00 7.677732696533250e-19
4.84246154e+00 7.661983484674064e-19
4.86230769e+00 7.646330795221398e-19
4.88215385e+00 7.630773646256220e-19
4.90200000e+00 7.615311069787472e-19
4.92184615e+00 7.599942111499085e-19
4.94169231e+00 7.584665830502598e-19
4.96153846e+00 7.569481299095208e-19
4.98138462e+00 7.554387602523150e-19
5.00123077e+00 7.539383838750221e-19
5.02107692e+00 7.524469118231364e-19
5.04092308e+00 7.509642563691141e-19
5.06076923e+00 7.494903309907006e-19
5.08061538e+00 7.480250503497218e-19
5.10046154e+00 7.465683302713324e-19
5.12030769e+00 7.451200877237042e-19
5.14015385e+00 7.436802407981481e-19
5.16000000e+00 7.422487086896562e-19
5.17984615e+00 7.408254116778552e-19
5.19969231e+00 7.394102711083577e-19
5.21953846e+00 7.380032093745074e-19
5.23938462e+00 7.366041498995016e-19
5.25923077e+00 7.352130171188874e-19
5.27907692e+00 7.338297364634187e-19
5.29892308e+00 7.324542343422682e-19
5.31876923e+00 7.310864381265821e-19
5.33861538e+00 7.297262761333733e-19
5.35846154e+00 7.283736776097428e-19
5.37830769e+00 7.270285727174197e-19
5.39815385e+00 7.256908925176169e-19
5.41800000e+00 7.243605689561901e-19
5.43784615e+00 7.230375348490960e-19
5.45769231e+00 7.217217238681407e-19
5.47753846e+00 7.204130705270138e-19
5.49738462e+00 7.191115101675985e-19
5.51723077e+00 7.178169789465540e-19
5.53707692e+00 7.165294138221615e-19
5.55692308e+00 7.152487525414303e-19
5.57676923e+00 7.139749336274546e-19
5.59661538e+00 7.127078963670190e-19
5.61646154e+00 7.114475807984439e-19
5.63630769e+00 7.101939276996667e-19
5.65615385e+00 7.089468785765541e-19
5.67600000e+00 7.077063756514371e-19
5.69584615e+00 7.064723618518690e-19
5.71569231e+00 7.052447807995960e-19
5.73553846e+00 7.040235767997383e-19
5.75538462e+00 7.028086948301772e-19
5.77523077e+00 7.016000805311432e-19
5.79507692e+00 7.003976801949981e-19
5.81492308e+00 6.992014407562129e-19
5.83476923e+00 6.980113097815291e-19
5.85461538e+00 6.968272354603076e-19
5.87446154e+00 6.956491665950535e-19
5.89430769e+00 6.944770525921197e-19
5.91415385e+00 6.933108434525793e-19
5.93400000e+00 6.921504897632685e-19
5.95384615e+00 6.909959426879925e-19
5.97369231e+00 6.898471539588921e-19
5.99353846e+00 6.887040758679689e-19
6.01338462e+00 6.875666612587627e-19
6.03323077e+00 6.864348635181814e-19
6.05307692e+00 6.853086365684771e-19
6.07292308e+00 6.841879348593666e-19
6.09276923e+00 6.830727133602942e-19
6.11261538e+00 6.819629275528320e-19
6.13246154e+00 6.808585334232149e-19
6.15230769e+00 6.797594874550096e-19
6.17215385e+00 6.786657466219129e-19
6.19200000e+00 6.775772683806759e-19
6.21184615e+00 6.764940106641547e-19
6.23169231e+00 6.754159318744808e-19
6.25153846e+00 6.743429908763523e-19
6.27138462e+00 6.732751469904415e-19
6.29123077e+00 6.722123599869169e-19
6.31107692e+00 6.711545900790775e-19
6.33092308e+00 6.701017979170961e-19
6.35076923e+00 6.690539445818724e-19
6.37061538e+00 6.680109915789884e-19
6.39046154e+00 6.669729008327700e-19
6.41030769e+00 6.659396346804483e-19
6.43015385e+00 6.649111558664194e-19
6.45000000e+00 6.638874275366042e-19
6.46984615e+00 6.628684132328998e-19
6.48969231e+00 6.618540768877274e-19
6.50953846e+00 6.608443828186698e-19
6.52938462e+00 6.598392957231988e-19
6.54923077e+00 6.588387806734922e-19
6.56907692e+00 6.578428031113346e-19
6.58892308e+00 6.568513288431047e-19
6.60876923e+00 6.558643240348437e-19
6.62861538e+00 6.548817552074065e-19
6.64846154e+00 6.539035892316926e-19
6.66830769e+00 6.529297933239530e-19
6.68815385e+00 6.519603350411769e-19
6.70800000e+00 6.509951822765502e-19
6.72784615e+00 6.500343032549907e-19
6.74769231e+00 6.490776665287540e-19
6.76753846e+00 6.481252409731103e-19
6.78738462e+00 6.471769957820911e-19
6.80723077e+00 6.462329004643047e-19
6.82707692e+00 6.452929248388173e-19
6.84692308e+00 6.443570390311013e-19
6.86676923e+00 6.434252134690468e-19
6.88661538e+00 6.424974188790375e-19
6.90646154e+00 6.415736262820875e-19
6.92630769e+00 6.406538069900400e-19
6.94615385e+00 6.397379326018254e-19
6.96600000e+00 6.388259749997776e-19
6.98584615e+00 6.379179063460090e-19
7.00569231e+00 6.370136990788411e-19
7.02553846e+00 6.361133259092904e-19
7.04538462e+00 6.352167598176104e-19
7.06523077e+00 6.343239740498846e-19
7.08507692e+00 6.334349421146747e-19
7.10492308e+00 6.325496377797176e-19
7.12476923e+00 6.316680350686755e-19
7.14461538e+00 6.307901082579340e-19
7.16446154e+00 6.299158318734499e-19
7.18430769e+00 6.290451806876468e-19
7.20415385e+00 6.281781297163567e-19
7.22400000e+00 6.273146542158103e-19
7.24384615e+00 6.264547296796697e-19
7.26369231e+00 6.255983318361077e-19
7.28353846e+00 6.247454366449308e-19
7.30338462e+00 6.238960202947444e-19
7.32323077e+00 6.230500592001602e-19
7.34307692e+00 6.222075299990463e-19
7.36292308e+00 6.213684095498173e-19
7.38276923e+00 6.205326749287646e-19
7.40261538e+00 6.197003034274257e-19
7.42246154e+00 6.188712725499929e-19
7.44230769e+00 6.180455600107599e-19
7.46215385e+00 6.172231437316054e-19
7.48200000e+00 6.164040018395137e-19
7.50184615e+00 6.155881126641309e-19
7.52169231e+00 6.147754547353582e-19
7.54153846e+00 6.139660067809777e-19
7.56138462e+00 6.131597477243140e-19
7.58123077e+00 6.123566566819297e-19
7.60107692e+00 6.115567129613529e-19
7.62092308e+00 6.107598960588380e-19
7.64076923e+00 6.099661856571587e-19
7.66061538e+00 6.091755616234316e-19
7.68046154e+00 6.083880040069717e-19
7.70030769e+00 6.076034930371779e-19
7.72015385e+00 6.068220091214481e-19
7.74000000e+00 6.060435328431241e-19
7.75984615e+00 6.052680449594661e-19
7.77969231e+00 6.044955263996537e-19
7.79953846e+00 6.037259582628172e-19
7.81938462e+00 6.029593218160944e-19
7.83923077e+00 6.021955984927162e-19
7.85907692e+00 6.014347698901173e-19
7.87892308e+00 6.006768177680743e-19
7.89876923e+00 5.999217240468688e-19
7.91861538e+00 5.991694708054757e-19
7.93846154e+00 5.984200402797775e-19
7.95830769e+00 5.976734148608018e-19
7.97815385e+00 5.969295770929838e-19
7.99800000e+00 5.961885096724522e-19
8.01784615e+00 5.954501954453383e-19
8.03769231e+00 5.947146174061088e-19
8.05753846e+00 5.939817586959199e-19
8.07738462e+00 5.932516026009952e-19
8.09723077e+00 5.925241325510242e-19
8.11707692e+00 5.917993321175827e-19
8.13692308e+00 5.910771850125757e-19
8.15676923e+00 5.903576750866984e-19
8.17661538e+00 5.896407863279204e-19
8.19646154e+00 5.889265028599888e-19
8.21630769e+00 5.882148089409516e-19
8.23615385e+00 5.875056889617002e-19
8.25600000e+00 5.867991274445318e-19
8.27584615e+00 5.860951090417308e-19
8.29569231e+00 5.853936185341679e-19
8.31553846e+00 5.846946408299184e-19
8.33538462e+00 5.839981609628991e-19
8.35523077e+00 5.833041640915216e-19
8.37507692e+00 5.826126354973648e-19
8.39492308e+00 5.819235605838631e-19
8.41476923e+00 5.812369248750124e-19
8.43461538e+00 5.805527140140935e-19
8.45446154e+00 5.798709137624106e-19
8.47430769e+00 5.791915099980470e-19
8.49415385e+00 5.785144887146367e-19
8.51400000e+00 5.778398360201513e-19
8.53384615e+00 5.771675381357032e-19
8.55369231e+00 5.764975813943631e-19
8.57353846e+00 5.758299522399937e-19
8.59338462e+00 5.751646372260970e-19
8.61323077e+00 5.745016230146771e-19
8.63307692e+00 5.738408963751174e-19
8.65292308e+00 5.731824441830711e-19
8.67276923e+00 5.725262534193667e-19
8.69261538e+00 5.718723111689269e-19
8.71246154e+00 5.712206046197005e-19
8.73230769e+00 5.705711210616084e-19
8.75215385e+00 5.699238478855024e-19
8.77200000e+00 5.692787725821374e-19
8.79184615e+00 5.686358827411555e-19
8.81169231e+00 5.679951660500833e-19
8.83153846e+00 5.673566102933419e-19
8.85138462e+00 5.667202033512682e-19
8.87123077e+00 5.660859331991489e-19
8.89107692e+00 5.654537879062665e-19
8.91092308e+00 5.648237556349567e-19
8.93076923e+00 5.641958246396767e-19
8.95061538e+00 5.635699832660864e-19
8.97046154e+00 5.629462199501395e-19
8.99030769e+00 5.623245232171858e-19
9.01015385e+00 5.617048816810850e-19
9.03000000e+00 5.610872840433309e-19
9.04984615e+00 5.604717190921854e-19
9.06969231e+00 5.598581757018249e-19
9.08953846e+00 5.592466428314948e-19
9.10938462e+00 5.586371095246745e-19
9.12923077e+00 5.580295649082548e-19
9.14907692e+00 5.574239981917210e-19
9.16892308e+00 5.568203986663499e-19
9.18876923e+00 5.562187557044130e-19
9.20861538e+00 5.556190587583914e-19
9.22846154e+00 5.550212973601989e-19
9.24830769e+00 5.544254611204144e-19
9.26815385e+00 5.538315397275237e-19
9.28800000e+00 5.532395229471702e-19
9.30784615e+00 5.526494006214132e-19
9.32769231e+00 5.520611626679971e-19
9.34753846e+00 5.514747990796275e-19
9.36738462e+00 5.508902999232555e-19
9.38723077e+00 5.503076553393716e-19
9.40707692e+00 5.497268555413077e-19
9.42692308e+00 5.491478908145451e-19
9.44676923e+00 5.485707515160336e-19
9.46661538e+00 5.479954280735162e-19
9.48646154e+00 5.474219109848623e-19
9.50630769e+00 5.468501908174084e-19
9.52615385e+00 5.462802582073071e-19
9.54600000e+00 5.457121038588825e-19
9.56584615e+00 5.451457185439934e-19
9.58569231e+00 5.445810931014041e-19
9.60553846e+00 5.440182184361613e-19
9.62538462e+00 5.434570855189800e-19
9.64523077e+00 5.428976853856338e-19
9.66507692e+00 5.423400091363544e-19
9.68492308e+00 5.417840479352364e-19
9.70476923e+00 5.412297930096497e-19
9.72461538e+00 5.406772356496577e-19
9.74446154e+00 5.401263672074426e-19
9.76430769e+00 5.395771790967371e-19
9.78415385e+00 5.390296627922618e-19
9.80400000e+00 5.384838098291703e-19
9.82384615e+00 5.379396118024984e-19
9.84369231e+00 5.373970603666212e-19
9.86353846e+00 5.368561472347157e-19
9.88338462e+00 5.363168641782284e-19
9.90323077e+00 5.357792030263507e-19
9.92307692e+00 5.352431556654979e-19
9.94292308e+00 5.347087140387954e-19
9.96276923e+00 5.341758701455704e-19
9.98261538e+00 5.336446160408480e-19
1.00024615e+01 5.331149438348546e-19
1.00223077e+01 5.325868456925248e-19
1.00421538e+01 5.320603138330159e-19
1.00620000e+01 5.315353405292249e-19
1.00818462e+01 5.310119181073136e-19
1.01016923e+01 5.304900389462362e-19
1.01215385e+01 5.299696954772744e-19
1.01413846e+01 5.294508801835755e-19
1.01612308e+01 5.289335855996970e-19
1.01810769e+01 5.284178043111548e-19
1.02009231e+01 5.279035289539773e-19
1.02207692e+01 5.273907522142635e-19
1.02406154e+01 5.268794668277465e-19
1.02604615e+01 5.263696655793608e-19
1.02803077e+01 5.258613413028151e-19
1.03001538e+01 5.253544868801689e-19
1.03200000e+01 5.248490952414143e-19
1.03398462e+01 5.243451593640609e-19
1.03596923e+01 5.238426722727272e-19
1.03795385e+01 5.233416270387338e-19
1.03993846e+01 5.228420167797033e-19
1.04192308e+01 5.223438346591624e-19
1.04390769e+01 5.218470738861497e-19
1.04589231e+01 5.213517277148257e-19
1.04787692e+01 5.208577894440898e-19
1.04986154e+01 5.203652524171978e-19
1.05184615e+01 5.198741100213865e-19
1.05383077e+01 5.193843556874998e-19
1.05581538e+01 5.188959828896206e-19
1.05780000e+01 5.184089851447042e-19
1.05978462e+01 5.179233560122185e-19
1.06176923e+01 5.174390890937850e-19
1.06375385e+01 5.169561780328254e-19
1.06573846e+01 5.164746165142110e-19
1.06772308e+01 5.159943982639155e-19
1.06970769e+01 5.155155170486719e-19
1.07169231e+01 5.150379666756333e-19
1.07367692e+01 5.145617409920354e-19
1.07566154e+01 5.140868338848645e-19
1.07764615e+01 5.136132392805273e-19
1.07963077e+01 5.131409511445250e-19
1.08161538e+01 5.126699634811304e-19
1.08360000e+01 5.122002703330678e-19
1.08558462e+01 5.117318657811972e-19
1.08756923e+01 5.112647439442004e-19
1.08955385e+01 5.107988989782709e-19
1.09153846e+01 5.103343250768073e-19
1.09352308e+01 5.098710164701086e-19
1.09550769e+01 5.094089674250740e-19
1.09749231e+01 5.089481722449045e-19
1.09947692e+01 5.084886252688079e-19
1.10146154e+01 5.080303208717069e-19
1.10344615e+01 5.075732534639495e-19
1.10543077e+01 5.071174174910237e-19
1.10741538e+01 5.066628074332723e-19
1.10940000e+01 5.062094178056140e-19
1.11138462e+01 5.057572431572642e-19
1.11336923e+01 5.053062780714600e-19
1.11535385e+01 5.048565171651883e-19
1.11733846e+01 5.044079550889149e-19
1.11932308e+01 5.039605865263184e-19
1.12130769e+01 5.035144061940241e-19
1.12329231e+01 5.030694088413438e-19
1.12527692e+01 5.026255892500147e-19
1.12726154e+01 5.021829422339430e-19
1.12924615e+01 5.017414626389495e-19
1.13123077e+01 5.013011453425173e-19
1.13321538e+01 5.008619852535420e-19
1.13520000e+01 5.004239773120853e-19
1.13718462e+01 4.999871164891289e-19
1.13916923e+01 4.995513977863330e-19
1.14115385e+01 4.991168162357955e-19
1.14313846e+01 4.986833668998146e-19
1.14512308e+01 4.982510448706526e-19
1.14710769e+01 4.978198452703031e-19
1.14909231e+01 4.973897632502592e-19
1.15107692e+01 4.969607939912852e-19
1.15306154e+01 4.965329327031893e-19
1.15504615e+01 4.961061746245992e-19
1.15703077e+01 4.956805150227392e-19
1.15901538e+01 4.952559491932100e-19
1.16100000e+01 4.948324724597709e-19
1.16298462e+01 4.944100801741221e-19
1.16496923e+01 4.939887677156920e-19
1.16695385e+01 4.935685304914231e-19
1.16893846e+01 4.931493639355640e-19
1.17092308e+01 4.927312635094586e-19
1.17290769e+01 4.923142247013415e-19
1.17489231e+01 4.918982430261326e-19
1.17687692e+01 4.914833140252352e-19
1.17886154e+01 4.910694332663343e-19
1.18084615e+01 4.906565963431989e-19
1.18283077e+01 4.902447988754837e-19
1.18481538e+01 4.898340365085351e-19
1.18680000e+01 4.894243049131972e-19
1.18878462e+01 4.890155997856201e-19
1.19076923e+01 4.886079168470704e-19
1.19275385e+01 4.882012518437425e-19
1.19473846e+01 4.877956005465729e-19
1.19672308e+01 4.873909587510547e-19
1.19870769e+01 4.869873222770553e-19
1.20069231e+01 4.865846869686344e-19
1.20267692e+01 4.861830486938649e-19
1.20466154e+01 4.857824033446543e-19
1.20664615e+01 4.853827468365683e-19
1.20863077e+01 4.849840751086562e-19
1.21061538e+01 4.845863841232773e-19
1.21260000e+01 4.841896698659292e-19
1.21458462e+01 4.837939283450780e-19
1.21656923e+01 4.833991555919886e-19
1.21855385e+01 4.830053476605590e-19
1.22053846e+01 4.826125006271531e-19
1.22252308e+01 4.822206105904378e-19
1.22450769e+01 4.818296736712195e-19
1.22649231e+01 4.814396860122828e-19
1.22847692e+01 4.810506437782315e-19
1.23046154e+01 4.806625431553292e-19
1.23244615e+01 4.802753803513425e-19
1.23443077e+01 4.798891515953859e-19
1.23641538e+01 4.795038531377667e-19
1.23840000e+01 4.791194812498333e-19
1.24038462e+01 4.787360322238220e-19
1.24236923e+01 4.783535023727084e-19
1.24435385e+01 4.779718880300576e-19
1.24633846e+01 4.775911855498767e-19
1.24832308e+01 4.772113913064685e-19
1.25030769e+01 4.768325016942869e-19
1.25229231e+01 4.764545131277925e-19
1.25427692e+01 4.760774220413107e-19
1.25626154e+01 4.757012248888899e-19
1.25824615e+01 4.753259181441616e-19
1.26023077e+01 4.749514983002018e-19
1.26221538e+01 4.745779618693933e-19
1.26420000e+01 4.742053053832887e-19
1.26618462e+01 4.738335253924762e-19
1.26816923e+01 4.734626184664445e-19
1.27015385e+01 4.730925811934505e-19
1.27213846e+01 4.727234101803870e-19
1.27412308e+01 4.723551020526523e-19
1.27610769e+01 4.719876534540209e-19
1.27809231e+01 4.716210610465144e-19
1.28007692e+01 4.712553215102746e-19
1.28206154e+01 4.708904315434371e-19
1.28404615e+01 4.705263878620062e-19
1.28603077e+01 4.701631871997306e-19
1.28801538e+01 4.698008263079805e-19
1.29000000e+01 4.694393019556256e-19
1.29198462e+01 4.690786109289133e-19
1.29396923e+01 4.687187500313500e-19
1.29595385e+01 4.683597160835815e-19
1.29793846e+01 4.680015059232747e-19
1.29992308e+01 4.676441164050009e-19
1.30190769e+01 4.672875444001201e-19
1.30389231e+01 4.669317867966655e-19
1.30587692e+01 4.665768404992296e-19
1.30786154e+01 4.662227024288510e-19
1.30984615e+01 4.658693695229028e-19
1.31183077e+01 4.655168387349804e-19
1.31381538e+01 4.651651070347915e-19
1.31580000e+01 4.648141714080477e-19
1.31778462e+01 4.644640288563542e-19
1.31976923e+01 4.641146763971037e-19
1.32175385e+01 4.637661110633690e-19
1.32373846e+01 4.634183299037975e-19
1.32572308e+01 4.630713299825058e-19
1.32770769e+01 4.627251083789761e-19
1.32969231e+01 4.623796621879525e-19
1.33167692e+01 4.620349885193392e-19
1.33366154e+01 4.616910844980982e-19
1.33564615e+01 4.613479472641493e-19
1.33763077e+01 4.610055739722696e-19
1.33961538e+01 4.606639617919949e-19
1.34160000e+01 4.603231079075211e-19
1.34358462e+01 4.599830095176068e-19
1.34556923e+01 4.596436638354766e-19
1.34755385e+01 4.593050680887252e-19
1.34953846e+01 4.589672195192225e-19
1.35152308e+01 4.586301153830188e-19
1.35350769e+01 4.582937529502515e-19
1.35549231e+01 4.579581295050520e-19
1.35747692e+01 4.576232423454543e-19
1.35946154e+01 4.572890887833024e-19
1.36144615e+01 4.569556661441611e-19
1.36343077e+01 4.566229717672246e-19
1.36541538e+01 4.562910030052289e-19
1.36740000e+01 4.559597572243618e-19
1.36938462e+01 4.556292318041766e-19
1.37136923e+01 4.552994241375036e-19
1.37335385e+01 4.549703316303649e-19
1.37533846e+01 4.546419517018880e-19
1.37732308e+01 4.543142817842212e-19
1.37930769e+01 4.539873193224487e-19
1.38129231e+01 4.536610617745079e-19
1.38327692e+01 4.533355066111053e-19
1.38526154e+01 4.530106513156349e-19
1.38724615e+01 4.526864933840963e-19
1.38923077e+01 4.523630303250132e-19
1.39121538e+01 4.520402596593540e-19
1.39320000e+01 4.517181789204506e-19
1.39518462e+01 4.513967856539206e-19
1.39716923e+01 4.510760774175879e-19
1.39915385e+01 4.507560517814049e-19
1.40113846e+01 4.504367063273753e-19
1.40312308e+01 4.501180386494773e-19
1.40510769e+01 4.498000463535876e-19
1.40709231e+01 4.494827270574056e-19
1.40907692e+01 4.491660783903787e-19
1.41106154e+01 4.488500979936277e-19
1.41304615e+01 4.485347835198730e-19
1.41503077e+01 4.482201326333618e-19
1.41701538e+01 4.479061430097946e-19
1.41900000e+01 4.475928123362541e-19
1.42098462e+01 4.472801383111327e-19
1.42296923e+01 4.469681186440620e-19
1.42495385e+01 4.466567510558424e-19
1.42693846e+01 4.463460332783728e-19
1.42892308e+01 4.460359630545815e-19
1.43090769e+01 4.457265381383576e-19
1.43289231e+01 4.454177562944816e-19
1.43487692e+01 4.451096152985591e-19
1.43686154e+01 4.448021129369520e-19
1.43884615e+01 4.444952470067131e-19
1.44083077e+01 4.441890153155186e-19
1.44281538e+01 4.438834156816029e-19
1.44480000e+01 4.435784459336937e-19
1.44678462e+01 4.432741039109463e-19
1.44876923e+01 4.429703874628800e-19
1.45075385e+01 4.426672944493139e-19
1.45273846e+01 4.423648227403037e-19
1.45472308e+01 4.420629702160793e-19
1.45670769e+01 4.417617347669813e-19
1.45869231e+01 4.414611142933999e-19
1.46067692e+01 4.411611067057137e-19
1.46266154e+01 4.408617099242275e-19
1.46464615e+01 4.405629218791132e-19
1.46663077e+01 4.402647405103484e-19
1.46861538e+01 4.399671637676578e-19
1.47060000e+01 4.396701896104535e-19
1.47258462e+01 4.393738160077757e-19
1.47456923e+01 4.390780409382358e-19
1.47655385e+01 4.387828623899569e-19
1.47853846e+01 4.384882783605176e-19
1.48052308e+01 4.381942868568938e-19
1.48250769e+01 4.379008858954031e-19
1.48449231e+01 4.376080735016480e-19
1.48647692e+01 4.373158477104604e-19
1.48846154e+01 4.370242065658457e-19
1.49044615e+01 4.367331481209284e-19
1.49243077e+01 4.364426704378973e-19
1.49441538e+01 4.361527715879512e-19
1.49640000e+01 4.358634496512452e-19
1.49838462e+01 4.355747027168373e-19
1.50036923e+01 4.352865288826354e-19
1.50235385e+01 4.349989262553446e-19
1.50433846e+01 4.347118929504152e-19
1.50632308e+01 4.344254270919904e-19
1.50830769e+01 4.341395268128552e-19
1.51029231e+01 4.338541902543850e-19
1.51227692e+01 4.335694155664951e-19
1.51426154e+01 4.332852009075905e-19
1.51624615e+01 4.330015444445150e-19
1.51823077e+01 4.327184443525027e-19
1.52021538e+01 4.324358988151276e-19
1.52220000e+01 4.321539060242556e-19
1.52418462e+01 4.318724641799953e-19
1.52616923e+01 4.315915714906500e-19
1.52815385e+01 4.313112261726695e-19
1.53013846e+01 4.310314264506033e-19
1.53212308e+01 4.307521705570521e-19
1.53410769e+01 4.304734567326222e-19
1.53609231e+01 4.301952832258782e-19
1.53807692e+01 4.299176482932970e-19
1.54006154e+01 4.296405501992217e-19
1.54204615e+01 4.293639872158165e-19
1.54403077e+01 4.290879576230209e-19
1.54601538e+01 4.288124597085051e-19
1.54800000e+01 4.285374917676252e-19
1.54998462e+01 4.282630521033792e-19
1.55196923e+01 4.279891390263625e-19
1.55395385e+01 4.277157508547250e-19
1.55593846e+01 4.274428859141268e-19
1.55792308e+01 4.271705425376957e-19
1.55990769e+01 4.268987190659845e-19
1.56189231e+01 4.266274138469282e-19
1.56387692e+01 4.263566252358020e-19
1.56586154e+01 4.260863515951796e-19
1.56784615e+01 4.258165912948910e-19
1.56983077e+01 4.255473427119820e-19
1.57181538e+01 4.252786042306727e-19
1.57380000e+01 4.250103742423168e-19
1.57578462e+01 4.247426511453615e-19
1.57776923e+01 4.244754333453066e-19
1.57975385e+01 4.242087192546656e-19
1.58173846e+01 4.239425072929253e-19
1.58372308e+01 4.236767958865070e-19
1.58570769e+01 4.234115834687268e-19
1.58769231e+01 4.231468684797576e-19
1.58967692e+01 4.228826493665898e-19
1.59166154e+01 4.226189245829936e-19
1.59364615e+01 4.223556925894808e-19
1.59563077e+01 4.220929518532669e-19
1.59761538e+01 4.218307008482337e-19
1.59960000e+01 4.215689380548926e-19
1.60158462e+01 4.213076619603463e-19
1.60356923e+01 4.210468710582538e-19
1.60555385e+01 4.207865638487925e-19
1.60753846e+01 4.205267388386227e-19
1.60952308e+01 4.202673945408514e-19
1.61150769e+01 4.200085294749965e-19
1.61349231e+01 4.197501421669517e-19
1.61547692e+01 4.194922311489506e-19
1.61746154e+01 4.192347949595322e-19
1.61944615e+01 4.189778321435059e-19
1.62143077e+01 4.187213412519171e-19
1.62341538e+01 4.184653208420126e-19
1.62540000e+01 4.182097694772068e-19
1.62738462e+01 4.179546857270479e-19
1.62936923e+01 4.177000681671837e-19
1.63135385e+01 4.174459153793290e-19
1.63333846e+01 4.171922259512318e-19
1.63532308e+01 4.169389984766407e-19
1.63730769e+01 4.166862315552718e-19
1.63929231e+01 4.164339237927768e-19
1.64127692e+01 4.161820738007098e-19
1.64326154e+01 4.159306801964963e-19
1.64524615e+01 4.156797416034002e-19
1.64723077e+01 4.154292566504928e-19
1.64921538e+01 4.151792239726214e-19
1.65120000e+01 4.149296422103776e-19
1.65318462e+01 4.146805100100668e-19
1.65516923e+01 4.144318260236769e-19
1.65715385e+01 4.141835889088478e-19
1.65913846e+01 4.139357973288411e-19
1.66112308e+01 4.136884499525097e-19
1.66310769e+01 4.134415454542680e-19
1.66509231e+01 4.131950825140618e-19
1.66707692e+01 4.129490598173387e-19
1.66906154e+01 4.127034760550190e-19
1.67104615e+01 4.124583299234655e-19
1.67303077e+01 4.122136201244561e-19
1.67501538e+01 4.119693453651529e-19
1.67700000e+01 4.117255043580753e-19
1.67898462e+01 4.114820958210703e-19
1.68096923e+01 4.112391184772848e-19
1.68295385e+01 4.109965710551372e-19
1.68493846e+01 4.107544522882896e-19
1.68692308e+01 4.105127609156200e-19
1.68890769e+01 4.102714956811945e-19
1.69089231e+01 4.100306553342403e-19
1.69287692e+01 4.097902386291180e-19
1.69486154e+01 4.095502443252950e-19
1.69684615e+01 4.093106711873184e-19
1.69883077e+01 4.090715179847880e-19
1.70081538e+01 4.088327834923303e-19
1.70280000e+01 4.085944664895716e-19
1.70478462e+01 4.083565657611125e-19
1.70676923e+01 4.081190800965010e-19
1.70875385e+01 4.078820082902073e-19
1.71073846e+01 4.076453491415978e-19
1.71272308e+01 4.074091014549097e-19
1.71470769e+01 4.071732640392254e-19
1.71669231e+01 4.069378357084475e-19
1.71867692e+01 4.067028152812738e-19
1.72066154e+01 4.064682015811721e-19
1.72264615e+01 4.062339934363557e-19
1.72463077e+01 4.060001896797589e-19
1.72661538e+01 4.057667891490124e-19
1.72860000e+01 4.055337906864189e-19
1.73058462e+01 4.053011931389293e-19
1.73256923e+01 4.050689953581186e-19
1.73455385e+01 4.048371962001620e-19
1.73653846e+01 4.046057945258114e-19
1.73852308e+01 4.043747892003716e-19
1.74050769e+01 4.041441790936774e-19
1.74249231e+01 4.039139630800699e-19
1.74447692e+01 4.036841400383737e-19
1.74646154e+01 4.034547088518738e-19
1.74844615e+01 4.032256684082930e-19
1.75043077e+01 4.029970175997691e-19
1.75241538e+01 4.027687553228325e-19
1.75440000e+01 4.025408804783838e-19
1.75638462e+01 4.023133919716713e-19
1.75836923e+01 4.020862887122695e-19
1.76035385e+01 4.018595696140566e-19
1.76233846e+01 4.016332335951930e-19
1.76432308e+01 4.014072795780994e-19
1.76630769e+01 4.011817064894354e-19
1.76829231e+01 4.009565132600782e-19
1.77027692e+01 4.007316988251009e-19
1.77226154e+01 4.005072621237518e-19
1.77424615e+01 4.002832020994331e-19
1.77623077e+01 4.000595176996802e-19
1.77821538e+01 3.998362078761409e-19
1.78020000e+01 3.996132715845544e-19
1.78218462e+01 3.993907077847313e-19
1.78416923e+01 3.991685154405330e-19
1.78615385e+01 3.989466935198517e-19
1.78813846e+01 3.987252409945894e-19
1.79012308e+01 3.985041568406389e-19
1.79210769e+01 3.982834400378635e-19
1.79409231e+01 3.980630895700773e-19
1.79607692e+01 3.978431044250254e-19
1.79806154e+01 3.976234835943643e-19
1.80004615e+01 3.974042260736428e-19
1.80203077e+01 3.971853308622825e-19
1.80401538e+01 3.969667969635588e-19
1.80600000e+01 3.967486233845818e-19
1.80798462e+01 3.965308091362767e-19
1.80996923e+01 3.963133532333660e-19
1.81195385e+01 3.960962546943505e-19
1.81393846e+01 3.958795125414900e-19
1.81592308e+01 3.956631258007856e-19
1.81790769e+01 3.954470935019610e-19
1.81989231e+01 3.952314146784442e-19
1.82187692e+01 3.950160883673495e-19
1.82386154e+01 3.948011136094590e-19
1.82584615e+01 3.945864894492056e-19
1.82783077e+01 3.943722149346540e-19
1.82981538e+01 3.941582891174838e-19
1.83180000e+01 3.939447110529713e-19
1.83378462e+01 3.937314797999729e-19
1.83576923e+01 3.935185944209062e-19
1.83775385e+01 3.933060539817341e-19
1.83973846e+01 3.930938575519469e-19
1.84172308e+01 3.928820042045453e-19
1.84370769e+01 3.926704930160234e-19
1.84569231e+01 3.924593230663519e-19
1.84767692e+01 3.922484934389608e-19
1.84966154e+01 3.920380032207235e-19
1.85164615e+01 3.918278515019398e-19
1.85363077e+01 3.916180373763188e-19
1.85561538e+01 3.914085599409638e-19
1.85760000e+01 3.911994182963546e-19
1.85958462e+01 3.909906115463321e-19
1.86156923e+01 3.907821387980823e-19
1.86355385e+01 3.905739991621193e-19
1.86553846e+01 3.903661917522705e-19
1.86752308e+01 3.901587156856601e-19
1.86950769e+01 3.899515700826934e-19
1.87149231e+01 3.897447540670414e-19
1.87347692e+01 3.895382667656249e-19
1.87546154e+01 3.893321073085993e-19
1.87744615e+01 3.891262748293391e-19
1.87943077e+01 3.889207684644225e-19
1.88141538e+01 3.887155873536163e-19
1.88340000e+01 3.885107306398608e-19
1.88538462e+01 3.883061974692547e-19
1.88736923e+01 3.881019869910402e-19
1.88935385e+01 3.878980983575880e-19
1.89133846e+01 3.876945307243827e-19
1.89332308e+01 3.874912832500083e-19
1.89530769e+01 3.872883550961328e-19
1.89729231e+01 3.870857454274947e-19
1.89927692e+01 3.868834534118877e-19
1.90126154e+01 3.866814782201469e-19
1.90324615e+01 3.864798190261344e-19
1.90523077e+01 3.862784750067250e-19
1.90721538e+01 3.860774453417920e-19
1.90920000e+01 3.858767292141933e-19
1.91118462e+01 3.856763258097578e-19
1.91316923e+01 3.854762343172708e-19
1.91515385e+01 3.852764539284608e-19
1.91713846e+01 3.850769838379854e-19
1.91912308e+01 3.848778232434180e-19
1.92110769e+01 3.846789713452341e-19
1.92309231e+01 3.844804273467978e-19
1.92507692e+01 3.842821904543483e-19
1.92706154e+01 3.840842598769866e-19
1.92904615e+01 3.838866348266625e-19
1.93103077e+01 3.836893145181612e-19
1.93301538e+01 3.834922981690903e-19
1.93500000e+01 3.832955849998665e-19
1.93698462e+01 3.830991742337032e-19
1.93896923e+01 3.829030650965968e-19
1.94095385e+01 3.827072568173148e-19
1.94293846e+01 3.825117486273823e-19
1.94492308e+01 3.823165397610699e-19
1.94690769e+01 3.821216294553807e-19
1.94889231e+01 3.819270169500379e-19
1.95087692e+01 3.817327014874727e-19
1.95286154e+01 3.815386823128110e-19
1.95484615e+01 3.813449586738623e-19
1.95683077e+01 3.811515298211064e-19
1.95881538e+01 3.809583950076819e-19
1.96080000e+01 3.807655534893736e-19
1.96278462e+01 3.805730045246009e-19
1.96476923e+01 3.803807473744055e-19
1.96675385e+01 3.801887813024396e-19
1.96873846e+01 3.799971055749543e-19
1.97072308e+01 3.798057194607871e-19
1.97270769e+01 3.796146222313510e-19
1.97469231e+01 3.794238131606224e-19
1.97667692e+01 3.792332915251299e-19
1.97866154e+01 3.790430566039420e-19
1.98064615e+01 3.788531076786566e-19
1.98263077e+01 3.786634440333889e-19
1.98461538e+01 3.784740649547604e-19
1.98660000e+01 3.782849697318876e-19
1.98858462e+01 3.780961576563707e-19
1.99056923e+01 3.779076280222826e-19
1.99255385e+01 3.777193801261575e-19
1.99453846e+01 3.775314132669802e-19
1.99652308e+01 3.773437267461751e-19
1.99850769e+01 3.771563198675951e-19
2.00049231e+01 3.769691919375110e-19
2.00247692e+01 3.767823422646006e-19
2.00446154e+01 3.765957701599377e-19
2.00644615e+01 3.764094749369821e-19
2.00843077e+01 3.762234559115682e-19
2.01041538e+01 3.760377124018951e-19
2.01240000e+01 3.758522437285157e-19
2.01438462e+01 3.756670492143265e-19
2.01636923e+01 3.754821281845570e-19
2.01835385e+01 3.752974799667596e-19
2.02033846e+01 3.751131038907993e-19
2.02232308e+01 3.749289992888431e-19
2.02430769e+01 3.747451654953503e-19
2.02629231e+01 3.745616018470624e-19
2.02827692e+01 3.743783076829925e-19
2.03026154e+01 3.741952823444163e-19
2.03224615e+01 3.740125251748609e-19
2.03423077e+01 3.738300355200961e-19
2.03621538e+01 3.736478127281236e-19
2.03820000e+01 3.734658561491679e-19
2.04018462e+01 3.732841651356662e-19
2.04216923e+01 3.731027390422589e-19
2.04415385e+01 3.729215772257799e-19
2.04613846e+01 3.727406790452469e-19
2.04812308e+01 3.725600438618521e-19
2.05010769e+01 3.723796710389527e-19
2.05209231e+01 3.721995599420613e-19
2.05407692e+01 3.720197099388365e-19
2.05606154e+01 3.718401203990740e-19
2.05804615e+01 3.716607906946969e-19
2.06003077e+01 3.714817201997466e-19
2.06201538e+01 3.713029082903735e-19
2.06400000e+01 3.711243543448281e-19
2.06598462e+01 3.709460577434520e-19
2.06796923e+01 3.707680178686684e-19
2.06995385e+01 3.705902341049735e-19
2.07193846e+01 3.704127058389276e-19
2.07392308e+01 3.702354324591458e-19
2.07590769e+01 3.700584133562897e-19
2.07789231e+01 3.698816479230582e-19
2.07987692e+01 3.697051355541789e-19
2.08186154e+01 3.695288756463994e-19
2.08384615e+01 3.693528675984786e-19
2.08583077e+01 3.691771108111781e-19
2.08781538e+01 3.690016046872537e-19
2.08980000e+01 3.688263486314467e-19
2.09178462e+01 3.686513420504758e-19
2.09376923e+01 3.684765843530280e-19
2.09575385e+01 3.683020749497508e-19
2.09773846e+01 3.681278132532438e-19
2.09972308e+01 3.679537986780501e-19
2.10170769e+01 3.677800306406481e-19
2.10369231e+01 3.676065085594437e-19
2.10567692e+01 3.674332318547614e-19
2.10766154e+01 3.672601999488369e-19
2.10964615e+01 3.670874122658086e-19
2.11163077e+01 3.669148682317094e-19
2.11361538e+01 3.667425672744592e-19
2.11560000e+01 3.665705088238565e-19
2.11758462e+01 3.663986923115707e-19
2.11956923e+01 3.662271171711341e-19
2.12155385e+01 3.660557828379341e-19
2.12353846e+01 3.658846887492055e-19
2.12552308e+01 3.657138343440225e-19
2.12750769e+01 3.655432190632911e-19
2.12949231e+01 3.653728423497414e-19
2.13147692e+01 3.652027036479203e-19
2.13346154e+01 3.650328024041830e-19
2.13544615e+01 3.648631380666867e-19
2.13743077e+01 3.646937100853817e-19
2.13941538e+01 3.645245179120051e-19
2.14140000e+01 3.643555610000727e-19
2.14338462e+01 3.641868388048714e-19
2.14536923e+01 3.640183507834526e-19
2.14735385e+01 3.638500963946241e-19
2.14933846e+01 3.636820750989434e-19
2.15132308e+01 3.635142863587099e-19
2.15330769e+01 3.633467296379579e-19
2.15529231e+01 3.631794044024496e-19
2.15727692e+01 3.630123101196678e-19
2.15926154e+01 3.628454462588085e-19
2.16124615e+01 3.626788122907742e-19
2.16323077e+01 3.625124076881669e-19
2.16521538e+01 3.623462319252807e-19
2.16720000e+01 3.621802844780951e-19
2.16918462e+01 3.620145648242680e-19
2.17116923e+01 3.618490724431288e-19
2.17315385e+01 3.616838068156715e-19
2.17513846e+01 3.615187674245480e-19
2.17712308e+01 3.613539537540610e-19
2.17910769e+01 3.611893652901576e-19
2.18109231e+01 3.610250015204223e-19
2.18307692e+01 3.608608619340704e-19
2.18506154e+01 3.606969460219411e-19
2.18704615e+01 3.605332532764916e-19
2.18903077e+01 3.603697831917895e-19
2.19101538e+01 3.602065352635069e-19
2.19300000e+01 3.600435089889137e-19
2.19498462e+01 3.598807038668710e-19
2.19696923e+01 3.597181193978247e-19
2.19895385e+01 3.595557550837993e-19
2.20093846e+01 3.593936104283910e-19
2.20292308e+01 3.592316849367615e-19
2.20490769e+01 3.590699781156322e-19
2.20689231e+01 3.589084894732770e-19
2.20887692e+01 3.587472185195167e-19
2.21086154e+01 3.585861647657124e-19
2.21284615e+01 3.584253277247592e-19
2.21483077e+01 3.582647069110807e-19
2.21681538e+01 3.581043018406220e-19
2.21880000e+01 3.579441120308439e-19
2.22078462e+01 3.577841370007170e-19
2.22276923e+01 3.576243762707152e-19
2.22475385e+01 3.574648293628100e-19
2.22673846e+01 3.573054958004646e-19
2.22872308e+01 3.571463751086276e-19
2.23070769e+01 3.569874668137273e-19
2.23269231e+01 3.568287704436653e-19
2.23467692e+01 3.566702855278113e-19
2.23666154e+01 3.565120115969968e-19
2.23864615e+01 3.563539481835095e-19
2.24063077e+01 3.561960948210872e-19
2.24261538e+01 3.560384510449122e-19
2.24460000e+01 3.558810163916058e-19
2.24658462e+01 3.557237903992219e-19
2.24856923e+01 3.555667726072422e-19
2.25055385e+01 3.554099625565697e-19
2.25253846e+01 3.552533597895235e-19
2.25452308e+01 3.550969638498334e-19
2.25650769e+01 3.549407742826337e-19
2.25849231e+01 3.547847906344580e-19
2.26047692e+01 3.546290124532339e-19
2.26246154e+01 3.544734392882770e-19
2.26444615e+01 3.543180706902859e-19
2.26643077e+01 3.541629062113362e-19
2.26841538e+01 3.540079454048757e-19
2.27040000e+01 3.538531878257186e-19
2.27238462e+01 3.536986330300401e-19
2.27436923e+01 3.535442805753714e-19
2.27635385e+01 3.533901300205939e-19
2.27833846e+01 3.532361809259345e-19
2.28032308e+01 3.530824328529598e-19
2.28230769e+01 3.529288853645709e-19
2.28429231e+01 3.527755380249987e-19
2.28627692e+01 3.526223903997980e-19
2.28826154e+01 3.524694420558428e-19
2.29024615e+01 3.523166925613212e-19
2.29223077e+01 3.521641414857298e-19
2.29421538e+01 3.520117883998691e-19
2.29620000e+01 3.518596328758382e-19
2.29818462e+01 3.517076744870296e-19
2.30016923e+01 3.515559128081249e-19
2.30215385e+01 3.514043474150886e-19
2.30413846e+01 3.512529778851643e-19
2.30612308e+01 3.511018037968688e-19
2.30810769e+01 3.509508247299881e-19
2.31009231e+01 3.508000402655716e-19
2.31207692e+01 3.506494499859277e-19
2.31406154e+01 3.504990534746192e-19
2.31604615e+01 3.503488503164575e-19
2.31803077e+01 3.501988400974991e-19
2.32001538e+01 3.500490224050395e-19
2.32200000e+01 3.498993968276095e-19
2.32398462e+01 3.497499629549698e-19
2.32596923e+01 3.496007203781064e-19
2.32795385e+01 3.494516686892263e-19
2.32993846e+01 3.493028074817520e-19
2.33192308e+01 3.491541363503179e-19
2.33390769e+01 3.490056548907646e-19
2.33589231e+01 3.488573627001351e-19
2.33787692e+01 3.487092593766699e-19
2.33986154e+01 3.485613445198023e-19
2.34184615e+01 3.484136177301538e-19
2.34383077e+01 3.482660786095302e-19
2.34581538e+01 3.481187267609162e-19
2.34780000e+01 3.479715617884717e-19
2.34978462e+01 3.478245832975268e-19
2.35176923e+01 3.476777908945775e-19
2.35375385e+01 3.475311841872813e-19
2.35573846e+01 3.473847627844529e-19
2.35772308e+01 3.472385262960599e-19
2.35970769e+01 3.470924743332178e-19
2.36169231e+01 3.469466065081865e-19
2.36367692e+01 3.468009224343655e-19
2.36566154e+01 3.466554217262896e-19
2.36764615e+01 3.465101039996248e-19
2.36963077e+01 3.463649688711641e-19
2.37161538e+01 3.462200159588226e-19
2.37360000e+01 3.460752448816343e-19
2.37558462e+01 3.459306552597470e-19
2.37756923e+01 3.457862467144188e-19
2.37955385e+01 3.456420188680134e-19
2.38153846e+01 3.454979713439962e-19
2.38352308e+01 3.453541037669303e-19
2.38550769e+01 3.452104157624718e-19
2.38749231e+01 3.450669069573668e-19
2.38947692e+01 3.449235769794460e-19
2.39146154e+01 3.447804254576219e-19
2.39344615e+01 3.446374520218837e-19
2.39543077e+01 3.444946563032939e-19
2.39741538e+01 3.443520379339844e-19
2.39940000e+01 3.442095965471520e-19
2.40138462e+01 3.440673317770549e-19
2.40336923e+01 3.439252432590085e-19
2.40535385e+01 3.437833306293813e-19
2.40733846e+01 3.436415935255918e-19
2.40932308e+01 3.435000315861036e-19
2.41130769e+01 3.433586444504222e-19
2.41329231e+01 3.432174317590907e-19
2.41527692e+01 3.430763931536864e-19
2.41726154e+01 3.429355282768167e-19
2.41924615e+01 3.427948367721153e-19
2.42123077e+01 3.426543182842385e-19
2.42321538e+01 3.425139724588615e-19
2.42520000e+01 3.423737989426743e-19
2.42718462e+01 3.422337973833786e-19
2.42916923e+01 3.420939674296833e-19
2.43115385e+01 3.419543087313014e-19
2.43313846e+01 3.418148209389462e-19
2.43512308e+01 3.416755037043272e-19
2.43710769e+01 3.415363566801471e-19
2.43909231e+01 3.413973795200979e-19
2.44107692e+01 3.412585718788569e-19
2.44306154e+01 3.411199334120836e-19
2.44504615e+01 3.409814637764160e-19
2.44703077e+01 3.408431626294670e-19
2.44901538e+01 3.407050296298206e-19
2.45100000e+01 3.405670644370286e-19
2.45298462e+01 3.404292667116074e-19
2.45496923e+01 3.402916361150338e-19
2.45695385e+01 3.401541723097418e-19
2.45893846e+01 3.400168749591194e-19
2.46092308e+01 3.398797437275048e-19
2.46290769e+01 3.397427782801831e-19
2.46489231e+01 3.396059782833826e-19
2.46687692e+01 3.394693434042720e-19
2.46886154e+01 3.393328733109564e-19
2.47084615e+01 3.391965676724741e-19
2.47283077e+01 3.390604261587933e-19
2.47481538e+01 3.389244484408086e-19
2.47680000e+01 3.387886341903380e-19
2.47878462e+01 3.386529830801191e-19
2.48076923e+01 3.385174947838061e-19
2.48275385e+01 3.383821689759664e-19
2.48473846e+01 3.382470053320773e-19
2.48672308e+01 3.381120035285230e-19
2.48870769e+01 3.379771632425909e-19
2.49069231e+01 3.378424841524685e-19
2.49267692e+01 3.377079659372404e-19
2.49466154e+01 3.375736082768849e-19
2.49664615e+01 3.374394108522709e-19
2.49863077e+01 3.373053733451545e-19
2.50061538e+01 3.371714954381762e-19
2.50260000e+01 3.370377768148572e-19
2.50458462e+01 3.369042171595970e-19
2.50656923e+01 3.367708161576696e-19
2.50855385e+01 3.366375734952207e-19
2.51053846e+01 3.365044888592647e-19
2.51252308e+01 3.363715619376809e-19
2.51450769e+01 3.362387924192118e-19
2.51649231e+01 3.361061799934585e-19
2.51847692e+01 3.359737243508789e-19
2.52046154e+01 3.358414251827837e-19
2.52244615e+01 3.357092821813342e-19
2.52443077e+01 3.355772950395387e-19
2.52641538e+01 3.354454634512497e-19
2.52840000e+01 3.353137871111611e-19
2.53038462e+01 3.351822657148047e-19
2.53236923e+01 3.350508989585481e-19
2.53435385e+01 3.349196865395908e-19
2.53633846e+01 3.347886281559620e-19
2.53832308e+01 3.346577235065174e-19
2.54030769e+01 3.345269722909362e-19
2.54229231e+01 3.343963742097183e-19
2.54427692e+01 3.342659289641815e-19
2.54626154e+01 3.341356362564585e-19
2.54824615e+01 3.340054957894942e-19
2.55023077e+01 3.338755072670427e-19
2.55221538e+01 3.337456703936644e-19
2.55420000e+01 3.336159848747236e-19
2.55618462e+01 3.334864504163850e-19
2.55816923e+01 3.333570667256117e-19
2.56015385e+01 3.332278335101618e-19
2.56213846e+01 3.330987504785859e-19
2.56412308e+01 3.329698173402242e-19
2.56610769e+01 3.328410338052037e-19
2.56809231e+01 3.327123995844362e-19
2.57007692e+01 3.325839143896143e-19
2.57206154e+01 3.324555779332097e-19
2.57404615e+01 3.323273899284700e-19
2.57603077e+01 3.321993500894165e-19
2.57801538e+01 3.320714581308405e-19
2.58000000e+01 3.319437137683021e-19
2.58198462e+01 3.318161167181262e-19
-----------------------------
