SPECIES: e / A
PROCESS: E + A -> E + A, Elastic
PARAM.:  m/M = 0.0000195921, complete set
COMMENT: [e + A(gnd) -> e + A(gnd), Elastic]
UPDATED: 2018-06-05 11:00:00
COLUMNS: Energy (eV) | Cross section (m2)
-----------------------------
0.00000000e+00 3.146417438684416e-18
9.60000000e-01 1.720832838290550e-18
1.92000000e+00 1.216812569243741e-18
2.88000000e+00 9.935233024173968e-19
3.84000000e+00 8.604164191452750e-19
4.80000000e+00 7.695798408663145e-19
5.76000000e+00 7.025270644061943e-19
6.72000000e+00 6.504136768614604e-19
7.68000000e+00 6.084062846218707e-19
8.64000000e+00 5.736109460968500e-19
9.60000000e+00 5.441751241410352e-19
1.05600000e+01 5.188506228665530e-19
1.15200000e+01 4.967616512086984e-19
1.24800000e+01 4.772731565352929e-19
1.34400000e+01 4.599119214852145e-19
1.44000000e+01 4.443171282870761e-19
1.53600000e+01 4.302082095726375e-19
1.63200000e+01 4.173632680178454e-19
1.72800000e+01 4.056041897479138e-19
1.82400000e+01 3.947861284649883e-19
1.92000000e+01 3.847899204331573e-19
2.01600000e+01 3.755165114205785e-19
2.11200000e+01 3.668827938518036e-19
2.20800000e+01 3.588184509663269e-19
2.30400000e+01 3.512635322030971e-19
2.40000000e+01 3.441665676581099e-19
2.49600000e+01 3.374830854644143e-19
2.59200000e+01 3.311744341391322e-19
2.68800000e+01 3.252068384307302e-19
2.78400000e+01 3.195506358525396e-19
2.88000000e+01 3.141796544091247e-19
2.97600000e+01 3.090707016587666e-19
3.07200000e+01 3.042031423109354e-19
3.16800000e+01 2.995585467812093e-19
3.26400000e+01 2.951203970335970e-19
3.36000000e+01 2.908738389915615e-19
3.45600000e+01 2.868054730484250e-19
3.55200000e+01 2.829031759367700e-19
3.64800000e+01 2.791559485559767e-19
3.74400000e+01 2.755537854026338e-19
3.84000000e+01 2.720875620705176e-19
3.93600000e+01 2.687489379372825e-19
4.03200000e+01 2.655302716730066e-19
4.12800000e+01 2.624245476207071e-19
4.22400000e+01 2.594253114332765e-19
4.32000000e+01 2.565266136221048e-19
4.41600000e+01 2.537229598931425e-19
4.51200000e+01 2.510092673265488e-19
4.60800000e+01 2.483808256043492e-19
4.70400000e+01 2.458332626129357e-19
4.80000000e+01 2.433625138487483e-19
4.89600000e+01 2.409647951399650e-19
4.99200000e+01 2.386365782676465e-19
5.08800000e+01 2.363745691290131e-19
5.18400000e+01 2.341756881353981e-19
5.28000000e+01 2.320370525795439e-19
5.37600000e+01 2.299559607426072e-19
5.47200000e+01 2.279298775415912e-19
5.56800000e+01 2.259564215438039e-19
5.66400000e+01 2.240333531970869e-19
5.76000000e+01 2.221585641435380e-19
5.85600000e+01 2.203300675007917e-19
5.95200000e+01 2.185459890089981e-19
6.04800000e+01 2.168045589538202e-19
6.14400000e+01 2.151041047863188e-19
6.24000000e+01 2.134430443697626e-19
6.33600000e+01 2.118198797913808e-19
6.43200000e+01 2.102331916840401e-19
6.52800000e+01 2.086816340089227e-19
6.62400000e+01 2.071639292556134e-19
6.72000000e+01 2.056788640206971e-19
6.81600000e+01 2.042252849300894e-19
6.91200000e+01 2.028020948739569e-19
7.00800000e+01 2.014082495262994e-19
7.10400000e+01 2.000427541241010e-19
7.20000000e+01 1.987046604834794e-19
7.29600000e+01 1.973930642324942e-19
7.39200000e+01 1.961071022422660e-19
7.48800000e+01 1.948459502398251e-19
7.58400000e+01 1.936088205876887e-19
7.68000000e+01 1.923949602165786e-19
7.77600000e+01 1.912036486989500e-19
7.87200000e+01 1.900341964521351e-19
7.96800000e+01 1.888859430609207e-19
8.06400000e+01 1.877582557102892e-19
8.16000000e+01 1.866505277198733e-19
8.25600000e+01 1.855621771724141e-19
8.35200000e+01 1.844926456291799e-19
8.44800000e+01 1.834413969259018e-19
8.54400000e+01 1.824079160433310e-19
8.64000000e+01 1.813917080470117e-19
8.73600000e+01 1.803922970913124e-19
8.83200000e+01 1.794092254831635e-19
8.92800000e+01 1.784420528013153e-19
9.02400000e+01 1.774903550672696e-19
9.12000000e+01 1.765537239643357e-19
9.21600000e+01 1.756317661015486e-19
9.31200000e+01 1.747241023194311e-19
9.40800000e+01 1.738303670348202e-19
9.50400000e+01 1.729502076221843e-19
9.60000000e+01 1.720832838290550e-19
9.69600000e+01 1.712292672233710e-19
9.79200000e+01 1.703878406706965e-19
9.88800000e+01 1.695586978394239e-19
9.98400000e+01 1.687415427322071e-19
1.00800000e+02 1.679360892419979e-19
1.01760000e+02 1.671420607311735e-19
1.02720000e+02 1.663591896323490e-19
1.03680000e+02 1.655872170695661e-19
1.04640000e+02 1.648258924986408e-19
1.05600000e+02 1.640749733655349e-19
1.06560000e+02 1.633342247816942e-19
1.07520000e+02 1.626034192153651e-19
1.08480000e+02 1.618823361979697e-19
1.09440000e+02 1.611707620446785e-19
1.10400000e+02 1.604684895883764e-19
1.11360000e+02 1.597753179262698e-19
1.12320000e+02 1.590910521784310e-19
1.13280000e+02 1.584155032576210e-19
1.14240000e+02 1.577484876497738e-19
1.15200000e+02 1.570898272045623e-19
1.16160000e+02 1.564393489355045e-19
1.17120000e+02 1.557968848290996e-19
1.18080000e+02 1.551622716625161e-19
1.19040000e+02 1.545353508293833e-19
1.20000000e+02 1.539159681732629e-19
1.20960000e+02 1.533039738284049e-19
1.21920000e+02 1.526992220674126e-19
1.22880000e+02 1.521015711554677e-19
1.23840000e+02 1.515108832107810e-19
1.24800000e+02 1.509270240709603e-19
1.25760000e+02 1.503498631649982e-19
1.26720000e+02 1.497792733906047e-19
1.27680000e+02 1.492151309966223e-19
1.28640000e+02 1.486573154702761e-19
1.29600000e+02 1.481057094290254e-19
1.30560000e+02 1.475601985167985e-19
1.31520000e+02 1.470206713044000e-19
1.32480000e+02 1.464870191938944e-19
1.33440000e+02 1.459591363267808e-19
1.34400000e+02 1.454369194957807e-19
1.35360000e+02 1.449202680600737e-19
1.36320000e+02 1.444090838638210e-19
1.37280000e+02 1.439032711578297e-19
1.38240000e+02 1.434027365242125e-19
1.39200000e+02 1.429073888039121e-19
1.40160000e+02 1.424171390269586e-19
1.41120000e+02 1.419319003453424e-19
1.42080000e+02 1.414515879683850e-19
1.43040000e+02 1.409761191004999e-19
1.44000000e+02 1.405054128812388e-19
1.44960000e+02 1.400393903275266e-19
1.45920000e+02 1.395779742779883e-19
1.46880000e+02 1.391210893392818e-19
1.47840000e+02 1.386686618343499e-19
1.48800000e+02 1.382206197525118e-19
1.49760000e+02 1.377768927013169e-19
1.50720000e+02 1.373374118600880e-19
1.51680000e+02 1.369021099350843e-19
1.52640000e+02 1.364709211162175e-19
1.53600000e+02 1.360437810352588e-19
1.54560000e+02 1.356206267254750e-19
1.55520000e+02 1.352013965826379e-19
1.56480000e+02 1.347860303273510e-19
1.57440000e+02 1.343744689686412e-19
1.58400000e+02 1.339666547687670e-19
1.59360000e+02 1.335625312091931e-19
1.60320000e+02 1.331620429576887e-19
1.61280000e+02 1.327651358365033e-19
1.62240000e+02 1.323717567915808e-19
1.63200000e+02 1.319818538627701e-19
1.64160000e+02 1.315953761549961e-19
1.65120000e+02 1.312122738103536e-19
1.66080000e+02 1.308324979810893e-19
1.67040000e+02 1.304560008034397e-19
1.68000000e+02 1.300827353722921e-19
1.68960000e+02 1.297126557166382e-19
1.69920000e+02 1.293457167757926e-19
1.70880000e+02 1.289818743763458e-19
1.71840000e+02 1.286210852098274e-19
1.72800000e+02 1.282633068110524e-19
1.73760000e+02 1.279084975371262e-19
1.74720000e+02 1.275566165470853e-19
1.75680000e+02 1.272076237821505e-19
1.76640000e+02 1.268614799465712e-19
1.77600000e+02 1.265181464890401e-19
1.78560000e+02 1.261775855846581e-19
1.79520000e+02 1.258397601174301e-19
1.80480000e+02 1.255046336632744e-19
1.81440000e+02 1.251721704735262e-19
1.82400000e+02 1.248423354589197e-19
1.83360000e+02 1.245150941740322e-19
1.84320000e+02 1.241904128021746e-19
1.85280000e+02 1.238682581407119e-19
1.86240000e+02 1.235485975868019e-19
1.87200000e+02 1.232313991235357e-19
1.88160000e+02 1.229166313064678e-19
1.89120000e+02 1.226042632505232e-19
1.90080000e+02 1.222942646172679e-19
1.91040000e+02 1.219866056025320e-19
1.92000000e+02 1.216812569243741e-19
1.92960000e+02 1.213781898113747e-19
-----------------------------
