SPECIES: e / A
PROCESS: E + A -> E + A, Elastic
PARAM.:  m/M = 0.0000195921, complete set
COMMENT: [e + A(gnd) -> e + A(gnd), Elastic]
UPDATED: 2018-06-05 11:00:00
COLUMNS: Energy (eV) | Cross section (m2)
-----------------------------
0.00000000e+00 5.921985115997223e-18
2.71000000e-01 3.238841207203854e-18
5.42000000e-01 2.290206580800269e-18
8.13000000e-01 1.869945842841597e-18
1.08400000e+00 1.619420603601927e-18
1.35500000e+00 1.448453821527060e-18
1.62600000e+00 1.322251385924887e-18
1.89700000e+00 1.224166910041374e-18
2.16800000e+00 1.145103290400135e-18
2.43900000e+00 1.079613735734618e-18
2.71000000e+00 1.024211519437353e-18
2.98100000e+00 9.765473672579010e-19
3.25200000e+00 9.349729214207986e-19
3.52300000e+00 8.982929265891679e-19
3.79400000e+00 8.656167233944379e-19
4.06500000e+00 8.362652037673901e-19
4.33600000e+00 8.097103018009635e-19
4.60700000e+00 7.855343765826180e-19
4.87800000e+00 7.634021936000897e-19
5.14900000e+00 7.430411324408884e-19
5.42000000e+00 7.242269107635299e-19
5.69100000e+00 7.067730950454196e-19
5.96200000e+00 6.905232655379316e-19
6.23300000e+00 6.753450765440201e-19
6.50400000e+00 6.611256929624437e-19
6.77500000e+00 6.477682414407708e-19
7.04600000e+00 6.351890198831102e-19
7.31700000e+00 6.233152809471992e-19
7.58800000e+00 6.120834550206870e-19
7.85900000e+00 6.014377132734905e-19
8.13000000e+00 5.913287964542715e-19
8.40100000e+00 5.817130532366124e-19
8.67200000e+00 5.725516452000673e-19
8.94300000e+00 5.638098853627695e-19
9.21400000e+00 5.554566845367161e-19
9.48500000e+00 5.474640853316765e-19
9.75600000e+00 5.398068678673090e-19
1.00270000e+01 5.324622145071745e-19
1.02980000e+01 5.254094234494837e-19
1.05690000e+01 5.186296629773928e-19
1.08400000e+01 5.121057597186766e-19
1.11110000e+01 5.058220154888601e-19
1.13820000e+01 4.997640482668206e-19
1.16530000e+01 4.939186536329152e-19
1.19240000e+01 4.882736836289505e-19
1.21950000e+01 4.828179405090200e-19
1.24660000e+01 4.775410832652247e-19
1.27370000e+01 4.724335451518207e-19
1.30080000e+01 4.674864607103993e-19
1.32790000e+01 4.626916010291219e-19
1.35500000e+01 4.580413161600538e-19
1.38210000e+01 4.535284837776792e-19
1.40920000e+01 4.491464632945839e-19
1.43630000e+01 4.448890547617741e-19
1.46340000e+01 4.407504619749625e-19
1.49050000e+01 4.367252592874239e-19
1.51760000e+01 4.328083616972189e-19
1.54470000e+01 4.289949978337112e-19
1.57180000e+01 4.252806855170156e-19
1.59890000e+01 4.216612096056866e-19
1.62600000e+01 4.181326018836950e-19
1.65310000e+01 4.146911227684757e-19
1.68020000e+01 4.113332446483398e-19
1.70730000e+01 4.080556366804580e-19
1.73440000e+01 4.048551509004818e-19
1.76150000e+01 4.017288095121216e-19
1.78860000e+01 3.986737932400243e-19
1.81570000e+01 3.956874306423997e-19
1.84280000e+01 3.927671882913090e-19
1.86990000e+01 3.899106617385785e-19
1.89700000e+01 3.871155671941191e-19
1.92410000e+01 3.843797338511972e-19
1.95120000e+01 3.817010968000448e-19
1.97830000e+01 3.790776904772394e-19
2.00540000e+01 3.765076426036291e-19
2.03250000e+01 3.739891685683195e-19
2.05960000e+01 3.715205662204442e-19
2.08670000e+01 3.691002110341809e-19
2.11380000e+01 3.667265516158082e-19
2.14090000e+01 3.643981055245693e-19
2.16800000e+01 3.621134553817650e-19
2.19510000e+01 3.598712452448727e-19
2.22220000e+01 3.576701772256199e-19
2.24930000e+01 3.555090083328464e-19
2.27640000e+01 3.533865475227098e-19
2.30350000e+01 3.513016529403305e-19
2.33060000e+01 3.492532293383639e-19
2.35770000e+01 3.472402256592427e-19
2.38480000e+01 3.452616327689658e-19
2.41190000e+01 3.433164813313324e-19
2.43900000e+01 3.414038398124511e-19
2.46610000e+01 3.395228126061913e-19
2.49320000e+01 3.376725382720101e-19
2.52030000e+01 3.358521878772773e-19
2.54740000e+01 3.340609634368534e-19
2.57450000e+01 3.322980964432501e-19
2.60160000e+01 3.305628464812219e-19
2.62870000e+01 3.288544999211174e-19
2.65580000e+01 3.271723686857527e-19
2.68290000e+01 3.255157890859671e-19
2.71000000e+01 3.238841207203854e-19
2.73710000e+01 3.222767454352452e-19
2.76420000e+01 3.206930663404501e-19
2.79130000e+01 3.191325068782942e-19
2.81840000e+01 3.175945099415551e-19
2.84550000e+01 3.160785370378957e-19
2.87260000e+01 3.145840674977238e-19
2.89970000e+01 3.131105977228672e-19
2.92680000e+01 3.116576404735996e-19
2.95390000e+01 3.102247241917257e-19
2.98100000e+01 3.088113923575906e-19
3.00810000e+01 3.074172028790214e-19
3.03520000e+01 3.060417275103435e-19
3.06230000e+01 3.046845512997388e-19
3.08940000e+01 3.033452720633255e-19
3.11650000e+01 3.020234998844456e-19
3.14360000e+01 3.007188566367452e-19
3.17070000e+01 2.994309755297226e-19
3.19780000e+01 2.981595006755032e-19
3.22490000e+01 2.969040866756811e-19
3.25200000e+01 2.956643982271358e-19
3.27910000e+01 2.944401097458049e-19
3.30620000e+01 2.932309050074523e-19
3.33330000e+01 2.920364768045325e-19
3.36040000e+01 2.908565266183062e-19
3.38750000e+01 2.896907643054120e-19
3.41460000e+01 2.885389077981460e-19
3.44170000e+01 2.874006828177484e-19
3.46880000e+01 2.862758226000336e-19
3.49590000e+01 2.851640676327411e-19
3.52300000e+01 2.840651654040200e-19
3.55010000e+01 2.829788701614941e-19
3.57720000e+01 2.819049426813848e-19
3.60430000e+01 2.808431500471998e-19
3.63140000e+01 2.797932654375225e-19
3.65850000e+01 2.787550679224634e-19
3.68560000e+01 2.777283422683581e-19
3.71270000e+01 2.767128787503211e-19
3.73980000e+01 2.757084729722830e-19
3.76690000e+01 2.747149256941622e-19
3.79400000e+01 2.737320426658382e-19
3.82110000e+01 2.727596344676129e-19
3.84820000e+01 2.717975163568618e-19
3.87530000e+01 2.708455081205943e-19
3.90240000e+01 2.699034339336545e-19
3.92950000e+01 2.689711222223105e-19
3.95660000e+01 2.680484055329912e-19
3.98370000e+01 2.671351204059425e-19
4.01080000e+01 2.662311072535872e-19
4.03790000e+01 2.653362102433821e-19
4.06500000e+01 2.644502771849775e-19
4.09210000e+01 2.635731594214946e-19
4.11920000e+01 2.627047117247418e-19
4.14630000e+01 2.618447921942060e-19
4.17340000e+01 2.609932621596550e-19
4.20050000e+01 2.601499860872039e-19
4.22760000e+01 2.593148314886964e-19
4.25470000e+01 2.584876688342676e-19
4.28180000e+01 2.576683714679541e-19
4.30890000e+01 2.568568155262285e-19
4.33600000e+01 2.560528798593383e-19
4.36310000e+01 2.552564459553368e-19
4.39020000e+01 2.544673978666966e-19
4.41730000e+01 2.536856221394030e-19
4.44440000e+01 2.529110077444300e-19
4.47150000e+01 2.521434460115033e-19
4.49860000e+01 2.513828305650605e-19
4.52570000e+01 2.506290572623252e-19
4.55280000e+01 2.498820241334103e-19
4.57990000e+01 2.491416313233734e-19
4.60700000e+01 2.484077810361508e-19
4.63410000e+01 2.476803774802962e-19
4.66120000e+01 2.469593268164576e-19
4.68830000e+01 2.462445371065267e-19
4.71540000e+01 2.455359182643975e-19
4.74250000e+01 2.448333820082748e-19
4.76960000e+01 2.441368418144753e-19
4.79670000e+01 2.434462128726664e-19
4.82380000e+01 2.427614120424900e-19
4.85090000e+01 2.420823578115205e-19
4.87800000e+01 2.414089702545100e-19
4.90510000e+01 2.407411709938730e-19
4.93220000e+01 2.400788831613673e-19
4.95930000e+01 2.394220313609276e-19
4.98640000e+01 2.387705416326123e-19
5.01350000e+01 2.381243414176234e-19
5.04060000e+01 2.374833595243611e-19
5.06770000e+01 2.368475260954805e-19
5.09480000e+01 2.362167725759104e-19
5.12190000e+01 2.355910316818065e-19
5.14900000e+01 2.349702373704035e-19
5.17610000e+01 2.343543248107359e-19
5.20320000e+01 2.337432303551997e-19
5.23030000e+01 2.331368915119250e-19
5.25740000e+01 2.325352469179331e-19
5.28450000e+01 2.319382363130513e-19
5.31160000e+01 2.313458005145610e-19
5.33870000e+01 2.307578813925546e-19
5.36580000e+01 2.301744218459772e-19
5.39290000e+01 2.295953657793322e-19
5.42000000e+01 2.290206580800269e-19
5.44710000e+01 2.284502445963408e-19
-----------------------------
