Energy (eV)          EEDF (eV^-(3/2))     First Anisotropy
5.95833333333333e-02 1.32294957343009e-01 1.41582706368713e-04
1.78750000000000e-01 1.28535586132478e-01 2.31248899344942e-04
2.97916666666667e-01 1.24883043442580e-01 2.98607606410238e-04
4.17083333333333e-01 1.21334293546916e-01 3.45894471506509e-04
5.36250000000000e-01 1.17886387009246e-01 3.82236991298782e-04
6.55416666666667e-01 1.14536458212935e-01 4.11206587771526e-04
7.74583333333333e-01 1.11281722958830e-01 4.34711100799566e-04
8.93750000000000e-01 1.08119476171547e-01 4.53937410763096e-04
1.01291666666667e+00 1.05047089648241e-01 4.69694939825848e-04
1.13208333333333e+00 1.02062009863571e-01 4.82570853668133e-04
1.25125000000000e+00 9.91617558503473e-02 4.93010409376846e-04
1.37041666666667e+00 9.63439171734087e-02 5.01362702979729e-04
1.48958333333333e+00 9.36061518484165e-02 5.07908615007862e-04
1.60875000000000e+00 9.09461844646037e-02 5.12878841272150e-04
1.72791666666667e+00 8.83618042866971e-02 5.16466056695037e-04
1.84708333333333e+00 8.58508633687102e-02 5.18833410078980e-04
1.96625000000000e+00 8.34112748179263e-02 5.20120641627164e-04
2.08541666666667e+00 8.10410110560090e-02 5.20448609070217e-04
2.20458333333333e+00 7.87381020973449e-02 5.19922700982024e-04
2.32375000000000e+00 7.65006339485928e-02 5.18635464459460e-04
2.44291666666667e+00 7.43267470148618e-02 5.16668667777564e-04
2.56208333333333e+00 7.22146345259075e-02 5.14094935127467e-04
2.68125000000000e+00 7.01625410630568e-02 5.10979063026898e-04
2.80041666666667e+00 6.81687610980137e-02 5.07379097706241e-04
2.91958333333333e+00 6.62316375529342e-02 5.03347218745779e-04
3.03875000000000e+00 6.43495604458927e-02 4.98930474050786e-04
3.15791666666667e+00 6.25209655511090e-02 4.94171400546263e-04
3.27708333333333e+00 6.07443330807604e-02 4.89108545871483e-04
3.39625000000000e+00 5.90181864402187e-02 4.83776912960166e-04
3.51541666666667e+00 5.73410909995145e-02 4.78208344880688e-04
3.63458333333333e+00 5.57116528861241e-02 4.72431854102373e-04
3.75375000000000e+00 5.41285178415601e-02 4.66473908389283e-04
3.87291666666667e+00 5.25903700947843e-02 4.60358683309660e-04
3.99208333333333e+00 5.10959312563172e-02 4.54108281099998e-04
4.11125000000000e+00 4.96439592682443e-02 4.47742923516477e-04
4.23041666666667e+00 4.82332473710822e-02 4.41281125065003e-04
4.34958333333333e+00 4.68626230904996e-02 4.34739844558609e-04
4.46875000000000e+00 4.55309472733186e-02 4.28134620239722e-04
4.58791666666667e+00 4.42371131400602e-02 4.21479692923787e-04
4.70708333333333e+00 4.29800453563763e-02 4.14788114444494e-04
4.82625000000000e+00 4.17586991481499e-02 4.08071845259736e-04
4.94541666666667e+00 4.05720594326008e-02 4.01341844538043e-04
5.06458333333333e+00 3.94191399672426e-02 3.94608149838162e-04
5.18375000000000e+00 3.82989825376970e-02 3.87879949379464e-04
5.30291666666667e+00 3.72106561608356e-02 3.81165649500884e-04
5.42208333333333e+00 3.61532563047142e-02 3.74472934481063e-04
5.54125000000000e+00 3.51259041432033e-02 3.67808821139186e-04
5.66041666666667e+00 3.41277458251854e-02 3.61179710323477e-04
5.77958333333333e+00 3.31579517594930e-02 3.54591432620748e-04
5.89875000000000e+00 3.22157159309139e-02 3.48049290294352e-04
6.01791666666667e+00 3.13002552299640e-02 3.41558097204351e-04
6.13708333333333e+00 3.04108087973703e-02 3.35122214243794e-04
6.25625000000000e+00 2.95466373964394e-02 3.28745581989807e-04
6.37541666666667e+00 2.87070227983819e-02 3.22431752056962e-04
6.49458333333333e+00 2.78912671813489e-02 3.16183914897169e-04
6.61375000000000e+00 2.70986925545532e-02 3.10004925504363e-04
6.73291666666667e+00 2.63286401945364e-02 3.03897328302959e-04
6.85208333333333e+00 2.55804700941963e-02 2.97863379169840e-04
6.97125000000000e+00 2.48535604344162e-02 2.91905065854997e-04
7.09041666666667e+00 2.41473070670525e-02 2.86024127911725e-04
7.20958333333333e+00 2.34611230097745e-02 2.80222074279961e-04
7.32875000000000e+00 2.27944379613024e-02 2.74500199628962e-04
7.44791666666667e+00 2.21466978272412e-02 2.68859600431649e-04
7.56708333333333e+00 2.15173642569094e-02 2.63301189093384e-04
7.68625000000000e+00 2.09059141986013e-02 2.57825707108285e-04
7.80541666666667e+00 2.03118394647153e-02 2.52433738099039e-04
7.92458333333333e+00 1.97346463070693e-02 2.47125719226794e-04
8.04375000000000e+00 1.91738550088956e-02 2.41901951831163e-04
8.16291666666667e+00 1.86289994860049e-02 2.36762612057301e-04
8.28208333333333e+00 1.80996268973829e-02 2.31707760105314e-04
8.40125000000000e+00 1.75852972708911e-02 2.26737348864916e-04
8.52041666666667e+00 1.70855831374821e-02 2.21851232607155e-04
8.63958333333333e+00 1.66000691741369e-02 2.17049174502917e-04
8.75875000000000e+00 1.61283518604963e-02 2.12330853646959e-04
8.87791666666667e+00 1.56700391433865e-02 2.07695872185448e-04
8.99708333333333e+00 1.52247501094062e-02 2.03143761437971e-04
9.11625000000000e+00 1.47921146699383e-02 1.98673987619336e-04
9.23541666666667e+00 1.43717732534740e-02 1.94285957694721e-04
9.35458333333333e+00 1.39633765053827e-02 1.89979024368269e-04
9.47375000000000e+00 1.35665849989628e-02 1.85752490746087e-04
9.59291666666667e+00 1.31810689532610e-02 1.81605615150629e-04
9.71208333333333e+00 1.28065079577639e-02 1.77537615184792e-04
9.83125000000000e+00 1.24425907073399e-02 1.73547671529951e-04
9.95041666666667e+00 1.20890147434401e-02 1.69634931905083e-04
1.00695833333333e+01 1.17454862016398e-02 1.65798514489278e-04
1.01887500000000e+01 1.14117195675229e-02 1.62037510434572e-04
1.03079166666667e+01 1.10874374441837e-02 1.58350988143347e-04
1.04270833333333e+01 1.07723703110603e-02 1.54737995526288e-04
1.05462500000000e+01 1.04662563096425e-02 1.51197561341058e-04
1.06654166666667e+01 1.01688410253132e-02 1.47728699881385e-04
1.07845833333333e+01 9.87987726744204e-03 1.44330412162068e-04
1.09037500000000e+01 9.59912487254595e-03 1.41001687011094e-04
1.10229166666667e+01 9.32635050422357e-03 1.37741505075622e-04
1.11420833333333e+01 9.06132745172276e-03 1.34548839680180e-04
1.12612500000000e+01 8.80383544915064e-03 1.31422657612418e-04
1.13804166666667e+01 8.55366049199941e-03 1.28361922548086e-04
1.14995833333333e+01 8.31059465262111e-03 1.25365595645803e-04
1.16187500000000e+01 8.07443591419415e-03 1.22432636085757e-04
1.17379166666667e+01 7.84498800246331e-03 1.19562003999293e-04
1.18570833333333e+01 7.62206021669078e-03 1.16752660851774e-04
1.19762500000000e+01 7.40546727718730e-03 1.14003569782542e-04
1.20954166666667e+01 7.19502917100410e-03 1.11313698111206e-04
1.22145833333333e+01 6.99057099705187e-03 1.08682017550621e-04
1.23337500000000e+01 6.79192282609922e-03 1.06107504387559e-04
1.24529166666667e+01 6.59891955925879e-03 1.03589141626642e-04
1.25720833333333e+01 6.41140078607842e-03 1.01125919067797e-04
1.26912500000000e+01 6.22921065599624e-03 9.87168333599099e-05
1.28104166666667e+01 6.05219774855975e-03 9.63608898341063e-05
1.29295833333333e+01 5.88021494339545e-03 9.40571024738033e-05
1.30487500000000e+01 5.71311930219059e-03 9.18044938678044e-05
1.31679166666667e+01 5.55077194967194e-03 8.96020967769220e-05
1.32870833333333e+01 5.39303795445358e-03 8.74489540196742e-05
1.34062500000000e+01 5.23978622068963e-03 8.53441183465249e-05
1.35254166666667e+01 5.09088937892020e-03 8.32866537773710e-05
1.36445833333333e+01 4.94622367688226e-03 8.12756354217901e-05
1.37637500000000e+01 4.80566888004618e-03 7.93101492922307e-05
1.38829166666667e+01 4.66910817151052e-03 7.73892934444610e-05
1.40020833333333e+01 4.53642805193859e-03 7.55121777478626e-05
1.41212500000000e+01 4.40751824825489e-03 7.36779236521667e-05
1.42404166666667e+01 4.28227162183831e-03 7.18856651583746e-05
1.43595833333333e+01 4.16058407681807e-03 7.01345485517908e-05
1.44787500000000e+01 4.04235447626447e-03 6.84237321342665e-05
1.45979166666667e+01 3.92748455799224e-03 6.67523870492093e-05
1.47170833333333e+01 3.81587885051454e-03 6.51196969877258e-05
1.48362500000000e+01 3.70744459611598e-03 6.35248578961613e-05
1.49554166666667e+01 3.60209167363530e-03 6.19670786755045e-05
1.50745833333333e+01 3.49973252143506e-03 6.04455808691048e-05
1.51937500000000e+01 3.40028206679472e-03 5.89595983534852e-05
1.53129166666667e+01 3.30365765509374e-03 5.75083779296290e-05
1.54320833333333e+01 3.20977897920931e-03 5.60911789991547e-05
1.55512500000000e+01 3.11856801471240e-03 5.47072732448841e-05
1.56704166666667e+01 3.02994895492077e-03 5.33559451290855e-05
1.57895833333333e+01 2.94384814618630e-03 5.20364915636730e-05
1.59087500000000e+01 2.86019402841919e-03 5.07482215857758e-05
1.60279166666667e+01 2.77891707552411e-03 4.94904567759459e-05
1.61470833333333e+01 2.69994973608426e-03 4.82625309268600e-05
1.62662500000000e+01 2.62322637877730e-03 4.70637897181044e-05
1.63854166666667e+01 2.54868323774841e-03 4.58935910655830e-05
1.65045833333333e+01 2.47625835823955e-03 4.47513047922935e-05
1.66237500000000e+01 2.40589154649633e-03 4.36363123056897e-05
1.67429166666667e+01 2.33752431966862e-03 4.25480068879976e-05
1.68620833333333e+01 2.27109985597160e-03 4.14857933718937e-05
1.69812500000000e+01 2.20656294871524e-03 4.04490878230952e-05
1.71004166666667e+01 2.14385996035724e-03 3.94373177799741e-05
1.72195833333333e+01 2.08293877681703e-03 3.84499219363419e-05
1.73387500000000e+01 2.02374876528969e-03 3.74863498313310e-05
1.74579166666667e+01 1.96624073210700e-03 3.65460620455697e-05
1.75770833333333e+01 1.91036688085742e-03 3.56285298927590e-05
1.76962500000000e+01 1.85608077367389e-03 3.47332351184225e-05
1.78154166666667e+01 1.80333729258724e-03 3.38596700589196e-05
1.79345833333333e+01 1.75209260113439e-03 3.30073373430770e-05
1.80537500000000e+01 1.70230410883472e-03 3.21757496009834e-05
1.81729166666667e+01 1.65393043574636e-03 3.13644295912694e-05
1.82920833333333e+01 1.60693137727145e-03 3.05729099137107e-05
1.84112500000000e+01 1.56126787155907e-03 2.98007327289052e-05
1.85304166666667e+01 1.51690196699900e-03 2.90474498585191e-05
1.86495833333333e+01 1.47379678995719e-03 2.83126225094833e-05
1.87687500000000e+01 1.43191651486475e-03 2.75958210051253e-05
1.88879166666667e+01 1.39122633440575e-03 2.68966248624416e-05
1.90070833333333e+01 1.35169242993832e-03 2.62146225282759e-05
1.91262500000000e+01 1.31328194404904e-03 2.55494111222495e-05
1.92454166666667e+01 1.27596295321133e-03 2.49005964945728e-05
1.93645833333333e+01 1.23970444066830e-03 2.42677929743990e-05
1.94837500000000e+01 1.20447627124975e-03 2.36506231247205e-05
1.96029166666667e+01 1.17024916629632e-03 2.30487177837475e-05
1.97220833333333e+01 1.13699467879899e-03 2.24617158254794e-05
1.98412500000000e+01 1.10468517029235e-03 2.18892639265831e-05
1.99604166666667e+01 1.07329378785691e-03 2.13310165939561e-05
2.00795833333333e+01 1.04279444132697e-03 2.07866359374320e-05
2.01987500000000e+01 1.01316178208943e-03 2.02557914485393e-05
2.03179166666667e+01 9.84371181992000e-04 1.97381600165045e-05
2.04370833333333e+01 9.56398712447003e-04 1.92334257129079e-05
2.05562500000000e+01 9.29221124978964e-04 1.87412795821281e-05
2.06754166666667e+01 9.02815831880634e-04 1.82614196477310e-05
2.07945833333333e+01 8.77160887054926e-04 1.77935507088106e-05
2.09137500000000e+01 8.52234968167156e-04 1.73373841418547e-05
2.10329166666667e+01 8.28017358904117e-04 1.68926378991884e-05
2.11520833333333e+01 8.04487931409294e-04 1.64590363166812e-05
2.12712500000000e+01 7.81627129907655e-04 1.60363099267074e-05
2.13904166666667e+01 7.59415954434894e-04 1.56241954500820e-05
2.15095833333333e+01 7.37835944733241e-04 1.52224356147652e-05
2.16287500000000e+01 7.16869165227501e-04 1.48307789795520e-05
2.17479166666667e+01 6.96498190102623e-04 1.44489799207320e-05
2.18670833333333e+01 6.76706088538491e-04 1.40767984613908e-05
2.19862500000000e+01 6.57476410925869e-04 1.37140001054327e-05
2.21054166666667e+01 6.38793175180558e-04 1.33603558200169e-05
2.22245833333333e+01 6.20640853205701e-04 1.30156418750332e-05
2.23437500000000e+01 6.03004358245448e-04 1.26796396870407e-05
2.24629166666667e+01 5.85869032333225e-04 1.23521357983802e-05
2.25820833333333e+01 5.69220633879368e-04 1.20329217263862e-05
2.27012500000000e+01 5.53045326068743e-04 1.17217938168114e-05
2.28204166666667e+01 5.37329665349128e-04 1.14185532203807e-05
2.29395833333333e+01 5.22060590050534e-04 1.11230057512949e-05
2.30587500000000e+01 5.07225409740710e-04 1.08349617497054e-05
2.31779166666667e+01 4.92811794667436e-04 1.05542360563578e-05
2.32970833333333e+01 4.78807765323694e-04 1.02806478799427e-05
2.34162500000000e+01 4.65201682682065e-04 1.00140206681814e-05
2.35354166666667e+01 4.51982238511889e-04 9.75418208110923e-06
2.36545833333333e+01 4.39138445811590e-04 9.50096386682889e-06
2.37737500000000e+01 4.26659629849483e-04 9.25420174077390e-06
2.38929166666667e+01 4.14535419283301e-04 9.01373535809395e-06
2.40120833333333e+01 4.02755737387535e-04 8.77940819737313e-06
2.41312500000000e+01 3.91310793834143e-04 8.55106744764312e-06
2.42504166666667e+01 3.80191076547944e-04 8.32856398025797e-06
2.43695833333333e+01 3.69387343662860e-04 8.11175224014955e-06
2.44887500000000e+01 3.58890615981470e-04 7.90049014017227e-06
2.46079166666667e+01 3.48692169505308e-04 7.69463903278940e-06
2.47270833333333e+01 3.38783528059378e-04 7.49406360844914e-06
2.48462500000000e+01 3.29156456374549e-04 7.29863179685444e-06
2.49654166666667e+01 3.19802953236825e-04 7.10821473872760e-06
2.50845833333333e+01 3.10715244724561e-04 6.92268669090266e-06
2.52037500000000e+01 3.01885777862312e-04 6.74192493412677e-06
2.53229166666667e+01 2.93307214337772e-04 6.56580974512205e-06
2.54420833333333e+01 2.84972424300758e-04 6.39422430800531e-06
2.55612500000000e+01 2.76874480541343e-04 6.22705462824105e-06
2.56804166666667e+01 2.69006652727429e-04 6.06418950517776e-06
2.57995833333333e+01 2.61362401718788e-04 5.90552044942114e-06
2.59187500000000e+01 2.53935374226216e-04 5.75094160257445e-06
2.60379166666667e+01 2.46719397526586e-04 5.60034971039105e-06
2.61570833333333e+01 2.39708474249143e-04 5.45364404574269e-06
2.62762500000000e+01 2.32896777475957e-04 5.31072633379835e-06
2.63954166666667e+01 2.26278645894900e-04 5.17150072590490e-06
2.65145833333333e+01 2.19848579018939e-04 5.03587372780832e-06
2.66337500000000e+01 2.13601232691454e-04 4.90375412993754e-06
2.67529166666667e+01 2.07531414640849e-04 4.77505298209928e-06
2.68720833333333e+01 2.01634080096858e-04 4.64968352662618e-06
2.69912500000000e+01 1.95904327667302e-04 4.52756113344860e-06
2.71104166666667e+01 1.90337395261049e-04 4.40860327566760e-06
2.72295833333333e+01 1.84928656068340e-04 4.29272946731982e-06
2.73487500000000e+01 1.79673614778315e-04 4.17986120293570e-06
2.74679166666667e+01 1.74567903839798e-04 4.06992193403647e-06
2.75870833333333e+01 1.69607279775397e-04 3.96283701122179e-06
2.77062500000000e+01 1.64787619711652e-04 3.85853362792799e-06
2.78254166666667e+01 1.60104917949655e-04 3.75694079787909e-06
2.79445833333333e+01 1.55555282585191e-04 3.65798930121906e-06
2.80637500000000e+01 1.51134932325686e-04 3.56161163219922e-06
2.81829166666667e+01 1.46840193344993e-04 3.46774197760018e-06
2.83020833333333e+01 1.42667496184139e-04 3.37631616664515e-06
2.84212500000000e+01 1.38613372831397e-04 3.28727162236108e-06
2.85404166666667e+01 1.34674453837672e-04 3.20054734097711e-06
2.86595833333333e+01 1.30847465474563e-04 3.11608384537083e-06
2.87787500000000e+01 1.27129227055804e-04 3.03382313986114e-06
2.88979166666667e+01 1.23516648291677e-04 2.95370869058053e-06
2.90170833333333e+01 1.20006726682994e-04 2.87568538221985e-06
2.91362500000000e+01 1.16596545063980e-04 2.79969947602533e-06
2.92554166666667e+01 1.13283269175897e-04 2.72569859113415e-06
2.93745833333333e+01 1.10064145277362e-04 2.65363166439728e-06
2.94937500000000e+01 1.06936497890364e-04 2.58344891136632e-06
2.96129166666667e+01 1.03897727574945e-04 2.51510180857576e-06
2.97320833333333e+01 1.00945308737872e-04 2.44854305623663e-06
2.98512500000000e+01 9.80767875650253e-05 2.38372654201168e-06
2.99704166666667e+01 9.52897799804516e-05 2.32060732422293e-06
3.00895833333333e+01 9.25819696369403e-05 2.25914159722142e-06
3.02087500000000e+01 8.99511060193590e-05 2.19928665776120e-06
3.03279166666667e+01 8.73950025728249e-05 2.14100088910738e-06
3.04470833333333e+01 8.49115348600603e-05 2.08424372889899e-06
3.05662500000000e+01 8.24986388215607e-05 2.02897563794435e-06
3.06854166666667e+01 8.01543090588624e-05 1.97515808520128e-06
3.08045833333333e+01 7.78765971448343e-05 1.92275351796184e-06
3.09237500000000e+01 7.56636100277136e-05 1.87172533290255e-06
3.10429166666667e+01 7.35135084566199e-05 1.82203786190661e-06
3.11620833333333e+01 7.14245054320827e-05 1.77365634440981e-06
3.12812500000000e+01 6.93948647420558e-05 1.72654690054968e-06
3.14004166666667e+01 6.74228995178897e-05 1.68067651779794e-06
3.15195833333333e+01 6.55069708134523e-05 1.63601302531731e-06
3.16387500000000e+01 6.36454862622120e-05 1.59252506906357e-06
3.17579166666667e+01 6.18368987528595e-05 1.55018209919535e-06
3.18770833333333e+01 6.00797051263445e-05 1.50895434630138e-06
3.19962500000000e+01 5.83724449440205e-05 1.46881279831888e-06
3.21154166666667e+01 5.67136992730018e-05 1.42972918868725e-06
3.22345833333333e+01 5.51020894913260e-05 1.39167597431442e-06
3.23537500000000e+01 5.35362761579800e-05 1.35462631418384e-06
3.24729166666667e+01 5.20149578988996e-05 1.31855405821862e-06
3.25920833333333e+01 5.05368703112816e-05 1.28343372686409e-06
3.27112500000000e+01 4.91007849270685e-05 1.24924049126424e-06
3.28304166666667e+01 4.77055081912507e-05 1.21595016280284e-06
3.29495833333333e+01 4.63498804570987e-05 1.18353917418760e-06
3.30687500000000e+01 4.50327750353788e-05 1.15198456108478e-06
3.31879166666667e+01 4.37530972573111e-05 1.12126395230405e-06
3.33070833333333e+01 4.25097835531729e-05 1.09135555227753e-06
3.34262500000000e+01 4.13018005801585e-05 1.06223812404857e-06
3.35454166666667e+01 4.01281443629779e-05 1.03389098006792e-06
3.36645833333333e+01 3.89878394489117e-05 1.00629396596776e-06
3.37837500000000e+01 3.78799381078122e-05 9.79427444808038e-07
3.39029166666667e+01 3.68035195439091e-05 9.53272288451946e-07
3.40220833333333e+01 3.57576891209711e-05 9.27809862542104e-07
3.41412500000000e+01 3.47415776284825e-05 9.03022011914219e-07
3.42604166666667e+01 3.37543405587566e-05 8.78891052520807e-07
3.43795833333333e+01 3.27951573963843e-05 8.55399757523045e-07
3.44987500000000e+01 3.18632309451148e-05 8.32531343787602e-07
3.46179166666667e+01 3.09577866648650e-05 8.10269464328706e-07
3.47370833333333e+01 3.00780720201199e-05 7.88598195434925e-07
3.48562500000000e+01 2.92233558624973e-05 7.67502024170972e-07
3.49754166666667e+01 2.83929278226906e-05 7.46965841309071e-07
3.50945833333333e+01 2.75860977129283e-05 7.26974929415729e-07
3.52137500000000e+01 2.68021949606177e-05 7.07514951285540e-07
3.53329166666667e+01 2.60405680506695e-05 6.88571943334012e-07
3.54520833333333e+01 2.53005839775298e-05 6.70132304574495e-07
3.55712500000000e+01 2.45816277256794e-05 6.52182785916243e-07
3.56904166666667e+01 2.38831017581648e-05 6.34710483991909e-07
3.58095833333333e+01 2.32044255140895e-05 6.17702830959681e-07
3.59287500000000e+01 2.25450349320929e-05 6.01147584602561e-07
3.60479166666667e+01 2.19043819812600e-05 5.85032822564900e-07
3.61670833333333e+01 2.12819342002991e-05 5.69346932919398e-07
3.62862500000000e+01 2.06771742604462e-05 5.54078605008982e-07
3.64054166666667e+01 2.00895995352413e-05 5.39216824067874e-07
3.65245833333333e+01 1.95187216779340e-05 5.24750862497387e-07
3.66437500000000e+01 1.89640662205516e-05 5.10670271395916e-07
3.67629166666667e+01 1.84251721793228e-05 4.96964875541249e-07
3.68820833333333e+01 1.79015916671379e-05 4.83624765322984e-07
3.70012500000000e+01 1.73928895257908e-05 4.70640288910030e-07
3.71204166666667e+01 1.68986429640949e-05 4.58002047571987e-07
3.72395833333333e+01 1.64184412024908e-05 4.45700888219774e-07
3.73587500000000e+01 1.59518851357166e-05 4.33727896163653e-07
3.74779166666667e+01 1.54985870009087e-05 4.22074390752573e-07
3.75970833333333e+01 1.50581700516882e-05 4.10731918478083e-07
3.77162500000000e+01 1.46302682487444e-05 3.99692246279226e-07
3.78354166666667e+01 1.42145259554338e-05 3.88947357479877e-07
3.79545833333333e+01 1.38105976389015e-05 3.78489445414202e-07
3.80737500000000e+01 1.34181475862666e-05 3.68310907237917e-07
3.81929166666667e+01 1.30368496254436e-05 3.58404340144724e-07
3.83120833333333e+01 1.26663868510535e-05 3.48762535474588e-07
3.84312500000000e+01 1.23064513640947e-05 3.39378472993768e-07
3.85504166666667e+01 1.19567440158959e-05 3.30245317372452e-07
3.86695833333333e+01 1.16169741567609e-05 3.21356412739961e-07
3.87887500000000e+01 1.12868593971821e-05 3.12705277398666e-07
3.89079166666667e+01 1.09661253730077e-05 3.04285600545933e-07
3.90270833333333e+01 1.06545055149351e-05 2.96091237242927e-07
3.91462500000000e+01 1.03517408294839e-05 2.88116203530088e-07
3.92654166666667e+01 1.00575796836203e-05 2.80354673377460e-07
3.93845833333333e+01 9.77177759336905e-06 2.72800974036203e-07
3.95037500000000e+01 9.49409702291120e-06 2.65449581525603e-07
3.96229166666667e+01 9.22430718705425e-06 2.58295117796816e-07
3.97420833333333e+01 8.96218385737548e-06 2.51332346438435e-07
3.98612500000000e+01 8.70750917794619e-06 2.44556168507231e-07
3.99804166666667e+01 8.46007148416772e-06 2.37961619891193e-07
4.00995833333333e+01 8.21966512499283e-06 2.31543867342594e-07
4.02187500000000e+01 7.98609029390012e-06 2.25298204626688e-07
4.03379166666667e+01 7.75915286274032e-06 2.19220050070779e-07
4.04570833333333e+01 7.53866421870183e-06 2.13304942900186e-07
4.05762500000000e+01 7.32444110927354e-06 2.07548539681018e-07
4.06954166666667e+01 7.11630548985771e-06 2.01946612042779e-07
4.08145833333333e+01 6.91408437425668e-06 1.96495043294459e-07
4.09337500000000e+01 6.71760969246652e-06 1.91189825139256e-07
4.10529166666667e+01 6.52671815091602e-06 1.86027055559000e-07
4.11720833333333e+01 6.34125109535287e-06 1.81002935689259e-07
4.12912500000000e+01 6.16105438040661e-06 1.76113766785518e-07
4.14104166666667e+01 5.98597824140746e-06 1.71355948258448e-07
4.15295833333333e+01 5.81587716864348e-06 1.66725974788466e-07
4.16487500000000e+01 5.65060978771902e-06 1.62220433524385e-07
4.17679166666667e+01 5.49003874199388e-06 1.57836002259240e-07
4.18870833333333e+01 5.33403057726835e-06 1.53569446766192e-07
4.20062500000000e+01 5.18245563204375e-06 1.49417618212076e-07
4.21254166666667e+01 5.03518792970205e-06 1.45377451464139e-07
4.22445833333333e+01 4.89210507275382e-06 1.41445962630540e-07
4.23637500000000e+01 4.75308814218150e-06 1.37620246672516e-07
4.24829166666667e+01 4.61802159855242e-06 1.33897475833007e-07
4.26020833333333e+01 4.48679318503646e-06 1.30274897366229e-07
4.27212500000000e+01 4.35929383508046e-06 1.26749831333413e-07
4.28404166666667e+01 4.23541758171450e-06 1.23319669144862e-07
4.29595833333333e+01 4.11506146861181e-06 1.19981871464252e-07
4.30787500000000e+01 3.99812546540502e-06 1.16733966173988e-07
4.31979166666667e+01 3.88451238450670e-06 1.13573547022814e-07
4.33170833333333e+01 3.77412779954467e-06 1.10498271691540e-07
4.34362500000000e+01 3.66687996768749e-06 1.07505859915130e-07
4.35554166666667e+01 3.56267975335688e-06 1.04594092228490e-07
4.36745833333333e+01 3.46144055342654e-06 1.01760808181327e-07
4.37937500000000e+01 3.36307822597701e-06 9.90039046050339e-08
4.39129166666667e+01 3.26751102032872e-06 9.63213344497557e-08
4.40320833333333e+01 3.17465950844362e-06 9.37111051370271e-08
4.41512500000000e+01 3.08444651957709e-06 9.11712769604087e-08
4.42704166666667e+01 2.99679707610817e-06 8.86999620074066e-08
4.43895833333333e+01 2.91163833062932e-06 8.62953226393654e-08
4.45087500000000e+01 2.82889950600758e-06 8.39555700156452e-08
4.46279166666667e+01 2.74851183653146e-06 8.16789630943942e-08
4.47470833333333e+01 2.67040851021724e-06 7.94638072299713e-08
4.48662500000000e+01 2.59452461383159e-06 7.73084528112283e-08
4.49854166666667e+01 2.52079707891469e-06 7.52112943355329e-08
4.51045833333333e+01 2.44916462887043e-06 7.31707691147331e-08
4.52237500000000e+01 2.37956772853985e-06 7.11853560188095e-08
4.53429166666667e+01 2.31194853469649e-06 6.92535746179352e-08
4.54620833333333e+01 2.24625084752373e-06 6.73739839886631e-08
4.55812500000000e+01 2.18242006436245e-06 6.55451815548785e-08
4.57004166666667e+01 2.12040313430804e-06 6.37658022930388e-08
4.58195833333333e+01 2.06014851371104e-06 6.20345176308927e-08
4.59387500000000e+01 2.00160612375360e-06 6.03500343782742e-08
4.60579166666667e+01 1.94472730880820e-06 5.87110939909900e-08
4.61770833333333e+01 1.88946479562808e-06 5.71164715549701e-08
4.62962500000000e+01 1.83577265443548e-06 5.55649748000052e-08
4.64154166666667e+01 1.78360626073050e-06 5.40554434180640e-08
4.65345833333333e+01 1.73292225786525e-06 5.25867481263124e-08
4.66537500000000e+01 1.68367852135325e-06 5.11577897574160e-08
4.67729166666667e+01 1.63583412384260e-06 4.97674986283638e-08
4.68920833333333e+01 1.58934930079317e-06 4.84148336762892e-08
4.70112500000000e+01 1.54418541774063e-06 4.70987816194501e-08
4.71304166666667e+01 1.50030493817167e-06 4.58183563729050e-08
4.72495833333333e+01 1.45767139204704e-06 4.45725982515251e-08
4.73687500000000e+01 1.41624934577550e-06 4.33605731962135e-08
4.74879166666667e+01 1.37600437275075e-06 4.21813722330352e-08
4.76070833333333e+01 1.33690302448427e-06 4.10341107382441e-08
4.77262500000000e+01 1.29891280306496e-06 3.99179277247099e-08
4.78454166666667e+01 1.26200213413717e-06 3.88319853413419e-08
4.79645833333333e+01 1.22614034042696e-06 3.77754681953475e-08
4.80837500000000e+01 1.19129761648167e-06 3.67475826942221e-08
4.82029166666667e+01 1.15744500388683e-06 3.57475565825307e-08
4.83220833333333e+01 1.12455436698733e-06 3.47746383169766e-08
4.84412500000000e+01 1.09259836971823e-06 3.38280964596623e-08
4.85604166666667e+01 1.06155045287504e-06 3.29072192495001e-08
4.86795833333333e+01 1.03138481184780e-06 3.20113140260106e-08
4.87987500000000e+01 1.00207637537004e-06 3.11397066698929e-08
4.89179166666667e+01 9.73600784672258e-07 3.02917412065255e-08
4.90370833333333e+01 9.45934373062036e-07 2.94667792747255e-08
4.91562500000000e+01 9.19054146432351e-07 2.86641996109675e-08
4.92754166666667e+01 8.92937764142255e-07 2.78833976826214e-08
4.93945833333333e+01 8.67563520289949e-07 2.71237851981886e-08
4.95137500000000e+01 8.42910325834779e-07 2.63847896317928e-08
4.96329166666667e+01 8.18957691062029e-07 2.56658538839638e-08
4.97520833333333e+01 7.95685708408579e-07 2.49664358301396e-08
4.98712500000000e+01 7.73075036065017e-07 2.42860078823068e-08
4.99904166666667e+01 7.51106881893285e-07 2.36240566753003e-08
5.01095833333333e+01 7.29762987676187e-07 2.29800826506043e-08
5.02287500000000e+01 7.09025614077094e-07 2.23535996522596e-08
5.03479166666667e+01 6.88877525890072e-07 2.17441346367968e-08
5.04670833333333e+01 6.69301977595171e-07 2.11512272895927e-08
5.05862500000000e+01 6.50282699563360e-07 2.05744296523879e-08
5.07054166666667e+01 6.31803884528712e-07 2.00133058551028e-08
5.08245833333333e+01 6.13850174341234e-07 1.94674317622222e-08
5.09437500000000e+01 5.96406647313916e-07 1.89363946294677e-08
5.10629166666667e+01 5.79458805815753e-07 1.84197928558715e-08
5.11820833333333e+01 5.62992564122796e-07 1.79172356578570e-08
5.13012500000000e+01 5.46994236812798e-07 1.74283427527987e-08
5.14204166666667e+01 5.31450527386176e-07 1.69527441298495e-08
5.15395833333333e+01 5.16348517124255e-07 1.64900797495617e-08
5.16587500000000e+01 5.01675654444762e-07 1.60399992522439e-08
5.17779166666667e+01 4.87419744465582e-07 1.56021617461463e-08
5.18970833333333e+01 4.73568938786668e-07 1.51762355306330e-08
5.20162500000000e+01 4.60111725726855e-07 1.47618978274056e-08
5.21354166666667e+01 4.47036920752284e-07 1.43588345847515e-08
5.22545833333333e+01 4.34333657105407e-07 1.39667402224342e-08
5.23737500000000e+01 4.21991376850149e-07 1.35853173840016e-08
5.24929166666667e+01 4.09999822093369e-07 1.32142767558986e-08
5.26120833333333e+01 3.98349026390723e-07 1.28533368323807e-08
5.27312500000000e+01 3.87029306533256e-07 1.25022236872647e-08
5.28504166666667e+01 3.76031254496188e-07 1.21606708067918e-08
5.29695833333333e+01 3.65345729557235e-07 1.18284188730047e-08
5.30887500000000e+01 3.54963850763245e-07 1.15052155534230e-08
5.32079166666667e+01 3.44876989546050e-07 1.11908153466272e-08
5.33270833333333e+01 3.35076762494172e-07 1.08849793826568e-08
5.34462500000000e+01 3.25555024443206e-07 1.05874752292119e-08
5.35654166666667e+01 3.16303861703475e-07 1.02980767490029e-08
5.36845833333333e+01 3.07315585430940e-07 1.00165639158413e-08
5.38037500000000e+01 2.98582725289702e-07 9.74272263607588e-09
5.39229166666667e+01 2.90098023240754e-07 9.47634461682427e-09
5.40420833333333e+01 2.81854427462437e-07 9.21722719652882e-09
5.41612500000000e+01 2.73845086537678e-07 8.96517318043780e-09
5.42804166666667e+01 2.66063343757363e-07 8.71999071889914e-09
5.43995833333333e+01 2.58502731544770e-07 8.48149315125062e-09
5.45187500000000e+01 2.51156966124104e-07 8.24949885424745e-09
5.46379166666667e+01 2.44019942295850e-07 8.02383112965952e-09
5.47570833333333e+01 2.37085728323403e-07 7.80431806045254e-09
5.48762500000000e+01 2.30348561043053e-07 7.59079237114899e-09
5.49954166666667e+01 2.23802841072210e-07 7.38309132402668e-09
5.51145833333333e+01 2.17443128119920e-07 7.18105658662846e-09
5.52337500000000e+01 2.11264136501737e-07 6.98453410312198e-09
5.53529166666667e+01 2.05260730744976e-07 6.79337399844969e-09
5.54720833333333e+01 1.99427921287949e-07 6.60743045627942e-09
5.55912500000000e+01 1.93760860366229e-07 6.42656160050134e-09
5.57104166666667e+01 1.88254837982006e-07 6.25062940672754e-09
5.58295833333333e+01 1.82905277959847e-07 6.07949958986505e-09
5.59487500000000e+01 1.77707734173577e-07 5.91304149495551e-09
5.60679166666667e+01 1.72657886849596e-07 5.75112801546705e-09
5.61870833333333e+01 1.67751538949578e-07 5.59363548973533e-09
5.63062500000000e+01 1.62984612709797e-07 5.44044360041324e-09
5.64254166666667e+01 1.58353146250707e-07 5.29143529903937e-09
5.65445833333333e+01 1.53853290259506e-07 5.14649671065109e-09
5.66637500000000e+01 1.49481304816008e-07 5.00551704116899e-09
5.67829166666667e+01 1.45233556283135e-07 4.86838850776495e-09
5.69020833333333e+01 1.41106514264473e-07 4.73500625100584e-09
5.70212500000000e+01 1.37096748692971e-07 4.60526824954932e-09
5.71404166666667e+01 1.33200926979071e-07 4.47907525587072e-09
5.72595833333333e+01 1.29415811220454e-07 4.35633071534567e-09
5.73787500000000e+01 1.25738255531811e-07 4.23694068768268e-09
5.74979166666667e+01 1.22165203429259e-07 4.12081378760100e-09
5.76170833333333e+01 1.18693685271375e-07 4.00786111030673e-09
5.77362500000000e+01 1.15320815810080e-07 3.89799615913299e-09
5.78554166666667e+01 1.12043791791758e-07 3.79113479079097e-09
5.79745833333333e+01 1.08859889610410e-07 3.68719514673669e-09
5.80937500000000e+01 1.05766463061338e-07 3.58609758653095e-09
5.82129166666667e+01 1.02760941141020e-07 3.48776463731435e-09
5.83320833333333e+01 9.98408258947921e-08 3.39212093060150e-09
5.84512500000000e+01 9.70036903565473e-08 3.29909314091032e-09
5.85704166666667e+01 9.42471765308910e-08 3.20860993913873e-09
5.86895833333333e+01 9.15689934192346e-08 3.12060193435883e-09
5.88087500000000e+01 8.89669151300998e-08 3.03500161730097e-09
5.89279166666667e+01 8.64387790284572e-08 2.95174331733358e-09
5.90470833333333e+01 8.39824839254381e-08 2.87076314886368e-09
5.91662500000000e+01 8.15959883451191e-08 2.79199895929334e-09
5.92854166666667e+01 7.92773088271934e-08 2.71539028932688e-09
5.94045833333333e+01 7.70245182667360e-08 2.64087832361469e-09
5.95237500000000e+01 7.48357443245132e-08 2.56840584282982e-09
5.96429166666667e+01 7.27091678702809e-08 2.49791718704748e-09
5.97620833333333e+01 7.06430214601659e-08 2.42935821029772e-09
5.98812500000000e+01 6.86355878786155e-08 2.36267623643748e-09
6.00004166666667e+01 6.66851987106718e-08 2.29782002536649e-09
6.01195833333333e+01 6.47902329455612e-08 2.23473973118084e-09
6.02387500000000e+01 6.29491156393838e-08 2.17338686154103e-09
6.03579166666667e+01 6.11603166056781e-08 2.11371424650674e-09
6.04770833333333e+01 5.94223491347566e-08 2.05567600000679e-09
6.05962500000000e+01 5.77337687671371e-08 1.99922748242765e-09
6.07154166666667e+01 5.60931720925978e-08 1.94432527186568e-09
6.08345833333333e+01 5.44991955756631e-08 1.89092712865195e-09
6.09537500000000e+01 5.29505144306089e-08 1.83899196090683e-09
6.10729166666667e+01 5.14458415200171e-08 1.78847979802376e-09
6.11920833333333e+01 4.99839262776151e-08 1.73935175800787e-09
6.13112500000000e+01 4.85635536764414e-08 1.69157001576227e-09
6.14304166666667e+01 4.71835432186582e-08 1.64509777863167e-09
6.15495833333333e+01 4.58427479476731e-08 1.59989925633240e-09
6.16687500000000e+01 4.45400535017518e-08 1.55593963175475e-09
6.17879166666667e+01 4.32743771875277e-08 1.51318503840771e-09
6.19070833333333e+01 4.20446670740040e-08 1.47160253273547e-09
6.20262500000000e+01 4.08499011245399e-08 1.43116006723712e-09
6.21454166666667e+01 3.96890863471204e-08 1.39182646966576e-09
6.22645833333333e+01 3.85612579634543e-08 1.35357141754296e-09
6.23837500000000e+01 3.74654786128412e-08 1.31636541341249e-09
6.25029166666667e+01 3.64008375728440e-08 1.28017976565853e-09
6.26220833333333e+01 3.53664499972567e-08 1.24498656504410e-09
6.27412500000000e+01 3.43614561859008e-08 1.21075866193017e-09
6.28604166666667e+01 3.33850208698671e-08 1.17746964858774e-09
6.29795833333333e+01 3.24363325126443e-08 1.14509383760025e-09
6.30987500000000e+01 3.15146026403863e-08 1.11360624089256e-09
6.32179166666667e+01 3.06190651863724e-08 1.08298255342136e-09
6.33370833333333e+01 2.97489758500624e-08 1.05319913329409e-09
6.34562500000000e+01 2.89036114828265e-08 1.02423298246435e-09
6.35754166666667e+01 2.80822694867183e-08 9.96061731694269e-10
6.36945833333333e+01 2.72842672266542e-08 9.68663622253830e-10
6.38137500000000e+01 2.65089414670132e-08 9.42017488150891e-10
6.39329166666667e+01 2.57556478202234e-08 9.16102742266927e-10
6.40520833333333e+01 2.50237602076615e-08 8.90899359511607e-10
6.41712500000000e+01 2.43126703429108e-08 8.66387860465891e-10
6.42904166666667e+01 2.36217872260330e-08 8.42549298600217e-10
6.44095833333333e+01 2.29505366491505e-08 8.19365244769044e-10
6.45287500000000e+01 2.22983607224984e-08 7.96817772154998e-10
6.46479166666667e+01 2.16647174105961e-08 7.74889444485588e-10
6.47670833333333e+01 2.10490800788099e-08 7.53563301761522e-10
6.48862500000000e+01 2.04509370586534e-08 7.32822846398805e-10
6.50054166666667e+01 1.98697912223897e-08 7.12652032366449e-10
6.51245833333333e+01 1.93051595671751e-08 6.93035252050706e-10
6.52437500000000e+01 1.87565728163600e-08 6.73957323500169e-10
6.53629166666667e+01 1.82235750293358e-08 6.55403480412968e-10
6.54820833333333e+01 1.77057232201458e-08 6.37359360046831e-10
6.56012500000000e+01 1.72025869918051e-08 6.19810991479628e-10
6.57204166666667e+01 1.67137481784718e-08 6.02744786380080e-10
6.58395833333333e+01 1.62388004956688e-08 5.86147527880677e-10
6.59587500000000e+01 1.57773492048879e-08 5.70006359773126e-10
6.60779166666667e+01 1.53290107854073e-08 5.54308778001600e-10
6.61970833333333e+01 1.48934126135043e-08 5.39042620422058e-10
6.63162500000000e+01 1.44701926548350e-08 5.24196056858398e-10
6.64354166666667e+01 1.40589991634432e-08 5.09757581262057e-10
6.65545833333333e+01 1.36594903875597e-08 4.95716002287375e-10
6.66737500000000e+01 1.32713342874588e-08 4.82060434140072e-10
6.67929166666667e+01 1.28942082594042e-08 4.68780289351335e-10
6.69120833333333e+01 1.25277988658327e-08 4.55865270104382e-10
6.70312500000000e+01 1.21718015765761e-08 4.43305359812354e-10
6.71504166666667e+01 1.18259205156799e-08 4.31090816459022e-10
6.72695833333333e+01 1.14898682139486e-08 4.19212164616853e-10
6.73887500000000e+01 1.11633653715996e-08 4.07660187696356e-10
6.75079166666667e+01 1.08461406260582e-08 3.96425921809244e-10
6.76270833333333e+01 1.05379303250118e-08 3.85500648423050e-10
6.77462500000000e+01 1.02384783087209e-08 3.74875887228562e-10
6.78654166666667e+01 9.94753569705234e-09 3.64543390484680e-10
6.79845833333333e+01 9.66486068134285e-09 3.54495136258964e-10
6.81037500000000e+01 9.39021832473879e-09 3.44723321864043e-10
6.82229166666667e+01 9.12338036687374e-09 3.35220358646543e-10
6.83420833333333e+01 8.86412503298297e-09 3.25978865766996e-10
6.84612500000000e+01 8.61223685077826e-09 3.16991664159951e-10
6.85804166666667e+01 8.36750647130847e-09 3.08251771732309e-10
6.86995833333333e+01 8.12973049389456e-09 2.99752397639672e-10
6.88187500000000e+01 7.89871129817061e-09 2.91486936728503e-10
6.89379166666667e+01 7.67425687978641e-09 2.83448965111889e-10
6.90570833333333e+01 7.45618068985175e-09 2.75632234902815e-10
6.91762500000000e+01 7.24430148088764e-09 2.68030669099992e-10
6.92954166666667e+01 7.03844315614131e-09 2.60638357511566e-10
6.94145833333333e+01 6.83843462233709e-09 2.53449551908939e-10
6.95337500000000e+01 6.64410964838601e-09 2.46458661320961e-10
6.96529166666667e+01 6.45530672718519e-09 2.39660248278341e-10
6.97720833333333e+01 6.27186894057264e-09 2.33049024354545e-10
6.98912500000000e+01 6.09364382973845e-09 2.26619845835846e-10
7.00104166666667e+01 5.92048326847435e-09 2.20367710261319e-10
7.01295833333333e+01 5.75224333932088e-09 2.14287752319995e-10
7.02487500000000e+01 5.58878421471110e-09 2.08375239866822e-10
7.03679166666667e+01 5.42997004072169e-09 2.02625570735123e-10
7.04870833333333e+01 5.27566882348476e-09 1.97034268961606e-10
7.06062500000000e+01 5.12575232017534e-09 1.91596981120680e-10
7.07254166666667e+01 4.98009593239388e-09 1.86309473388026e-10
7.08445833333333e+01 4.83857860199202e-09 1.81167628067334e-10
7.09637500000000e+01 4.70108271108855e-09 1.76167440217618e-10
7.10829166666667e+01 4.56749398428538e-09 1.71305014948203e-10
7.12020833333333e+01 4.43770139312701e-09 1.66576564223141e-10
7.13212500000000e+01 4.31159706439730e-09 1.61978403758164e-10
7.14404166666667e+01 4.18907619043696e-09 1.57506950528954e-10
7.15595833333333e+01 4.07003694152119e-09 1.53158719831082e-10
7.16787500000000e+01 3.95438038175144e-09 1.48930322425100e-10
7.17979166666667e+01 3.84201038680326e-09 1.44818462241357e-10
7.19170833333333e+01 3.73283356356578e-09 1.40819933675096e-10
7.20362500000000e+01 3.62675917299951e-09 1.36931618959884e-10
7.21554166666667e+01 3.52369905469884e-09 1.33150486053543e-10
7.22745833333333e+01 3.42356755319162e-09 1.29473586149648e-10
7.23937500000000e+01 3.32628144718598e-09 1.25898051261081e-10
7.25129166666667e+01 3.23175988038298e-09 1.22421092272841e-10
7.26320833333333e+01 3.13992429388418e-09 1.19039996652687e-10
7.27512500000000e+01 3.05069836129844e-09 1.15752126228041e-10
7.28704166666667e+01 2.96400792528682e-09 1.12554915392577e-10
7.29895833333333e+01 2.87978093557200e-09 1.09445869000093e-10
7.31087500000000e+01 2.79794738941963e-09 1.06422560319347e-10
7.32279166666667e+01 2.71843927344069e-09 1.03482629382322e-10
7.33470833333333e+01 2.64119050673831e-09 1.00623781046712e-10
7.34662500000000e+01 2.56613688631876e-09 9.78437831144753e-11
7.35854166666667e+01 2.49321603371544e-09 9.51404648106445e-11
7.37045833333333e+01 2.42236734284756e-09 9.25117150009433e-11
7.38237500000000e+01 2.35353192995229e-09 8.99554804609999e-11
7.39429166666667e+01 2.28665258463107e-09 8.74697644754138e-11
7.40620833333333e+01 2.22167372202953e-09 8.50526251981290e-11
7.41812500000000e+01 2.15854133691639e-09 8.27021740602574e-11
7.43004166666667e+01 2.09720295878570e-09 8.04165744799493e-11
7.44195833333333e+01 2.03760760799984e-09 7.81940403541099e-11
7.45387500000000e+01 1.97970575367177e-09 7.60328345937603e-11
7.46579166666667e+01 1.92344927248714e-09 7.39312679359822e-11
7.47770833333333e+01 1.86879140848191e-09 7.18876975564815e-11
7.48962500000000e+01 1.81568673441297e-09 6.99005257222989e-11
7.50154166666667e+01 1.76409111399188e-09 6.79681986977831e-11
7.51345833333333e+01 1.71396166499595e-09 6.60892054683443e-11
7.52537500000000e+01 1.66525672383827e-09 6.42620765011304e-11
7.53729166666667e+01 1.61793581093047e-09 6.24853827376214e-11
7.54920833333333e+01 1.57195959685091e-09 6.07577344196786e-11
7.56112500000000e+01 1.52728986984923e-09 5.90777799495574e-11
7.57304166666667e+01 1.48388950407881e-09 5.74442049622899e-11
7.58495833333333e+01 1.44172242856875e-09 5.58557312458507e-11
7.59687500000000e+01 1.40075359741988e-09 5.43111156925616e-11
7.60879166666667e+01 1.36094896066917e-09 5.28091494449675e-11
7.62070833333333e+01 1.32227543583317e-09 5.13486569025911e-11
7.63262500000000e+01 1.28470088057247e-09 4.99284947574208e-11
7.64454166666667e+01 1.24819406597010e-09 4.85475512074789e-11
7.65645833333333e+01 1.21272465043324e-09 4.72047450432371e-11
7.66837500000000e+01 1.17826315462173e-09 4.58990247604573e-11
7.68029166666667e+01 1.14478093694045e-09 4.46293678361106e-11
7.69220833333333e+01 1.11225016960383e-09 4.33947798880799e-11
7.70412500000000e+01 1.08064381564098e-09 4.21942938591625e-11
7.71604166666667e+01 1.04993560641847e-09 4.10269693504159e-11
7.72795833333333e+01 1.02010001968856e-09 3.98918918482783e-11
7.73987500000000e+01 9.91112258498820e-10 3.87881719740403e-11
7.75179166666667e+01 9.62948230577205e-10 3.77149448700789e-11
7.76370833333333e+01 9.35584528199491e-10 3.66713694889990e-11
7.77562500000000e+01 9.08998408845732e-10 3.56566279033334e-11
7.78754166666667e+01 8.83167776293309e-10 3.46699247404823e-11
7.79945833333333e+01 8.58071162152804e-10 3.37104865289113e-11
7.81137500000000e+01 8.33687708126612e-10 3.27775610632560e-11
7.82329166666667e+01 8.09997148668454e-10 3.18704168841174e-11
7.83520833333333e+01 7.86979794049426e-10 3.09883426767441e-11
7.84712500000000e+01 7.64616514086065e-10 3.01306466871041e-11
7.85904166666667e+01 7.42888722236544e-10 2.92966562429898e-11
7.87095833333333e+01 7.21778360070079e-10 2.84857172009805e-11
7.88287500000000e+01 7.01267882342745e-10 2.76971934093969e-11
7.89479166666667e+01 6.81340242411322e-10 2.69304662674453e-11
7.90670833333333e+01 6.61978877989761e-10 2.61849342165942e-11
7.91862500000000e+01 6.43167697461113e-10 2.54600122466549e-11
7.93054166666667e+01 6.24891066499870e-10 2.47551314899550e-11
7.94245833333333e+01 6.07133795008810e-10 2.40697387535659e-11
7.95437500000000e+01 5.89881124564680e-10 2.34032960650557e-11
7.96629166666667e+01 5.73118716148881e-10 2.27552802989176e-11
7.97820833333333e+01 5.56832638166895e-10 2.21251827463754e-11
7.99012500000000e+01 5.41009354933795e-10 2.15125086976272e-11
8.00204166666667e+01 5.25635715421466e-10 2.09167770979727e-11
8.01395833333333e+01 5.10698942270879e-10 2.03375201521860e-11
8.02587500000000e+01 4.96186621231322e-10 1.97742829403228e-11
8.03779166666667e+01 4.82086690839918e-10 1.92266231011953e-11
8.04970833333333e+01 4.68387432344481e-10 1.86941104685378e-11
8.06162500000000e+01 4.55077460017458e-10 1.81763267176881e-11
8.07354166666667e+01 4.42145711690525e-10 1.76728650742413e-11
8.08545833333333e+01 4.29581439512539e-10 1.71833299794583e-11
8.09737500000000e+01 4.17374201065759e-10 1.67073367653452e-11
8.10929166666667e+01 4.05513850684662e-10 1.62445113864899e-11
8.12120833333333e+01 3.93990530979795e-10 1.57944901123673e-11
8.13312500000000e+01 3.82794664689825e-10 1.53569192285384e-11
8.14504166666667e+01 3.71916946719594e-10 1.49314547898308e-11
8.15695833333333e+01 3.61348336366405e-10 1.45177623373832e-11
8.16887500000000e+01 3.51080049846946e-10 1.41155166238678e-11
8.18079166666667e+01 3.41103552995008e-10 1.37244013863216e-11
8.19270833333333e+01 3.31410554131983e-10 1.33441090859449e-11
8.20462500000000e+01 3.21992997212769e-10 1.29743406554197e-11
8.21654166666667e+01 3.12843055128492e-10 1.26148052898310e-11
8.22845833333333e+01 3.03953123167830e-10 1.22652202073933e-11
8.24037500000000e+01 2.95315812730634e-10 1.19253104170910e-11
8.25229166666667e+01 2.86923945185529e-10 1.15948085262544e-11
8.26420833333333e+01 2.78770545873095e-10 1.12734545205337e-11
8.27612500000000e+01 2.70848838340191e-10 1.09609955502305e-11
8.28804166666667e+01 2.63152238706450e-10 1.06571857532053e-11
8.29995833333333e+01 2.55674350164429e-10 1.03617860525539e-11
8.31187500000000e+01 2.48408957691487e-10 1.00745639601283e-11
8.32379166666667e+01 2.41350022883031e-10 9.79529341355831e-12
8.33570833333333e+01 2.34491678908435e-10 9.52375459020850e-12
8.34762500000000e+01 2.27828225660934e-10 9.25973372650872e-12
8.35954166666667e+01 2.21354125018932e-10 9.00302296796842e-12
8.37145833333333e+01 2.15063996219934e-10 8.75342019810540e-12
8.38337500000000e+01 2.08952611412162e-10 8.51072887231639e-12
8.39529166666667e+01 2.03014891308477e-10 8.27475787985125e-12
8.40720833333333e+01 1.97245900943669e-10 8.04532138651128e-12
8.41912500000000e+01 1.91640845594526e-10 7.82223868189153e-12
8.43104166666667e+01 1.86195066793844e-10 7.60533405236363e-12
8.44295833333333e+01 1.80904038439296e-10 7.39443663643750e-12
8.45487500000000e+01 1.75763363051453e-10 7.18938028430102e-12
8.46679166666667e+01 1.70768768118028e-10 6.99000344093593e-12
8.47870833333333e+01 1.65916102525206e-10 6.79614901312518e-12
8.49062500000000e+01 1.61201333125611e-10 6.60766424030169e-12
8.50254166666667e+01 1.56620541385433e-10 6.42440058699122e-12
8.51445833333333e+01 1.52169920111495e-10 6.24621362052933e-12
8.52637500000000e+01 1.47845770303490e-10 6.07296289230993e-12
8.53829166666667e+01 1.43644498078900e-10 5.90451183881322e-12
8.55020833333333e+01 1.39562611671288e-10 5.74072766917141e-12
8.56212500000000e+01 1.35596718543264e-10 5.58148125598088e-12
8.57404166666667e+01 1.31743522566180e-10 5.42664704423177e-12
8.58595833333333e+01 1.27999821267169e-10 5.27610294793030e-12
8.59787500000000e+01 1.24362503181243e-10 5.12973024970605e-12
8.60979166666667e+01 1.20828545264659e-10 4.98741351701397e-12
8.62170833333333e+01 1.17395010370086e-10 4.84904050708472e-12
8.63362500000000e+01 1.14059044818036e-10 4.71450207462015e-12
8.64554166666667e+01 1.10817876024530e-10 4.58369209468824e-12
8.65745833333333e+01 1.07668810185499e-10 4.45650737533198e-12
8.66937500000000e+01 1.04609230049374e-10 4.33284757270201e-12
8.68129166666667e+01 1.01636592741301e-10 4.21261512011166e-12
8.69320833333333e+01 9.87484276394336e-11 4.09571514768825e-12
8.70512500000000e+01 9.59423343320202e-11 3.98205540434447e-12
8.71704166666667e+01 9.32159806218858e-11 3.87154619250285e-12
8.72895833333333e+01 9.05671005787133e-11 3.76410029422287e-12
8.74087500000000e+01 8.79934926653466e-11 3.65963289946080e-12
8.75279166666667e+01 8.54930179076029e-11 3.55806154601168e-12
8.76470833333333e+01 8.30635981079590e-11 3.45930605159099e-12
8.77662500000000e+01 8.07032141270538e-11 3.36328844787741e-12
8.78854166666667e+01 7.84099042051343e-11 3.26993292525586e-12
8.80045833333333e+01 7.61817623237703e-11 3.17916577037475e-12
8.81237500000000e+01 7.40169366297019e-11 3.09091530550605e-12
8.82429166666667e+01 7.19136278953558e-11 3.00511183770676e-12
8.83620833333333e+01 6.98700880163213e-11 2.92168760141095e-12
8.84812500000000e+01 6.78846185657527e-11 2.84057670267909e-12
8.86004166666667e+01 6.59555693824336e-11 2.76171507242549e-12
8.87195833333333e+01 6.40813371927635e-11 2.68504041363974e-12
8.88387500000000e+01 6.22603642849019e-11 2.61049215013167e-12
8.89579166666667e+01 6.04911372138124e-11 2.53801138350056e-12
8.90770833333333e+01 5.87721855374423e-11 2.46754084461319e-12
8.91962500000000e+01 5.71020806006897e-11 2.39902484648240e-12
8.93154166666667e+01 5.54794343477361e-11 2.33240924467942e-12
8.94345833333333e+01 5.39028981629555e-11 2.26764139272574e-12
8.95537500000000e+01 5.23711617556079e-11 2.20467009877244e-12
8.96729166666667e+01 5.08829520705712e-11 2.14344558918080e-12
8.97920833333333e+01 4.94370322253018e-11 2.08391946751277e-12
8.99112500000000e+01 4.80322004869104e-11 2.02604467470502e-12
9.00304166666667e+01 4.66672892731413e-11 1.96977545556475e-12
9.01495833333333e+01 4.53411641774241e-11 1.91506732106888e-12
9.02687500000000e+01 4.40527230306804e-11 1.86187701175137e-12
9.03879166666667e+01 4.28008949850735e-11 1.81016246688142e-12
9.05070833333333e+01 4.15846396198507e-11 1.75988278980488e-12
9.06262500000000e+01 4.04029460808629e-11 1.71099821428589e-12
9.07454166666667e+01 3.92548322402266e-11 1.66347007615316e-12
9.08645833333333e+01 3.81393438762625e-11 1.61726078143855e-12
9.09837500000000e+01 3.70555538842907e-11 1.57233377543485e-12
9.11029166666667e+01 3.60025615059153e-11 1.52865351661323e-12
9.12220833333333e+01 3.49794915769195e-11 1.48618544733324e-12
9.13412500000000e+01 3.39854938034321e-11 1.44489596539813e-12
9.14604166666667e+01 3.30197420550671e-11 1.40475240006172e-12
9.15795833333333e+01 3.20814336751429e-11 1.36572298510283e-12
9.16987500000000e+01 3.11697888168062e-11 1.32777683267664e-12
9.18179166666667e+01 3.02840497947356e-11 1.29088391124399e-12
9.19370833333333e+01 2.94234804525204e-11 1.25501502081970e-12
9.20562500000000e+01 2.85873655537758e-11 1.22014176893491e-12
9.21754166666667e+01 2.77750101875579e-11 1.18623655033513e-12
9.22945833333333e+01 2.69857391881660e-11 1.15327252422708e-12
9.24137500000000e+01 2.62188965766932e-11 1.12122359218183e-12
9.25329166666667e+01 2.54738450157037e-11 1.09006437946025e-12
9.26520833333333e+01 2.47499652771138e-11 1.05977021409721e-12
9.27712500000000e+01 2.40466557300009e-11 1.03031710658903e-12
9.28904166666667e+01 2.33633318404606e-11 1.00168173271612e-12
9.30095833333333e+01 2.26994256835835e-11 9.73841414316333e-13
9.31287500000000e+01 2.20543854736893e-11 9.46774100612938e-13
9.32479166666667e+01 2.14276751056226e-11 9.20458352414635e-13
9.33670833333333e+01 2.08187737071692e-11 8.94873324441850e-13
9.34862500000000e+01 2.02271752082034e-11 8.69998748162872e-13
9.36054166666667e+01 1.96523879199871e-11 8.45814917261035e-13
9.37245833333333e+01 1.90939341246760e-11 8.22302671388696e-13
9.38437500000000e+01 1.85513496801558e-11 7.99443380389894e-13
9.39629166666667e+01 1.80241836341970e-11 7.77218930933286e-13
9.40820833333333e+01 1.75119978479769e-11 7.55611711578638e-13
9.42012500000000e+01 1.70143666336485e-11 7.34604598274105e-13
9.43204166666667e+01 1.65308764004630e-11 7.14180942061619e-13
9.44395833333333e+01 1.60611253094890e-11 6.94324555350026e-13
9.45587500000000e+01 1.56047229412032e-11 6.75019698584148e-13
9.46779166666667e+01 1.51612899709317e-11 6.56251068936728e-13
9.47970833333333e+01 1.47304578521810e-11 6.38003787690833e-13
9.49162500000000e+01 1.43118685117636e-11 6.20263387986156e-13
9.50354166666667e+01 1.39051740521293e-11 6.03015804418533e-13
9.51545833333333e+01 1.35100364609374e-11 5.86247361442060e-13
9.52737500000000e+01 1.31261273314358e-11 5.69944762105696e-13
9.53929166666667e+01 1.27531275894546e-11 5.54095078487679e-13
9.55120833333333e+01 1.23907272270450e-11 5.38685741035037e-13
9.56312500000000e+01 1.20386250460202e-11 5.23704528210571e-13
9.57504166666667e+01 1.16965284075680e-11 5.09139557695261e-13
9.58695833333333e+01 1.13641529879618e-11 4.94979276589539e-13
9.59887500000000e+01 1.10412225433449e-11 4.81212451897137e-13
9.61079166666667e+01 1.07274686800884e-11 4.67828162433930e-13
9.62270833333333e+01 1.04226306307446e-11 4.54815789821402e-13
9.63462500000000e+01 1.01264550383159e-11 4.42165009739811e-13
9.64654166666667e+01 9.83869574563833e-12 4.29865784486864e-13
9.65845833333333e+01 9.55911358990068e-12 4.17908354699393e-13
9.67037500000000e+01 9.28747620478343e-12 4.06283231313717e-13
9.68229166666667e+01 9.02355782729207e-12 3.94981188722056e-13
9.69420833333333e+01 8.76713910930335e-12 3.83993257163605e-13
9.70612500000000e+01 8.51800693609397e-12 3.73310715334998e-13
9.71804166666667e+01 8.27595424917791e-12 3.62925084096545e-13
9.72995833333333e+01 8.04077987346891e-12 3.52828119478635e-13
9.74187500000000e+01 7.81228835084127e-12 3.43011805889794e-13
9.75379166666667e+01 7.59028977764527e-12 3.33468350328641e-13
9.76570833333333e+01 7.37459964619179e-12 3.24190175955942e-13
9.77762500000000e+01 7.16503869210008e-12 3.15169915851970e-13
9.78954166666667e+01 6.96143274527517e-12 3.06400407693641e-13
9.80145833333333e+01 6.76361258452779e-12 2.97874687846507e-13
9.81337500000000e+01 6.57141379756713e-12 2.89585985627066e-13
9.82529166666667e+01 6.38467664432484e-12 2.81527718407738e-13
9.83720833333333e+01 6.20324592362189e-12 2.73693486186795e-13
9.84912500000000e+01 6.02697084475875e-12 2.66077066314825e-13
9.86104166666667e+01 5.85570490216318e-12 2.58672408993236e-13
9.87295833333333e+01 5.68930575310563e-12 2.51473632283499e-13
9.88487500000000e+01 5.52763509992629e-12 2.44475017260249e-13
9.89679166666667e+01 5.37055857506842e-12 2.37671003871738e-13
9.90870833333333e+01 5.21794562892679e-12 2.31056186352903e-13
9.92062500000000e+01 5.06966942183046e-12 2.24625308770634e-13
9.93254166666667e+01 4.92560671860120e-12 2.18373261217111e-13
9.94445833333333e+01 4.78563778569534e-12 2.12295075594051e-13
9.95637500000000e+01 4.64964629213412e-12 2.06385921518463e-13
9.96829166666667e+01 4.51751921279812e-12 2.00641102822147e-13
9.98020833333333e+01 4.38914673409226e-12 1.95056053677121e-13
9.99212500000000e+01 4.26442216308273e-12 1.89626334832713e-13
1.00040416666667e+02 4.14324183880350e-12 1.84347630396648e-13
1.00159583333333e+02 4.02550504573835e-12 1.79215744399083e-13
1.00278750000000e+02 3.91111393014871e-12 1.74226596709469e-13
1.00397916666667e+02 3.79997342040625e-12 1.69376221193080e-13
1.00517083333333e+02 3.69199114429064e-12 1.64660761966704e-13
1.00636250000000e+02 3.58707735560102e-12 1.60076468947956e-13
1.00755416666667e+02 3.48514485940894e-12 1.55619697354491e-13
1.00874583333333e+02 3.38610893655468e-12 1.51286903603015e-13
1.00993750000000e+02 3.28988727632805e-12 1.47074641355600e-13
1.01112916666667e+02 3.19639990791463e-12 1.42979561050324e-13
1.01232083333333e+02 3.10556913115739e-12 1.38998406136138e-13
1.01351250000000e+02 3.01731945480494e-12 1.35128009442907e-13
1.01470416666667e+02 2.93157753363784e-12 1.31365292741727e-13
1.01589583333333e+02 2.84827210497573e-12 1.27707263288149e-13
1.01708750000000e+02 2.76733393203243e-12 1.24151010489448e-13
1.01827916666667e+02 2.68869574625194e-12 1.20693705492947e-13
1.01947083333333e+02 2.61229218908400e-12 1.17332598012360e-13
1.02066250000000e+02 2.53805976002403e-12 1.14065013267946e-13
1.02185416666667e+02 2.46593676372686e-12 1.10888351601253e-13
1.02304583333333e+02 2.39586325661377e-12 1.07800085561387e-13
1.02423750000000e+02 2.32778099920965e-12 1.04797757095719e-13
1.02542916666667e+02 2.26163340763879e-12 1.01878977189508e-13
1.02662083333333e+02 2.19736550466229e-12 9.90414231908333e-14
1.02781250000000e+02 2.13492387595718e-12 9.62828362313250e-14
1.02900416666667e+02 2.07425662563115e-12 9.36010208892316e-14
1.03019583333333e+02 2.01531333132263e-12 9.09938427334432e-14
1.03138750000000e+02 1.95804500409600e-12 8.84592259554353e-14
1.03257916666667e+02 1.90240404764214e-12 8.59951530543746e-14
1.03377083333333e+02 1.84834421710417e-12 8.35996625823064e-14
1.03496250000000e+02 1.79582058228955e-12 8.12708469700170e-14
1.03615416666667e+02 1.74478949025123e-12 7.90068522328557e-14
1.03734583333333e+02 1.69520852752971e-12 7.68058759006098e-14
1.03853750000000e+02 1.64703648640789e-12 7.46661650214090e-14
1.03972916666667e+02 1.60023333059256e-12 7.25860158870125e-14
1.04092083333333e+02 1.55476016058945e-12 7.05637721322490e-14
1.04211250000000e+02 1.51057918274903e-12 6.85978229023846e-14
1.04330416666667e+02 1.46765367779161e-12 6.66866025966789e-14
1.04449583333333e+02 1.42594796905525e-12 6.48285891235082e-14
1.04568750000000e+02 1.38542739410184e-12 6.30223022178126e-14
1.04687916666667e+02 1.34605827585007e-12 6.12663032017973e-14
1.04807083333333e+02 1.30780789345792e-12 5.95591933829845e-14
1.04926250000000e+02 1.27064445627721e-12 5.78996125094506e-14
1.05045416666667e+02 1.23453707737837e-12 5.62862385466075e-14
1.05164583333333e+02 1.19945574684892e-12 5.47177862064778e-14
1.05283750000000e+02 1.16537130790220e-12 5.31930055294417e-14
1.05402916666667e+02 1.13225543259592e-12 5.17106816760847e-14
1.05522083333333e+02 1.10008059734591e-12 5.02696335769486e-14
1.05641250000000e+02 1.06882006101115e-12 4.88687126304325e-14
1.05760416666667e+02 1.03844784262405e-12 4.75068025087525e-14
1.05879583333333e+02 1.00893869893591e-12 4.61828179183030e-14
1.05998750000000e+02 9.80268104314569e-13 4.48957034041995e-14
1.06117916666667e+02 9.52412230319935e-13 4.36444331694475e-14
1.06237083333333e+02 9.25347925112427e-13 4.24280099368567e-14
1.06356250000000e+02 8.99052695013415e-13 4.12454638514936e-14
1.06475416666667e+02 8.73504685773025e-13 4.00958523122157e-14
1.06594583333333e+02 8.48682663687055e-13 3.89782589268159e-14
1.06713750000000e+02 8.24565998682644e-13 3.78917925043681e-14
1.06832916666667e+02 8.01134647138165e-13 3.68355868983263e-14
1.06952083333333e+02 7.78369134566815e-13 3.58088000472660e-14
1.07071250000000e+02 7.56250540101393e-13 3.48106130497617e-14
1.07190416666667e+02 7.34760480737669e-13 3.38402300182954e-14
1.07309583333333e+02 7.13881095454661e-13 3.28968771985873e-14
1.07428750000000e+02 6.93595030982796e-13 3.19798021202449e-14
1.07547916666667e+02 6.73885427352819e-13 3.10882734607744e-14
1.07667083333333e+02 6.54735903333539e-13 3.02215802370608e-14
1.07786250000000e+02 6.36130543377235e-13 2.93790310255864e-14
1.07905416666667e+02 6.18053884365927e-13 2.85599538358803e-14
1.08024583333333e+02 6.00490902257282e-13 2.77636953682376e-14
1.08143750000000e+02 5.83427000109887e-13 2.69896202978092e-14
1.08262916666667e+02 5.66847995927678e-13 2.62371111568638e-14
1.08382083333333e+02 5.50740110413759e-13 2.55055676533217e-14
1.08501250000000e+02 5.35089955986230e-13 2.47944060134865e-14
1.08620416666667e+02 5.19884525629783e-13 2.41030588725312e-14
1.08739583333333e+02 5.05111181665502e-13 2.34309746488658e-14
1.08858750000000e+02 4.90757645675324e-13 2.27776169407076e-14
1.08977916666667e+02 4.76811988277345e-13 2.21424644242429e-14
1.09097083333333e+02 4.63262618827310e-13 2.15250102792534e-14
1.09216250000000e+02 4.50098276176547e-13 2.09247616351158e-14
1.09335416666667e+02 4.37308019294450e-13 2.03412394761238e-14
1.09454583333333e+02 4.24881217824356e-13 1.97739781141751e-14
1.09573750000000e+02 4.12807543606011e-13 1.92225246801516e-14
1.09692916666667e+02 4.01076962075037e-13 1.86864390359172e-14
1.09812083333333e+02 3.89679723602309e-13 1.81652932902097e-14
1.09931250000000e+02 3.78606355717715e-13 1.76586713316873e-14
1.10050416666667e+02 3.67847655222228e-13 1.71661687471483e-14
1.10169583333333e+02 3.57394680245777e-13 1.66873923770888e-14
1.10288750000000e+02 3.47238743114290e-13 1.62219598870025e-14
1.10407916666667e+02 3.37371403115336e-13 1.57694996913988e-14
1.10527083333333e+02 3.27784459214867e-13 1.53296505457771e-14
1.10646250000000e+02 3.18469943514344e-13 1.49020611530455e-14
1.10765416666667e+02 3.09420114615789e-13 1.44863900929414e-14
1.10884583333333e+02 3.00627450942738e-13 1.40823054474397e-14
1.11003750000000e+02 2.92084644738640e-13 1.36894844394144e-14
1.11122916666667e+02 2.83784595981650e-13 1.33076133670898e-14
1.11242083333333e+02 2.75720406259667e-13 1.29363872601433e-14
1.11361250000000e+02 2.67885373265233e-13 1.25755095479690e-14
1.11480416666667e+02 2.60272985214514e-13 1.22246919988135e-14
1.11599583333333e+02 2.52876915230460e-13 1.18836544040583e-14
1.11718750000000e+02 2.45691016293125e-13 1.15521242736613e-14
1.11837916666667e+02 2.38709316121072e-13 1.12298367796520e-14
1.11957083333333e+02 2.31926012020488e-13 1.09165344662851e-14
1.12076250000000e+02 2.25335466253256e-13 1.06119669704342e-14
1.12195416666667e+02 2.18932201342472e-13 1.03158909691436e-14
1.12314583333333e+02 2.12710895348854e-13 1.00280699135340e-14
1.12433750000000e+02 2.06666377622017e-13 9.74827377210365e-15
1.12552916666667e+02 2.00793624494949e-13 9.47627898205475e-15
1.12672083333333e+02 1.95087754952275e-13 9.21186820500467e-15
1.12791250000000e+02 1.89544026733027e-13 8.95483009131881e-15
1.12910416666667e+02 1.84157832381861e-13 8.70495923494735e-15
1.13029583333333e+02 1.78924695276659e-13 8.46205594915591e-15
1.13148750000000e+02 1.73840266053722e-13 8.22592605016676e-15
1.13267916666667e+02 1.68900318986167e-13 7.99638081526018e-15
1.13387083333333e+02 1.64100748341058e-13 7.77323677688421e-15
1.13506250000000e+02 1.59437565100346e-13 7.55631552402275e-15
1.13625416666667e+02 1.54906893639344e-13 7.34544366333157e-15
1.13744583333333e+02 1.50504968386039e-13 7.14045263012122e-15
1.13863750000000e+02 1.46228130813327e-13 6.94117850600008e-15
1.13982916666667e+02 1.42072826392687e-13 6.74746198283120e-15
1.14102083333333e+02 1.38035601530619e-13 6.55914818920572e-15
1.14221250000000e+02 1.34113100809722e-13 6.37608652302745e-15
1.14340416666667e+02 1.30302064194771e-13 6.19813061809140e-15
1.14459583333333e+02 1.26599324223288e-13 6.02513818477804e-15
1.14578750000000e+02 1.23001803474872e-13 5.85697085635570e-15
1.14697916666667e+02 1.19506512008776e-13 5.69349415799432e-15
1.14817083333333e+02 1.16110544787520e-13 5.53457736051575e-15
1.14936250000000e+02 1.12811079355600e-13 5.38009333929046e-15
1.15055416666667e+02 1.09605373489371e-13 5.22991854551284e-15
1.15174583333333e+02 1.06490762834379e-13 5.08393287193798e-15
1.15293750000000e+02 1.03464658776123e-13 4.94201952334040e-15
1.15412916666667e+02 1.00524546284659e-13 4.80406498989025e-15
1.15532083333333e+02 9.76679817479142e-14 4.66995892389432e-15
1.15651250000000e+02 9.48925910186165e-14 4.53959402086952e-15
1.15770416666667e+02 9.21960674374838e-14 4.41286599486973e-15
1.15889583333333e+02 8.95761698462678e-14 4.28967346532903e-15
1.16008750000000e+02 8.70307207962727e-14 4.16991784788068e-15
1.16127916666667e+02 8.45576047353346e-14 4.05350333149470e-15
1.16247083333333e+02 8.21547661856826e-14 3.94033677459569e-15
1.16366250000000e+02 7.98202081006808e-14 3.83032760482886e-15
1.16485416666667e+02 7.75519902020263e-14 3.72338779787810e-15
1.16604583333333e+02 7.53482273087546e-14 3.61943178209825e-15
1.16723750000000e+02 7.32070878299430e-14 3.51837634649526e-15
1.16842916666667e+02 7.11267922396805e-14 3.42014062110400e-15
1.16962083333333e+02 6.91056115446794e-14 3.32464598943739e-15
1.17081250000000e+02 6.71418659016911e-14 3.23181600400731e-15
1.17200416666667e+02 6.52339232188333e-14 3.14157636814963e-15
1.17319583333333e+02 6.33801977503095e-14 3.05385485564950e-15
1.17438750000000e+02 6.15791488282205e-14 2.96858123318554e-15
1.17557916666667e+02 5.98292795797781e-14 2.88568724349730e-15
1.17677083333333e+02 5.81291356385895e-14 2.80510653159873e-15
1.17796250000000e+02 5.64773039813988e-14 2.72677457357827e-15
1.17915416666667e+02 5.48724117515873e-14 2.65062866101142e-15
1.18034583333333e+02 5.33131250773517e-14 2.57660783322261e-15
1.18153750000000e+02 5.17981480046953e-14 2.50465281192024e-15
1.18272916666667e+02 5.03262214184079e-14 2.43470598676419e-15
1.18392083333333e+02 4.88961219582710e-14 2.36671135318025e-15
1.18511250000000e+02 4.75066610403358e-14 2.30061445235211e-15
1.18630416666667e+02 4.61566838673053e-14 2.23636235785976e-15
1.18749583333333e+02 4.48450684346353e-14 2.17390361859125e-15
1.18868750000000e+02 4.35707246327953e-14 2.11318820365297e-15
1.18987916666667e+02 4.23325933396442e-14 2.05416749000070e-15
1.19107083333333e+02 4.11296455089716e-14 1.99679421003117e-15
1.19226250000000e+02 3.99608813470393e-14 1.94102240100728e-15
1.19345416666667e+02 3.88253294801595e-14 1.88680739360953e-15
1.19464583333333e+02 3.77220461188359e-14 1.83410576382376e-15
1.19583750000000e+02 3.66501143024415e-14 1.78287528651146e-15
1.19702916666667e+02 3.56086431357672e-14 1.73307492481420e-15
1.19822083333333e+02 3.45967670224923e-14 1.68466478598539e-15
1.19941250000000e+02 3.36136449723611e-14 1.63760607876603e-15
1.20060416666667e+02 3.26584599009876e-14 1.59186110357958e-15
1.20179583333333e+02 3.17304179269040e-14 1.54739321198462e-15
1.20298750000000e+02 3.08287477360656e-14 1.50416676754418e-15
1.20417916666667e+02 2.99526999396698e-14 1.46214713675298e-15
1.20537083333333e+02 2.91015464295098e-14 1.42130065181414e-15
1.20656250000000e+02 2.82745797950637e-14 1.38159457471588e-15
1.20775416666667e+02 2.74711127345220e-14 1.34299708883733e-15
1.20894583333333e+02 2.66904774636086e-14 1.30547726477678e-15
1.21013750000000e+02 2.59320251809052e-14 1.26900502737291e-15
1.21132916666667e+02 2.51951255276767e-14 1.23355114793915e-15
1.21252083333333e+02 2.44791660457269e-14 1.19908721289347e-15
1.21371250000000e+02 2.37835516869646e-14 1.16558559348276e-15
1.21490416666667e+02 2.31077043179859e-14 1.13301943859938e-15
1.21609583333333e+02 2.24510622228957e-14 1.10136264598286e-15
1.21728750000000e+02 2.18130796534561e-14 1.07058983442585e-15
1.21847916666667e+02 2.11932263747170e-14 1.04067633712999e-15
1.21967083333333e+02 2.05909872090729e-14 1.01159817526854e-15
1.22086250000000e+02 2.00058616236366e-14 9.83332032470698e-16
1.22205416666667e+02 1.94373633135163e-14 9.55855248676694e-16
1.22324583333333e+02 1.88850197836883e-14 9.29145795867971e-16
1.22443750000000e+02 1.83483719705155e-14 9.03182254643064e-16
1.22562916666667e+02 1.78269738595511e-14 8.77943808535013e-16
1.22682083333333e+02 1.73203921020918e-14 8.53410221731362e-16
1.22801250000000e+02 1.68282056680146e-14 8.29561817570186e-16
1.22920416666667e+02 1.63500054952478e-14 8.06379473285500e-16
1.23039583333333e+02 1.58853941381266e-14 7.83844599553961e-16
1.23158750000000e+02 1.54339854489577e-14 7.61939120753716e-16
1.23277916666667e+02 1.49954042565340e-14 7.40645470105975e-16
1.23397083333333e+02 1.45692860436543e-14 7.19946570898707e-16
1.23516250000000e+02 1.41552766550388e-14 6.99825818363781e-16
1.23635416666667e+02 1.37530320024808e-14 6.80267075185239e-16
1.23754583333333e+02 1.33622177691118e-14 6.61254654262534e-16
1.23873750000000e+02 1.29825091414880e-14 6.42773302073300e-16
1.23992916666667e+02 1.26135905391709e-14 6.24808194521020e-16
1.24112083333333e+02 1.22551553435204e-14 6.07344921111573e-16
1.24231250000000e+02 1.19069056519516e-14 5.90369469679902e-16
1.24350416666667e+02 1.15685520299206e-14 5.73868222551754e-16
1.24469583333333e+02 1.12398132622112e-14 5.57827942017638e-16
1.24588750000000e+02 1.09204161275273e-14 5.42235756311627e-16
1.24707916666667e+02 1.06100951710278e-14 5.27079156063688e-16
1.24827083333333e+02 1.03085924762410e-14 5.12345980964708e-16
1.24946250000000e+02 1.00156574583097e-14 4.98024406894814e-16
1.25065416666667e+02 9.73104665537314e-15 4.84102942644526e-16
1.25184583333333e+02 9.45452351939763e-15 4.70570417673222e-16
1.25303750000000e+02 9.18585822653156e-15 4.57415970292737e-16
1.25422916666667e+02 8.92482748577227e-15 4.44629044637214e-16
1.25542083333333e+02 8.67121434714412e-15 4.32199379425382e-16
1.25661250000000e+02 8.42480802774760e-15 4.20116997112913e-16
1.25780416666667e+02 8.18540373627898e-15 4.08372201092339e-16
1.25899583333333e+02 7.95280249711714e-15 3.96955565376833e-16
1.26018750000000e+02 7.72681099076797e-15 3.85857924641905e-16
1.26137916666667e+02 7.50724139292338e-15 3.75070371638142e-16
1.26257083333333e+02 7.29391121313742e-15 3.64584247720924e-16
1.26376250000000e+02 7.08664314847475e-15 3.54391133708587e-16
1.26495416666667e+02 6.88526493590436e-15 3.44482847491952e-16
1.26614583333333e+02 6.68960920435495e-15 3.34851435340630e-16
1.26733750000000e+02 6.49951334047485e-15 3.25489163510739e-16
1.26852916666667e+02 6.31481935325560e-15 3.16388516036400e-16
1.26972083333333e+02 6.13537373835693e-15 3.07542186748970e-16
1.27091250000000e+02 5.96102735497589e-15 2.98943071572859e-16
1.27210416666667e+02 5.79163530168702e-15 2.90584266485297e-16
1.27329583333333e+02 5.62705679201923e-15 2.82459060190048e-16
1.27448750000000e+02 5.46715504151497e-15 2.74560927044901e-16
1.27567916666667e+02 5.31179715385749e-15 2.66883525177026e-16
1.27687083333333e+02 5.16085400676657e-15 2.59420689757509e-16
1.27806250000000e+02 5.01420014840434e-15 2.52166426508732e-16
1.27925416666667e+02 4.87171369293743e-15 2.45114909963589e-16
1.28044583333333e+02 4.73327621589563e-15 2.38260477291559e-16
1.28163750000000e+02 4.59877265915092e-15 2.31597622338450e-16
1.28282916666667e+02 4.46809123513283e-15 2.25120994018589e-16
1.28402083333333e+02 4.34112333086516e-15 2.18825390647219e-16
1.28521250000000e+02 4.21776342080882e-15 2.12705754468966e-16
1.28640416666667e+02 4.09790897901340e-15 2.06757170172941e-16
1.28759583333333e+02 3.98146039111219e-15 2.00974859689951e-16
1.28878750000000e+02 3.86832087437814e-15 1.95354177169620e-16
1.28997916666667e+02 3.75839639715401e-15 1.89890607609099e-16
1.29117083333333e+02 3.65159559814579e-15 1.84579762076970e-16
1.29236250000000e+02 3.54782971309473e-15 1.79417373102241e-16
1.29355416666667e+02 3.44701250088310e-15 1.74399293408054e-16
1.29474583333333e+02 3.34906016952060e-15 1.69521491527297e-16
1.29593750000000e+02 3.25389130888511e-15 1.64780047569709e-16
1.29712916666667e+02 3.16142682295081e-15 1.60171152052618e-16
1.29832083333333e+02 3.07158986191263e-15 1.55691101876137e-16
1.29951250000000e+02 2.98430576049334e-15 1.51336296437380e-16
1.30070416666667e+02 2.89950197578694e-15 1.47103236550864e-16
1.30189583333333e+02 2.81710802501197e-15 1.42988520753810e-16
1.30308750000000e+02 2.73705542892434e-15 1.38988841739000e-16
1.30427916666667e+02 2.65927765481074e-15 1.35100985358033e-16
1.30547083333333e+02 2.58371005940395e-15 1.31321827229661e-16
1.30666250000000e+02 2.51028983697896e-15 1.27648329465167e-16
1.30785416666667e+02 2.43895596706962e-15 1.24077539748163e-16
1.30904583333333e+02 2.36964916211787e-15 1.20606588221117e-16
1.31023750000000e+02 2.30231181986562e-15 1.17232684479269e-16
1.31142916666667e+02 2.23688797540317e-15 1.13953116721147e-16
1.31262083333333e+02 2.17332325315997e-15 1.10765248890459e-16
1.31381250000000e+02 2.11156482323652e-15 1.07666517916536e-16
1.31500416666667e+02 2.05156135742589e-15 1.04654432930180e-16
1.31619583333333e+02 1.99326298518570e-15 1.01726572639977e-16
1.31738750000000e+02 1.93662125358420e-15 9.88805827990580e-17
1.31857916666667e+02 1.88158908696558e-15 9.61141754812852e-17
1.31977083333333e+02 1.82812074657305e-15 9.34251266727766e-17
1.32096250000000e+02 1.77617179380997e-15 9.08112739464153e-17
1.32215416666667e+02 1.72569905324699e-15 8.82705157937753e-17
1.32334583333333e+02 1.67666057559358e-15 8.58008094142031e-17
1.32453750000000e+02 1.62901560399970e-15 8.34001685800442e-17
1.32572916666667e+02 1.58272454012806e-15 8.10666630200529e-17
1.32692083333333e+02 1.53774891019620e-15 7.87984163898244e-17
1.32811250000000e+02 1.49405133406730e-15 7.65936043121033e-17
1.32930416666667e+02 1.45159549413338e-15 7.44504538077399e-17
1.33049583333333e+02 1.41034610417345e-15 7.23672414326025e-17
1.33168750000000e+02 1.37026888100250e-15 7.03422914786071e-17
1.33287916666667e+02 1.33133051593288e-15 6.83739754485824e-17
1.33407083333333e+02 1.29349864621490e-15 6.64607103460105e-17
1.33526250000000e+02 1.25674182903228e-15 6.46009570236006e-17
1.33645416666667e+02 1.22102951532809e-15 6.27932196986996e-17
1.33764583333333e+02 1.18633202361370e-15 6.10360443833231e-17
1.33883750000000e+02 1.15262051611643e-15 5.93280173681778e-17
1.34002916666667e+02 1.11986697477422e-15 5.76677647755106e-17
1.34122083333333e+02 1.08804417721636e-15 5.60539511179248e-17
1.34241250000000e+02 1.05712567488544e-15 5.44852779067412e-17
1.34360416666667e+02 1.02708577102085e-15 5.29604832394140e-17
1.34479583333333e+02 9.97899498631362e-16 5.14783404765711e-17
1.34598750000000e+02 9.69542600427840e-16 5.00376569645182e-17
1.34717916666667e+02 9.41991508630902e-16 4.86372736545693e-17
1.34837083333333e+02 9.15223324770114e-16 4.72760638886152e-17
1.34956250000000e+02 8.89215801277596e-16 4.59529322264085e-17
1.35075416666667e+02 8.63947322968718e-16 4.46668140943552e-17
1.35194583333333e+02 8.39396888516423e-16 4.34166746707108e-17
1.35313750000000e+02 8.15544093568281e-16 4.22015078090570e-17
1.35432916666667e+02 7.92369113761595e-16 4.10203357142894e-17
1.35552083333333e+02 7.69852687733925e-16 3.98722079192679e-17
1.35671250000000e+02 7.47976101637530e-16 3.87562002965957e-17
1.35790416666667e+02 7.26721173561722e-16 3.76714147597133e-17
1.35909583333333e+02 7.06070237952226e-16 3.66169783235029e-17
1.36028750000000e+02 6.86006131407332e-16 3.55920421971253e-17
1.36147916666667e+02 6.66512178390924e-16 3.45957815082892e-17
1.36267083333333e+02 6.47572176943826e-16 3.36273944409222e-17
1.36386250000000e+02 6.29170385655596e-16 3.26861014024208e-17
1.36505416666667e+02 6.11291510561286e-16 3.17711447693083e-17
1.36624583333333e+02 5.93920692037640e-16 3.08817880956516e-17
1.36743750000000e+02 5.77043492853220e-16 3.00173153486206e-17
1.36862916666667e+02 5.60645886150830e-16 2.91770306738859e-17
1.36982083333333e+02 5.44714243430300e-16 2.83602576689800e-17
1.37101250000000e+02 5.29235323587710e-16 2.75663386815627e-17
1.37220416666667e+02 5.14196261893508e-16 2.67946345930380e-17
1.37339583333333e+02 4.99584558971791e-16 2.60445241515311e-17
1.37458750000000e+02 4.85388070746746e-16 2.53154033277166e-17
1.37577916666667e+02 4.71594998333988e-16 2.46066851152497e-17
1.37697083333333e+02 4.58193877933678e-16 2.39177989184666e-17
1.37816250000000e+02 4.45173571609118e-16 2.32481899610576e-17
1.37935416666667e+02 4.32523258015621e-16 2.25973191020116e-17
1.38054583333333e+02 4.20232423131709e-16 2.19646622735537e-17
1.38173750000000e+02 4.08290851800969e-16 2.13497099383268e-17
1.38292916666667e+02 3.96688619229074e-16 2.07519669196511e-17
1.38412083333333e+02 3.85416082483558e-16 2.01709518855778e-17
1.38531250000000e+02 3.74463872735761e-16 1.96061968506012e-17
1.38650416666667e+02 3.63822887462358e-16 1.90572470191264e-17
1.38769583333333e+02 3.53484282649975e-16 1.85236603118562e-17
1.38888750000000e+02 3.43439465679283e-16 1.80050069083801e-17
1.39007916666667e+02 3.33680088172659e-16 1.75008691028299e-17
1.39127083333333e+02 3.24198038845196e-16 1.70108408691258e-17
1.39246250000000e+02 3.14985436977796e-16 1.65345274410907e-17
1.39365416666667e+02 3.06034625857433e-16 1.60715451793500e-17
1.39484583333333e+02 2.97338166220949e-16 1.56215211722490e-17
1.39603750000000e+02 2.88888830268402e-16 1.51840928504142e-17
1.39722916666667e+02 2.80679595646826e-16 1.47589078640261e-17
1.39842083333333e+02 2.72703639437660e-16 1.43456237164825e-17
1.39961250000000e+02 2.64954332665636e-16 1.39439074105811e-17
1.40080416666667e+02 2.57425234781002e-16 1.35534353353614e-17
1.40199583333333e+02 2.50110088145509e-16 1.31738929298273e-17
1.40318750000000e+02 2.43002812995816e-16 1.28049743581573e-17
1.40437916666667e+02 2.36097502382886e-16 1.24463824053736e-17
1.40557083333333e+02 2.29388417115182e-16 1.20978281686576e-17
1.40676250000000e+02 2.22869981138973e-16 1.17590307592074e-17
1.40795416666667e+02 2.16536776897020e-16 1.14297172060491e-17
1.40914583333333e+02 2.10383540691074e-16 1.11096221726811e-17
1.41033750000000e+02 2.04405158444572e-16 1.07984876833932e-17
1.41152916666667e+02 1.98596661445873e-16 1.04960630345874e-17
1.41272083333333e+02 1.92953222095291e-16 1.02021045346748e-17
1.41391250000000e+02 1.87470150018531e-16 9.91637525284820e-18
1.41510416666667e+02 1.82142888162613e-16 9.63864493732989e-18
1.41629583333333e+02 1.76967008895550e-16 9.36868977661256e-18
1.41748750000000e+02 1.71938210441497e-16 9.10629216884414e-18
1.41867916666667e+02 1.67052313300142e-16 8.85124064646501e-18
1.41987083333333e+02 1.62305256669783e-16 8.60332965704091e-18
1.42106250000000e+02 1.57693095177566e-16 8.36235935156910e-18
1.42225416666667e+02 1.53211995595538e-16 8.12813551500793e-18
1.42344583333333e+02 1.48858233560315e-16 7.90046936509506e-18
1.42463750000000e+02 1.44628190573973e-16 7.67917735802293e-18
1.42582916666667e+02 1.40518350992193e-16 7.46408112440205e-18
1.42702083333333e+02 1.36525299015917e-16 7.25500728458844e-18
1.42821250000000e+02 1.32645715940500e-16 7.05178727030381e-18
1.42940416666667e+02 1.28876377393391e-16 6.95304820807689e-18
