Energy (eV)          EEDF (eV^-(3/2))     First Anisotropy
2.15000000000000e-02 9.33310944686197e-01 1.13745628083531e-03
6.45000000000000e-02 8.98159898308624e-01 1.84910968739285e-03
1.07500000000000e-01 8.64332736611154e-01 2.36499962486548e-03
1.50500000000000e-01 8.31779598470807e-01 2.71344510779721e-03
1.93500000000000e-01 8.00452500671058e-01 2.97000611639306e-03
2.36500000000000e-01 7.70305267174737e-01 3.16469531054570e-03
2.79500000000000e-01 7.41293461060702e-01 3.31375030102508e-03
3.22500000000000e-01 7.13374319023970e-01 3.42737982413568e-03
3.65500000000000e-01 6.86506688342743e-01 3.51260529102928e-03
4.08500000000000e-01 6.60650966219439e-01 3.57455321791341e-03
4.51500000000000e-01 6.35769041406299e-01 3.61712884264491e-03
4.94500000000000e-01 6.11824238029534e-01 3.64340225715833e-03
5.37500000000000e-01 5.88781261529215e-01 3.65584596313426e-03
5.80500000000000e-01 5.66606146635203e-01 3.65648926155025e-03
6.23500000000000e-01 5.45266207302461e-01 3.64702309775556e-03
6.66500000000000e-01 5.24729988531929e-01 3.62887387368952e-03
7.09500000000000e-01 5.04967220005961e-01 3.60325700184307e-03
7.52500000000000e-01 4.85948771469983e-01 3.57121676720188e-03
7.95500000000000e-01 4.67646609794588e-01 3.53365665672412e-03
8.38500000000000e-01 4.50033757654803e-01 3.49136288004222e-03
8.81500000000000e-01 4.33084253765600e-01 3.44502291676234e-03
9.24500000000000e-01 4.16773114615050e-01 3.39524035858602e-03
9.67500000000000e-01 4.01076297638708e-01 3.34254694224153e-03
1.01050000000000e+00 3.85970665780956e-01 3.28741241886301e-03
1.05350000000000e+00 3.71433953391059e-01 3.23025273337448e-03
1.09650000000000e+00 3.57444733403672e-01 3.17143686681813e-03
1.13950000000000e+00 3.43982385755415e-01 3.11129260851593e-03
1.18250000000000e+00 3.31027066990971e-01 3.05011146257065e-03
1.22550000000000e+00 3.18559681013899e-01 2.98815284732146e-03
1.26850000000000e+00 3.06561850939049e-01 2.92564771215422e-03
1.31150000000000e+00 2.95015892005102e-01 2.86280167023972e-03
1.35450000000000e+00 2.83904785507281e-01 2.79979772605473e-03
1.39750000000000e+00 2.73212153711845e-01 2.73679866132642e-03
1.44050000000000e+00 2.62922235715364e-01 2.67394913118439e-03
1.48350000000000e+00 2.53019864213194e-01 2.61137751298214e-03
1.52650000000000e+00 2.43490443142927e-01 2.54919754285500e-03
1.56950000000000e+00 2.34319926169842e-01 2.48750976916947e-03
1.61250000000000e+00 2.25494795982653e-01 2.42640284725620e-03
1.65550000000000e+00 2.17002044369041e-01 2.36595469595484e-03
1.69850000000000e+00 2.08829153041588e-01 2.30623353334341e-03
1.74150000000000e+00 2.00964075185867e-01 2.24729880643100e-03
1.78450000000000e+00 1.93395217703479e-01 2.18920202744801e-03
1.82750000000000e+00 1.86111424123859e-01 2.13198752758508e-03
1.87050000000000e+00 1.79101958159681e-01 2.07569313754150e-03
1.91350000000000e+00 1.72356487881605e-01 2.02035080299098e-03
1.95650000000000e+00 1.65865070489047e-01 1.96598714201594e-03
1.99950000000000e+00 1.59618137654525e-01 1.91262395066422e-03
2.04250000000000e+00 1.53606481419977e-01 1.86027866201834e-03
2.08550000000000e+00 1.47821240624259e-01 1.80896476351409e-03
2.12850000000000e+00 1.42253887841827e-01 1.75869217668391e-03
2.17150000000000e+00 1.36896216813338e-01 1.70946760301647e-03
2.21450000000000e+00 1.31740330349651e-01 1.66129483920575e-03
2.25750000000000e+00 1.26778628691396e-01 1.61417506469933e-03
2.30050000000000e+00 1.22003798306959e-01 1.56810710413871e-03
2.34350000000000e+00 1.17408801112354e-01 1.52308766700852e-03
2.38650000000000e+00 1.12986864097116e-01 1.47911156656849e-03
2.42950000000000e+00 1.08731469340904e-01 1.43617191992932e-03
2.47250000000000e+00 1.04636344406107e-01 1.39426033094571e-03
2.51550000000000e+00 1.00695453092297e-01 1.35336705743367e-03
2.55850000000000e+00 9.69029865388830e-02 1.31348116407265e-03
2.60150000000000e+00 9.32533546628760e-02 1.27459066222180e-03
2.64450000000000e+00 8.97411779191215e-02 1.23668263776419e-03
2.68750000000000e+00 8.63612793708697e-02 1.19974336798838e-03
2.73050000000000e+00 8.31086770589874e-02 1.16375842842476e-03
2.77350000000000e+00 7.99785766585674e-02 1.12871279047040e-03
2.81650000000000e+00 7.69663644121094e-02 1.09459091056217e-03
2.85950000000000e+00 7.40676003288570e-02 1.06137681159042e-03
2.90250000000000e+00 7.12780116402662e-02 1.02905415718553e-03
2.94550000000000e+00 6.85934865019586e-02 9.97606319454872e-04
2.98850000000000e+00 6.60100679328771e-02 9.67016440698770e-04
3.03150000000000e+00 6.35239479827088e-02 9.37267489589190e-04
3.07450000000000e+00 6.11314621189788e-02 9.08342312254746e-04
3.11750000000000e+00 5.88290838255419e-02 8.80223678678913e-04
3.16050000000000e+00 5.66134194045095e-02 8.52894324784802e-04
3.20350000000000e+00 5.44812029739505e-02 8.26336990549773e-04
3.24650000000000e+00 5.24292916539919e-02 8.00534454465380e-04
3.28950000000000e+00 5.04546609342246e-02 7.75469564632876e-04
3.33250000000000e+00 4.85544002155854e-02 7.51125266761584e-04
3.37550000000000e+00 4.67257085201433e-02 7.27484629316299e-04
3.41850000000000e+00 4.49658903624676e-02 7.04530866040581e-04
3.46150000000000e+00 4.32723517764918e-02 6.82247356065164e-04
3.50450000000000e+00 4.16425964920156e-02 6.60617661794489e-04
3.54750000000000e+00 4.00742222552115e-02 6.39625544749527e-04
3.59050000000000e+00 3.85649172877107e-02 6.19254979531300e-04
3.63350000000000e+00 3.71124568790490e-02 5.99490166057018e-04
3.67650000000000e+00 3.57147001074518e-02 5.80315540209195e-04
3.71950000000000e+00 3.43695866841222e-02 5.61715783027433e-04
3.76250000000000e+00 3.30751339163819e-02 5.43675828562723e-04
3.80550000000000e+00 3.18294337851894e-02 5.26180870505130e-04
3.84850000000000e+00 3.06306501327262e-02 5.09216367687346e-04
3.89150000000000e+00 2.94770159559059e-02 4.92768048558904e-04
3.93450000000000e+00 2.83668308018181e-02 4.76821914718726e-04
3.97750000000000e+00 2.72984582612662e-02 4.61364243587121e-04
4.02050000000000e+00 2.62703235567059e-02 4.46381590292232e-04
4.06350000000000e+00 2.52809112210283e-02 4.31860788840343e-04
4.10650000000000e+00 2.43287628637664e-02 4.17788952634231e-04
4.14950000000000e+00 2.34124750214326e-02 4.04153474398968e-04
4.19250000000000e+00 2.25306970888180e-02 3.90942025570052e-04
4.23550000000000e+00 2.16821293282051e-02 3.78142555194678e-04
4.27850000000000e+00 2.08655209535584e-02 3.65743288393101e-04
4.32150000000000e+00 2.00796682868706e-02 3.53732724423460e-04
4.36450000000000e+00 1.93234129839445e-02 3.42099634390220e-04
4.40750000000000e+00 1.85956403269981e-02 3.30833058633271e-04
4.45050000000000e+00 1.78952775815739e-02 3.19922303831897e-04
4.49350000000000e+00 1.72212924153324e-02 3.09356939855214e-04
4.53650000000000e+00 1.65726913763974e-02 2.99126796388248e-04
4.57950000000000e+00 1.59485184290109e-02 2.89221959360536e-04
4.62250000000000e+00 1.53478535443405e-02 2.79632767202045e-04
4.66550000000000e+00 1.47698113443590e-02 2.70349806949238e-04
4.70850000000000e+00 1.42135397968010e-02 2.61363910222351e-04
4.75150000000000e+00 1.36782189592695e-02 2.52666149093182e-04
4.79450000000000e+00 1.31630597706440e-02 2.44247831861218e-04
4.83750000000000e+00 1.26673028880071e-02 2.36100498754428e-04
4.88050000000000e+00 1.21902175673751e-02 2.28215917569699e-04
4.92350000000000e+00 1.17311005865842e-02 2.20586079266681e-04
4.96650000000000e+00 1.12892752087434e-02 2.13203193527609e-04
5.00950000000000e+00 1.08640901847265e-02 2.06059684294616e-04
5.05250000000000e+00 1.04549187932330e-02 1.99148185295039e-04
5.09550000000000e+00 1.00611579170031e-02 1.92461535564301e-04
5.13850000000000e+00 9.68222715382483e-03 1.85992774975093e-04
5.18150000000000e+00 9.31756796102319e-03 1.79735139780770e-04
5.22450000000000e+00 8.96664283217006e-03 1.73682058180157e-04
5.26750000000000e+00 8.62893450480159e-03 1.67827145910235e-04
5.31050000000000e+00 8.30394519797498e-03 1.62164201872607e-04
5.35350000000000e+00 7.99119587854112e-03 1.56687203798981e-04
5.39650000000000e+00 7.69022555505129e-03 1.51390303960415e-04
5.43950000000000e+00 7.40059059825730e-03 1.46267824924539e-04
5.48250000000000e+00 7.12186408720349e-03 1.41314255364503e-04
5.52550000000000e+00 6.85363517994668e-03 1.36524245922995e-04
5.56850000000000e+00 6.59550850797647e-03 1.31892605134220e-04
5.61150000000000e+00 6.34710359344345e-03 1.27414295406427e-04
5.65450000000000e+00 6.10805428833608e-03 1.23084429067173e-04
5.69750000000000e+00 5.87800823477976e-03 1.18898264473228e-04
5.74050000000000e+00 5.65662634566249e-03 1.14851202186744e-04
5.78350000000000e+00 5.44358230482164e-03 1.10938781219026e-04
5.82650000000000e+00 5.23856208605499e-03 1.07156675342990e-04
5.86950000000000e+00 5.04126349024715e-03 1.03500689475196e-04
5.91250000000000e+00 4.85139569992912e-03 9.99667561281230e-05
5.95550000000000e+00 4.66867885061427e-03 9.65509319331481e-05
5.99850000000000e+00 4.49284361827905e-03 9.32493942345446e-05
6.04150000000000e+00 4.32363082238028e-03 9.00584377546417e-05
6.08450000000000e+00 4.16079104382389e-03 8.69744713301352e-05
6.12750000000000e+00 4.00408425732201e-03 8.39940147194246e-05
6.17050000000000e+00 3.85327947759650e-03 8.11136954807216e-05
6.21350000000000e+00 3.70815441890746e-03 7.83302459205595e-05
6.25650000000000e+00 3.56849516740472e-03 7.56405001122489e-05
6.29950000000000e+00 3.43409586581961e-03 7.30413909837287e-05
6.34250000000000e+00 3.30475841003202e-03 7.05299474741724e-05
6.38550000000000e+00 3.18029215706555e-03 6.81032917586539e-05
6.42850000000000e+00 3.06051364408047e-03 6.57586365401008e-05
6.47150000000000e+00 2.94524631795004e-03 6.34932824077105e-05
6.51450000000000e+00 2.83432027502185e-03 6.13046152609509e-05
6.55750000000000e+00 2.72757201068036e-03 5.91901037982245e-05
6.60050000000000e+00 2.62484417834169e-03 5.71472970692384e-05
6.64350000000000e+00 2.52598535752524e-03 5.51738220900781e-05
6.68650000000000e+00 2.43084983066042e-03 5.32673815199711e-05
6.72950000000000e+00 2.33929736829948e-03 5.14257513986830e-05
6.77250000000000e+00 2.25119302241970e-03 4.96467789434803e-05
6.81550000000000e+00 2.16640692751054e-03 4.79283804045765e-05
6.85850000000000e+00 2.08481410915223e-03 4.62685389779568e-05
6.90150000000000e+00 2.00629429980396e-03 4.46653027744747e-05
6.94450000000000e+00 1.93073176152989e-03 4.31167828441023e-05
6.98750000000000e+00 1.85801511540185e-03 4.16211512542149e-05
7.03050000000000e+00 1.78803717732713e-03 4.01766392207823e-05
7.07350000000000e+00 1.72069480005953e-03 3.87815352913450e-05
7.11650000000000e+00 1.65588872116065e-03 3.74341835786550e-05
7.15950000000000e+00 1.59352341668736e-03 3.61329820438590e-05
7.20250000000000e+00 1.53350696038989e-03 3.48763808281182e-05
7.24550000000000e+00 1.47575088821278e-03 3.36628806315549e-05
7.28850000000000e+00 1.42017006789920e-03 3.24910311384307e-05
7.33150000000000e+00 1.36668257350628e-03 3.13594294874729e-05
7.37450000000000e+00 1.31520956464653e-03 3.02667187862697e-05
7.41750000000000e+00 1.26567517027740e-03 2.92115866686744e-05
7.46050000000000e+00 1.21800637686760e-03 2.81927638941656e-05
7.50350000000000e+00 1.17213292077539e-03 2.72090229881284e-05
7.54650000000000e+00 1.12798718468023e-03 2.62591769220335e-05
7.58950000000000e+00 1.08550409791505e-03 2.53420778325068e-05
7.63250000000000e+00 1.04462104055234e-03 2.44566157782999e-05
7.67550000000000e+00 1.00527775110256e-03 2.36017175341831e-05
7.71850000000000e+00 9.67416237688913e-04 2.27763454208029e-05
7.76150000000000e+00 9.30980692567511e-04 2.19794961695615e-05
7.80450000000000e+00 8.95917409866952e-04 2.12101998215938e-05
7.84750000000000e+00 8.62174706426043e-04 2.04675186599324e-05
7.89050000000000e+00 8.29702845612994e-04 1.97505461739696e-05
7.93350000000000e+00 7.98453964013790e-04 1.90584060553451e-05
7.97650000000000e+00 7.68382000881678e-04 1.83902512244024e-05
8.01950000000000e+00 7.39442630243783e-04 1.77452628863748e-05
8.06250000000000e+00 7.11593195564768e-04 1.71226496164844e-05
8.10550000000000e+00 6.84792646871248e-04 1.65216464731466e-05
8.14850000000000e+00 6.59001480244268e-04 1.59415141384989e-05
8.19150000000000e+00 6.34181679590651e-04 1.53815380854847e-05
8.23450000000000e+00 6.10296660607414e-04 1.48410277707415e-05
8.27750000000000e+00 5.87311216856620e-04 1.43193158525611e-05
8.32050000000000e+00 5.65191467871213e-04 1.38157574332068e-05
8.36350000000000e+00 5.43904809215319e-04 1.33297293248873e-05
8.40650000000000e+00 5.23419864425417e-04 1.28606293387046e-05
8.44950000000000e+00 5.03706438761537e-04 1.24078755959119e-05
8.49250000000000e+00 4.84735474700318e-04 1.19709058608317e-05
8.53550000000000e+00 4.66479009104309e-04 1.15491768948004e-05
8.57850000000000e+00 4.48910132004407e-04 1.11421638305216e-05
8.62150000000000e+00 4.32002946934643e-04 1.07493595662280e-05
8.66450000000000e+00 4.15732532760886e-04 1.03702741790645e-05
8.70750000000000e+00 4.00074906947172e-04 1.00044343571215e-05
8.75050000000000e+00 3.85006990205525e-04 9.65138284956224e-06
8.79350000000000e+00 3.70506572477164e-04 9.31067793430284e-06
8.83650000000000e+00 3.56552280194954e-04 8.98189290271693e-06
8.87950000000000e+00 3.43123544778834e-04 8.66461556085241e-06
8.92250000000000e+00 3.30200572317807e-04 8.35844774666096e-06
8.96550000000000e+00 3.17764314393773e-04 8.06300486275385e-06
9.00850000000000e+00 3.05796440004230e-04 7.77791542421161e-06
9.05150000000000e+00 2.94279308542435e-04 7.50282062098787e-06
9.09450000000000e+00 2.83195943795211e-04 7.23737389446068e-06
9.13750000000000e+00 2.72530008920066e-04 6.98124052769694e-06
9.18050000000000e+00 2.62265782364736e-04 6.73409724900635e-06
9.22350000000000e+00 2.52388134693680e-04 6.49563184837559e-06
9.26650000000000e+00 2.42882506287332e-04 6.26554280638361e-06
9.30950000000000e+00 2.33734885881278e-04 6.04353893520989e-06
9.35250000000000e+00 2.24931789913695e-04 5.82933903135968e-06
9.39550000000000e+00 2.16460242650630e-04 5.62267153974037e-06
9.43850000000000e+00 2.08307757059807e-04 5.42327422873392e-06
9.48150000000000e+00 2.00462316404788e-04 5.23089387592028e-06
9.52450000000000e+00 1.92912356532338e-04 5.04528596411718e-06
9.56750000000000e+00 1.85646748826909e-04 4.86621438741133e-06
9.61050000000000e+00 1.78654783807091e-04 4.69345116686541e-06
9.65350000000000e+00 1.71926155339878e-04 4.52677617559457e-06
9.69650000000000e+00 1.65450945449459e-04 4.36597687291556e-06
9.73950000000000e+00 1.59219609698156e-04 4.21084804728015e-06
9.78250000000000e+00 1.53222963117954e-04 4.06119156771308e-06
9.82550000000000e+00 1.47452166671891e-04 3.91681614348315e-06
9.86850000000000e+00 1.41898714225344e-04 3.77753709174441e-06
9.91150000000000e+00 1.36554420008020e-04 3.64317611289224e-06
9.95450000000000e+00 1.31411406548152e-04 3.51356107338664e-06
9.99750000000000e+00 1.26462093061136e-04 3.38852579580282e-06
1.00405000000000e+01 1.21699184275479e-04 3.26790985587640e-06
1.00835000000000e+01 1.17115659679592e-04 3.15155838631742e-06
1.01265000000000e+01 1.12704763173583e-04 3.03932188717481e-06
1.01695000000000e+01 1.08459993110784e-04 2.93105604253901e-06
1.02125000000000e+01 1.04375092714347e-04 2.82662154337741e-06
1.02555000000000e+01 1.00444040854778e-04 2.72588391630349e-06
1.02985000000000e+01 9.66610431748102e-05 2.62871335808676e-06
1.03415000000000e+01 9.30205235485413e-05 2.53498457571638e-06
1.03845000000000e+01 8.95171158622428e-05 2.44457663183750e-06
1.04275000000000e+01 8.61456561047259e-05 2.35737279538459e-06
1.04705000000000e+01 8.29011747556068e-05 2.27326039724204e-06
1.05135000000000e+01 7.97788894602504e-05 2.19213069076723e-06
1.05565000000000e+01 7.67741979805947e-05 2.11387871701632e-06
1.05995000000000e+01 7.38826714114687e-05 2.03840317451870e-06
1.06425000000000e+01 7.11000476523996e-05 1.96560629345018e-06
1.06855000000000e+01 6.84222251252921e-05 1.89539371406019e-06
1.07285000000000e+01 6.58452567287155e-05 1.82767436921261e-06
1.07715000000000e+01 6.33653440198893e-05 1.76236037090448e-06
1.08145000000000e+01 6.09788316157918e-05 1.69936690063099e-06
1.08575000000000e+01 5.86822018051373e-05 1.63861210346952e-06
1.09005000000000e+01 5.64720693632815e-05 1.58001698575944e-06
1.09435000000000e+01 5.43451765624119e-05 1.52350531625834e-06
1.09865000000000e+01 5.22983883696681e-05 1.46900353065924e-06
1.10295000000000e+01 5.03286878261131e-05 1.41644063935696e-06
1.10725000000000e+01 4.84331715997471e-05 1.36574813835561e-06
1.11155000000000e+01 4.66090457060046e-05 1.31685992321233e-06
1.11585000000000e+01 4.48536213894316e-05 1.26971220591602e-06
1.12015000000000e+01 4.31643111604685e-05 1.22424343460315e-06
1.12445000000000e+01 4.15386249814989e-05 1.18039421601566e-06
1.12875000000000e+01 3.99741665965435e-05 1.13810724060916e-06
1.13305000000000e+01 3.84686299991857e-05 1.09732721022279e-06
1.13735000000000e+01 3.70197960335265e-05 1.05800076822463e-06
1.14165000000000e+01 3.56255291231561e-05 1.02007643204965e-06
1.14595000000000e+01 3.42837741233212e-05 9.83504528049847e-07
1.15025000000000e+01 3.29925532916485e-05 9.48237128578745e-07
1.15455000000000e+01 3.17499633729597e-05 9.14227991235012e-07
1.15885000000000e+01 3.05541727938786e-05 8.81432500192514e-07
1.16315000000000e+01 2.94034189630994e-05 8.49807609546360e-07
1.16745000000000e+01 2.82960056733319e-05 8.19311788606950e-07
1.17175000000000e+01 2.72303006010984e-05 7.89904969076149e-07
1.17605000000000e+01 2.62047329006937e-05 7.61548494041998e-07
1.18035000000000e+01 2.52177908887647e-05 7.34205068730383e-07
1.18465000000000e+01 2.42680198160931e-05 7.07838712954154e-07
1.18895000000000e+01 2.33540197233009e-05 6.82414715202136e-07
1.19325000000000e+01 2.24744433773143e-05 6.57899588312428e-07
1.19755000000000e+01 2.16279942855472e-05 6.34261026676190e-07
1.20185000000000e+01 2.08134247848749e-05 6.11467864919867e-07
1.20615000000000e+01 2.00295342025834e-05 5.89490038015601e-07
1.21045000000000e+01 1.92751670865814e-05 5.68298542771255e-07
1.21475000000000e+01 1.85492115022680e-05 5.47865400652990e-07
1.21905000000000e+01 1.78505973935448e-05 5.28163621895037e-07
1.22335000000000e+01 1.71782950055570e-05 5.09167170852727e-07
1.22765000000000e+01 1.65313133668375e-05 4.90850932556342e-07
1.23195000000000e+01 1.59086988286194e-05 4.73190680424780e-07
1.23625000000000e+01 1.53095336591596e-05 4.56163045099368e-07
1.24055000000000e+01 1.47329346910066e-05 4.39745484359548e-07
1.24485000000000e+01 1.41780520192135e-05 4.23916254083347e-07
1.24915000000000e+01 1.36440677485817e-05 4.08654380216877e-07
1.25345000000000e+01 1.31301947880859e-05 3.93939631718282e-07
1.25775000000000e+01 1.26356756907044e-05 3.79752494442706e-07
1.26205000000000e+01 1.21597815369451e-05 3.66074145935975e-07
1.26635000000000e+01 1.17018108604200e-05 3.52886431105792e-07
1.27065000000000e+01 1.12610886138868e-05 3.40171838740288e-07
1.27495000000000e+01 1.08369651742311e-05 3.27913478844810e-07
1.27925000000000e+01 1.04288153849242e-05 3.16095060768771e-07
1.28355000000000e+01 1.00360376345446e-05 3.04700872095360e-07
1.28785000000000e+01 9.65805297000445e-06 2.93715758267858e-07
1.29215000000000e+01 9.29430424317499e-06 2.83125102927148e-07
1.29645000000000e+01 8.94425528965190e-06 2.72914808935889e-07
1.30075000000000e+01 8.60739013845081e-06 2.63071280065690e-07
1.30505000000000e+01 8.28321225146781e-06 2.53581403324359e-07
1.30935000000000e+01 7.97124379158388e-06 2.44432531901113e-07
1.31365000000000e+01 7.67102491833467e-06 2.35612468708417e-07
1.31795000000000e+01 7.38211311010713e-06 2.27109450499797e-07
1.32225000000000e+01 7.10408251186416e-06 2.18912132543693e-07
1.32655000000000e+01 6.83652330743572e-06 2.11009573834124e-07
1.33085000000000e+01 6.57904111545116e-06 2.03391222819531e-07
1.33515000000000e+01 6.33125640802239e-06 1.96046903631871e-07
1.33945000000000e+01 6.09280395132106e-06 1.88966802798617e-07
1.34375000000000e+01 5.86333226722513e-06 1.82141456420873e-07
1.34805000000000e+01 5.64250311524127e-06 1.75561737801471e-07
1.35235000000000e+01 5.42999099393951e-06 1.69218845507389e-07
1.35665000000000e+01 5.22548266116526e-06 1.63104291851412e-07
1.36095000000000e+01 5.02867667232137e-06 1.57209891778465e-07
1.36525000000000e+01 4.83928293603985e-06 1.51527752142534e-07
1.36955000000000e+01 4.65702228658814e-06 1.46050261360598e-07
1.37385000000000e+01 4.48162607237974e-06 1.40770079430430e-07
1.37815000000000e+01 4.31283575998274e-06 1.35680128299606e-07
1.38245000000000e+01 4.15040255304231e-06 1.30773582573486e-07
1.38675000000000e+01 3.99408702555579e-06 1.26043860550343e-07
1.39105000000000e+01 3.84365876895954e-06 1.21484615572231e-07
1.39535000000000e+01 3.69889605250745e-06 1.17089727680583e-07
1.39965000000000e+01 3.55958549644063e-06 1.12853295565894e-07
1.40395000000000e+01 3.42552175746629e-06 1.08769628801221e-07
1.40825000000000e+01 3.29650722608249e-06 1.04833240349592e-07
1.41255000000000e+01 3.17235173530233e-06 1.01038839335736e-07
1.41685000000000e+01 3.05287228034849e-06 9.73813240729071e-08
1.42115000000000e+01 2.93789274890476e-06 9.38557753358686e-08
1.42545000000000e+01 2.82724366152715e-06 9.04574498714260e-08
1.42975000000000e+01 2.72076192183166e-06 8.71817741381985e-08
1.43405000000000e+01 2.61829057609085e-06 8.40243382675891e-08
1.43835000000000e+01 2.51967858188450e-06 8.09808902382120e-08
1.44265000000000e+01 2.42478058546364e-06 7.80473302562936e-08
1.44695000000000e+01 2.33345670749957e-06 7.52197053348244e-08
1.45125000000000e+01 2.24557233690222e-06 7.24942040644876e-08
1.45555000000000e+01 2.16099793240387e-06 6.98671515696376e-08
1.45985000000000e+01 2.07960883161571e-06 6.73350046428336e-08
1.46415000000000e+01 2.00128506727595e-06 6.48943470516559e-08
1.46845000000000e+01 1.92591119041844e-06 6.25418850117504e-08
1.47275000000000e+01 1.85337610020128e-06 6.02744428202638e-08
1.47705000000000e+01 1.78357288014459e-06 5.80889586440303e-08
1.48135000000000e+01 1.71639864053594e-06 5.59824804570643e-08
1.48565000000000e+01 1.65175436677126e-06 5.39521621221088e-08
1.48995000000000e+01 1.58954477340766e-06 5.19952596111704e-08
1.49425000000000e+01 1.52967816371301e-06 5.01091273601451e-08
1.49855000000000e+01 1.47206629450526e-06 4.82912147528166e-08
1.50285000000000e+01 1.41662424608226e-06 4.65390627296657e-08
1.50715000000000e+01 1.36327029705045e-06 4.48503005170928e-08
1.51145000000000e+01 1.31192580386775e-06 4.32226424728111e-08
1.51575000000000e+01 1.26251508492328e-06 4.16538850433132e-08
1.52005000000000e+01 1.21496530898292e-06 4.01419038294543e-08
1.52435000000000e+01 1.16920638783628e-06 3.86846507563402e-08
1.52865000000000e+01 1.12517087298694e-06 3.72801513438378e-08
1.53295000000000e+01 1.08279385623360e-06 3.59265020741543e-08
1.53725000000000e+01 1.04201287399556e-06 3.46218678530569e-08
1.54155000000000e+01 1.00276781524170e-06 3.33644795614239e-08
1.54585000000000e+01 9.65000832886912e-07 3.21526316939363e-08
1.55015000000000e+01 9.28656258525789e-07 3.09846800818269e-08
1.55445000000000e+01 8.93680520377521e-07 2.98590396967164e-08
1.55875000000000e+01 8.60022064321293e-07 2.87741825326666e-08
1.56305000000000e+01 8.27631277905676e-07 2.77286355636830e-08
1.56735000000000e+01 7.96460417220046e-07 2.67209787739977e-08
1.57165000000000e+01 7.66463536520215e-07 2.57498432585539e-08
1.57595000000000e+01 7.37596420504562e-07 2.48139093912060e-08
1.58025000000000e+01 7.09816519140821e-07 2.39119050582377e-08
1.58455000000000e+01 6.83082884947481e-07 2.30426039548815e-08
1.58885000000000e+01 6.57356112637333e-07 2.22048239426087e-08
1.59315000000000e+01 6.32598281034212e-07 2.13974254650334e-08
1.59745000000000e+01 6.08772897177303e-07 2.06193100203511e-08
1.60175000000000e+01 5.85844842530650e-07 1.98694186883092e-08
1.60605000000000e+01 5.63780321218541e-07 1.91467307097717e-08
1.61035000000000e+01 5.42546810210508e-07 1.84502621170115e-08
1.61465000000000e+01 5.22113011382485e-07 1.77790644129303e-08
1.61895000000000e+01 5.02448805383478e-07 1.71322232974682e-08
1.62325000000000e+01 4.83525207239747e-07 1.65088574395259e-08
1.62755000000000e+01 4.65314323631046e-07 1.59081172927830e-08
1.63185000000000e+01 4.47789311775967e-07 1.53291839538518e-08
1.63615000000000e+01 4.30924339865766e-07 1.47712680612630e-08
1.64045000000000e+01 4.14694548988368e-07 1.42336087338280e-08
1.64475000000000e+01 3.99076016486410e-07 1.37154725469817e-08
1.64905000000000e+01 3.84045720695328e-07 1.32161525457509e-08
1.65335000000000e+01 3.69581507009495e-07 1.27349672930459e-08
1.65765000000000e+01 3.55662055226414e-07 1.22712599520197e-08
1.66195000000000e+01 3.42266848120804e-07 1.18243974012790e-08
1.66625000000000e+01 3.29376141202283e-07 1.13937693817797e-08
1.67055000000000e+01 3.16970933612053e-07 1.09787876742763e-08
1.67485000000000e+01 3.05032940115701e-07 1.05788853062382e-08
1.67915000000000e+01 2.93544564150821e-07 1.01935157871811e-08
1.68345000000000e+01 2.82488871889741e-07 9.82215237140231e-09
1.68775000000000e+01 2.71849567279121e-07 9.46428734714183e-09
1.69205000000000e+01 2.61610968019619e-07 9.11943135122684e-09
1.69635000000000e+01 2.51757982450239e-07 8.78711270829094e-09
1.70065000000000e+01 2.42276087303273e-07 8.46687679369151e-09
1.70495000000000e+01 2.33151306297050e-07 8.15828541927924e-09
1.70925000000000e+01 2.24370189534948e-07 7.86091624120379e-09
1.71355000000000e+01 2.15919793680287e-07 7.57436218896938e-09
1.71785000000000e+01 2.07787662877897e-07 7.29823091498145e-09
1.72215000000000e+01 1.99961810394230e-07 7.03214426385217e-09
1.72645000000000e+01 1.92430700948950e-07 6.77573776075923e-09
1.73075000000000e+01 1.85183233711974e-07 6.52866011817686e-09
1.73505000000000e+01 1.78208725940884e-07 6.29057276032231e-09
1.73935000000000e+01 1.71496897234599e-07 6.06114936468511e-09
1.74365000000000e+01 1.65037854380099e-07 5.84007542002788e-09
1.74795000000000e+01 1.58822076769863e-07 5.62704780026950e-09
1.75225000000000e+01 1.52840402368524e-07 5.42177435368284e-09
1.75655000000000e+01 1.47084014208062e-07 5.22397350685894e-09
1.76085000000000e+01 1.41544427391618e-07 5.03337388290931e-09
1.76515000000000e+01 1.36213476586792e-07 4.84971393339676e-09
1.76945000000000e+01 1.31083303989961e-07 4.67274158350314e-09
1.77375000000000e+01 1.26146347743910e-07 4.50221388996040e-09
1.77805000000000e+01 1.21395330791680e-07 4.33789671128765e-09
1.78235000000000e+01 1.16823250150203e-07 4.17956438989315e-09
1.78665000000000e+01 1.12423366587937e-07 4.02699944561662e-09
1.79095000000000e+01 1.08189194691256e-07 3.87999228030185e-09
1.79525000000000e+01 1.04114493304976e-07 3.73834089300389e-09
1.79955000000000e+01 1.00193256332907e-07 3.60185060544999e-09
1.80385000000000e+01 9.64197038848948e-08 3.47033379738676e-09
1.80815000000000e+01 9.27882737572768e-08 3.34360965145842e-09
1.81245000000000e+01 8.92936132342152e-08 3.22150390727507e-09
1.81675000000000e+01 8.59305711978105e-08 3.10384862434066e-09
1.82105000000000e+01 8.26941905353717e-08 2.99048195352319e-09
1.82535000000000e+01 7.95797008326485e-08 2.88124791676036e-09
1.82965000000000e+01 7.65825113422567e-08 2.77599619470516e-09
1.83395000000000e+01 7.36982042169319e-08 2.67458192202646e-09
1.83825000000000e+01 7.09225279976376e-08 2.57686549008946e-09
1.84255000000000e+01 6.82513913469287e-08 2.48271235675140e-09
1.84685000000000e+01 6.56808570183338e-08 2.39199286301646e-09
1.85115000000000e+01 6.32071360528672e-08 2.30458205630398e-09
1.85545000000000e+01 6.08265821941161e-08 2.22035952009193e-09
1.85975000000000e+01 5.85356865136706e-08 2.13920920970680e-09
1.86405000000000e+01 5.63310722389752e-08 2.06101929403879e-09
1.86835000000000e+01 5.42094897759774e-08 1.98568200296953e-09
1.87265000000000e+01 5.21678119192368e-08 1.91309348030682e-09
1.87695000000000e+01 5.02030292424348e-08 1.84315364202827e-09
1.88125000000000e+01 4.83122456624904e-08 1.77576603964301e-09
1.88555000000000e+01 4.64926741707434e-08 1.71083772848731e-09
1.88985000000000e+01 4.47416327249129e-08 1.64827914077678e-09
1.89415000000000e+01 4.30565402957759e-08 1.58800396324360e-09
1.89845000000000e+01 4.14349130627392e-08 1.52992901919418e-09
1.90275000000000e+01 3.98743607526960e-08 1.47397415482792e-09
1.90705000000000e+01 3.83725831167710e-08 1.42006212966366e-09
1.91135000000000e+01 3.69273665397618e-08 1.36811851092601e-09
1.91565000000000e+01 3.55365807772773e-08 1.31807157174893e-09
1.91995000000000e+01 3.41981758157646e-08 1.26985219305897e-09
1.92425000000000e+01 3.29101788507957e-08 1.22339376900581e-09
1.92855000000000e+01 3.16706913791608e-08 1.17863211581212e-09
1.93285000000000e+01 3.04778864004806e-08 1.13550538391963e-09
1.93715000000000e+01 2.93300057242139e-08 1.09395397331257e-09
1.94145000000000e+01 2.82253573780909e-08 1.05392045190392e-09
1.94575000000000e+01 2.71623131141514e-08 1.01534947687428e-09
1.95005000000000e+01 2.61393060087130e-08 9.78187718856492e-10
1.95435000000000e+01 2.51548281527305e-08 9.42383788863799e-10
1.95865000000000e+01 2.42074284291436e-08 9.07888167862322e-10
1.96295000000000e+01 2.32957103739348e-08 8.74653138892648e-10
1.96725000000000e+01 2.24183301177461e-08 8.42632721648462e-10
1.97155000000000e+01 2.15739944050202e-08 8.11782609423588e-10
1.97585000000000e+01 2.07614586877463e-08 7.82060108342005e-10
1.98015000000000e+01 1.99795252910001e-08 7.53424078788402e-10
1.98445000000000e+01 1.92270416475753e-08 7.25834878959875e-10
1.98875000000000e+01 1.85028985991033e-08 6.99254310462170e-10
1.99305000000000e+01 1.78060287611576e-08 6.73645565876659e-10
1.99735000000000e+01 1.71354049499323e-08 6.48973178226871e-10
2.00165000000000e+01 1.64900386681772e-08 6.25202972275971e-10
2.00595000000000e+01 1.58689786481559e-08 6.02302017589103e-10
2.01025000000000e+01 1.52713094494801e-08 5.80238583296756e-10
2.01455000000000e+01 1.46961501097540e-08 5.58982094497746e-10
2.01885000000000e+01 1.41426528460384e-08 5.38503090242566e-10
2.02315000000000e+01 1.36100018052215e-08 5.18773183039981e-10
2.02745000000000e+01 1.30974118614542e-08 4.99765019831782e-10
2.03175000000000e+01 1.26041274588772e-08 4.81452244382675e-10
2.03605000000000e+01 1.21294214979344e-08 4.63809461034119e-10
2.04035000000000e+01 1.16725942636301e-08 4.46812199772764e-10
2.04465000000000e+01 1.12329723941519e-08 4.30436882566008e-10
2.04895000000000e+01 1.08099078883376e-08 4.14660790918795e-10
2.05325000000000e+01 1.04027771505234e-08 3.99462034607502e-10
2.05755000000000e+01 1.00109800713661e-08 3.84819521548322e-10
2.06185000000000e+01 9.63393914328424e-09 3.70712928759085e-10
2.06615000000000e+01 9.27109860921326e-09 3.57122674374984e-10
2.07045000000000e+01 8.92192364342198e-09 3.44029890680021e-10
2.07475000000000e+01 8.58589956318100e-09 3.31416398117449e-10
2.07905000000000e+01 8.26253107012218e-09 3.19264680243729e-10
2.08335000000000e+01 7.95134152017044e-09 3.07557859591877e-10
2.08765000000000e+01 7.65187222097204e-09 2.96279674411260e-10
2.09195000000000e+01 7.36368175578360e-09 2.85414456252105e-10
2.09625000000000e+01 7.08634533282522e-09 2.74947108364132e-10
2.10055000000000e+01 6.81945415913891e-09 2.64863084879799e-10
2.10485000000000e+01 6.56261483802909e-09 2.55148370753773e-10
2.10915000000000e+01 6.31544878919720e-09 2.45789462431201e-10
2.11345000000000e+01 6.07759169071557e-09 2.36773349218386e-10
2.11775000000000e+01 5.84869294201819e-09 2.28087495330415e-10
2.12205000000000e+01 5.62841514711658e-09 2.19719822591188e-10
2.12635000000000e+01 5.41643361727928e-09 2.11658693762227e-10
2.13065000000000e+01 5.21243589244172e-09 2.03892896477456e-10
2.13495000000000e+01 5.01612128064114e-09 1.96411627761982e-10
2.13925000000000e+01 4.82720041479767e-09 1.89204479113698e-10
2.14355000000000e+01 4.64539482618818e-09 1.82261422127324e-10
2.14785000000000e+01 4.47043653398435e-09 1.75572794641181e-10
2.15215000000000e+01 4.30206765024981e-09 1.69129287387754e-10
2.15645000000000e+01 4.14003999981420e-09 1.62921931129772e-10
2.16075000000000e+01 3.98411475446376e-09 1.56942084264179e-10
2.16505000000000e+01 3.83406208090942e-09 1.51181420877037e-10
2.16935000000000e+01 3.68966080201322e-09 1.45631919232982e-10
2.17365000000000e+01 3.55069807077401e-09 1.40285850683474e-10
2.17795000000000e+01 3.41696905659163e-09 1.35135768978634e-10
2.18225000000000e+01 3.28827664334736e-09 1.30174499968019e-10
2.18655000000000e+01 3.16443113885536e-09 1.25395131676227e-10
2.19085000000000e+01 3.04524999525706e-09 1.20791004739709e-10
2.19515000000000e+01 2.93055753994620e-09 1.16355703191678e-10
2.19945000000000e+01 2.82018471662802e-09 1.12083045582480e-10
2.20375000000000e+01 2.71396883613085e-09 1.07967076423231e-10
2.20805000000000e+01 2.61175333660280e-09 1.04002057941000e-10
2.21235000000000e+01 2.51338755274011e-09 1.00182462134202e-10
2.21665000000000e+01 2.41872649370702e-09 9.65029631172969e-11
2.22095000000000e+01 2.32763062941977e-09 9.29584297442939e-11
2.22525000000000e+01 2.23996568487968e-09 8.95439185009288e-11
2.22955000000000e+01 2.15560244225229e-09 8.62546666557379e-11
2.23385000000000e+01 2.07441655040070e-09 8.30860856606374e-11
2.23815000000000e+01 1.99628834159239e-09 8.00337547919272e-11
2.24245000000000e+01 1.92110265510941e-09 7.70934150229849e-11
2.24675000000000e+01 1.84874866750186e-09 7.42609631202276e-11
2.25105000000000e+01 1.77911972923449e-09 7.15324459542223e-11
2.25535000000000e+01 1.71211320748563e-09 6.89040550181249e-11
2.25965000000000e+01 1.64763033486678e-09 6.63721211459035e-11
2.26395000000000e+01 1.58557606383982e-09 6.39331094230870e-11
2.26825000000000e+01 1.52585892661721e-09 6.15836142830317e-11
2.27255000000000e+01 1.46839090033881e-09 5.93203547819590e-11
2.27685000000000e+01 1.41308727732648e-09 5.71401700462639e-11
2.28115000000000e+01 1.35986654022525e-09 5.50400148858242e-11
2.28545000000000e+01 1.30865024184697e-09 5.30169555672711e-11
2.28975000000000e+01 1.25936288953949e-09 5.10681657413989e-11
2.29405000000000e+01 1.21193183391068e-09 4.91909225191095e-11
2.29835000000000e+01 1.16628716174351e-09 4.73826026904823e-11
2.30265000000000e+01 1.12236159294415e-09 4.56406790817588e-11
2.30695000000000e+01 1.08009038137142e-09 4.39627170452250e-11
2.31125000000000e+01 1.03941121940111e-09 4.23463710771523e-11
2.31555000000000e+01 1.00026414608481e-09 4.07893815591360e-11
2.31985000000000e+01 9.62591458767657e-10 3.92895716183348e-11
2.32415000000000e+01 9.26337628034784e-10 3.78448441022838e-11
2.32845000000000e+01 8.91449215861193e-10 3.64531786641112e-11
2.33275000000000e+01 8.57874796844263e-10 3.51126289541339e-11
2.33705000000000e+01 8.25564882402879e-10 3.38213199139597e-11
2.34135000000000e+01 7.94471847831437e-10 3.25774451693604e-11
2.34565000000000e+01 7.64549862101180e-10 3.13792645183182e-11
2.34995000000000e+01 7.35754820305420e-10 3.02251015107812e-11
2.35425000000000e+01 7.08044278649049e-10 2.91133411167803e-11
2.35855000000000e+01 6.81377391886534e-10 2.80424274796926e-11
2.36285000000000e+01 6.55714853116156e-10 2.70108617515482e-11
2.36715000000000e+01 6.31018835841769e-10 2.60172000073872e-11
2.37145000000000e+01 6.07252938216675e-10 2.50600512357879e-11
2.37575000000000e+01 5.84382129387421e-10 2.41380754027908e-11
2.38005000000000e+01 5.62372697858442e-10 2.32499815865407e-11
2.38435000000000e+01 5.41192201801422e-10 2.23945261800683e-11
2.38865000000000e+01 5.20809421236157e-10 2.15705111597300e-11
2.39295000000000e+01 5.01194312012402e-10 2.07767824169085e-11
2.39725000000000e+01 4.82317961524897e-10 2.00122281506698e-11
2.40155000000000e+01 4.64152546096285e-10 1.92757773191519e-11
2.40585000000000e+01 4.46671289965102e-10 1.85663981475445e-11
2.41015000000000e+01 4.29848425818394e-10 1.78830966905940e-11
2.41445000000000e+01 4.13659156810790e-10 1.72249154476467e-11
2.41875000000000e+01 3.98079620014025e-10 1.65909320283125e-11
2.42305000000000e+01 3.83086851243075e-10 1.59802578669016e-11
2.42735000000000e+01 3.68658751207016e-10 1.53920369838563e-11
2.43165000000000e+01 3.54774052934747e-10 1.48254447924625e-11
2.43595000000000e+01 3.41412290427548e-10 1.42796869491879e-11
2.44025000000000e+01 3.28553768492262e-10 1.37539982460550e-11
2.44455000000000e+01 3.16179533710649e-10 1.32476415435163e-11
2.44885000000000e+01 3.04271346502111e-10 1.27599067423502e-11
2.45315000000000e+01 2.92811654238611e-10 1.22901097931567e-11
2.45745000000000e+01 2.81783565372157e-10 1.18375917420776e-11
2.46175000000000e+01 2.71170824536718e-10 1.14017178114205e-11
2.46605000000000e+01 2.60957788587870e-10 1.09818765139110e-11
2.47035000000000e+01 2.51129403544851e-10 1.05774787993460e-11
2.47465000000000e+01 2.41671182401046e-10 1.01879572324646e-11
2.47895000000000e+01 2.32569183770186e-10 9.81276520089635e-12
2.48325000000000e+01 2.23809991336792e-10 9.45137615208896e-12
2.48755000000000e+01 2.15380694080573e-10 9.10328285815598e-12
2.49185000000000e+01 2.07268867245622e-10 8.76799670762620e-12
2.49615000000000e+01 1.99462554026370e-10 8.44504702311058e-12
2.50045000000000e+01 1.91950247943292e-10 8.13398040394018e-12
2.50475000000000e+01 1.84720875882399e-10 7.83436009286356e-12
2.50905000000000e+01 1.77763781773500e-10 7.54576536592359e-12
2.51335000000000e+01 1.71068710883195e-10 7.26779094466744e-12
2.51765000000000e+01 1.64625794699427e-10 7.00004642987287e-12
2.52195000000000e+01 1.58425536385336e-10 6.74215575600531e-12
2.52625000000000e+01 1.52458796780943e-10 6.49375666564755e-12
2.53055000000000e+01 1.46716780932070e-10 6.25450020317195e-12
2.53485000000000e+01 1.41191025126598e-10 6.02405022695227e-12
2.53915000000000e+01 1.35873384418988e-10 5.80208293943677e-12
2.54345000000000e+01 1.30756020624658e-10 5.58828643443036e-12
2.54775000000000e+01 1.25831390766525e-10 5.38236026095588e-12
2.55205000000000e+01 1.21092235956683e-10 5.18401500308864e-12
2.55635000000000e+01 1.16531570696824e-10 4.99297187518026e-12
2.56065000000000e+01 1.12142672581639e-10 4.80896233190892e-12
2.56495000000000e+01 1.07919072390015e-10 4.63172769261375e-12
2.56925000000000e+01 1.03854544549424e-10 4.46101877939111e-12
2.57355000000000e+01 9.99430979594501e-11 4.29659556844929e-12
2.57785000000000e+01 9.61789671609287e-11 4.13822685423653e-12
2.58215000000000e+01 9.25566038376773e-11 3.98568992587538e-12
2.58645000000000e+01 8.90706686382972e-11 3.83877025545330e-12
2.59075000000000e+01 8.57160233059868e-11 3.69726119773511e-12
2.59505000000000e+01 8.24877231047688e-11 3.56096370087998e-12
2.59935000000000e+01 7.93810095309657e-11 3.42968602776024e-12
2.60365000000000e+01 7.63913032991811e-11 3.30324348749373e-12
2.60795000000000e+01 7.35141975924489e-11 3.18145817681624e-12
2.61225000000000e+01 7.07454515665994e-11 3.06415873093390e-12
2.61655000000000e+01 6.80809840992693e-11 2.95118008350833e-12
2.62085000000000e+01 6.55168677743414e-11 2.84236323544050e-12
2.62515000000000e+01 6.30493230929457e-11 2.73755503213121e-12
2.62945000000000e+01 6.06747129024915e-11 2.63660794890768e-12
2.63375000000000e+01 5.83895370355160e-11 2.53937988431763e-12
2.63805000000000e+01 5.61904271504496e-11 2.44573396100263e-12
2.64235000000000e+01 5.40741417666917e-11 2.35553833387298e-12
2.64665000000000e+01 5.20375614866788e-11 2.26866600531736e-12
2.65095000000000e+01 5.00776843979035e-11 2.18499464718908e-12
2.65525000000000e+01 4.81916216481051e-11 2.10440642932112e-12
2.65955000000000e+01 4.63765931871110e-11 2.02678785433071e-12
2.66385000000000e+01 4.46299236690526e-11 1.95202959848304e-12
2.66815000000000e+01 4.29490385089139e-11 1.88002635839244e-12
2.67245000000000e+01 4.13314600876019e-11 1.81067670334685e-12
2.67675000000000e+01 3.97748040999446e-11 1.74388293304999e-12
2.68105000000000e+01 3.82767760402331e-11 1.67955094058232e-12
2.68535000000000e+01 3.68351678201277e-11 1.61759008038996e-12
2.68965000000000e+01 3.54478545139433e-11 1.55791304111725e-12
2.69395000000000e+01 3.41127912265157e-11 1.50043572310532e-12
2.69825000000000e+01 3.28280100790337e-11 1.44507712038601e-12
2.70255000000000e+01 3.15916173083914e-11 1.39175920700604e-12
2.70685000000000e+01 3.04017904757885e-11 1.34040682752312e-12
2.71115000000000e+01 2.92567757804612e-11 1.29094759152075e-12
2.71545000000000e+01 2.81548854745859e-11 1.24331177199472e-12
2.71975000000000e+01 2.70944953755444e-11 1.19743220746927e-12
2.72405000000000e+01 2.60740424718846e-11 1.15324420770609e-12
2.72835000000000e+01 2.50920226194463e-11 1.11068546287472e-12
2.73265000000000e+01 2.41469883242579e-11 1.06969595605721e-12
2.73695000000000e+01 2.32375466089356e-11 1.03021787896495e-12
2.74125000000000e+01 2.23623569594386e-11 9.92195550749838e-13
2.74555000000000e+01 2.15201293491568e-11 9.55575339796402e-13
2.74985000000000e+01 2.07096223374151e-11 9.20305588385463e-13
2.75415000000000e+01 1.99296412395945e-11 8.86336540124116e-13
2.75845000000000e+01 1.91790363661707e-11 8.53620270040576e-13
2.76275000000000e+01 1.84567013280758e-11 8.22110617246166e-13
2.76705000000000e+01 1.77615714058844e-11 7.91763120070274e-13
2.77135000000000e+01 1.70926219804208e-11 7.62534953577586e-13
2.77565000000000e+01 1.64488670224738e-11 7.34384869380209e-13
2.77995000000000e+01 1.58293576393927e-11 7.07273137660542e-13
2.78425000000000e+01 1.52331806764230e-11 6.81161491323730e-13
2.78855000000000e+01 1.46594573707194e-11 6.56013072201624e-13
2.79285000000000e+01 1.41073420560518e-11 6.31792379233009e-13
2.79715000000000e+01 1.35760209162969e-11 6.08465218547506e-13
2.80145000000000e+01 1.30647107858751e-11 5.85998655383379e-13
2.80575000000000e+01 1.25726579953679e-11 5.64360967771933e-13
2.81005000000000e+01 1.20991372606110e-11 5.43521601923648e-13
2.81435000000000e+01 1.16434506136284e-11 5.23451129253636e-13
2.81865000000000e+01 1.12049263738294e-11 5.04121204986279e-13
2.82295000000000e+01 1.07829181579544e-11 4.85504528281001e-13
2.82725000000000e+01 1.03768039273073e-11 4.67574803823448e-13
2.83155000000000e+01 9.98598507087319e-12 4.50306704828244e-13
2.83585000000000e+01 9.60988552296747e-12 4.33675837401481e-13
2.84015000000000e+01 9.24795091411693e-12 4.17658706213080e-13
2.84445000000000e+01 8.89964775392109e-12 4.02232681430928e-13
2.84875000000000e+01 8.56446264468908e-12 3.87375966870423e-13
2.85305000000000e+01 8.24190152469320e-12 3.73067569314856e-13
2.85735000000000e+01 7.93148893992358e-12 3.59287268963622e-13
2.86165000000000e+01 7.63276734327055e-12 3.46015590966858e-13
2.86595000000000e+01 7.34529642010177e-12 3.33233778006606e-13
2.87025000000000e+01 7.06865243923987e-12 3.20923763886043e-13
2.87455000000000e+01 6.80242762838420e-12 3.09068148089833e-13
2.87885000000000e+01 6.54622957305574e-12 2.97650171279865e-13
2.88315000000000e+01 6.29968063817956e-12 2.86653691692058e-13
2.88745000000000e+01 6.06241741145188e-12 2.76063162401120e-13
2.89175000000000e+01 5.83409016767167e-12 2.65863609421404e-13
2.89605000000000e+01 5.61436235324679e-12 2.56040610613133e-13
2.90035000000000e+01 5.40291009011513e-12 2.46580275364407e-13
2.90465000000000e+01 5.19942169834950e-12 2.37469225020507e-13
2.90895000000000e+01 5.00359723674238e-12 2.28694574033028e-13
2.91325000000000e+01 4.81514806069363e-12 2.20243911802404e-13
2.91755000000000e+01 4.63379639674931e-12 2.12105285188343e-13
2.92185000000000e+01 4.45927493316453e-12 2.04267181663641e-13
2.92615000000000e+01 4.29132642588683e-12 1.96718513087721e-13
2.93045000000000e+01 4.12970331937935e-12 1.89448600077131e-13
2.93475000000000e+01 3.97416738172472e-12 1.82447156951073e-13
2.93905000000000e+01 3.82448935347211e-12 1.75704277230806e-13
2.94335000000000e+01 3.68044860970948e-12 1.69210419672603e-13
2.94765000000000e+01 3.54183283486325e-12 1.62956394814612e-13
2.95195000000000e+01 3.40843770974584e-12 1.56933352018771e-13
2.95625000000000e+01 3.28006661038987e-12 1.51132766989549e-13
2.96055000000000e+01 3.15653031822511e-12 1.45546429752006e-13
2.96485000000000e+01 3.03764674117092e-12 1.40166433072280e-13
2.96915000000000e+01 2.92324064523312e-12 1.34985161304238e-13
2.97345000000000e+01 2.81314339620973e-12 1.29995279646614e-13
2.97775000000000e+01 2.70719271112464e-12 1.25189723795568e-13
2.98205000000000e+01 2.60523241902312e-12 1.20561689978095e-13
2.98635000000000e+01 2.50711223077631e-12 1.16104625352307e-13
2.99065000000000e+01 2.41268751755556e-12 1.11812218761088e-13
2.99495000000000e+01 2.32181909765003e-12 1.07678391826122e-13
2.99925000000000e+01 2.23437303131331e-12 1.03697290369788e-13
3.00355000000000e+01 2.15022042333668e-12 9.98632761528586e-14
3.00785000000000e+01 2.06923723305800e-12 9.61709189163936e-14
3.01215000000000e+01 1.99130409152620e-12 9.26149887166294e-14
3.01645000000000e+01 1.91630612555184e-12 8.91904485421021e-14
3.02075000000000e+01 1.84413278838441e-12 8.58924472026154e-14
3.02505000000000e+01 1.77467769676681e-12 8.27163124800525e-14
3.02935000000000e+01 1.70783847412676e-12 7.96575445314059e-14
3.03365000000000e+01 1.64351659967407e-12 7.67118095347451e-14
3.03795000000000e+01 1.58161726318138e-12 7.38749335691786e-14
3.04225000000000e+01 1.52204922523413e-12 7.11428967202154e-14
3.04655000000000e+01 1.46472468274403e-12 6.85118274022199e-14
3.05085000000000e+01 1.40955913952755e-12 6.59779968899795e-14
3.05515000000000e+01 1.35647128175886e-12 6.35378140516892e-14
3.05945000000000e+01 1.30538285811354e-12 6.11878202759414e-14
3.06375000000000e+01 1.25621856442634e-12 5.89246845855870e-14
3.06805000000000e+01 1.20890593269314e-12 5.67451989315818e-14
3.07235000000000e+01 1.16337522425331e-12 5.46462736602038e-14
3.07665000000000e+01 1.11955932699520e-12 5.26249331472553e-14
3.08095000000000e+01 1.07739365643309e-12 5.06783115931072e-14
3.08525000000000e+01 1.03681606050989e-12 4.88036489726647e-14
3.08955000000000e+01 9.97766727985197e-13 4.69982871345519e-14
3.09385000000000e+01 9.60188100273730e-13 4.52596660440245e-14
3.09815000000000e+01 9.24024786604182e-13 4.35853201643170e-14
3.10245000000000e+01 8.89223482373399e-13 4.19728749713327e-14
3.10675000000000e+01 8.55732890575574e-13 4.04200435967637e-14
3.11105000000000e+01 8.23503646190634e-13 3.89246235949157e-14
3.11535000000000e+01 7.92488243420366e-13 3.74844938286835e-14
3.11965000000000e+01 7.62640965665029e-13 3.60976114702874e-14
3.12395000000000e+01 7.33917818137239e-13 3.47620091125486e-14
3.12825000000000e+01 7.06276463013799e-13 3.34757919866315e-14
3.13255000000000e+01 6.79676157029893e-13 3.22371352823347e-14
3.13685000000000e+01 6.54077691423645e-13 3.10442815671519e-14
3.14115000000000e+01 6.29443334142542e-13 2.98955383004676e-14
3.14545000000000e+01 6.05736774226507e-13 2.87892754393834e-14
3.14975000000000e+01 5.82923068285672e-13 2.77239231328011e-14
3.15405000000000e+01 5.60968588993937e-13 2.66979695005115e-14
3.15835000000000e+01 5.39840975522401e-13 2.57099584941580e-14
3.16265000000000e+01 5.19509085839613e-13 2.47584878370599e-14
3.16695000000000e+01 4.99942950808318e-13 2.38422070399916e-14
3.17125000000000e+01 4.81113730011053e-13 2.29598154901184e-14
3.17555000000000e+01 4.62993669239464e-13 2.21100606103950e-14
3.17985000000000e+01 4.45556059584701e-13 2.12917360868305e-14
3.18415000000000e+01 4.28775198068570e-13 2.05036801611211e-14
3.18845000000000e+01 4.12626349757436e-13 1.97447739862399e-14
3.19275000000000e+01 3.97085711303007e-13 1.90139400426679e-14
3.19705000000000e+01 3.82130375856283e-13 1.83101406130286e-14
3.20135000000000e+01 3.67738299302934e-13 1.76323763129759e-14
3.20565000000000e+01 3.53888267770355e-13 1.69796846762636e-14
3.20995000000000e+01 3.40559866358481e-13 1.63511387919985e-14
3.21425000000000e+01 3.27733449048300e-13 1.57458459921541e-14
3.21855000000000e+01 3.15390109743680e-13 1.51629465874943e-14
3.22285000000000e+01 3.03511654403854e-13 1.46016126501229e-14
3.22715000000000e+01 2.92080574225458e-13 1.40610468409387e-14
3.23145000000000e+01 2.81080019834620e-13 1.35404812803432e-14
3.23575000000000e+01 2.70493776451032e-13 1.30391764606072e-14
3.24005000000000e+01 2.60306239987426e-13 1.25564201983589e-14
3.24435000000000e+01 2.50502394049195e-13 1.20915266257161e-14
3.24865000000000e+01 2.41067787800283e-13 1.16438352186384e-14
3.25295000000000e+01 2.31988514662696e-13 1.12127098611259e-14
3.25725000000000e+01 2.23251191818258e-13 1.07975379439451e-14
3.26155000000000e+01 2.14842940482376e-13 1.03977294966077e-14
3.26585000000000e+01 2.06751366920761e-13 1.00127163513764e-14
3.27015000000000e+01 1.98964544181100e-13 9.64195133811873e-15
3.27445000000000e+01 1.91470994512771e-13 9.28490750886957e-15
3.27875000000000e+01 1.84259672448676e-13 8.94107739100821e-15
3.28305000000000e+01 1.77319948524260e-13 8.60997226799453e-15
3.28735000000000e+01 1.70641593609715e-13 8.29112148664844e-15
3.29165000000000e+01 1.64214763832278e-13 7.98407178999384e-15
3.29595000000000e+01 1.58029986066396e-13 7.68838667472430e-15
3.30025000000000e+01 1.52078143970369e-13 7.40364577238237e-15
3.30455000000000e+01 1.46350464548894e-13 7.12944425337864e-15
3.30885000000000e+01 1.40838505221699e-13 6.86539225300765e-15
3.31315000000000e+01 1.35534141379208e-13 6.61111431864999e-15
3.31745000000000e+01 1.30429554406893e-13 6.36624887737893e-15
3.32175000000000e+01 1.25517220160664e-13 6.13044772321873e-15
3.32605000000000e+01 1.20789897876306e-13 5.90337552333076e-15
3.33035000000000e+01 1.16240619496613e-13 5.68470934242827e-15
3.33465000000000e+01 1.11862679400501e-13 5.47413818474823e-15
3.33895000000000e+01 1.07649624518938e-13 5.27136255293215e-15
3.34325000000000e+01 1.03595244823150e-13 5.07609402319236e-15
3.34755000000000e+01 9.96935641710516e-14 4.88805483616307e-15
3.35185000000000e+01 9.59388314984377e-14 4.70697750285732e-15
3.35615000000000e+01 9.23255123419321e-14 4.53260442517288e-15
3.36045000000000e+01 8.88482806812074e-14 4.36468753040994e-15
3.36475000000000e+01 8.55020110884490e-14 4.20298791928441e-15
3.36905000000000e+01 8.22817711734915e-14 4.04727552693794e-15
3.37335000000000e+01 7.91828143134923e-14 3.89732879646582e-15
3.37765000000000e+01 7.62005726564253e-14 3.75293436450064e-15
3.38195000000000e+01 7.33306503880824e-14 3.61388675840680e-15
3.38625000000000e+01 7.05688172526582e-14 3.47998810465781e-15
3.39055000000000e+01 6.79110023173665e-14 3.35104784798318e-15
3.39485000000000e+01 6.53532879719002e-14 3.22688248088789e-15
3.39915000000000e+01 6.28919041538855e-14 3.10731528316157e-15
3.40345000000000e+01 6.05232227918236e-14 2.99217607100849e-15
3.40775000000000e+01 5.82437524573250e-14 2.88130095544372e-15
3.41205000000000e+01 5.60501332187558e-14 2.77453210961319e-15
3.41635000000000e+01 5.39391316887099e-14 2.67171754470820e-15
3.42065000000000e+01 5.19076362580065e-14 2.57271089415759e-15
3.42495000000000e+01 4.99526525091891e-14 2.47737120579148e-15
3.42925000000000e+01 4.80712988027636e-14 2.38556274168281e-15
3.43355000000000e+01 4.62608020296717e-14 2.29715478538301e-15
3.43785000000000e+01 4.45184935237374e-14 2.21202145627893e-15
3.44215000000000e+01 4.28418051280621e-14 2.13004153080823e-15
3.44645000000000e+01 4.12282654095694e-14 2.05109827027981e-15
3.45075000000000e+01 3.96754960161219e-14 1.97507925505573e-15
3.45505000000000e+01 3.81812081708374e-14 1.90187622485959e-15
3.45935000000000e+01 3.67431992984398e-14 1.83138492498519e-15
3.46365000000000e+01 3.53593497786703e-14 1.76350495818772e-15
3.46795000000000e+01 3.40276198219746e-14 1.69813964204756e-15
3.47225000000000e+01 3.27460464628596e-14 1.63519587160465e-15
3.47655000000000e+01 3.15127406664887e-14 1.57458398706895e-15
3.48085000000000e+01 3.03258845442514e-14 1.51621764641934e-15
3.48515000000000e+01 2.91837286742010e-14 1.46001370271060e-15
3.48945000000000e+01 2.80845895224128e-14 1.40589208591461e-15
3.49375000000000e+01 2.70268469614605e-14 1.35377568912821e-15
3.49805000000000e+01 2.60089418823541e-14 1.30359025898661e-15
3.50235000000000e+01 2.50293738964184e-14 1.25526429012695e-15
3.50665000000000e+01 2.40866991237249e-14 1.20872892355242e-15
3.51095000000000e+01 2.31795280648179e-14 1.16391784875292e-15
3.51525000000000e+01 2.23065235525967e-14 1.12076720944348e-15
3.51955000000000e+01 2.14663987813360e-14 1.07921551278690e-15
3.52385000000000e+01 2.06579154099385e-14 1.03920354197179e-15
3.52815000000000e+01 1.98798817366243e-14 1.00067427202219e-15
3.53245000000000e+01 1.91311509423663e-14 9.63572788719304e-16
3.53675000000000e+01 1.84106194004830e-14 9.27846210520439e-16
3.54105000000000e+01 1.77172250498964e-14 8.93443613364449e-16
3.54535000000000e+01 1.70499458296574e-14 8.60315958257004e-16
3.54965000000000e+01 1.64077981724318e-14 8.28416021533023e-16
3.55395000000000e+01 1.57898355547248e-14 7.97698327697306e-16
3.55825000000000e+01 1.51951471017089e-14 7.68119084748225e-16
3.56255000000000e+01 1.46228562445973e-14 7.39636121892654e-16
3.56685000000000e+01 1.40721194285846e-14 7.12208829563787e-16
3.57115000000000e+01 1.35421248694496e-14 6.85798101656789e-16
3.57545000000000e+01 1.30320913569884e-14 6.60366279900306e-16
3.57975000000000e+01 1.25412671035128e-14 6.35877100284959e-16
3.58405000000000e+01 1.20689286357182e-14 6.12295641472752e-16
3.58835000000000e+01 1.16143797282860e-14 5.89588275114235e-16
3.59265000000000e+01 1.11769503776499e-14 5.67722618002920e-16
3.59695000000000e+01 1.07559958144131e-14 5.46667485999040e-16
3.60125000000000e+01 1.03508955529601e-14 5.26392849657288e-16
3.60555000000000e+01 9.96105247686311e-15 5.06869791495535e-16
3.60985000000000e+01 9.58589195873450e-15 4.88070464843904e-16
3.61415000000000e+01 9.22486101322779e-15 4.69968054215765e-16
3.61845000000000e+01 8.87742748193925e-15 4.52536737144450e-16
3.62275000000000e+01 8.54307924900811e-15 4.35751647431469e-16
3.62705000000000e+01 8.22132348625954e-15 4.19588839754052e-16
3.63135000000000e+01 7.91168592677753e-15 4.04025255581816e-16
3.63565000000000e+01 7.61371016583712e-15 3.89038690354141e-16
3.63995000000000e+01 7.32695698816527e-15 3.74607761871637e-16
3.64425000000000e+01 7.05100372053909e-15 3.60711879856854e-16
3.64855000000000e+01 6.78544360876692e-15 3.47331216640994e-16
3.65285000000000e+01 6.52988521813397e-15 3.34446678935019e-16
3.65715000000000e+01 6.28395185642891e-15 3.22039880645015e-16
3.66145000000000e+01 6.04728101870077e-15 3.10093116693269e-16
3.66575000000000e+01 5.81952385292791e-15 2.98589337807854e-16
3.67005000000000e+01 5.60034464581125e-15 2.87512126244891e-16
3.67435000000000e+01 5.38942032793405e-15 2.76845672409045e-16
3.67865000000000e+01 5.18643999755862e-15 2.66574752339000e-16
3.68295000000000e+01 4.99110446235824e-15 2.56684706025980e-16
3.68725000000000e+01 4.80312579840866e-15 2.47161416534475e-16
3.69155000000000e+01 4.62222692578919e-15 2.37991289895520e-16
3.69585000000000e+01 4.44814120016784e-15 2.29161235743967e-16
3.70015000000000e+01 4.28061201976845e-15 2.20658648672228e-16
3.70445000000000e+01 4.11939244714055e-15 2.12471390274015e-16
3.70875000000000e+01 3.96424484517439e-15 2.04587771852519e-16
3.71305000000000e+01 3.81494052682463e-15 1.96996537768516e-16
3.71735000000000e+01 3.67125941802636e-15 1.89686849404673e-16
3.72165000000000e+01 3.53298973330676e-15 1.82648269723300e-16
3.72595000000000e+01 3.39992766361391e-15 1.75870748395603e-16
3.73025000000000e+01 3.27187707590304e-15 1.69344607481281e-16
3.73455000000000e+01 3.14864922403698e-15 1.63060527638116e-16
3.73885000000000e+01 3.03006247057506e-15 1.57009534841974e-16
3.74315000000000e+01 2.91594201904010e-15 1.51182987598307e-16
3.74745000000000e+01 2.80611965626900e-15 1.45572564627004e-16
3.75175000000000e+01 2.70043350446706e-15 1.40170253003059e-16
3.75605000000000e+01 2.59872778260074e-15 1.34968336736208e-16
3.76035000000000e+01 2.50085257677683e-15 1.29959385773300e-16
3.76465000000000e+01 2.40666361926997e-15 1.25136245407748e-16
3.76895000000000e+01 2.31602207587245e-15 1.20492026081014e-16
3.77325000000000e+01 2.22879434125306e-15 1.16020093561629e-16
3.77755000000000e+01 2.14485184202330e-15 1.11714059487757e-16
3.78185000000000e+01 2.06407084722064e-15 1.07567772259886e-16
3.78615000000000e+01 1.98633228592944e-15 1.03575308270665e-16
3.79045000000000e+01 1.91152157177089e-15 9.97309634594293e-17
3.79475000000000e+01 1.83952843400304e-15 9.60292451793913e-17
3.79905000000000e+01 1.77024675498209e-15 9.24648643659343e-17
3.80335000000000e+01 1.70357441374534e-15 8.90327279948681e-17
3.80765000000000e+01 1.63941313548526e-15 8.57279318199103e-17
3.81195000000000e+01 1.57766834669270e-15 8.25457533790709e-17
3.81625000000000e+01 1.51824903575592e-15 7.94816452599828e-17
3.82055000000000e+01 1.46106761880972e-15 7.65312286145993e-17
3.82485000000000e+01 1.40603981063716e-15 7.36902869140294e-17
3.82915000000000e+01 1.35308450043342e-15 7.09547599346243e-17
3.83345000000000e+01 1.30212363224871e-15 6.83207379667563e-17
3.83775000000000e+01 1.25308208993412e-15 6.57844562380534e-17
3.84205000000000e+01 1.20588758642063e-15 6.33422895431449e-17
3.84635000000000e+01 1.16047055716823e-15 6.09907470722802e-17
3.85065000000000e+01 1.11676405762800e-15 5.87264674314626e-17
3.85495000000000e+01 1.07470366456609e-15 5.65462138470041e-17
3.85925000000000e+01 1.03422738110409e-15 5.44468695476774e-17
3.86355000000000e+01 9.95275545335832e-16 5.24254333178923e-17
3.86785000000000e+01 9.57790742385922e-16 5.14478486598573e-17
