Energy (eV)          EEDF (eV^-(3/2))     First Anisotropy
1.60714285714286e-01 6.59798926109738e-02 9.14731630819941e-05
4.82142857142857e-01 6.28091526339511e-02 1.47916058877686e-04
8.03571428571429e-01 5.97907862268402e-02 1.87140487899534e-04
1.12500000000000e+00 5.69174709069025e-02 2.12393758476016e-04
1.44642857142857e+00 5.41822360631567e-02 2.29965179614891e-04
1.76785714285714e+00 5.15784460960588e-02 2.42393332485043e-04
2.08928571428571e+00 4.90997842677857e-02 2.51068700167707e-04
2.41071428571429e+00 4.67402373998174e-02 2.56873354901079e-04
2.73214285714286e+00 4.44940812841643e-02 2.60417521543115e-04
3.05357142857143e+00 4.23558667968768e-02 2.62148058420921e-04
3.37500000000000e+00 4.03204066780499e-02 2.62405470879766e-04
3.69642857142857e+00 3.83827629423075e-02 2.61456870246361e-04
4.01785714285714e+00 3.65382349162749e-02 2.59516426214126e-04
4.33928571428571e+00 3.47823478166901e-02 2.56758774202321e-04
4.66071428571429e+00 3.31108419012292e-02 2.53328197672245e-04
4.98214285714286e+00 3.15196621344037e-02 2.49345147929668e-04
5.30357142857143e+00 3.00049483502319e-02 2.44911013201400e-04
5.62500000000000e+00 2.85630258874874e-02 2.40111696413015e-04
5.94642857142857e+00 2.71903966727520e-02 2.35020357195524e-04
6.26785714285714e+00 2.58837307414216e-02 2.29699553390770e-04
6.58928571428571e+00 2.46398581516181e-02 2.24202940367206e-04
6.91071428571429e+00 2.34557612966961e-02 2.18576637929173e-04
7.23214285714286e+00 2.23285675845797e-02 2.12860344253998e-04
7.55357142857143e+00 2.12555424689519e-02 2.07088253126709e-04
7.87500000000000e+00 2.02340828152846e-02 2.01289816598648e-04
8.19642857142857e+00 1.92617105845198e-02 1.95490384236829e-04
8.51785714285714e+00 1.83360668250871e-02 1.89711743441823e-04
8.83928571428572e+00 1.74549059462704e-02 1.83972579007253e-04
9.16071428571429e+00 1.66160902718149e-02 1.78288865991589e-04
9.48214285714286e+00 1.58175848539659e-02 1.72674207888398e-04
9.80357142857143e+00 1.50574525367452e-02 1.67140128826117e-04
1.01250000000000e+01 1.43338492564460e-02 1.61696327246743e-04
1.04464285714286e+01 1.36450195666600e-02 1.56350896730841e-04
1.07678571428571e+01 1.29892923818788e-02 1.51110518760334e-04
1.10892857142857e+01 1.23650769288451e-02 1.45980633229186e-04
1.14107142857143e+01 1.17708588691380e-02 1.40965586668379e-04
1.17321428571429e+01 1.12051966435245e-02 1.36068762423831e-04
1.20535714285714e+01 1.06667179730233e-02 1.31292698466816e-04
1.23750000000000e+01 1.01541165159697e-02 1.26639189011841e-04
1.26964285714286e+01 9.66614871312491e-03 1.22109374783332e-04
1.30178571428571e+01 9.20163076591158e-03 1.17703824376049e-04
1.33392857142857e+01 8.75943576785303e-03 1.13422606231349e-04
1.36607142857143e+01 8.33849096046888e-03 1.09265351950031e-04
1.39821428571429e+01 7.93777514138726e-03 1.05231312384013e-04
1.43035714285714e+01 7.55631618594467e-03 1.01319409414008e-04
1.46250000000000e+01 7.19318868062113e-03 9.75282803889411e-05
1.49464285714286e+01 6.84751168648807e-03 9.38563178782785e-05
1.52678571428571e+01 6.51844659914694e-03 9.03017059240767e-05
1.55892857142857e+01 6.20519511629137e-03 8.68624521561721e-05
1.59107142857143e+01 5.90699729485240e-03 8.35364159536761e-05
1.62321428571429e+01 5.62312971379329e-03 8.03213333610998e-05
1.65535714285714e+01 5.35290371852690e-03 7.72148404631828e-05
1.68750000000000e+01 5.09566374524402e-03 7.42144930678166e-05
1.71964285714286e+01 4.85078573570579e-03 7.13177842919761e-05
1.75178571428571e+01 4.61767562150842e-03 6.85221607073254e-05
1.78392857142857e+01 4.39576788411977e-03 6.58250365237620e-05
1.81607142857143e+01 4.18452417912258e-03 6.32238058368301e-05
1.84821428571429e+01 3.98343203415298e-03 6.07158533286485e-05
1.88035714285714e+01 3.79200360530385e-03 5.82985644814612e-05
1.91250000000000e+01 3.60977449050876e-03 5.59693338199079e-05
1.94464285714286e+01 3.43630260613327e-03 5.37255721868390e-05
1.97678571428571e+01 3.27116711338009e-03 5.15647134428311e-05
2.00892857142857e+01 3.11396739811755e-03 4.94842202042484e-05
2.04107142857143e+01 2.96432209660033e-03 4.74815886000143e-05
2.07321428571429e+01 2.82186817276859e-03 4.55543522759667e-05
2.10535714285714e+01 2.68626003731456e-03 4.37000863258638e-05
2.13750000000000e+01 2.55716870732170e-03 4.19164101339681e-05
2.16964285714286e+01 2.43428101019344e-03 4.02009897786156e-05
2.20178571428571e+01 2.31729882320255e-03 3.85515402382550e-05
2.23392857142857e+01 2.20593835074427e-03 3.69658271256947e-05
2.26607142857143e+01 2.09992943432944e-03 3.54416679208240e-05
2.29821428571429e+01 1.99901489876249e-03 3.39769328416453e-05
2.33035714285714e+01 1.90294992810461e-03 3.25695457971403e-05
2.36250000000000e+01 1.81150147049753e-03 3.12174847288018e-05
2.39464285714286e+01 1.72444767408487e-03 2.99187817671371e-05
2.42678571428571e+01 1.64157734835648e-03 2.86715233564205e-05
2.45892857142857e+01 1.56268945212142e-03 2.74738501552195e-05
2.49107142857143e+01 1.48759260480636e-03 2.63239566846206e-05
2.52321428571429e+01 1.41610462318375e-03 2.52200908117551e-05
2.55535714285714e+01 1.34805207931320e-03 2.41605533617998e-05
2.58750000000000e+01 1.28326987899737e-03 2.31436973847425e-05
2.61964285714286e+01 1.22160086210593e-03 2.21679273597130e-05
2.65178571428571e+01 1.16289542101953e-03 2.12316984357680e-05
2.68392857142857e+01 1.10701113789019e-03 2.03335155748893e-05
2.71607142857143e+01 1.05381243850347e-03 1.94719325739556e-05
2.74821428571429e+01 1.00317026403513e-03 1.86455510214776e-05
2.78035714285714e+01 9.54961757902056e-04 1.78530193845192e-05
2.81250000000000e+01 9.09069967186875e-04 1.70930319015422e-05
2.84464285714286e+01 8.65383559458415e-04 1.63643274701781e-05
2.87678571428571e+01 8.23796552493702e-04 1.56656885944547e-05
2.90892857142857e+01 7.84208057301393e-04 1.49959402980807e-05
2.94107142857143e+01 7.46522032952505e-04 1.43539489856334e-05
2.97321428571429e+01 7.10647054016069e-04 1.37386212875850e-05
3.00535714285714e+01 6.76496088727281e-04 1.31489030202430e-05
3.03750000000000e+01 6.43986287504618e-04 1.25837780382088e-05
3.06964285714286e+01 6.13038782315894e-04 1.20422671063910e-05
3.10178571428571e+01 5.83578495223067e-04 1.15234268340174e-05
3.13392857142857e+01 5.55533956332834e-04 1.10263486057138e-05
3.16607142857143e+01 5.28837130139747e-04 1.05501574958940e-05
3.19821428571429e+01 5.03423250755298e-04 1.00940111897958e-05
3.23035714285714e+01 4.79230664763974e-04 9.65709899949733e-06
3.26250000000000e+01 4.56200681425739e-04 9.23864082209243e-06
3.29464285714286e+01 4.34277430528919e-04 8.83788612578387e-06
3.32678571428571e+01 4.13407726769242e-04 8.45411299198359e-06
3.35892857142857e+01 3.93540940781598e-04 8.08662716827175e-06
3.39107142857143e+01 3.74628876134346e-04 7.73476112197463e-06
3.42321428571429e+01 3.56625652591897e-04 7.39787310960642e-06
3.45535714285714e+01 3.39487594794967e-04 7.07534632193113e-06
3.48750000000000e+01 3.23173126154422e-04 6.76658799943781e-06
3.51964285714286e+01 3.07642668143147e-04 6.47102857632827e-06
3.55178571428571e+01 2.92858544225763e-04 6.18812087169485e-06
3.58392857142857e+01 2.78784888494760e-04 5.91733929647570e-06
3.61607142857143e+01 2.65387558541189e-04 5.65817906865202e-06
3.64821428571429e+01 2.52634052749383e-04 5.41015544669040e-06
3.68035714285714e+01 2.40493431438656e-04 5.17280302178066e-06
3.71250000000000e+01 2.28936241704149e-04 4.94567499631655e-06
3.74464285714286e+01 2.17934446068270e-04 4.72834248809669e-06
3.77678571428571e+01 2.07461354426735e-04 4.52039387270954e-06
3.80892857142857e+01 1.97491559324661e-04 4.32143414222970e-06
3.84107142857143e+01 1.88000874239098e-04 4.13108427472264e-06
3.87321428571429e+01 1.78966274985296e-04 3.94898062114238e-06
3.90535714285714e+01 1.70365843853850e-04 3.77477433721137e-06
3.93750000000000e+01 1.62178716371981e-04 3.60813081016994e-06
3.96964285714286e+01 1.54385030755873e-04 3.44872910728593e-06
4.00178571428571e+01 1.46965879702631e-04 3.29626145446590e-06
4.03392857142857e+01 1.39903264538765e-04 3.15043272972477e-06
4.06607142857143e+01 1.33180051502622e-04 3.01095996751635e-06
4.09821428571429e+01 1.26779930233248e-04 2.87757187826939e-06
4.13035714285714e+01 1.20687374197351e-04 2.75000840194187e-06
4.16250000000000e+01 1.14887602977528e-04 2.62802026093015e-06
4.19464285714286e+01 1.09366546461553e-04 2.51136853068864e-06
4.22678571428571e+01 1.04110810692670e-04 2.39982423365580e-06
4.25892857142857e+01 9.91076453876686e-05 2.29316794585432e-06
4.29107142857143e+01 9.43449129693185e-05 2.19118941327155e-06
4.32321428571429e+01 8.98110591577469e-05 2.09368718089287e-06
4.35535714285714e+01 8.54950849370359e-05 2.00046824724026e-06
4.38750000000000e+01 8.13865198418023e-05 1.91134772040728e-06
4.41964285714286e+01 7.74753965871438e-05 1.82614848814326e-06
4.45178571428571e+01 7.37522268775292e-05 1.74470090574786e-06
4.48392857142857e+01 7.02079783961539e-05 1.66684249435340e-06
4.51607142857143e+01 6.68340528687517e-05 1.59241764750618e-06
4.54821428571429e+01 6.36222652291732e-05 1.52127734794830e-06
4.58035714285714e+01 6.05648237606019e-05 1.45327890339503e-06
4.61250000000000e+01 5.76543111727863e-05 1.38828568465839e-06
4.64464285714286e+01 5.48836666287756e-05 1.32616687471525e-06
4.67678571428571e+01 5.22461686082830e-05 1.26679723125203e-06
4.70892857142857e+01 4.97354186066521e-05 1.21005685749943e-06
4.74107142857143e+01 4.73453255960519e-05 1.15583097985303e-06
4.77321428571429e+01 4.50700912655022e-05 1.10400973353938e-06
4.80535714285714e+01 4.29041959529583e-05 1.05448796235487e-06
4.83750000000000e+01 4.08423852410750e-05 1.00716502091912e-06
4.86964285714286e+01 3.88796572242257e-05 9.61944585340439e-07
4.90178571428571e+01 3.70112503691288e-05 9.18734474000433e-07
4.93392857142857e+01 3.52326319670052e-05 8.77446474830859e-07
4.96607142857143e+01 3.35394871263960e-05 8.37996178001040e-07
4.99821428571429e+01 3.19277083166345e-05 8.00302814850772e-07
5.03035714285714e+01 3.03933854021640e-05 7.64289107204699e-07
5.06250000000000e+01 2.89327961473953e-05 7.29881119035756e-07
5.09464285714286e+01 2.75423971961988e-05 6.97008114528257e-07
5.12678571428571e+01 2.62188154725110e-05 6.65602423692493e-07
5.15892857142857e+01 2.49588399997199e-05 6.35599312992744e-07
5.19107142857143e+01 2.37594141035027e-05 6.06936860211913e-07
5.22321428571429e+01 2.26176280040574e-05 5.79555834106180e-07
5.25535714285714e+01 2.15307117564311e-05 5.53399581691164e-07
5.28750000000000e+01 2.04960285244312e-05 5.28413917572287e-07
5.31964285714286e+01 1.95110681901949e-05 5.04547018104398e-07
5.35178571428571e+01 1.85734412624692e-05 4.81749321158718e-07
5.38392857142857e+01 1.76808730813819e-05 4.59973429719599e-07
5.41607142857143e+01 1.68311982951428e-05 4.39174018753871e-07
5.44821428571429e+01 1.60223556121433e-05 4.19307745719487e-07
5.48035714285714e+01 1.52523827998959e-05 4.00333166667639e-07
5.51250000000000e+01 1.45194119204474e-05 3.82210654048495e-07
5.54464285714286e+01 1.38216648032008e-05 3.64902318137460e-07
5.57678571428571e+01 1.31574487295991e-05 3.48371932607867e-07
5.60892857142857e+01 1.25251523277309e-05 3.32584863004417e-07
5.64107142857143e+01 1.19232416597626e-05 3.17507997717991e-07
5.67321428571429e+01 1.13502565041710e-05 3.03109681704769e-07
5.70535714285714e+01 1.08048068129980e-05 2.89359654294786e-07
5.73750000000000e+01 1.02855693367312e-05 2.76228988379695e-07
5.76964285714286e+01 9.79128441712195e-06 2.63690032300338e-07
5.80178571428571e+01 9.32075293025208e-06 2.51716354789769e-07
5.83392857142857e+01 8.87283337823778e-06 2.40282692098260e-07
5.86607142857143e+01 8.44643911765525e-06 2.29364897014202e-07
5.89821428571429e+01 8.04053572577269e-06 2.18939889941704e-07
5.93035714285714e+01 7.65413849087342e-06 2.08985612961625e-07
5.96250000000000e+01 7.28631002139513e-06 1.99480984986281e-07
5.99464285714286e+01 6.93615797387754e-06 1.90405858918385e-07
6.02678571428571e+01 6.60283288745507e-06 1.81740981054829e-07
6.05892857142857e+01 6.28552612359621e-06 1.73467952122486e-07
6.09107142857143e+01 5.98346790277845e-06 1.65569189741202e-07
6.12321428571429e+01 5.69592543866017e-06 1.58027892420319e-07
6.15535714285714e+01 5.42220116022778e-06 1.50828005727681e-07
6.18750000000000e+01 5.16163101815823e-06 1.43954189312589e-07
6.21964285714286e+01 4.91358287524144e-06 1.37391785410965e-07
6.25178571428571e+01 4.67745497235042e-06 1.31126788995620e-07
6.28392857142857e+01 4.45267446893707e-06 1.25145819141367e-07
6.31607142857143e+01 4.23869605225072e-06 1.19436091458473e-07
6.34821428571429e+01 4.03500061554138e-06 1.13985391664627e-07
6.38035714285714e+01 3.84109399863008e-06 1.08782050736310e-07
6.41250000000000e+01 3.65650578816772e-06 1.03814920718951e-07
6.44464285714286e+01 3.48078817737345e-06 9.90733516297252e-08
6.47678571428572e+01 3.31351487933807e-06 9.45471695632343e-08
6.50892857142857e+01 3.15428009310083e-06 9.02266556978801e-08
6.54107142857143e+01 3.00269751844472e-06 8.61025260981563e-08
6.57321428571429e+01 2.85839941950659e-06 8.21659123591074e-08
6.60535714285714e+01 2.72103573259778e-06 7.84083433973515e-08
6.63750000000000e+01 2.59027321632842e-06 7.48217277455234e-08
6.66964285714286e+01 2.46579464382154e-06 7.13983366499125e-08
6.70178571428572e+01 2.34729803290389e-06 6.81307880459235e-08
6.73392857142857e+01 2.23449591366773e-06 6.50120311990190e-08
6.76607142857143e+01 2.12711463056825e-06 6.20353319362353e-08
6.79821428571429e+01 2.02489367906557e-06 5.91942584986856e-08
6.83035714285714e+01 1.92758507360533e-06 5.64826682253471e-08
6.86250000000000e+01 1.83495274558037e-06 5.38946946185709e-08
6.89464285714286e+01 1.74677197107905e-06 5.14247349985715e-08
6.92678571428572e+01 1.66282882555669e-06 4.90674387974233e-08
6.95892857142857e+01 1.58291966497165e-06 4.68176963432806e-08
6.99107142857143e+01 1.50685063140199e-06 4.46706280812831e-08
7.02321428571429e+01 1.43443718310977e-06 4.26215742511090e-08
7.05535714285714e+01 1.36550364681870e-06 4.06660851665270e-08
7.08750000000000e+01 1.29988279123923e-06 3.87999117825497e-08
7.11964285714286e+01 1.23741542167467e-06 3.70189966935566e-08
7.15178571428572e+01 1.17794999371323e-06 3.53194655965841e-08
7.18392857142857e+01 1.12134224566169e-06 3.36976191148011e-08
7.21607142857143e+01 1.06745484833136e-06 3.21499249429105e-08
7.24821428571429e+01 1.01615707212706e-06 3.06730103275379e-08
7.28035714285714e+01 9.67324469880711e-07 2.92636549831272e-08
7.31250000000000e+01 9.20838574742461e-07 2.79187842233609e-08
7.34464285714286e+01 8.76586612992469e-07 2.66354624073265e-08
7.37678571428572e+01 8.34461230382168e-07 2.54108867235795e-08
7.40892857142857e+01 7.94360231748176e-07 2.42423812382331e-08
7.44107142857143e+01 7.56186332925373e-07 2.31273911797520e-08
7.47321428571429e+01 7.19846924907001e-07 2.20634774689633e-08
7.50535714285714e+01 6.85253849164032e-07 2.10483115638322e-08
7.53750000000000e+01 6.52323183635194e-07 2.00796704650101e-08
7.56964285714286e+01 6.20975039278007e-07 1.91554319508615e-08
7.60178571428572e+01 5.91133366210139e-07 1.82735700576300e-08
7.63392857142857e+01 5.62725769250475e-07 1.74321507527542e-08
7.66607142857143e+01 5.35683332177466e-07 1.66293277818211e-08
7.69821428571429e+01 5.09940450656299e-07 1.58633386946805e-08
7.73035714285714e+01 4.85434673075154e-07 1.51325010988653e-08
7.76250000000000e+01 4.62106548943163e-07 1.44352090324718e-08
7.79464285714286e+01 4.39899484763920e-07 1.37699295040941e-08
7.82678571428572e+01 4.18759606706822e-07 1.31351992104055e-08
7.85892857142857e+01 3.98635629935378e-07 1.25296213947816e-08
7.89107142857143e+01 3.79478734113910e-07 1.19518628330347e-08
7.92321428571429e+01 3.61242445050581e-07 1.14006509498278e-08
7.95535714285714e+01 3.43882521945795e-07 1.08747710991066e-08
7.98750000000000e+01 3.27356849999052e-07 1.03730639329928e-08
8.01964285714286e+01 3.11625338307577e-07 9.89442289212025e-09
8.05178571428572e+01 2.96649822583204e-07 9.43779182457762e-09
8.08392857142857e+01 2.82393972583910e-07 9.00216270767516e-09
8.11607142857143e+01 2.68823203924126e-07 8.58657346259053e-09
8.14821428571429e+01 2.55904594228934e-07 8.19010586418742e-09
8.18035714285714e+01 2.43606803260829e-07 7.81188356910048e-09
8.21250000000000e+01 2.31899996843558e-07 7.45107020913083e-09
8.24464285714286e+01 2.20755774532063e-07 7.10686757281785e-09
8.27678571428572e+01 2.10147100697456e-07 6.77851388002676e-09
8.30892857142857e+01 2.00048238951072e-07 6.46528213138883e-09
8.34107142857143e+01 1.90434689671809e-07 6.16647852549571e-09
8.37321428571429e+01 1.81283130608601e-07 5.88144094531104e-09
8.40535714285714e+01 1.72571360298201e-07 5.60953752980271e-09
8.43750000000000e+01 1.64278244173598e-07 5.35016529366690e-09
8.46964285714286e+01 1.56383663324426e-07 5.10274881100181e-09
8.50178571428572e+01 1.48868465677777e-07 4.86673896619846e-09
8.53392857142857e+01 1.41714419543903e-07 4.64161175924925e-09
8.56607142857143e+01 1.34904169361192e-07 4.42686716040848e-09
8.59821428571429e+01 1.28421193618177e-07 4.22202801513021e-09
8.63035714285714e+01 1.22249764770674e-07 4.02663901037721e-09
8.66250000000000e+01 1.16374911065512e-07 3.84026567625974e-09
8.69464285714286e+01 1.10782380241727e-07 3.66249343400556e-09
8.72678571428572e+01 1.05458604947214e-07 3.49292669246611e-09
8.75892857142857e+01 1.00390669830278e-07 3.33118798413609e-09
8.79107142857143e+01 9.55662801897993e-08 3.17691713707203e-09
8.82321428571429e+01 9.09737321666410e-08 3.02977048328927e-09
8.85535714285714e+01 8.66018843489489e-08 2.88942011133008e-09
8.88750000000000e+01 8.24401307284168e-08 2.75555314473190e-09
8.91964285714286e+01 7.84783749857715e-08 2.62787105403061e-09
8.95178571428572e+01 7.47070059920187e-08 2.50608900378514e-09
8.98392857142857e+01 7.11168744959634e-08 2.38993522826171e-09
9.01607142857143e+01 6.76992709162521e-08 2.27915043319905e-09
9.04821428571429e+01 6.44459042246142e-08 2.17348722401269e-09
9.08035714285714e+01 6.13488818310428e-08 2.07270956577396e-09
9.11250000000000e+01 5.84006904262443e-08 1.97659226214086e-09
9.14464285714286e+01 5.55941777651723e-08 1.88492045854065e-09
9.17678571428572e+01 5.29225353121736e-08 1.79748917060525e-09
9.20892857142857e+01 5.03792817263310e-08 1.71410283337259e-09
9.24107142857143e+01 4.79582471295284e-08 1.63457486941491e-09
9.27321428571429e+01 4.56535581470962e-08 1.55872727611118e-09
9.30535714285714e+01 4.34596236584661e-08 1.48639023576568e-09
9.33750000000000e+01 4.13711212261152e-08 1.41740173957072e-09
9.36964285714286e+01 3.93829841908169e-08 1.35160722909343e-09
9.40178571428572e+01 3.74903893775031e-08 1.28885925596020e-09
9.43392857142857e+01 3.56887453962156e-08 1.22901715657374e-09
9.46607142857143e+01 3.39736814977250e-08 1.17194674055078e-09
9.49821428571429e+01 3.23410369761595e-08 1.11751999300976e-09
9.53035714285714e+01 3.07868510747628e-08 1.06561479327744e-09
9.56250000000000e+01 2.93073533722611e-08 1.01611464369288e-09
9.59464285714286e+01 2.78989546409987e-08 9.68908411064841e-10
9.62678571428572e+01 2.65582381377991e-08 9.23890081234998e-10
9.65892857142857e+01 2.52819513163128e-08 8.80958524514043e-10
9.69107142857143e+01 2.40669979324205e-08 8.40017271054867e-10
9.72321428571429e+01 2.29104305369424e-08 8.00974296237341e-10
9.75535714285714e+01 2.18094433248734e-08 7.63741817847808e-10
9.78750000000000e+01 2.07613653251540e-08 7.28236100613063e-10
9.81964285714286e+01 1.97636539244787e-08 6.94377269864382e-10
9.85178571428572e+01 1.88138886977604e-08 6.62089134635289e-10
9.88392857142857e+01 1.79097655371264e-08 6.31299018617120e-10
9.91607142857143e+01 1.70490910594404e-08 6.01937598305180e-10
9.94821428571429e+01 1.62297772880624e-08 5.73938748376391e-10
9.98035714285714e+01 1.54498365872431e-08 5.47239395536400e-10
1.00125000000000e+02 1.47073768378035e-08 5.21779377367167e-10
1.00446428571429e+02 1.40005968513881e-08 4.97501309632763e-10
1.00767857142857e+02 1.33277819910230e-08 4.74350456214795e-10
1.01089285714286e+02 1.26873000297812e-08 4.52274609505302e-10
1.01410714285714e+02 1.20775971666286e-08 4.31223974149424e-10
1.01732142857143e+02 1.14971942766924e-08 4.11151051695585e-10
1.02053571428571e+02 1.09446833214273e-08 3.92010541213940e-10
1.02375000000000e+02 1.04187239163621e-08 3.73759234242986e-10
1.02696428571429e+02 9.91804010104089e-09 3.56355918801564e-10
1.03017857142857e+02 9.44141722300885e-09 3.39761288148394e-10
1.03339285714286e+02 8.98769901059291e-09 3.23937852295376e-10
1.03660714285714e+02 8.55578474931990e-09 3.08849855612297e-10
1.03982142857143e+02 8.14462662529712e-09 2.94463193585450e-10
1.04303571428571e+02 7.75322718219343e-09 2.80745341167129e-10
1.04625000000000e+02 7.38063689007794e-09 2.67665277248681e-10
1.04946428571429e+02 7.02595185691038e-09 2.55193415578580e-10
1.05267857142857e+02 6.68831162146644e-09 2.43301539094896e-10
1.05589285714286e+02 6.36689707939563e-09 2.31962736271749e-10
1.05910714285714e+02 6.06092848327248e-09 2.21151341813632e-10
1.06232142857143e+02 5.76966356043726e-09 2.10842876832669e-10
1.06553571428571e+02 5.49239571153426e-09 2.01013997220782e-10
1.06875000000000e+02 5.22845228844470e-09 1.91642439373466e-10
1.07196428571429e+02 4.97719297287833e-09 1.82706970495683e-10
1.07517857142857e+02 4.73800821309195e-09 1.74187341362299e-10
1.07839285714286e+02 4.51031775450504e-09 1.66064240549133e-10
1.08160714285714e+02 4.29356922312370e-09 1.58319251767032e-10
1.08482142857143e+02 4.08723679207625e-09 1.50934810886661e-10
1.08803571428571e+02 3.89081990546653e-09 1.43894168757999e-10
1.09125000000000e+02 3.70384205857511e-09 1.37181352221222e-10
1.09446428571429e+02 3.52584964909865e-09 1.30781128375303e-10
1.09767857142857e+02 3.35641086986394e-09 1.24678970610376e-10
1.10089285714286e+02 3.19511466777760e-09 1.18861025712418e-10
1.10410714285714e+02 3.04156974045090e-09 1.13314083182285e-10
1.10732142857143e+02 2.89540359147668e-09 1.08025544375118e-10
1.11053571428571e+02 2.75626162641274e-09 1.02983395737826e-10
1.11375000000000e+02 2.62380628875361e-09 9.81761808120055e-11
1.11696428571429e+02 2.49771624604314e-09 9.35929745529906e-11
1.12017857142857e+02 2.37768560556997e-09 8.92233589158066e-11
1.12339285714286e+02 2.26342317679337e-09 8.50573992219804e-11
1.12660714285714e+02 2.15465176063884e-09 8.10856221063741e-11
1.12982142857143e+02 2.05110748019020e-09 7.72989933641272e-11
1.13303571428571e+02 1.95253914028822e-09 7.36888986961680e-11
1.13625000000000e+02 1.85870761550540e-09 7.02471236124429e-11
1.13946428571429e+02 1.76938527351643e-09 6.69658349818496e-11
1.14267857142857e+02 1.68435541956276e-09 6.38375634918322e-11
1.14589285714286e+02 1.60341177389093e-09 6.08551866759159e-11
1.14910714285714e+02 1.52635796834846e-09 5.80119130685259e-11
1.15232142857143e+02 1.45300707220115e-09 5.53012663080152e-11
1.15553571428571e+02 1.38318113847542e-09 5.27170712901025e-11
1.15875000000000e+02 1.31671077043526e-09 5.02534397469840e-11
1.16196428571429e+02 1.25343471304904e-09 4.79047569972072e-11
1.16517857142857e+02 1.19319945949305e-09 4.56656693484715e-11
1.16839285714286e+02 1.13585888092511e-09 4.35310719130438e-11
1.17160714285714e+02 1.08127386991318e-09 4.14960972273696e-11
1.17482142857143e+02 1.02931200449370e-09 3.95561038481614e-11
1.17803571428571e+02 9.79847226802256e-10 3.77066663990849e-11
1.18125000000000e+02 9.32759535990138e-10 3.59435652260708e-11
1.18446428571429e+02 8.87934698786127e-10 3.42627768850091e-11
1.18767857142857e+02 8.45263970774115e-10 3.26604650979338e-11
1.19089285714286e+02 8.04643834094974e-10 3.11329720086742e-11
1.19410714285714e+02 7.65975744878657e-10 2.96768100121522e-11
1.19732142857143e+02 7.29165895242234e-10 2.82886535761576e-11
1.20053571428571e+02 6.94124985633025e-10 2.69653320894887e-11
1.20375000000000e+02 6.60768007307255e-10 2.57038224435678e-11
1.20696428571429e+02 6.29014037269287e-10 2.45012422058608e-11
1.21017857142857e+02 5.98786040845494e-10 2.33548431293411e-11
1.21339285714286e+02 5.70010685851945e-10 2.22620048790920e-11
1.21660714285714e+02 5.42618163693904e-10 2.12202291680648e-11
1.21982142857143e+02 5.16542020750973e-10 2.02271338938547e-11
1.22303571428571e+02 4.91718997105764e-10 1.92804480017555e-11
1.22625000000000e+02 4.68088872463054e-10 1.83780061664429e-11
1.22946428571429e+02 4.45594320869227e-10 1.75177438944156e-11
1.23267857142857e+02 4.24180770869790e-10 1.66976928674064e-11
1.23589285714286e+02 4.03796273851886e-10 1.59159764430967e-11
1.23910714285714e+02 3.84391377323867e-10 1.51708054476349e-11
1.24232142857143e+02 3.65919005458782e-10 1.44604739732890e-11
1.24553571428571e+02 3.48334344850309e-10 1.37833556900787e-11
1.24875000000000e+02 3.31594735369570e-10 1.31379000340836e-11
1.25196428571429e+02 3.15659567237789e-10 1.25226286948978e-11
1.25517857142857e+02 3.00490181971559e-10 1.19361322758278e-11
1.25839285714286e+02 2.86049779107192e-10 1.13770670679544e-11
1.26160714285714e+02 2.72303326440634e-10 1.08441520322870e-11
1.26482142857143e+02 2.59217475397802e-10 1.03361657886203e-11
1.26803571428571e+02 2.46760480104457e-10 9.85194396816707e-12
1.27125000000000e+02 2.34902120074413e-10 9.39037648240545e-12
1.27446428571429e+02 2.23613627288566e-10 8.95040500461179e-12
1.27767857142857e+02 2.12867616031136e-10 8.53102057519291e-12
1.28089285714286e+02 2.02638016806705e-10 8.13126128937519e-12
1.28410714285714e+02 1.92900012760092e-10 7.75021013327539e-12
1.28732142857143e+02 1.83629979720143e-10 7.38699282685405e-12
1.29053571428571e+02 1.74805428869071e-10 7.04077592435650e-12
1.29375000000000e+02 1.66404951978367e-10 6.71076485788692e-12
1.29696428571429e+02 1.58408169746632e-10 6.39620213219358e-12
1.30017857142857e+02 1.50795682100084e-10 6.09636560815469e-12
1.30339285714286e+02 1.43549021374953e-10 5.81056684578885e-12
1.30660714285714e+02 1.36650607281363e-10 5.53814955306190e-12
1.30982142857143e+02 1.30083704427230e-10 5.27848804105343e-12
1.31303571428571e+02 1.23832381705393e-10 5.03098586139519e-12
1.31625000000000e+02 1.17881473501176e-10 4.79507440515106e-12
1.31946428571429e+02 1.12216543091522e-10 4.57021160920248e-12
1.32267857142857e+02 1.06823847440955e-10 4.35588072616997e-12
1.32589285714286e+02 1.01690304032956e-10 4.15158913732843e-12
1.32910714285714e+02 9.68034589691353e-11 3.95686724094889e-12
1.33232142857143e+02 9.21514568770330e-11 3.77126734617891e-12
1.33553571428571e+02 8.77230121400649e-11 3.59436269596093e-12
1.33875000000000e+02 8.35073814186415e-11 3.42574646383545e-12
1.34196428571429e+02 7.94943377197858e-11 3.26503082717596e-12
1.34517857142857e+02 7.56741454607088e-11 3.11184608592395e-12
1.34839285714286e+02 7.20375369700729e-11 2.96583981235784e-12
1.35160714285714e+02 6.85756898913394e-11 2.82667605463209e-12
1.35482142857143e+02 6.52802058639875e-11 2.69403454495949e-12
1.35803571428571e+02 6.21430901428838e-11 2.56760999915240e-12
1.36125000000000e+02 5.91567321333890e-11 2.44711139849765e-12
1.36446428571429e+02 5.63138870206828e-11 2.33226132597081e-12
1.36767857142857e+02 5.36076581062461e-11 2.22279533502679e-12
1.37089285714286e+02 5.10314801599306e-11 2.11846134077823e-12
1.37410714285714e+02 4.85791034137838e-11 2.01901904950271e-12
1.37732142857143e+02 4.62445784588211e-11 1.92423939194053e-12
1.38053571428571e+02 4.40222418074377e-11 1.83390402127928e-12
1.38375000000000e+02 4.19067021052617e-11 1.74780479920363e-12
1.38696428571429e+02 3.98928271162768e-11 1.66574332057742e-12
1.39017857142857e+02 3.79757312109763e-11 1.58753046144398e-12
1.39339285714286e+02 3.61507635719904e-11 1.51298594316794e-12
1.39660714285714e+02 3.44134968561993e-11 1.44193792389667e-12
1.39982142857143e+02 3.27597164949174e-11 1.37422259305642e-12
1.40303571428571e+02 3.11854104663396e-11 1.30968381165326e-12
1.40625000000000e+02 2.96867595285557e-11 1.24817274452301e-12
1.40946428571429e+02 2.82601279990617e-11 1.18954752004628e-12
1.41267857142857e+02 2.69020548920470e-11 1.13367290655134e-12
1.41589285714286e+02 2.56092455625890e-11 1.08042000034860e-12
1.41910714285714e+02 2.43785636755022e-11 1.02966593323645e-12
1.42232142857143e+02 2.32070236251154e-11 9.81293582400304e-13
1.42553571428571e+02 2.20917832900959e-11 9.35191312748537e-13
1.42875000000000e+02 2.10301371148846e-11 8.91252713825709e-13
1.43196428571429e+02 2.00195095773878e-11 8.49376356251767e-13
1.43517857142857e+02 1.90574489110966e-11 8.09465560101393e-13
1.43839285714286e+02 1.81416211853733e-11 7.71428171661106e-13
1.44160714285714e+02 1.72698046166008e-11 7.35176354062872e-13
1.44482142857143e+02 1.64398841980280e-11 7.00626379782997e-13
1.44803571428571e+02 1.56498465673029e-11 6.67698446112697e-13
1.45125000000000e+02 1.48977751056131e-11 6.36316486982778e-13
1.45446428571429e+02 1.41818453098458e-11 6.06407998669726e-13
1.45767857142857e+02 1.35003203456561e-11 5.77903874043450e-13
1.46089285714286e+02 1.28515468536254e-11 5.50738242846220e-13
1.46410714285714e+02 1.22339509195652e-11 5.24848321860237e-13
1.46732142857143e+02 1.16460342700768e-11 5.00174266515061e-13
1.47053571428571e+02 1.10863706367214e-11 4.76659038764551e-13
1.47375000000000e+02 1.05536022844253e-11 4.54248272517203e-13
1.47696428571429e+02 1.00464367328745e-11 4.32890148935024e-13
1.48017857142857e+02 9.56364360652775e-12 4.12535277841651e-13
1.48339285714286e+02 9.10405166348109e-12 3.93136583470458e-13
1.48660714285714e+02 8.66654594102762e-12 3.74649197258974e-13
1.48982142857143e+02 8.25006506043831e-12 3.57030351745958e-13
1.49303571428571e+02 7.85359865134727e-12 3.40239285991944e-13
1.49625000000000e+02 7.47618489259244e-12 3.24237149361454e-13
1.49946428571429e+02 7.11690818948514e-12 3.08986912320852e-13
1.50267857142857e+02 6.77489694250916e-12 2.94453281604915e-13
1.50589285714286e+02 6.44932144241902e-12 2.80602618505076e-13
1.50910714285714e+02 6.13939184828914e-12 2.67402862178312e-13
1.51232142857143e+02 5.84435627811502e-12 2.54823453794850e-13
1.51553571428571e+02 5.56349898425244e-12 2.42835268848253e-13
1.51875000000000e+02 5.29613861143060e-12 2.31410548371003e-13
1.52196428571429e+02 5.04162655121504e-12 2.20522835137507e-13
1.52517857142857e+02 4.79934536145736e-12 2.10146912990646e-13
1.52839285714286e+02 4.56870727507982e-12 2.00258748412757e-13
1.53160714285714e+02 4.34915276781796e-12 1.90835435673706e-13
1.53482142857143e+02 4.14014920552978e-12 1.81855142613452e-13
1.53803571428571e+02 3.94118955168010e-12 1.73297062206566e-13
1.54125000000000e+02 3.75179113337302e-12 1.65141363397485e-13
1.54446428571429e+02 3.57149447557452e-12 1.57369145481270e-13
1.54767857142857e+02 3.39986218152150e-12 1.49962394717258e-13
1.55089285714286e+02 3.23647787627402e-12 1.42903942555819e-13
1.55410714285714e+02 3.08094519216769e-12 1.36177426413522e-13
1.55732142857143e+02 2.93288681051757e-12 1.29767250925923e-13
1.56053571428571e+02 2.79194354600211e-12 1.23658553296300e-13
1.56375000000000e+02 2.65777347255912e-12 1.17837168159899e-13
1.56696428571429e+02 2.53005109749463e-12 1.12289594968625e-13
1.57017857142857e+02 2.40846656841345e-12 1.07002966971666e-13
1.57339285714286e+02 2.29272492478276e-12 1.01965021355064e-13
1.57660714285714e+02 2.18254537927032e-12 9.71640711967220e-14
1.57982142857143e+02 2.07766063885304e-12 9.25889777794096e-14
1.58303571428571e+02 1.97781625619606e-12 8.82291258054969e-14
1.58625000000000e+02 1.88277001046383e-12 8.40743982908930e-14
1.58946428571429e+02 1.79229132222140e-12 8.01151532506934e-14
1.59267857142857e+02 1.70616069165761e-12 7.63422015253316e-14
1.59589285714286e+02 1.62416916835904e-12 7.27467854390857e-14
1.59910714285714e+02 1.54611784224015e-12 6.93205587517862e-14
1.60232142857143e+02 1.47181736259283e-12 6.60555668778715e-14
1.60553571428571e+02 1.40108747860425e-12 6.29442291612340e-14
1.60875000000000e+02 1.33375660074170e-12 5.99793209384518e-14
1.61196428571429e+02 1.26966138624282e-12 5.71539568756781e-14
1.61517857142857e+02 1.20864634117597e-12 5.44615751204474e-14
1.61839285714286e+02 1.15056344480496e-12 5.18959220510836e-14
1.62160714285714e+02 1.09527178898460e-12 4.94510379472424e-14
1.62482142857143e+02 1.04263723743911e-12 4.71212428594479e-14
1.62803571428571e+02 9.92532100265560e-13 4.49011239351652e-14
1.63125000000000e+02 9.44834823231426e-13 4.27855226058783e-14
1.63446428571429e+02 8.99429694118076e-13 4.07695226795535e-14
1.63767857142857e+02 8.56206560836198e-13 3.88484390152904e-14
1.64089285714286e+02 8.15060565309829e-13 3.70178066268944e-14
1.64410714285714e+02 7.75891888038410e-13 3.52733704425291e-14
1.64732142857143e+02 7.38605506718289e-13 3.36110752120465e-14
1.65053571428571e+02 7.03110965661435e-13 3.20270564463278e-14
1.65375000000000e+02 6.69322155702404e-13 3.05176312657787e-14
1.65696428571429e+02 6.37157106159824e-13 2.90792898924097e-14
1.66017857142857e+02 6.06537785160279e-13 2.77086875577839e-14
1.66339285714286e+02 5.77389911110749e-13 2.64026367187233e-14
1.66660714285714e+02 5.49642771756174e-13 2.51580997402820e-14
1.66982142857143e+02 5.23229053179144e-13 2.39721816880274e-14
1.67303571428571e+02 4.98084676456402e-13 2.28421238515714e-14
1.67625000000000e+02 4.74148641750874e-13 2.17652972090638e-14
1.67946428571429e+02 4.51362880928716e-13 2.07391963491684e-14
1.68267857142857e+02 4.29672116116287e-13 1.97614336900595e-14
1.68589285714286e+02 4.09023726139624e-13 1.88297339191756e-14
1.68910714285714e+02 3.89367618351577e-13 1.79419287657473e-14
1.69232142857143e+02 3.70656107489816e-13 1.70959518540422e-14
1.69553571428571e+02 3.52843799964491e-13 1.62898340747685e-14
1.69875000000000e+02 3.35887483417111e-13 1.55216989183742e-14
1.70196428571429e+02 3.19746022308619e-13 1.47897581335327e-14
1.70517857142857e+02 3.04380257726339e-13 1.40923075977398e-14
1.70839285714286e+02 2.89752912764457e-13 1.34277233462167e-14
1.71160714285714e+02 2.75828501731013e-13 1.27944578377922e-14
1.71482142857143e+02 2.62573244327211e-13 1.21910362802613e-14
1.71803571428571e+02 2.49954983676920e-13 1.16160533229233e-14
1.72125000000000e+02 2.37943108093003e-13 1.10681697247226e-14
1.72446428571429e+02 2.26508477107873e-13 1.05461092535344e-14
1.72767857142857e+02 2.15623350500313e-13 1.00486557369068e-14
1.73089285714286e+02 2.05261321263382e-13 9.57465022629445e-15
1.73410714285714e+02 1.95397251289866e-13 9.12298833004326e-15
1.73732142857143e+02 1.86007210574325e-13 8.69261759011503e-15
1.74053571428571e+02 1.77068419145295e-13 8.28253511901490e-15
1.74375000000000e+02 1.68559191646479e-13 7.89178522124773e-15
1.74696428571429e+02 1.60458884934020e-13 7.51945717907441e-15
1.75017857142857e+02 1.52747847801556e-13 7.16468314639796e-15
1.75339285714286e+02 1.45407373492191e-13 6.82663612399393e-15
1.75660714285714e+02 1.38419654140274e-13 6.50452805490065e-15
1.75982142857143e+02 1.31767737700364e-13 6.19760795191956e-15
1.76303571428571e+02 1.25435486812058e-13 5.90516020951478e-15
1.76625000000000e+02 1.19407539542641e-13 5.62650290602065e-15
1.76946428571429e+02 1.13669272263075e-13 5.36098622263188e-15
1.77267857142857e+02 1.08206764034926e-13 5.10799093958362e-15
1.77589285714286e+02 1.03006762968111e-13 4.86692699061910e-15
1.77910714285714e+02 9.80566539489879e-14 4.63723210301323e-15
1.78232142857143e+02 9.33444281276085e-14 4.41837046113039e-15
1.78553571428571e+02 8.88586537775965e-14 4.20983150066615e-15
1.78875000000000e+02 8.45884484871703e-14 4.01112869690912e-15
1.79196428571429e+02 8.05234528591564e-14 3.82179843600934e-15
1.79517857142857e+02 7.66538052838661e-14 3.64139894134319e-15
1.79839285714286e+02 7.29701181057282e-14 3.46950924163496e-15
1.80160714285714e+02 6.94634547629199e-14 3.30572819999256e-15
1.80482142857143e+02 6.61253081712898e-14 3.14967356016610e-15
1.80803571428571e+02 6.29475800815234e-14 3.00098108542546e-15
1.81125000000000e+02 5.99225613798986e-14 2.85930369382098e-15
1.81446428571429e+02 5.70429134564554e-14 2.72431065244281e-15
1.81767857142857e+02 5.43016503349120e-14 2.59568681100248e-15
1.82089285714286e+02 5.16921217882809e-14 2.47313186532157e-15
1.82410714285714e+02 4.92079971453099e-14 2.35635966418799e-15
1.82732142857143e+02 4.68432499770686e-14 2.24509752879897e-15
1.83053571428571e+02 4.45921434735815e-14 2.13908563784752e-15
1.83375000000000e+02 4.24492164893213e-14 2.03807641047998e-15
1.83696428571429e+02 4.04092703437856e-14 1.94183393118717e-15
1.84017857142857e+02 3.84673561628871e-14 1.85013340275668e-15
1.84339285714286e+02 3.66187629174853e-14 1.76276062064082e-15
1.84660714285714e+02 3.48590059523715e-14 1.67951147819841e-15
1.84982142857143e+02 3.31838161378407e-14 1.60019148112334e-15
1.85303571428571e+02 3.15891295105108e-14 1.52461530839919e-15
1.85625000000000e+02 3.00710773882526e-14 1.45260637204870e-15
1.85946428571429e+02 2.86259770192781e-14 1.38399640668763e-15
1.86267857142857e+02 2.72503226151680e-14 1.31862507910122e-15
1.86589285714286e+02 2.59407768769717e-14 1.25633961315273e-15
1.86910714285714e+02 2.46941628694866e-14 1.19699443667012e-15
1.87232142857143e+02 2.35074563359519e-14 1.14045083503029e-15
1.87553571428571e+02 2.23777783596123e-14 1.08657663772037e-15
1.87875000000000e+02 2.13023883613435e-14 1.03524590425741e-15
1.88196428571429e+02 2.02786774751619e-14 9.86338631290924e-16
1.88517857142857e+02 1.93041621962878e-14 9.39740473991208e-16
1.88839285714286e+02 1.83764783779612e-14 8.95342478411742e-16
1.89160714285714e+02 1.74933754754205e-14 8.53040829496742e-16
1.89482142857143e+02 1.66527111014377e-14 8.12736603965880e-16
1.89803571428571e+02 1.58524458277750e-14 7.74335546573537e-16
1.90125000000000e+02 1.50906382248470e-14 7.37747846061822e-16
1.90446428571429e+02 1.43654401687217e-14 7.02887926168866e-16
1.90767857142857e+02 1.36750923415917e-14 6.69674246828502e-16
1.91089285714286e+02 1.30179199789296e-14 6.38029113223379e-16
1.91410714285714e+02 1.23923287920881e-14 6.07878495974474e-16
1.91732142857143e+02 1.17968011113065e-14 5.79151854878595e-16
1.92053571428571e+02 1.12298922030657e-14 5.51781979214441e-16
1.92375000000000e+02 1.06902267562852e-14 5.25704827935548e-16
1.92696428571429e+02 1.01764955576561e-14 5.00859380563241e-16
1.93017857142857e+02 9.68745230430261e-15 4.77187495349358e-16
1.93339285714286e+02 9.22191059093565e-15 4.54633773058162e-16
1.93660714285714e+02 8.77874102153693e-15 4.33145428674859e-16
1.93982142857143e+02 8.35686847697178e-15 4.12672165692696e-16
1.94303571428571e+02 7.95526950620582e-15 3.93166062144671e-16
1.94625000000000e+02 7.57296983719549e-15 3.74581456627785e-16
1.94946428571429e+02 7.20904202159309e-15 3.56874841931820e-16
1.95267857142857e+02 6.86260317692421e-15 3.40004763853356e-16
1.95589285714286e+02 6.53281285219632e-15 3.23931724029588e-16
1.95910714285714e+02 6.21887098189496e-15 3.08618088413880e-16
1.96232142857143e+02 5.92001595029611e-15 2.94027997623690e-16
1.96553571428571e+02 5.63552274340554e-15 2.80127285613836e-16
1.96875000000000e+02 5.36470118572127e-15 2.66883398395368e-16
1.97196428571429e+02 5.10689427167262e-15 2.54265318158922e-16
1.97517857142857e+02 4.86147656623955e-15 2.42243491096157e-16
1.97839285714286e+02 4.62785269288678e-15 2.30789758096325e-16
1.98160714285714e+02 4.40545588422946e-15 2.19877289458169e-16
1.98482142857143e+02 4.19374661074719e-15 2.09480520960230e-16
1.98803571428571e+02 3.99221127161897e-15 1.99575095832856e-16
1.99125000000000e+02 3.80036094567850e-15 1.90137806798153e-16
1.99446428571429e+02 3.61773020935722e-15 1.81146541950798e-16
1.99767857142857e+02 3.44387600372502e-15 1.72580233276060e-16
2.00089285714286e+02 3.27837656329919e-15 1.64418807223912e-16
2.00410714285714e+02 3.12083038937378e-15 1.56643138140770e-16
2.00732142857143e+02 2.97085527856963e-15 1.49235002686019e-16
2.01053571428571e+02 2.82808739542244e-15 1.42177038432236e-16
2.01375000000000e+02 2.69218038758229e-15 1.35452702538513e-16
2.01696428571429e+02 2.56280454841086e-15 1.29046233153351e-16
2.02017857142857e+02 2.43964601442214e-15 1.22942612698071e-16
2.02339285714286e+02 2.32240600642053e-15 1.17127532620345e-16
2.02660714285714e+02 2.21080010223338e-15 1.11587360181368e-16
2.02982142857143e+02 2.10455754851449e-15 1.06309105956408e-16
2.03303571428571e+02 2.00342060376576e-15 1.01280394301252e-16
2.03625000000000e+02 1.90714391156041e-15 9.64894338879084e-17
2.03946428571429e+02 1.81549390730339e-15 9.19249901801054e-17
2.04267857142857e+02 1.72824824971867e-15 8.75763592496178e-17
2.04589285714286e+02 1.64519528325035e-15 8.34333426435655e-17
2.04910714285714e+02 1.56613352288461e-15 7.94862236989053e-17
2.05232142857143e+02 1.49087116661631e-15 7.57257443733341e-17
2.05553571428571e+02 1.41922563004588e-15 7.21430841788051e-17
2.05875000000000e+02 1.35102310238145e-15 6.87298391763524e-17
2.06196428571429e+02 1.28609812617181e-15 6.54780023494279e-17
2.06517857142857e+02 1.22429319458591e-15 6.23799449331799e-17
2.06839285714286e+02 1.16545837056329e-15 5.94283984949482e-17
2.07160714285714e+02 1.10945092187448e-15 5.66164380445782e-17
2.07482142857143e+02 1.05613497574195e-15 5.39374655183128e-17
2.07803571428571e+02 1.00538118914876e-15 5.13851947533243e-17
2.08125000000000e+02 9.57066434317988e-16 4.89536365142585e-17
2.08446428571429e+02 9.11073500984343e-16 4.66370844993997e-17
2.08767857142857e+02 8.67290811116608e-16 4.44301020283156e-17
2.09089285714286e+02 8.25612149113720e-16 4.23275092663833e-17
2.09410714285714e+02 7.85936403290213e-16 4.03243711821015e-17
2.09732142857143e+02 7.48167321202554e-16 3.84159857744831e-17
2.10053571428571e+02 7.12213276095859e-16 3.65978733572514e-17
2.10375000000000e+02 6.77987044102763e-16 3.48657658858986e-17
2.10696428571429e+02 6.45405593324838e-16 3.32155969808867e-17
2.11017857142857e+02 6.14389881748647e-16 3.16434924366297e-17
2.11339285714286e+02 5.84864666109649e-16 3.01457611141189e-17
2.11660714285714e+02 5.56758318766496e-16 2.87188863549539e-17
2.11982142857143e+02 5.30002654369222e-16 2.73595175905171e-17
2.12303571428571e+02 5.04532764410164e-16 2.60644627003941e-17
2.12625000000000e+02 4.80286859395254e-16 2.48306804053723e-17
2.12946428571429e+02 4.57206119423891e-16 2.36552731551274e-17
2.13267857142857e+02 4.35234551037304e-16 2.25354803621670e-17
2.13589285714286e+02 4.14318851812878e-16 2.14686719098774e-17
2.13910714285714e+02 3.94408280642067e-16 2.04523420315553e-17
2.14232142857143e+02 3.75454534938677e-16 1.94841033303610e-17
2.14553571428571e+02 3.57411633434790e-16 1.85616813304751e-17
2.14875000000000e+02 3.40235804377393e-16 1.76829090557055e-17
2.15196428571429e+02 3.23885379675420e-16 1.68457219596223e-17
2.15517857142857e+02 3.08320693494332e-16 1.60481531024785e-17
2.15839285714286e+02 2.93503986331366e-16 1.52883285239441e-17
2.16160714285714e+02 2.79399313123286e-16 1.45644628797911e-17
2.16482142857143e+02 2.65972456258334e-16 1.38748551802877e-17
2.16803571428571e+02 2.53190842548881e-16 1.32178849052158e-17
2.17125000000000e+02 2.41023464031660e-16 1.25920081404052e-17
2.17446428571429e+02 2.29440802978917e-16 1.19957539640609e-17
2.17767857142857e+02 2.18414760065036e-16 1.14277210089694e-17
2.18089285714286e+02 2.07918586411103e-16 1.08865741645704e-17
2.18410714285714e+02 1.97926818490433e-16 1.03710414668194e-17
2.18732142857143e+02 1.88415216504565e-16 9.87991106142149e-18
2.19053571428571e+02 1.79360705566707e-16 9.41202843409423e-18
2.19375000000000e+02 1.70741319597817e-16 8.96629365752696e-18
2.19696428571429e+02 1.62536148202696e-16 8.54165881583809e-18
2.20017857142857e+02 1.54725285784765e-16 8.13712555436719e-18
2.20339285714286e+02 1.47289783404800e-16 7.75174272935886e-18
2.20660714285714e+02 1.40211602669401e-16 7.38460419124706e-18
2.20982142857143e+02 1.33473572075378e-16 7.03484662084279e-18
2.21303571428571e+02 1.27059345344120e-16 6.70164755485117e-18
2.21625000000000e+02 1.20953361678406e-16 6.38422342423471e-18
2.21946428571429e+02 1.15140808128171e-16 6.08182771870232e-18
2.22267857142857e+02 1.09607583544485e-16 5.79374924050773e-18
2.22589285714286e+02 1.04340264475147e-16 5.51931042958180e-18
2.22910714285714e+02 9.93260725002380e-17 5.25786578370914e-18
2.23232142857143e+02 9.45528433056758e-17 5.00880031683207e-18
2.23553571428571e+02 9.00089971672881e-17 4.77152815159589e-18
2.23875000000000e+02 8.56835107973137e-17 4.54549112170863e-18
2.24196428571429e+02 8.15658906834390e-17 4.33015746392068e-18
2.24517857142857e+02 7.76461475545334e-17 4.12502057363999e-18
2.24839285714286e+02 7.39147722203053e-17 4.02634309263727e-18
