Energy (eV)          EEDF (eV^-(3/2))     First Anisotropy
3.46666666666667e-04 2.13281130268591e+02 7.72879551952568e-02
1.04000000000000e-03 2.08428556381986e+02 1.26598124172329e-01
1.73333333333333e-03 2.03686388290287e+02 1.64427009464243e-01
2.42666666666667e-03 1.99052114045484e+02 1.91575782379380e-01
3.12000000000000e-03 1.94523278843948e+02 2.12938600939132e-01
3.81333333333333e-03 1.90097483733776e+02 2.30412714933303e-01
4.50666666666667e-03 1.85772384348082e+02 2.45003226218201e-01
5.20000000000000e-03 1.81545689656648e+02 2.57330784512220e-01
5.89333333333333e-03 1.77415160754005e+02 2.67815892189061e-01
6.58666666666667e-03 1.73378609676537e+02 2.76761863273695e-01
7.28000000000000e-03 1.69433898239919e+02 2.84397610003459e-01
7.97333333333333e-03 1.65578936907199e+02 2.90901909442251e-01
8.66666666666667e-03 1.61811683684091e+02 2.96418170739332e-01
9.36000000000000e-03 1.58130143034950e+02 3.01063926604615e-01
1.00533333333333e-02 1.54532364826100e+02 3.04937207076197e-01
1.07466666666667e-02 1.51016443294415e+02 3.08120975279273e-01
1.14400000000000e-02 1.47580516037358e+02 3.10686307861469e-01
1.21333333333333e-02 1.44222763020426e+02 3.12694737076986e-01
1.28266666666667e-02 1.40941405626891e+02 3.14200010287523e-01
1.35200000000000e-02 1.37734705702652e+02 3.15249437681868e-01
1.42133333333333e-02 1.34600964637116e+02 3.15884946870908e-01
1.49066666666667e-02 1.31538522473070e+02 3.16143913845640e-01
1.56000000000000e-02 1.28545757017158e+02 3.16059829198453e-01
1.62933333333333e-02 1.25621082981729e+02 3.15662842090654e-01
1.69866666666667e-02 1.22762951152930e+02 3.14980203381262e-01
1.76800000000000e-02 1.19969847561819e+02 3.14036632663869e-01
1.83733333333333e-02 1.17240292683248e+02 3.12854627961180e-01
1.90666666666667e-02 1.14572840658619e+02 3.11454723951978e-01
1.97600000000000e-02 1.11966078523213e+02 3.09855711195859e-01
2.04533333333333e-02 1.09418625458380e+02 3.08074826128412e-01
2.11466666666667e-02 1.06929132065528e+02 3.06127912082727e-01
2.18400000000000e-02 1.04496279645669e+02 3.04029558653473e-01
2.25333333333333e-02 1.02118779501412e+02 3.01793225266707e-01
2.32266666666667e-02 9.97953722589066e+01 2.99431347075396e-01
2.39200000000000e-02 9.75248271959722e+01 2.96955428040736e-01
2.46133333333333e-02 9.53059415905810e+01 2.94376125142922e-01
2.53066666666667e-02 9.31375400876797e+01 2.91703321062076e-01
2.60000000000000e-02 9.10184740725285e+01 2.88946188876462e-01
2.66933333333333e-02 8.89476210626055e+01 2.86113251673767e-01
2.73866666666667e-02 8.69238841163801e+01 2.83212434203198e-01
2.80800000000000e-02 8.49461912487675e+01 2.80251109338514e-01
2.87733333333333e-02 8.30134948635649e+01 2.77236141618445e-01
2.94666666666667e-02 8.11247712014397e+01 2.74173925024587e-01
3.01600000000000e-02 7.92790197946250e+01 2.71070417263768e-01
3.08533333333333e-02 7.74752629371930e+01 2.67931172410303e-01
3.15466666666667e-02 7.57125451696861e+01 2.64761369205904e-01
3.22400000000000e-02 7.39899327703876e+01 2.61565836932730e-01
3.29333333333333e-02 7.23065132609146e+01 2.58349080426427e-01
3.36266666666667e-02 7.06613949250813e+01 2.55115301706132e-01
3.43200000000000e-02 6.90537063342681e+01 2.51868419875552e-01
3.50133333333333e-02 6.74825958859826e+01 2.48612090647063e-01
3.57066666666667e-02 6.59472313546981e+01 2.45349723156430e-01
3.64000000000000e-02 6.44467994490176e+01 2.42084495518202e-01
3.70933333333333e-02 6.29805053810066e+01 2.38819370305974e-01
3.77866666666667e-02 6.15475724468949e+01 2.35557107812885e-01
3.84800000000000e-02 6.01472416138923e+01 2.32300278377129e-01
3.91733333333333e-02 5.87787711182423e+01 2.29051274820859e-01
3.98666666666667e-02 5.74414360738121e+01 2.25812323036168e-01
4.05600000000000e-02 5.61345280865636e+01 2.22585491865276e-01
4.12533333333333e-02 5.48573548794139e+01 2.19372703210269e-01
4.19466666666667e-02 5.36092399268675e+01 2.16175740572325e-01
4.26400000000000e-02 5.23895220952814e+01 2.12996257050355e-01
4.33333333333333e-02 5.11975552927475e+01 2.09835783638457e-01
4.40266666666667e-02 5.00327081280389e+01 2.06695736175396e-01
4.47200000000000e-02 4.88943635749382e+01 2.03577421874786e-01
4.54133333333333e-02 4.77819186454721e+01 2.00482046192578e-01
4.61066666666667e-02 4.66947840715602e+01 1.97410718525556e-01
4.68000000000000e-02 4.56323839917906e+01 1.94364457581012e-01
4.74933333333333e-02 4.45941556464502e+01 1.91344197101924e-01
4.81866666666667e-02 4.35795490803687e+01 1.88350790569657e-01
4.88800000000000e-02 4.25880268506364e+01 1.85385015646315e-01
4.95733333333333e-02 4.16190637419763e+01 1.82447578977391e-01
5.02666666666667e-02 4.06721464893759e+01 1.79539120093709e-01
5.09600000000000e-02 3.97467735053432e+01 1.76660215105524e-01
5.16533333333333e-02 3.88424546142645e+01 1.73811380752885e-01
5.23466666666667e-02 3.79587107935092e+01 1.70993077657881e-01
5.30400000000000e-02 3.70950739189143e+01 1.68205713409722e-01
5.37333333333333e-02 3.62510865168626e+01 1.65449645996394e-01
5.44266666666667e-02 3.54263015226316e+01 1.62725186525536e-01
5.51200000000000e-02 3.46202820428870e+01 1.60032601810069e-01
5.58133333333333e-02 3.38326011242981e+01 1.57372117287089e-01
5.65066666666667e-02 3.30628415279852e+01 1.54743919301120e-01
5.72000000000000e-02 3.23105955078828e+01 1.52148157277351e-01
5.78933333333333e-02 3.15754645947898e+01 1.49584946212715e-01
5.85866666666667e-02 3.08570593858441e+01 1.47054368596471e-01
5.92800000000000e-02 3.01549993376935e+01 1.44556476240915e-01
5.99733333333333e-02 2.94689125649516e+01 1.42091292413347e-01
6.06666666666667e-02 2.87984356436992e+01 1.39658813454479e-01
6.13600000000000e-02 2.81432134184731e+01 1.37259010323143e-01
6.20533333333333e-02 2.75028988141653e+01 1.34891830425213e-01
6.27466666666667e-02 2.68771526526199e+01 1.32557198979029e-01
6.34400000000000e-02 2.62656434725131e+01 1.30255020320173e-01
6.41333333333333e-02 2.56680473538016e+01 1.27985179473480e-01
6.48266666666667e-02 2.50840477465407e+01 1.25747543305741e-01
6.55200000000000e-02 2.45133353027957e+01 1.23541961628410e-01
6.62133333333333e-02 2.39556077128008e+01 1.21368268550876e-01
6.69066666666667e-02 2.34105695451858e+01 1.19226283453661e-01
6.76000000000000e-02 2.28779320901138e+01 1.17115811920321e-01
6.82933333333333e-02 2.23574132063696e+01 1.15036646903804e-01
6.89866666666667e-02 2.18487371722359e+01 1.12988569547678e-01
6.96800000000000e-02 2.13516345391060e+01 1.10971349973241e-01
7.03733333333333e-02 2.08658419887737e+01 1.08984748285604e-01
7.10666666666667e-02 2.03911021942483e+01 1.07028515265934e-01
7.17600000000000e-02 1.99271636831438e+01 1.05102393035467e-01
7.24533333333333e-02 1.94737807044882e+01 1.03206115923804e-01
7.31466666666667e-02 1.90307130988170e+01 1.01339411051397e-01
7.38400000000000e-02 1.85977261706838e+01 9.95019988887045e-02
7.45333333333333e-02 1.81745905643555e+01 9.76935940057069e-02
7.52266666666667e-02 1.77610821425652e+01 9.59139055608260e-02
7.59200000000000e-02 1.73569818675355e+01 9.41626377705957e-02
7.66133333333333e-02 1.69620756849661e+01 9.24394905565636e-02
7.73066666666667e-02 1.65761544108696e+01 9.07441599543230e-02
7.80000000000000e-02 1.61990136205387e+01 8.90763385067044e-02
7.86933333333333e-02 1.58304535402732e+01 8.74357158218528e-02
7.93866666666667e-02 1.54702789417597e+01 8.58219789139814e-02
8.00800000000000e-02 1.51182990384525e+01 8.42348125311158e-02
8.07733333333333e-02 1.47743273845231e+01 8.26738996361704e-02
8.14666666666667e-02 1.44381817762820e+01 8.11389216892852e-02
8.21600000000000e-02 1.41096841554771e+01 7.96295589195337e-02
8.28533333333333e-02 1.37886605149850e+01 7.81454907391477e-02
8.35466666666667e-02 1.34749408068042e+01 7.66863959758529e-02
8.42400000000000e-02 1.31683588518105e+01 7.52519530965714e-02
8.49333333333333e-02 1.28687522517387e+01 7.38418405635421e-02
8.56266666666667e-02 1.25759623033112e+01 7.24557370238577e-02
8.63200000000000e-02 1.22898339140173e+01 7.10933214920403e-02
8.70133333333333e-02 1.20102155199670e+01 6.97542736556118e-02
8.77066666666667e-02 1.17369590057453e+01 6.84382740279984e-02
8.84000000000000e-02 1.14699196258131e+01 6.71450040958802e-02
8.90933333333333e-02 1.12089559278421e+01 6.58741465807597e-02
8.97866666666667e-02 1.09539296779122e+01 6.46253855605318e-02
9.04800000000000e-02 1.07047057871597e+01 6.33984065866766e-02
9.11733333333333e-02 1.04611522402265e+01 6.21928969075091e-02
9.18666666666667e-02 1.02231400254453e+01 6.10085455629684e-02
9.25600000000000e-02 9.99054306638416e+00 5.98450434760221e-02
9.32533333333333e-02 9.76323815506914e+00 5.87020836425354e-02
9.39466666666667e-02 9.54110488682466e+00 5.75793612032042e-02
9.46400000000000e-02 9.32402559638773e+00 5.64765735129366e-02
9.53333333333333e-02 9.11188529558518e+00 5.53934203016397e-02
9.60266666666667e-02 8.90457161251926e+00 5.43296037266846e-02
9.67200000000000e-02 8.70197473194604e+00 5.32848284235161e-02
9.74133333333333e-02 8.50398733711044e+00 5.22588016411061e-02
9.81066666666667e-02 8.31050455298711e+00 5.12512332778709e-02
9.88000000000000e-02 8.12142389063843e+00 5.02618359163183e-02
9.94933333333333e-02 7.93664519292991e+00 4.92903249364441e-02
1.00186666666667e-01 7.75607058155603e+00 4.83364185634892e-02
1.00880000000000e-01 7.57960440518563e+00 4.73998377597660e-02
1.01573333333333e-01 7.40715318843110e+00 4.64803065527041e-02
1.02266666666667e-01 7.23862558314275e+00 4.55775519336205e-02
1.02960000000000e-01 7.07393231927745e+00 4.46913036306866e-02
1.03653333333333e-01 6.91298615764763e+00 4.38212946230483e-02
1.04346666666667e-01 6.75570184437604e+00 4.29672609149192e-02
1.05040000000000e-01 6.60199606505625e+00 4.21289413416043e-02
1.05733333333333e-01 6.45178740065318e+00 4.13060780358988e-02
1.06426666666667e-01 6.30499628498409e+00 4.04984162110273e-02
1.07120000000000e-01 6.16154496194991e+00 3.97057039733751e-02
1.07813333333333e-01 6.02135744437707e+00 3.89276927456924e-02
1.08506666666667e-01 5.88435947432415e+00 3.81641370589460e-02
1.09200000000000e-01 5.75047848317783e+00 3.74147943719618e-02
1.09893333333333e-01 5.61964355323991e+00 3.66794254555096e-02
1.10586666666667e-01 5.49178538067223e+00 3.59577941930546e-02
1.11280000000000e-01 5.36683623826492e+00 3.52496674074240e-02
1.11973333333333e-01 5.24472993958558e+00 3.45548152094492e-02
1.12666666666667e-01 5.12540180438743e+00 3.38730108075316e-02
1.13360000000000e-01 5.00878862387060e+00 3.32040303413751e-02
1.14053333333333e-01 4.89482862722255e+00 3.25476531985004e-02
1.14746666666667e-01 4.78346144932604e+00 3.19036618324918e-02
1.15440000000000e-01 4.67462809834618e+00 3.12718416037752e-02
1.16133333333333e-01 4.56827092450267e+00 3.06519810669974e-02
1.16826666666667e-01 4.46433358992488e+00 3.00438717977781e-02
1.17520000000000e-01 4.36276103840879e+00 2.94473082404607e-02
1.18213333333333e-01 4.26349946627205e+00 2.88620879690651e-02
1.18906666666667e-01 4.16649629421382e+00 2.82880115223330e-02
1.19600000000000e-01 4.07170013909593e+00 2.77248822583450e-02
1.20293333333333e-01 3.97906078674197e+00 2.71725065914923e-02
1.20986666666667e-01 3.88852916566874e+00 2.66306938355791e-02
1.21680000000000e-01 3.80005732075589e+00 2.60992560651649e-02
1.22373333333333e-01 3.71359838785948e+00 2.55780083307723e-02
1.23066666666667e-01 3.62910656929062e+00 2.50667685097905e-02
1.23760000000000e-01 3.54653710924715e+00 2.45653571743782e-02
1.24453333333333e-01 3.46584627012054e+00 2.40735977869108e-02
1.25146666666667e-01 3.38699130960571e+00 2.35913165584183e-02
1.25840000000000e-01 3.30993045777669e+00 2.31183423228650e-02
1.26533333333333e-01 3.23462289497390e+00 2.26545067146515e-02
1.27226666666667e-01 3.16102873043681e+00 2.21996440343124e-02
1.27920000000000e-01 3.08910898091336e+00 2.17535911289743e-02
1.28613333333333e-01 3.01882555002229e+00 2.13161875535569e-02
1.29306666666667e-01 2.95014120830742e+00 2.08872754434488e-02
1.30000000000000e-01 2.88301957327812e+00 2.04666994009367e-02
1.30693333333333e-01 2.81742509014823e+00 2.00543066415982e-02
1.31386666666667e-01 2.75332301321756e+00 1.96499468736725e-02
1.32080000000000e-01 2.69067938724752e+00 1.92534721902443e-02
1.32773333333333e-01 2.62946102948485e+00 1.88647372021824e-02
1.33466666666667e-01 2.56963551228206e+00 1.84835989239223e-02
1.34160000000000e-01 2.51117114571888e+00 1.81099166711861e-02
1.34853333333333e-01 2.45403696082502e+00 1.77435521816954e-02
1.35546666666667e-01 2.39820269335734e+00 1.73843695070843e-02
1.36240000000000e-01 2.34363876758349e+00 1.70322349159361e-02
1.36933333333333e-01 2.29031628062393e+00 1.66870170033831e-02
1.37626666666667e-01 2.23820698730874e+00 1.63485865888753e-02
1.38320000000000e-01 2.18728328504583e+00 1.60168166243133e-02
1.39013333333333e-01 2.13751819920738e+00 1.56915822935463e-02
1.39706666666667e-01 2.08888536899464e+00 1.53727609157269e-02
1.40400000000000e-01 2.04135903331802e+00 1.50602318583208e-02
1.41093333333333e-01 1.99491401715839e+00 1.47538766274223e-02
1.41786666666667e-01 1.94952571837270e+00 1.44535787764309e-02
1.42480000000000e-01 1.90517009451833e+00 1.41592238237215e-02
1.43173333333333e-01 1.86182365012412e+00 1.38706993346134e-02
1.43866666666667e-01 1.81946342437440e+00 1.35878948351113e-02
1.44560000000000e-01 1.77806697881426e+00 1.33107017340247e-02
1.45253333333333e-01 1.73761238546968e+00 1.30390133973489e-02
1.45946666666667e-01 1.69807821535154e+00 1.27727250668208e-02
1.46640000000000e-01 1.65944352698282e+00 1.25117337862817e-02
1.47333333333333e-01 1.62168785531131e+00 1.22559384691591e-02
1.48026666666667e-01 1.58479120097888e+00 1.20052398215973e-02
1.48720000000000e-01 1.54873401961583e+00 1.17595402728611e-02
1.49413333333333e-01 1.51349721149306e+00 1.15187440365467e-02
1.50106666666667e-01 1.47906211150594e+00 1.12827570380541e-02
1.50800000000000e-01 1.44541047918423e+00 1.10514868488364e-02
1.51493333333333e-01 1.41252448903464e+00 1.08248427419095e-02
1.52186666666667e-01 1.38038672119153e+00 1.06027356234436e-02
1.52880000000000e-01 1.34898015209470e+00 1.03850779706696e-02
1.53573333333333e-01 1.31828814547619e+00 1.01717838822036e-02
1.54266666666667e-01 1.28829444363347e+00 9.96276901354530e-03
1.54960000000000e-01 1.25898315873045e+00 9.75795051845707e-03
1.55653333333333e-01 1.23033876438544e+00 9.55724709457694e-03
1.56346666666667e-01 1.20234608752556e+00 9.36057892261635e-03
1.57040000000000e-01 1.17499030026917e+00 9.16786761103730e-03
1.57733333333333e-01 1.14825691207494e+00 8.97903623738141e-03
1.58426666666667e-01 1.12213176213878e+00 8.79400929097084e-03
1.59120000000000e-01 1.09660101181879e+00 8.61271262071442e-03
1.59813333333333e-01 1.07165113730808e+00 8.43507347254283e-03
1.60506666666667e-01 1.04726892253801e+00 8.26102043542486e-03
1.61200000000000e-01 1.02344145210946e+00 8.09048339214008e-03
1.61893333333333e-01 1.00015610445439e+00 7.92339355317492e-03
1.62586666666667e-01 9.77400545211806e-01 7.75968340587471e-03
1.63280000000000e-01 9.55162720631340e-01 7.59928666802706e-03
1.63973333333333e-01 9.33430851191095e-01 7.44213831854225e-03
1.64666666666667e-01 9.12193425414723e-01 7.28817454956981e-03
1.65360000000000e-01 8.91439193715881e-01 7.13733272274354e-03
1.66053333333333e-01 8.71157162441800e-01 6.98955139694013e-03
1.66746666666667e-01 8.51336588102196e-01 6.84477028319712e-03
1.67440000000000e-01 8.31966971625071e-01 6.70293020347756e-03
1.68133333333333e-01 8.13038052797635e-01 6.56397311577402e-03
1.68826666666667e-01 7.94539804879620e-01 6.42784207167297e-03
1.69520000000000e-01 7.76462429242932e-01 6.29448117750314e-03
1.70213333333333e-01 7.58796350183407e-01 6.16383561702810e-03
1.70906666666667e-01 7.41532209892951e-01 6.03585161150936e-03
1.71600000000000e-01 7.24660863457370e-01 5.91047638310943e-03
1.72293333333333e-01 7.08173374014228e-01 5.78765817539424e-03
1.72986666666667e-01 6.92061008059922e-01 5.66734621575502e-03
1.73680000000000e-01 6.76315230781738e-01 5.54949068094206e-03
1.74373333333333e-01 6.60927701538730e-01 5.43404271557886e-03
1.75066666666667e-01 6.45890269481427e-01 5.32095439680980e-03
1.75760000000000e-01 6.31194969195772e-01 5.21017870184732e-03
1.76453333333333e-01 6.16834016485478e-01 5.10166952468080e-03
1.77146666666667e-01 6.02799804283539e-01 4.99538164282387e-03
1.77840000000000e-01 5.89084898587220e-01 4.89127068676349e-03
1.78533333333333e-01 5.75682034521760e-01 4.78929315503049e-03
1.79226666666667e-01 5.62584112524275e-01 4.68940638292676e-03
1.79920000000000e-01 5.49784194550326e-01 4.59156851377006e-03
1.80613333333333e-01 5.37275500400219e-01 4.49573851247806e-03
1.81306666666667e-01 5.25051404157146e-01 4.40187613616216e-03
1.82000000000000e-01 5.13105430647189e-01 4.30994190706747e-03
1.82693333333333e-01 5.01431252010687e-01 4.21989712480801e-03
1.83386666666667e-01 4.90022684377700e-01 4.13170383872014e-03
1.84080000000000e-01 4.78873684564495e-01 4.04532482240209e-03
1.84773333333333e-01 4.67978346873647e-01 3.96072358472596e-03
1.85466666666667e-01 4.57330899991003e-01 3.87786434384910e-03
1.86160000000000e-01 4.46925703902862e-01 3.79671200326232e-03
1.86853333333333e-01 4.36757246909540e-01 3.71723216169364e-03
1.87546666666667e-01 4.26820142729088e-01 3.63939108868110e-03
1.88240000000000e-01 4.17109127620412e-01 3.56315570204401e-03
1.88933333333333e-01 4.07619057596066e-01 3.48849357678202e-03
1.89626666666667e-01 3.98344905718951e-01 3.41537292211875e-03
1.90320000000000e-01 3.89281759417614e-01 3.34376256031469e-03
1.91013333333333e-01 3.80424817884976e-01 3.27363193465606e-03
1.91706666666667e-01 3.71769389555161e-01 3.20495108788335e-03
1.92400000000000e-01 3.63310889598134e-01 3.13769064226911e-03
1.93093333333333e-01 3.55044837491950e-01 3.07182180678242e-03
1.93786666666667e-01 3.46966854667729e-01 3.00731635682130e-03
1.94480000000000e-01 3.39072662171634e-01 2.94414661548228e-03
1.95173333333333e-01 3.31358078399080e-01 2.88228545997868e-03
1.95866666666667e-01 3.23819016896643e-01 2.82170630260036e-03
1.96560000000000e-01 3.16451484180202e-01 2.76238307310615e-03
1.97253333333333e-01 3.09251577620306e-01 2.70429022446700e-03
1.97946666666667e-01 3.02215483390555e-01 2.64740271498082e-03
1.98640000000000e-01 2.95339474431479e-01 2.59169599172248e-03
1.99333333333333e-01 2.88619908476973e-01 2.53714599567624e-03
2.00026666666667e-01 2.82053226139400e-01 2.48372914493761e-03
2.00720000000000e-01 2.75635949009461e-01 2.43142231915913e-03
2.01413333333333e-01 2.69364677814297e-01 2.38020286413121e-03
2.02106666666667e-01 2.63236090630192e-01 2.33004857600611e-03
2.02800000000000e-01 2.57246941109369e-01 2.28093768668170e-03
2.03493333333333e-01 2.51394056760948e-01 2.23284886788357e-03
2.04186666666667e-01 2.45674337282779e-01 2.18576121635070e-03
2.04880000000000e-01 2.40084752906652e-01 2.13965424010218e-03
2.05573333333333e-01 2.34622342793946e-01 2.09450786206906e-03
2.06266666666667e-01 2.29284213478628e-01 2.05030240618440e-03
2.06960000000000e-01 2.24067537322989e-01 2.00701858448088e-03
2.07653333333333e-01 2.18969551020313e-01 1.96463750031651e-03
2.08346666666667e-01 2.13987554141653e-01 1.92314063531508e-03
2.09040000000000e-01 2.09118907694692e-01 1.88250983724572e-03
2.09733333333333e-01 2.04361032726312e-01 1.84272732288225e-03
2.10426666666667e-01 1.99711408966213e-01 1.80377566574321e-03
2.11120000000000e-01 1.95167573482027e-01 1.76563778470717e-03
2.11813333333333e-01 1.90727119375106e-01 1.72829694654196e-03
2.12506666666667e-01 1.86387694514549e-01 1.69173675439632e-03
2.13200000000000e-01 1.82147000282123e-01 1.65594113710730e-03
2.13893333333333e-01 1.78002790355064e-01 1.62089435143240e-03
2.14586666666667e-01 1.73952869524476e-01 1.58658097124744e-03
2.15280000000000e-01 1.69995092524073e-01 1.55298587750511e-03
2.15973333333333e-01 1.66127362894175e-01 1.52009426019974e-03
2.16666666666667e-01 1.62347631878871e-01 1.48789160822897e-03
2.17360000000000e-01 1.58653897332968e-01 1.45636369996467e-03
2.18053333333333e-01 1.55044202661780e-01 1.42549660497723e-03
2.18746666666667e-01 1.51516635791793e-01 1.39527667452113e-03
2.19440000000000e-01 1.48069328150608e-01 1.36569053268159e-03
2.20133333333333e-01 1.44700453677460e-01 1.33672507788295e-03
2.20826666666667e-01 1.41408227862489e-01 1.30836747396040e-03
2.21520000000000e-01 1.38190906794804e-01 1.28060514184791e-03
2.22213333333333e-01 1.35046786239008e-01 1.25342576089302e-03
2.22906666666667e-01 1.31974200738509e-01 1.22681726047913e-03
2.23600000000000e-01 1.28971522727151e-01 1.20076781222225e-03
2.24293333333333e-01 1.26037161667345e-01 1.17526583111227e-03
2.24986666666667e-01 1.23169563213149e-01 1.15029996765255e-03
2.25680000000000e-01 1.20367208381221e-01 1.12585910053496e-03
2.26373333333333e-01 1.17628612746448e-01 1.10193233762572e-03
2.27066666666667e-01 1.14952325660808e-01 1.07850900859079e-03
2.27760000000000e-01 1.12336929479691e-01 1.05557865802052e-03
2.28453333333333e-01 1.09781038811179e-01 1.03313104627656e-03
2.29146666666667e-01 1.07283299786987e-01 1.01115614257347e-03
2.29840000000000e-01 1.04842389340434e-01 9.89644118525880e-04
2.30533333333333e-01 1.02457014505815e-01 9.68585348871284e-04
2.31226666666667e-01 1.00125911737936e-01 9.47970404980151e-04
2.31920000000000e-01 9.78478462382964e-02 9.27790048800064e-04
2.32613333333333e-01 9.56216113012026e-02 9.08035233467867e-04
2.33306666666667e-01 9.34460276786613e-02 8.88697097222123e-04
2.34000000000000e-01 9.13199429515564e-02 8.69766957720181e-04
2.34693333333333e-01 8.92422309193806e-02 8.51236312551871e-04
2.35386666666667e-01 8.72117910074690e-02 8.33096833529704e-04
2.36080000000000e-01 8.52275476801615e-02 8.15340361356290e-04
2.36773333333333e-01 8.32884498712465e-02 7.97958906050554e-04
2.37466666666667e-01 8.13934704307100e-02 7.80944641592563e-04
2.38160000000000e-01 7.95416055770805e-02 7.64289900920042e-04
2.38853333333333e-01 7.77318743658687e-02 7.47987176276977e-04
2.39546666666667e-01 7.59633181731986e-02 7.32029114191329e-04
2.40240000000000e-01 7.42350001847179e-02 7.16408510780676e-04
2.40933333333333e-01 7.25460048994998e-02 7.01118312032140e-04
2.41626666666667e-01 7.08954376480967e-02 6.86151609092554e-04
2.42320000000000e-01 6.92824241155750e-02 6.71501633864420e-04
2.43013333333333e-01 6.77061098785127e-02 6.57161759225166e-04
2.43706666666667e-01 6.61656599551821e-02 6.43125494610590e-04
2.44400000000000e-01 6.46602583604297e-02 6.29386481883443e-04
2.45093333333333e-01 6.31891076735618e-02 6.15938495499265e-04
2.45786666666667e-01 6.17514286185145e-02 6.02775438365062e-04
2.46480000000000e-01 6.03464596484526e-02 5.89891337963868e-04
2.47173333333333e-01 5.89734565424820e-02 5.77280346473640e-04
2.47866666666667e-01 5.76316920138093e-02 5.64936736884250e-04
2.48560000000000e-01 5.63204553220736e-02 5.52854899362389e-04
2.49253333333333e-01 5.50390518969641e-02 5.41029341329376e-04
2.49946666666667e-01 5.37868029725023e-02 5.29454683820514e-04
2.50640000000000e-01 5.25630452252559e-02 5.18125658075620e-04
2.51333333333333e-01 5.13671304230664e-02 5.07037105580995e-04
2.52026666666667e-01 5.01984250837121e-02 4.96183974656234e-04
2.52720000000000e-01 4.90563101372771e-02 4.85561317256549e-04
2.53413333333333e-01 4.79401805983118e-02 4.75164288983597e-04
2.54106666666667e-01 4.68494452472536e-02 4.64988145885636e-04
2.54800000000000e-01 4.57835263153364e-02 4.55028241458685e-04
2.55493333333333e-01 4.47418591786221e-02 4.45280026630443e-04
2.56186666666667e-01 4.37238920606612e-02 4.35739046760610e-04
2.56880000000000e-01 4.27290857384377e-02 4.26400938828650e-04
2.57573333333333e-01 4.17569132568129e-02 4.17261431394569e-04
2.58266666666667e-01 4.08068596510099e-02 4.08316341786993e-04
2.58960000000000e-01 3.98784216721892e-02 3.99561573466099e-04
2.59653333333333e-01 3.89711075209436e-02 3.90993115964581e-04
2.60346666666667e-01 3.80844365882838e-02 3.82607042251878e-04
2.61040000000000e-01 3.72179391995359e-02 3.74399506261478e-04
2.61733333333333e-01 3.63711563656145e-02 3.66366742815076e-04
2.62426666666667e-01 3.55436395412779e-02 3.58505065152039e-04
2.63120000000000e-01 3.47349503861223e-02 3.50810862610942e-04
2.63813333333333e-01 3.39446605324486e-02 3.43280600539597e-04
2.64506666666667e-01 3.31723513596351e-02 3.35910817979495e-04
2.65200000000000e-01 3.24176137710876e-02 3.28698125492066e-04
2.65893333333333e-01 3.16800479775921e-02 3.21639205056962e-04
2.66586666666667e-01 3.09592632867310e-02 3.14730807901858e-04
2.67280000000000e-01 3.02548778947236e-02 3.07969752464468e-04
2.67973333333333e-01 2.95665186842315e-02 3.01352924281200e-04
2.68666666666667e-01 2.88938210278162e-02 2.94877273953278e-04
2.69360000000000e-01 2.82364285936744e-02 2.88539815236140e-04
2.70053333333333e-01 2.75939931569339e-02 2.82337624920347e-04
2.70746666666667e-01 2.69661744162138e-02 2.76267840925503e-04
2.71440000000000e-01 2.63526398123300e-02 2.70327660509173e-04
2.72133333333333e-01 2.57530643521788e-02 2.64514340141676e-04
2.72826666666667e-01 2.51671304375288e-02 2.58825193719875e-04
2.73520000000000e-01 2.45945276958282e-02 2.53257590888201e-04
2.74213333333333e-01 2.40349528158380e-02 2.47808956908802e-04
2.74906666666667e-01 2.34881093878395e-02 2.42476770987690e-04
2.75600000000000e-01 2.29537077457356e-02 2.37258564700956e-04
2.76293333333333e-01 2.24314648136499e-02 2.32151921861525e-04
2.76986666666667e-01 2.19211039567881e-02 2.27154476950692e-04
2.77680000000000e-01 2.14223548340802e-02 2.22263913642971e-04
2.78373333333333e-01 2.09349532550131e-02 2.17477964670588e-04
2.79066666666667e-01 2.04586410404363e-02 2.12794410353823e-04
2.79760000000000e-01 1.99931658850408e-02 2.08211077218371e-04
2.80453333333333e-01 1.95382812237428e-02 2.03725837858553e-04
2.81146666666667e-01 1.90937461017703e-02 1.99336609560286e-04
2.81840000000000e-01 1.86593250463225e-02 1.95041353005217e-04
2.82533333333333e-01 1.82347879418669e-02 1.90838072133493e-04
2.83226666666667e-01 1.78199099088887e-02 1.86724812853570e-04
2.83920000000000e-01 1.74144711841171e-02 1.82699661827726e-04
2.84613333333333e-01 1.70182570041418e-02 1.78760746335131e-04
2.85306666666667e-01 1.66310574922470e-02 1.74906233063050e-04
2.86000000000000e-01 1.62526675466332e-02 1.71134326968676e-04
2.86693333333333e-01 1.58828867317976e-02 1.67443271143138e-04
2.87386666666667e-01 1.55215191729145e-02 1.63831345679015e-04
2.88080000000000e-01 1.51683734515178e-02 1.60296866603704e-04
2.88773333333333e-01 1.48232625041282e-02 1.56838185744925e-04
2.89466666666667e-01 1.44860035236762e-02 1.53453689669755e-04
2.90160000000000e-01 1.41564178621479e-02 1.50141798685099e-04
2.90853333333333e-01 1.38343309359749e-02 1.46900966705133e-04
2.91546666666667e-01 1.35195721340308e-02 1.43729680257380e-04
2.92240000000000e-01 1.32119747267751e-02 1.40626457546085e-04
2.92933333333333e-01 1.29113757779552e-02 1.37589848321999e-04
2.93626666666667e-01 1.26176160587373e-02 1.34618432951281e-04
2.94320000000000e-01 1.23305399629154e-02 1.31710821537862e-04
2.95013333333333e-01 1.20499954245037e-02 1.28865653795882e-04
2.95706666666667e-01 1.17758338375935e-02 1.26081598177488e-04
2.96400000000000e-01 1.15079099772216e-02 1.23357351050489e-04
2.97093333333333e-01 1.12460819224609e-02 1.20691636573719e-04
2.97786666666667e-01 1.09902109816209e-02 1.18083205880029e-04
2.98480000000000e-01 1.07401616183987e-02 1.15530836305776e-04
2.99173333333333e-01 1.04958013800997e-02 1.13033331269330e-04
2.99866666666667e-01 1.02570008278263e-02 1.10589519505784e-04
3.00560000000000e-01 1.00236334675582e-02 1.08198254345050e-04
3.01253333333333e-01 9.79557568316173e-03 1.05858413593670e-04
3.01946666666667e-01 9.57270667123383e-03 1.03568898817995e-04
3.02640000000000e-01 9.35490837678224e-03 1.01328634667838e-04
3.03333333333333e-01 9.14206543070448e-03 9.91365687617264e-05
3.04026666666667e-01 8.93406508897635e-03 9.69916710155027e-05
3.04720000000000e-01 8.73079717262540e-03 9.48929330086697e-05
3.05413333333333e-01 8.53215400938084e-03 9.28393678731921e-05
3.06106666666667e-01 8.33803037691725e-03 9.08300096646562e-05
3.06800000000000e-01 8.14832344683456e-03 8.88639127686379e-05
3.07493333333333e-01 7.96293273020077e-03 8.69401517931069e-05
3.08186666666667e-01 7.78176002458033e-03 8.50578209794640e-05
3.08880000000000e-01 7.60470936175333e-03 8.32160336464272e-05
3.09573333333333e-01 7.43168695689121e-03 8.14139220860763e-05
3.10266666666667e-01 7.26260115911753e-03 7.96506370122605e-05
3.10960000000000e-01 7.09736240271672e-03 7.79253470396412e-05
3.11653333333333e-01 6.93588315970043e-03 7.62372385833957e-05
3.12346666666667e-01 6.77807789366518e-03 7.45855153426344e-05
3.13040000000000e-01 6.62386301425766e-03 7.29693978123918e-05
3.13733333333333e-01 6.47315683290563e-03 7.13881231869898e-05
3.14426666666667e-01 6.32587951975252e-03 6.98409448762540e-05
3.15120000000000e-01 6.18195306116197e-03 6.83271320483877e-05
3.15813333333333e-01 6.04130121840210e-03 6.68459695369661e-05
3.16506666666667e-01 5.90384948745191e-03 6.53967573878804e-05
3.17200000000000e-01 5.76952505934225e-03 6.39788104311548e-05
3.17893333333333e-01 5.63825678159632e-03 6.25914581915346e-05
3.18586666666667e-01 5.50997512071647e-03 6.12340444642203e-05
3.19280000000000e-01 5.38461212517221e-03 5.99059269138052e-05
3.19973333333333e-01 5.26210138941312e-03 5.86064769884095e-05
3.20666666666667e-01 5.14237801885728e-03 5.73350795223817e-05
3.21360000000000e-01 5.02537859534959e-03 5.60911323606510e-05
3.22053333333333e-01 4.91104114357558e-03 5.48740462763475e-05
3.22746666666667e-01 4.79930509838454e-03 5.36832445987693e-05
3.23440000000000e-01 4.69011127255340e-03 5.25181628615466e-05
3.24133333333333e-01 4.58340182544108e-03 5.13782487236752e-05
3.24826666666667e-01 4.47912023249086e-03 5.02629616211565e-05
3.25520000000000e-01 4.37721125514569e-03 4.91717724374699e-05
3.26213333333333e-01 4.27762091159385e-03 4.81041634279484e-05
3.26906666666667e-01 4.18029644830499e-03 4.70596278935866e-05
3.27600000000000e-01 4.08518631195354e-03 4.60376698724183e-05
3.28293333333333e-01 3.99224012211586e-03 4.50378040671528e-05
3.28986666666667e-01 3.90140864470465e-03 4.40595555397451e-05
3.29680000000000e-01 3.81264376576612e-03 4.31024594223627e-05
3.30373333333333e-01 3.72589846599873e-03 4.21660608481919e-05
3.31066666666667e-01 3.64112679595914e-03 4.12499146654580e-05
3.31760000000000e-01 3.55828385160822e-03 4.03535851667442e-05
3.32453333333333e-01 3.47732575052980e-03 3.94766460228756e-05
3.33146666666667e-01 3.39820960878999e-03 3.86186800151594e-05
3.33840000000000e-01 3.32089351811543e-03 3.77792787818959e-05
3.34533333333333e-01 3.24533652369843e-03 3.69580427552463e-05
3.35226666666667e-01 3.17149860259967e-03 3.61545809105369e-05
3.35920000000000e-01 3.09934064244948e-03 3.53685105288779e-05
3.36613333333333e-01 3.02882442073376e-03 3.45994571369213e-05
3.37306666666667e-01 2.95991258463694e-03 3.38470542721452e-05
3.38000000000000e-01 2.89256863116479e-03 3.31109432605607e-05
3.38693333333333e-01 2.82675688781225e-03 3.23907731592632e-05
3.39386666666667e-01 2.76244249375065e-03 3.16862005366846e-05
3.40080000000000e-01 2.69959138127713e-03 3.09968892644345e-05
3.40773333333333e-01 2.63817025777223e-03 3.03225104625471e-05
3.41466666666667e-01 2.57814658814166e-03 2.96627422937502e-05
3.42160000000000e-01 2.51948857750390e-03 2.90172697685491e-05
3.42853333333333e-01 2.46216515435135e-03 2.83857846930685e-05
3.43546666666667e-01 2.40614595416316e-03 2.77679854764508e-05
3.44240000000000e-01 2.35140130324819e-03 2.71635769483427e-05
3.44933333333333e-01 2.29790220302961e-03 2.65722703092376e-05
3.45626666666667e-01 2.24562031475055e-03 2.59937829501675e-05
3.46320000000000e-01 2.19452794439538e-03 2.54278382818074e-05
3.47013333333333e-01 2.14459802802280e-03 2.48741656872230e-05
3.47706666666667e-01 2.09580411749137e-03 2.43325003530751e-05
3.48400000000000e-01 2.04812036638729e-03 2.38025831096047e-05
3.49093333333333e-01 2.00152151633583e-03 2.32841603856918e-05
3.49786666666667e-01 1.95598288367894e-03 2.27769840508398e-05
3.50480000000000e-01 1.91148034634215e-03 2.22808112653539e-05
3.51173333333333e-01 1.86799033105923e-03 2.17954044376163e-05
3.51866666666667e-01 1.82548980093830e-03 2.13205310761655e-05
3.52560000000000e-01 1.78395624320519e-03 2.08559636494211e-05
3.53253333333333e-01 1.74336765728043e-03 2.04014795450840e-05
3.53946666666667e-01 1.70370254317458e-03 1.99568609316685e-05
3.54640000000000e-01 1.66493989004955e-03 1.95218946271700e-05
3.55333333333333e-01 1.62705916509109e-03 1.90963720604984e-05
3.56026666666667e-01 1.59004030267799e-03 1.86800891418631e-05
3.56720000000000e-01 1.55386369370685e-03 1.82728461398139e-05
3.57413333333333e-01 1.51851017520688e-03 1.78744476446236e-05
3.58106666666667e-01 1.48396102023148e-03 1.74847024469605e-05
3.58800000000000e-01 1.45019792789542e-03 1.71034234227709e-05
3.59493333333333e-01 1.41720301368250e-03 1.67304274985261e-05
3.60186666666667e-01 1.38495880001126e-03 1.63655355376552e-05
3.60880000000000e-01 1.35344820693709e-03 1.60085722327721e-05
3.61573333333333e-01 1.32265454310646e-03 1.56593660727030e-05
3.62266666666667e-01 1.29256149695187e-03 1.53177492361843e-05
3.62960000000000e-01 1.26315312801448e-03 1.49835574909685e-05
3.63653333333333e-01 1.23441385850177e-03 1.46566301625527e-05
3.64346666666667e-01 1.20632846506978e-03 1.43368100346789e-05
3.65040000000000e-01 1.17888207072480e-03 1.40239432548813e-05
3.65733333333333e-01 1.15206013694430e-03 1.37178793048366e-05
3.66426666666667e-01 1.12584845600719e-03 1.34184709072352e-05
3.67120000000000e-01 1.10023314343600e-03 1.31255739373595e-05
3.67813333333333e-01 1.07520063064345e-03 1.28390473949827e-05
3.68506666666667e-01 1.05073765777421e-03 1.25587533172019e-05
3.69200000000000e-01 1.02683126665149e-03 1.22845566956658e-05
3.69893333333333e-01 1.00346879391416e-03 1.20163254499484e-05
3.70586666666667e-01 9.80637864335964e-04 1.17539303459658e-05
3.71280000000000e-01 9.58326384242780e-04 1.14972449184917e-05
3.71973333333333e-01 9.36522535107636e-04 1.12461454459373e-05
3.72666666666667e-01 9.15214767315444e-04 1.10005108739952e-05
3.73360000000000e-01 8.94391794019601e-04 1.07602227431071e-05
3.74053333333333e-01 8.74042585164302e-04 1.05251651645821e-05
3.74746666666667e-01 8.54156361665122e-04 1.02952247491331e-05
3.75440000000000e-01 8.34722589675613e-04 1.00702905389824e-05
3.76133333333333e-01 8.15730975008405e-04 9.85025398525394e-06
3.76826666666667e-01 7.97171457703912e-04 9.63500888109037e-06
3.77520000000000e-01 7.79034206679553e-04 9.42445129809967e-06
3.78213333333333e-01 7.61309614523048e-04 9.21847956496030e-06
3.78906666666667e-01 7.43988292423354e-04 9.01699420482599e-06
3.79600000000000e-01 7.27061065176983e-04 8.81989787583770e-06
3.80293333333333e-01 7.10518966328647e-04 8.62709535088086e-06
3.80986666666667e-01 6.94353233440287e-04 8.43849345900412e-06
3.81680000000000e-01 6.78555303430636e-04 8.25400102973836e-06
3.82373333333333e-01 6.63116808040057e-04 8.07352887394856e-06
3.83066666666667e-01 6.48029569415102e-04 7.89698972901006e-06
3.83760000000000e-01 6.33285595759089e-04 7.72429820669130e-06
3.84453333333333e-01 6.18877077099505e-04 7.55537077504593e-06
3.85146666666667e-01 6.04796381167046e-04 7.39012570710706e-06
3.85840000000000e-01 5.91036049336458e-04 7.22848303210603e-06
3.86533333333333e-01 5.77588792676312e-04 7.07036451835240e-06
3.87226666666667e-01 5.64447488102894e-04 6.91569362522073e-06
3.87920000000000e-01 5.51605174591932e-04 6.76439545749339e-06
3.88613333333333e-01 5.39055049491907e-04 6.61639674917786e-06
3.89306666666667e-01 5.26790464934460e-04 6.47162581857546e-06
3.90000000000000e-01 5.14804924298934e-04 6.33001252554879e-06
3.90693333333333e-01 5.03092078771630e-04 6.19148825622897e-06
3.91386666666667e-01 4.91645723995634e-04 6.05598588096878e-06
3.92080000000000e-01 4.80459796771288e-04 5.92343971434788e-06
3.92773333333333e-01 4.69528371844998e-04 5.79378550072439e-06
3.93466666666667e-01 4.58845658782499e-04 5.66696037488794e-06
3.94160000000000e-01 4.48405998889521e-04 5.54290282462801e-06
3.94853333333333e-01 4.38203862214828e-04 5.42155267708556e-06
3.95546666666667e-01 4.28233844632024e-04 5.30285106193376e-06
3.96240000000000e-01 4.18490664965716e-04 5.18674037634552e-06
3.96933333333333e-01 4.08969162194490e-04 5.07316427210356e-06
3.97626666666667e-01 3.99664292727355e-04 4.96206762114685e-06
3.98320000000000e-01 3.90571127721681e-04 4.85339648278424e-06
3.99013333333333e-01 3.81684850472785e-04 4.74709809152318e-06
3.99706666666667e-01 3.73000753872016e-04 4.64312082483023e-06
4.00400000000000e-01 3.64514237903688e-04 4.54141417244726e-06
4.01093333333333e-01 3.56220807208810e-04 4.44192872490131e-06
4.01786666666667e-01 3.48116068712709e-04 4.34461614333709e-06
4.02480000000000e-01 3.40195729289006e-04 4.24942913080141e-06
4.03173333333333e-01 3.32455593485872e-04 4.15632142139788e-06
4.03866666666667e-01 3.24891561311891e-04 4.06524775205877e-06
4.04560000000000e-01 3.17499626055917e-04 3.97616383567214e-06
4.05253333333333e-01 3.10275872165028e-04 3.88902635084653e-06
4.05946666666667e-01 3.03216473178059e-04 3.80379291549818e-06
4.06640000000000e-01 2.96317689690953e-04 3.72042206170285e-06
4.07333333333333e-01 2.89575867376283e-04 3.63887322603828e-06
4.08026666666667e-01 2.82987435054612e-04 3.55910672487003e-06
4.08720000000000e-01 2.76548902795622e-04 3.48108373081768e-06
4.09413333333333e-01 2.70256860069761e-04 3.40476626364392e-06
4.10106666666667e-01 2.64107973948241e-04 3.33011716713040e-06
4.10800000000000e-01 2.58098987330884e-04 3.25710008705471e-06
4.11493333333333e-01 2.52226717221078e-04 3.18567946259684e-06
4.12186666666667e-01 2.46488053045832e-04 3.11582050470268e-06
4.12880000000000e-01 2.40879955001878e-04 3.04748917547547e-06
4.13573333333333e-01 2.35399452445722e-04 2.98065218007140e-06
4.14266666666667e-01 2.30043642325738e-04 2.91527694645545e-06
4.14960000000000e-01 2.24809687638646e-04 2.85133160611661e-06
4.15653333333333e-01 2.19694815926959e-04 2.78878498642584e-06
4.16346666666667e-01 2.14696317815664e-04 2.72760659169526e-06
4.17040000000000e-01 2.09811545571699e-04 2.66776658513215e-06
4.17733333333333e-01 2.05037911701639e-04 2.60923578163410e-06
4.18426666666667e-01 2.00372887585981e-04 2.55198563006770e-06
4.19120000000000e-01 1.95814002134745e-04 2.49598819638215e-06
4.19813333333333e-01 1.91358840478722e-04 2.44121615681760e-06
4.20506666666667e-01 1.87005042694844e-04 2.38764278132494e-06
4.21200000000000e-01 1.82750302551501e-04 2.33524191776478e-06
4.21893333333333e-01 1.78592366287100e-04 2.28398798550624e-06
4.22586666666667e-01 1.74529031420453e-04 2.23385595991445e-06
4.23280000000000e-01 1.70558145579820e-04 2.18482135756550e-06
4.23973333333333e-01 1.66677605362958e-04 2.13686023021407e-06
4.24666666666667e-01 1.62885355226847e-04 2.08994915028002e-06
4.25360000000000e-01 1.59179386394883e-04 2.04406519701414e-06
4.26053333333333e-01 1.55557735792969e-04 1.99918595081413e-06
4.26746666666667e-01 1.52018485013301e-04 1.95528947964622e-06
4.27440000000000e-01 1.48559759294483e-04 1.91235432610076e-06
4.28133333333333e-01 1.45179726528594e-04 1.87035950203693e-06
4.28826666666667e-01 1.41876596294093e-04 1.82928447587957e-06
4.29520000000000e-01 1.38648618903987e-04 1.78910916050735e-06
4.30213333333333e-01 1.35494084479146e-04 1.74981390820810e-06
4.30906666666667e-01 1.32411322045709e-04 1.71137949879431e-06
4.31600000000000e-01 1.29398698646767e-04 1.67378712827066e-06
4.32293333333333e-01 1.26454618477506e-04 1.63701840408244e-06
4.32986666666667e-01 1.23577522042812e-04 1.60105533399717e-06
4.33680000000000e-01 1.20765885328233e-04 1.56588031550148e-06
4.34373333333333e-01 1.18018218992821e-04 1.53147613132613e-06
4.35066666666667e-01 1.15333067582921e-04 1.49782593904455e-06
4.35760000000000e-01 1.12709008758461e-04 1.46491326115213e-06
4.36453333333333e-01 1.10144652539638e-04 1.43272198085238e-06
4.37146666666667e-01 1.07638640573149e-04 1.40123633232614e-06
4.37840000000000e-01 1.05189645410110e-04 1.37044089144968e-06
4.38533333333333e-01 1.02796369803001e-04 1.34032057182701e-06
4.39226666666667e-01 1.00457546020837e-04 1.31086061568682e-06
4.39920000000000e-01 9.81719351752716e-05 1.28204658519819e-06
4.40613333333333e-01 9.59383265644475e-05 1.25386435873529e-06
4.41306666666667e-01 9.37555370338444e-05 1.22630012236152e-06
4.42000000000000e-01 9.16224103473535e-05 1.19934036170446e-06
4.42693333333333e-01 8.95378165748987e-05 1.17297185843982e-06
4.43386666666667e-01 8.75006514959200e-05 1.14718168232489e-06
4.44080000000000e-01 8.55098360124143e-05 1.12195718359701e-06
4.44773333333333e-01 8.35643155774111e-05 1.09728598966397e-06
4.45466666666667e-01 8.16630596382443e-05 1.07315599765172e-06
4.46160000000000e-01 7.98050610887600e-05 1.04955536729248e-06
4.46853333333333e-01 7.79893357359217e-05 1.02647251781000e-06
4.47546666666667e-01 7.62149217802155e-05 1.00389612094823e-06
4.48240000000000e-01 7.44808793044123e-05 9.81815094317737e-07
4.48933333333333e-01 7.27862897757578e-05 9.60218598464632e-07
4.49626666666667e-01 7.11302555610351e-05 9.39096030349242e-07
4.50320000000000e-01 6.95118994494414e-05 9.18437017121328e-07
4.51013333333333e-01 6.79303641879898e-05 8.98231413362163e-07
4.51706666666667e-01 6.63848120289160e-05 8.78469294984232e-07
4.52400000000000e-01 6.48744242843949e-05 8.59140953407721e-07
4.53093333333333e-01 6.33984008929362e-05 8.40236892965710e-07
4.53786666666667e-01 6.19559599969808e-05 8.21747825197789e-07
4.54480000000000e-01 6.05463375273297e-05 8.03664663402023e-07
4.55173333333333e-01 5.91687867984680e-05 7.85978520193875e-07
4.55866666666667e-01 5.78225781143356e-05 7.68680702168413e-07
4.56560000000000e-01 5.65069983804870e-05 7.51762704803523e-07
4.57253333333333e-01 5.52213507264129e-05 7.35216210163672e-07
4.57946666666667e-01 5.39649541376063e-05 7.19033081906893e-07
4.58640000000000e-01 5.27371430936028e-05 7.03205360516822e-07
4.59333333333333e-01 5.15372672154984e-05 6.87725261142824e-07
4.60026666666667e-01 5.03646909225576e-05 6.72585168929564e-07
4.60720000000000e-01 4.92187930944063e-05 6.57777634556605e-07
4.61413333333333e-01 4.80989667420659e-05 6.43295372207071e-07
4.62106666666667e-01 4.70046186874656e-05 6.29131255199022e-07
4.62800000000000e-01 4.59351692481770e-05 6.15278311812781e-07
4.63493333333333e-01 4.48900519303949e-05 6.01729723380682e-07
4.64186666666667e-01 4.38687131298262e-05 5.88478820200750e-07
4.64880000000000e-01 4.28706118374624e-05 5.75519077633308e-07
4.65573333333333e-01 4.18952193530425e-05 5.62844114304703e-07
4.66266666666667e-01 4.09420190058933e-05 5.50447688285084e-07
4.66960000000000e-01 4.00105058803351e-05 5.38323693436965e-07
4.67653333333333e-01 3.91001865482607e-05 5.26466157726271e-07
4.68346666666667e-01 3.82105788085963e-05 5.14869239647207e-07
4.69040000000000e-01 3.73412114310306e-05 5.03527224806505e-07
4.69733333333333e-01 3.64916239064340e-05 4.92434524335530e-07
4.70426666666667e-01 3.56613662036986e-05 4.81585671546326e-07
4.71120000000000e-01 3.48499985305672e-05 4.70975318736356e-07
4.71813333333333e-01 3.40570911007038e-05 4.60598235695745e-07
4.72506666666667e-01 3.32822239067521e-05 4.50449306579564e-07
4.73200000000000e-01 3.25249864971244e-05 4.40523526918889e-07
4.73893333333333e-01 3.17849777586120e-05 4.30816002217580e-07
4.74586666666667e-01 3.10618057045805e-05 4.21321945026844e-07
4.75280000000000e-01 3.03550872666539e-05 4.12036672149341e-07
4.75973333333333e-01 2.96644480918272e-05 4.02955603320237e-07
4.76666666666667e-01 2.89895223447905e-05 3.94074258470973e-07
4.77360000000000e-01 2.83299525135126e-05 3.85388255113974e-07
4.78053333333333e-01 2.76853892198898e-05 3.76893307103018e-07
4.78746666666667e-01 2.70554910352550e-05 3.68585222074014e-07
4.79440000000000e-01 2.64399242989345e-05 3.60459898998655e-07
4.80133333333333e-01 2.58383629415294e-05 3.52513327019425e-07
4.80826666666667e-01 2.52504883127301e-05 3.44741583055954e-07
4.81520000000000e-01 2.46759890119812e-05 3.37140829516749e-07
4.82213333333333e-01 2.41145607235518e-05 3.29707313204404e-07
4.82906666666667e-01 2.35659060558356e-05 3.22437363076856e-07
4.83600000000000e-01 2.30297343833150e-05 3.15327388106985e-07
4.84293333333333e-01 2.25057616926348e-05 3.08373876253871e-07
4.84986666666667e-01 2.19937104326211e-05 3.01573392368962e-07
4.85680000000000e-01 2.14933093667908e-05 2.94922576194000e-07
4.86373333333333e-01 2.10042934296945e-05 2.88418141394432e-07
4.87066666666667e-01 2.05264035869396e-05 2.82056873601093e-07
4.87760000000000e-01 2.00593866975412e-05 2.75835628537558e-07
4.88453333333333e-01 1.96029953798492e-05 2.69751331112009e-07
4.89146666666667e-01 1.91569878809082e-05 2.63800973585682e-07
4.89840000000000e-01 1.87211279479933e-05 2.57981613821297e-07
4.90533333333333e-01 1.82951847034818e-05 2.52290374429897e-07
4.91226666666667e-01 1.78789325229272e-05 2.46724441057891e-07
4.91920000000000e-01 1.74721509151671e-05 2.41281060748724e-07
4.92613333333333e-01 1.70746244055427e-05 2.35957541141425e-07
4.93306666666667e-01 1.66861424221055e-05 2.30751248868576e-07
4.94000000000000e-01 1.63064991837256e-05 2.25659608023937e-07
4.94693333333333e-01 1.59354935911016e-05 2.20680099409608e-07
4.95386666666667e-01 1.55729291205583e-05 2.15810259037738e-07
4.96080000000000e-01 1.52186137196206e-05 2.11047676697283e-07
4.96773333333333e-01 1.48723597052951e-05 2.06389995246867e-07
4.97466666666667e-01 1.45339836649513e-05 2.01834909213550e-07
4.98160000000000e-01 1.42033063588642e-05 1.97380163452292e-07
4.98853333333333e-01 1.38801526252814e-05 1.93023552481811e-07
4.99546666666667e-01 1.35643512879161e-05 1.88762919174102e-07
5.00240000000000e-01 1.32557350649926e-05 1.84596153500646e-07
5.00933333333333e-01 1.29541404806470e-05 1.80521191908662e-07
5.01626666666667e-01 1.26594077785905e-05 1.76536016095550e-07
5.02320000000000e-01 1.23713808372240e-05 1.72638651836211e-07
5.03013333333333e-01 1.20899070869500e-05 1.68827168397300e-07
5.03706666666667e-01 1.18148374295943e-05 1.65099677391071e-07
5.04400000000000e-01 1.15460261591853e-05 1.61454331678588e-07
5.05093333333333e-01 1.12833308847816e-05 1.57889324819687e-07
5.05786666666667e-01 1.10266124552696e-05 1.54402890001097e-07
5.06480000000000e-01 1.07757348854280e-05 1.50993299010645e-07
5.07173333333333e-01 1.05305652839044e-05 1.47658861720763e-07
5.07866666666667e-01 1.02909737830292e-05 1.44397925086099e-07
5.08560000000000e-01 1.00568334698129e-05 1.41208872184112e-07
5.09253333333333e-01 9.82802031872881e-06 1.38090121730130e-07
5.09946666666667e-01 9.60441312620742e-06 1.35040127139926e-07
5.10640000000000e-01 9.38589344623916e-06 1.32057375632433e-07
5.11333333333333e-01 9.17234552764041e-06 1.29140387774444e-07
5.12026666666667e-01 8.96365625291809e-06 1.26287716603958e-07
5.12720000000000e-01 8.75971507816903e-06 1.23497946790998e-07
5.13413333333333e-01 8.56041397453144e-06 1.20769694210154e-07
5.14106666666667e-01 8.36564737112728e-06 1.18101605120784e-07
5.14800000000000e-01 8.17531209897210e-06 1.15492355382162e-07
5.15493333333333e-01 7.98930733633239e-06 1.12940650052207e-07
5.16186666666667e-01 7.80753455547402e-06 1.10445222620828e-07
5.16880000000000e-01 7.62989747031472e-06 1.08004834275916e-07
5.17573333333333e-01 7.45630198542686e-06 1.05618273526662e-07
5.18266666666667e-01 7.28665614633802e-06 1.03284355486617e-07
5.18960000000000e-01 7.12087009067637e-06 1.01001921187231e-07
5.19653333333333e-01 6.95885600057577e-06 9.87698372242719e-08
5.20346666666667e-01 6.80052805629140e-06 9.65869950873874e-08
5.21040000000000e-01 6.64580239060510e-06 9.44523105181214e-08
5.21733333333333e-01 6.49459704440566e-06 9.23647231780245e-08
5.22426666666667e-01 6.34683192339856e-06 9.03231960217114e-08
5.23120000000000e-01 6.20242875555357e-06 8.83267146964749e-08
5.23813333333333e-01 6.06131104964852e-06 8.63742872307800e-08
5.24506666666667e-01 5.92340405486669e-06 8.44649434479957e-08
5.25200000000000e-01 5.78863472108371e-06 8.25977344049120e-08
5.25893333333333e-01 5.65693166017715e-06 8.07717320993866e-08
5.26586666666667e-01 5.52822510831878e-06 7.89860289221145e-08
5.27280000000000e-01 5.40244688891156e-06 7.72397371315332e-08
5.27973333333333e-01 5.27953037648021e-06 7.55319885794576e-08
5.28666666666667e-01 5.15941046147898e-06 7.38619341984229e-08
5.29360000000000e-01 5.04202351570148e-06 7.22287435106264e-08
5.30053333333333e-01 4.92730735858040e-06 7.06316043704484e-08
5.30746666666667e-01 4.81520122434272e-06 6.90697224850723e-08
5.31440000000000e-01 4.70564572972758e-06 6.75423209552583e-08
5.32133333333333e-01 4.59858284253431e-06 6.60486400337257e-08
5.32826666666667e-01 4.49395585096852e-06 6.45879366768869e-08
5.33520000000000e-01 4.39170933351403e-06 6.31594841153940e-08
5.34213333333333e-01 4.29178912957919e-06 6.17625716274224e-08
5.34906666666667e-01 4.19414231088773e-06 6.03965041195003e-08
5.35600000000000e-01 4.09871715336097e-06 5.90606017249002e-08
5.36293333333333e-01 4.00546310972252e-06 5.77541995909124e-08
5.36986666666667e-01 3.91433078279742e-06 5.64766474868871e-08
5.37680000000000e-01 3.82527189927057e-06 5.52273094286684e-08
5.38373333333333e-01 3.73823928411905e-06 5.40055634790026e-08
5.39066666666667e-01 3.65318683569238e-06 5.28108013810310e-08
5.39760000000000e-01 3.57006950122190e-06 5.16424282070807e-08
5.40453333333333e-01 3.48884325295883e-06 5.04998621714034e-08
5.41146666666667e-01 3.40946506491678e-06 4.93825342874655e-08
5.41840000000000e-01 3.33189289001527e-06 4.82898880395252e-08
5.42533333333333e-01 3.25608563780979e-06 4.72213792069456e-08
5.43226666666667e-01 3.18200315278558e-06 4.61764755437414e-08
5.43920000000000e-01 3.10960619302640e-06 4.51546564714597e-08
5.44613333333333e-01 3.03885640943017e-06 4.41554129143661e-08
5.45306666666667e-01 2.96971632545076e-06 4.31782469998029e-08
5.46000000000000e-01 2.90214931719003e-06 4.22226717709933e-08
5.46693333333333e-01 2.83611959400014e-06 4.12882110324332e-08
5.47386666666667e-01 2.77159217957664e-06 4.03743990697116e-08
5.48080000000000e-01 2.70853289337884e-06 3.94807803809525e-08
5.48773333333333e-01 2.64690833252626e-06 3.86069095317815e-08
5.49466666666667e-01 2.58668585415290e-06 3.77523508933476e-08
5.50160000000000e-01 2.52783355806734e-06 3.69166783911945e-08
5.50853333333333e-01 2.47032026985693e-06 3.60994753692166e-08
5.51546666666667e-01 2.41411552441917e-06 3.53003343447016e-08
5.52240000000000e-01 2.35918954977876e-06 3.45188567734997e-08
5.52933333333333e-01 2.30551325131902e-06 3.37546529224181e-08
5.53626666666667e-01 2.25305819641180e-06 3.30073416401809e-08
5.54320000000000e-01 2.20179659931433e-06 3.22765501378398e-08
5.55013333333333e-01 2.15170130645265e-06 3.15619138690890e-08
5.55706666666667e-01 2.10274578207674e-06 3.08630763161083e-08
5.56400000000000e-01 2.05490409416521e-06 3.01796887842295e-08
5.57093333333333e-01 2.00815090069044e-06 2.95114102896833e-08
5.57786666666667e-01 1.96246143623065e-06 2.88579073593594e-08
5.58480000000000e-01 1.91781149881508e-06 2.82188538388049e-08
5.59173333333333e-01 1.87417743710542e-06 2.75939307869462e-08
5.59866666666667e-01 1.83153613790100e-06 2.69828262888653e-08
5.60560000000000e-01 1.78986501386162e-06 2.63852352762630e-08
5.61253333333333e-01 1.74914199154425e-06 2.58008594287271e-08
5.61946666666667e-01 1.70934549974161e-06 2.52294069986784e-08
5.62640000000000e-01 1.67045445802428e-06 2.46705926434932e-08
5.63333333333333e-01 1.63244826557545e-06 2.41241373329131e-08
5.64026666666667e-01 1.59530679030743e-06 2.35897681853718e-08
5.64720000000000e-01 1.55901035816823e-06 2.30672183110198e-08
5.65413333333333e-01 1.52353974272127e-06 2.25562267248977e-08
5.66106666666667e-01 1.48887615498779e-06 2.20565381939040e-08
5.66800000000000e-01 1.45500123346704e-06 2.15679030900159e-08
5.67493333333333e-01 1.42189703441104e-06 2.10900773088705e-08
5.68186666666667e-01 1.38954602234474e-06 2.06228221266830e-08
5.68880000000000e-01 1.35793106075191e-06 2.01659040630010e-08
5.69573333333333e-01 1.32703540299888e-06 1.97190948043604e-08
5.70266666666667e-01 1.29684268348694e-06 1.92821710705080e-08
5.70960000000000e-01 1.26733690895979e-06 1.88549144860719e-08
5.71653333333333e-01 1.23850245003276e-06 1.84371115089769e-08
5.72346666666667e-01 1.21032403293538e-06 1.80285533053671e-08
5.73040000000000e-01 1.18278673139888e-06 1.76290356296148e-08
5.73733333333333e-01 1.15587595875047e-06 1.72383587572019e-08
5.74426666666667e-01 1.12957746020682e-06 1.68563273677762e-08
5.75120000000000e-01 1.10387730530274e-06 1.64827504329585e-08
5.75813333333333e-01 1.07876188051302e-06 1.61174411534123e-08
5.76506666666667e-01 1.05421788205986e-06 1.57602168495081e-08
5.77200000000000e-01 1.03023230884682e-06 1.54108988564201e-08
5.77893333333333e-01 1.00679245557283e-06 1.50693124651261e-08
5.78586666666667e-01 9.83885906019480e-07 1.47352868201852e-08
5.79280000000000e-01 9.61500526456380e-07 1.44086548216515e-08
5.79973333333333e-01 9.39624459214600e-07 1.40892530697610e-08
5.80666666666667e-01 9.18246116421698e-07 1.37769217693592e-08
5.81360000000000e-01 8.97354173847168e-07 1.34715046381909e-08
5.82053333333333e-01 8.76937564904566e-07 1.31728488550442e-08
5.82746666666667e-01 8.56985474804471e-07 1.28808049703968e-08
5.83440000000000e-01 8.37487334810592e-07 1.25952268206673e-08
5.84133333333333e-01 8.18432816642030e-07 1.23159714796028e-08
5.84826666666667e-01 7.99811827016283e-07 1.20428991747390e-08
5.85520000000000e-01 7.81614502288596e-07 1.17758732072268e-08
5.86213333333333e-01 7.63831203227681e-07 1.15147599062611e-08
5.86906666666667e-01 7.46452509922736e-07 1.12594285509779e-08
5.87600000000000e-01 7.29469216780474e-07 1.10097512954936e-08
5.88293333333333e-01 7.12872327649386e-07 1.07656031261864e-08
5.88986666666667e-01 6.96653051066483e-07 1.05268617886770e-08
5.89680000000000e-01 6.80802795588152e-07 1.02934077177415e-08
5.90373333333333e-01 6.65313165239694e-07 1.00651239972692e-08
5.91066666666667e-01 6.50175955079144e-07 9.84189629199555e-09
5.91760000000000e-01 6.35383146839664e-07 9.62361278197331e-09
5.92453333333333e-01 6.20926904682666e-07 9.41016412503924e-09
5.93146666666667e-01 6.06799571057553e-07 9.20144339299071e-09
5.93840000000000e-01 5.92993662634867e-07 8.99734601031878e-09
5.94533333333333e-01 5.79501866342738e-07 8.79776971902808e-09
5.95226666666667e-01 5.66317035502812e-07 8.60261451896822e-09
5.95920000000000e-01 5.53432186034749e-07 8.41178261055187e-09
5.96613333333333e-01 5.40840492757103e-07 8.22517836178140e-09
5.97306666666667e-01 5.28535285781002e-07 8.04270825246513e-09
5.98000000000000e-01 5.16510046967900e-07 7.86428082066092e-09
5.98693333333333e-01 5.04758406477239e-07 7.68980663177220e-09
5.99386666666667e-01 4.93274139400699e-07 7.51919822639673e-09
6.00080000000000e-01 4.82051162456298e-07 7.35237007025413e-09
6.00773333333333e-01 4.71083530766373e-07 7.18923852522197e-09
6.01466666666667e-01 4.60365434716349e-07 7.02972180058048e-09
6.02160000000000e-01 4.49891196869420e-07 6.87373990619785e-09
6.02853333333333e-01 4.39655268959487e-07 6.72121462538534e-09
6.03546666666667e-01 4.29652228959466e-07 6.57206946931710e-09
6.04240000000000e-01 4.19876778201834e-07 6.42622963326173e-09
6.04933333333333e-01 4.10323738572176e-07 6.28362197114307e-09
6.05626666666667e-01 4.00988049773065e-07 6.14417495292819e-09
6.06320000000000e-01 3.91864766636725e-07 6.00781862370748e-09
6.07013333333333e-01 3.82949056505819e-07 5.87448457985443e-09
6.07706666666667e-01 3.74236196679839e-07 5.74410592918900e-09
6.08400000000000e-01 3.65721571907081e-07 5.61661725272084e-09
6.09093333333333e-01 3.57400671940168e-07 5.49195458230833e-09
6.09786666666667e-01 3.49269089152788e-07 5.37005536341688e-09
6.10480000000000e-01 3.41322516199013e-07 5.25085841935206e-09
6.11173333333333e-01 3.33556743731897e-07 5.13430393032419e-09
6.11866666666667e-01 3.25967658179202e-07 5.02033339863281e-09
6.12560000000000e-01 3.18551239558887e-07 4.90888961522788e-09
6.13253333333333e-01 3.11303559349918e-07 4.79991664009194e-09
6.13946666666667e-01 3.04220778416357e-07 4.69335976969294e-09
6.14640000000000e-01 2.97299144968617e-07 4.58916550572197e-09
6.15333333333333e-01 2.90534992576318e-07 4.48728153671086e-09
6.16026666666667e-01 2.83924738230852e-07 4.38765670760571e-09
6.16720000000000e-01 2.77464880442670e-07 4.29024099053976e-09
6.17413333333333e-01 2.71151997386706e-07 4.19498546760887e-09
6.18106666666667e-01 2.64982745094191e-07 4.10184230242773e-09
6.18800000000000e-01 2.58953855676886e-07 4.01076471280565e-09
6.19493333333333e-01 2.53062135596238e-07 3.92170695460724e-09
6.20186666666667e-01 2.47304463975810e-07 3.83462429516240e-09
6.20880000000000e-01 2.41677790944000e-07 3.74947298772140e-09
6.21573333333333e-01 2.36179136018670e-07 3.66621025633283e-09
6.22266666666667e-01 2.30805586532146e-07 3.58479427098647e-09
6.22960000000000e-01 2.25554296084519e-07 3.50518412373185e-09
6.23653333333333e-01 2.20422483036039e-07 3.42733981450990e-09
6.24346666666667e-01 2.15407429037183e-07 3.35122222791594e-09
6.25040000000000e-01 2.10506477585154e-07 3.27679311087346e-09
6.25733333333333e-01 2.05717032616853e-07 3.20401505935969e-09
6.26426666666667e-01 2.01036557137003e-07 3.13285149668327e-09
6.27120000000000e-01 1.96462571870962e-07 3.06326665261193e-09
6.27813333333333e-01 1.91992653951566e-07 2.99522555093604e-09
6.28506666666667e-01 1.87624435638767e-07 2.92869398916223e-09
6.29200000000000e-01 1.83355603062330e-07 2.86363851900064e-09
6.29893333333333e-01 1.79183894996287e-07 2.80002643471364e-09
6.30586666666667e-01 1.75107101663981e-07 2.73782575413311e-09
6.31280000000000e-01 1.71123063564658e-07 2.67700520041908e-09
6.31973333333333e-01 1.67229670329678e-07 2.61753419114408e-09
6.32666666666667e-01 1.63424859607275e-07 2.55938282054819e-09
6.33360000000000e-01 1.59706615967440e-07 2.50252184248595e-09
6.34053333333333e-01 1.56072969834439e-07 2.44692266020038e-09
6.34746666666667e-01 1.52521996445969e-07 2.39255730973512e-09
6.35440000000000e-01 1.49051814831109e-07 2.33939844399226e-09
6.36133333333333e-01 1.45660586814055e-07 2.28741932315285e-09
6.36826666666667e-01 1.42346516042707e-07 2.23659379917064e-09
6.37520000000000e-01 1.39107847034818e-07 2.18689630086860e-09
6.38213333333333e-01 1.35942864248188e-07 2.13830182496508e-09
6.38906666666667e-01 1.32849891174056e-07 2.09078592157883e-09
6.39600000000000e-01 1.29827289446888e-07 2.04432468029668e-09
6.40293333333333e-01 1.26873457976610e-07 1.99889472176727e-09
6.40986666666667e-01 1.23986832102469e-07 1.95447318415132e-09
6.41680000000000e-01 1.21165882762224e-07 1.91103771009731e-09
6.42373333333333e-01 1.18409115682268e-07 1.86856643886711e-09
6.43066666666667e-01 1.15715070587938e-07 1.82703799367000e-09
6.43760000000000e-01 1.13082320428132e-07 1.78643146948713e-09
6.44453333333333e-01 1.10509470619470e-07 1.74672642569551e-09
6.45146666666667e-01 1.07995158309273e-07 1.70790287422825e-09
6.45840000000000e-01 1.05538051651926e-07 1.66994126819266e-09
6.46533333333333e-01 1.03136849103454e-07 1.63282249496113e-09
6.47226666666667e-01 1.00790278733674e-07 1.59652786510372e-09
6.47920000000000e-01 9.84970975508362e-08 1.56103910174823e-09
6.48613333333333e-01 9.62560908432631e-08 1.52633833410863e-09
6.49306666666667e-01 9.40660715373885e-08 1.49240808713969e-09
6.50000000000000e-01 9.19258795674561e-08 1.45923127159060e-09
6.50693333333333e-01 8.98343812610836e-08 1.42679117794342e-09
6.51386666666667e-01 8.77904687401251e-08 1.39507146674270e-09
6.52080000000000e-01 8.57930593324240e-08 1.36405615929746e-09
6.52773333333333e-01 8.38410949983698e-08 1.33372963200392e-09
6.53466666666667e-01 8.19335417717269e-08 1.30407660730592e-09
6.54160000000000e-01 8.00693892106373e-08 1.27508214500331e-09
6.54853333333333e-01 7.82476498624338e-08 1.24673163693440e-09
6.55546666666667e-01 7.64673587417703e-08 1.21901079852640e-09
6.56240000000000e-01 7.47275728182543e-08 1.19190566067040e-09
6.56933333333333e-01 7.30273705169654e-08 1.16540256474114e-09
6.57626666666667e-01 7.13658512313980e-08 1.13948815469875e-09
6.58320000000000e-01 6.97421348452804e-08 1.11414936949360e-09
6.59013333333333e-01 6.81553612664154e-08 1.08937343840199e-09
6.59706666666667e-01 6.66046899721141e-08 1.06514787364335e-09
6.60400000000000e-01 6.50892995629200e-08 1.04146046328036e-09
6.61093333333333e-01 6.36083873275493e-08 1.01829926685066e-09
6.61786666666667e-01 6.21611688186478e-08 9.95652608465859e-10
6.62480000000000e-01 6.07468774362912e-08 9.73509070174723e-10
6.63173333333333e-01 5.93647640219505e-08 9.51857487872151e-10
6.63866666666667e-01 5.80140964625495e-08 9.30686944848616e-10
6.64560000000000e-01 5.66941593017542e-08 9.09986765586228e-10
6.65253333333333e-01 5.54042533610270e-08 8.89746511927455e-10
6.65946666666667e-01 5.41436953700964e-08 8.69955977045625e-10
6.66640000000000e-01 5.29118176041827e-08 8.50605179645688e-10
6.67333333333333e-01 5.17079675303324e-08 8.31684360376247e-10
6.68026666666667e-01 5.05315074625393e-08 8.13183976193677e-10
6.68720000000000e-01 4.93818142231746e-08 7.95094694941182e-10
6.69413333333333e-01 4.82582788129165e-08 7.77407391988767e-10
6.70106666666667e-01 4.71603060888771e-08 7.60113144965310e-10
6.70800000000000e-01 4.60873144486226e-08 7.43203228691268e-10
6.71493333333333e-01 4.50387355221234e-08 7.26669112032172e-10
6.72186666666667e-01 4.40140138713529e-08 7.10502452974617e-10
6.72880000000000e-01 4.30126066953898e-08 6.94695093889605e-10
6.73573333333333e-01 4.20339835429201e-08 6.79239058586036e-10
6.74266666666667e-01 4.10776260318748e-08 6.64126547708204e-10
6.74960000000000e-01 4.01430275742089e-08 6.49349934308215e-10
6.75653333333333e-01 3.92296931075826e-08 6.34901761086837e-10
6.76346666666667e-01 3.83371388337025e-08 6.20774736091498e-10
6.77040000000000e-01 3.74648919614634e-08 6.06961728577611e-10
6.77733333333333e-01 3.66124904565302e-08 5.93455766424957e-10
6.78426666666667e-01 3.57794827971343e-08 5.80250032116599e-10
6.79120000000000e-01 3.49654277343526e-08 5.67337858870264e-10
6.79813333333333e-01 3.41698940583968e-08 5.54712728219117e-10
6.80506666666667e-01 3.33924603706998e-08 5.42368266253286e-10
6.81200000000000e-01 3.26327148601892e-08 5.30298240003706e-10
6.81893333333333e-01 3.18902550851690e-08 5.18496555176852e-10
6.82586666666667e-01 3.11646877606086e-08 5.06957252641731e-10
6.83280000000000e-01 3.04556285493452e-08 4.95674505049732e-10
6.83973333333333e-01 2.97627018585161e-08 4.84642614713585e-10
6.84666666666667e-01 2.90855406410377e-08 4.73856010323794e-10
6.85360000000000e-01 2.84237862007389e-08 4.63309243789098e-10
6.86053333333333e-01 2.77770880023748e-08 4.52996988250491e-10
6.86746666666667e-01 2.71451034863483e-08 4.42914035012143e-10
6.87440000000000e-01 2.65274978868458e-08 4.33055290588105e-10
6.88133333333333e-01 2.59239440545248e-08 4.23415774842808e-10
6.88826666666667e-01 2.53341222835964e-08 4.13990618122477e-10
6.89520000000000e-01 2.47577201420940e-08 4.04775058494627e-10
6.90213333333333e-01 2.41944323063913e-08 3.95764440007012e-10
6.90906666666667e-01 2.36439603998192e-08 3.86954210006450e-10
6.91600000000000e-01 2.31060128342594e-08 3.78339916558549e-10
6.92293333333333e-01 2.25803046557023e-08 3.69917206817583e-10
6.92986666666667e-01 2.20665573936300e-08 3.61681824520487e-10
6.93680000000000e-01 2.15644989131784e-08 3.53629607575060e-10
6.94373333333333e-01 2.10738632709990e-08 3.45756486533733e-10
6.95066666666667e-01 2.05943905746894e-08 3.38058482251311e-10
6.95760000000000e-01 2.01258268448190e-08 3.30531703630634e-10
6.96453333333333e-01 1.96679238804074e-08 3.23172346193673e-10
6.97146666666667e-01 1.92204391277313e-08 3.15976689892302e-10
6.97840000000000e-01 1.87831355515572e-08 3.08941097001161e-10
6.98533333333333e-01 1.83557815095932e-08 3.02062010779899e-10
6.99226666666667e-01 1.79381506300483e-08 2.95335953426981e-10
6.99920000000000e-01 1.75300216914564e-08 2.88759524110155e-10
7.00613333333333e-01 1.71311785055039e-08 2.82329397714029e-10
7.01306666666667e-01 1.67414098027574e-08 2.76042322927600e-10
7.02000000000000e-01 1.63605091205049e-08 2.69895120403345e-10
7.02693333333333e-01 1.59882746934018e-08 2.63884681584710e-10
7.03386666666667e-01 1.56245093468203e-08 2.58007966918617e-10
7.04080000000000e-01 1.52690203921754e-08 2.52262004134793e-10
7.04773333333333e-01 1.49216195248648e-08 2.46643887148094e-10
7.05466666666667e-01 1.45821227247342e-08 2.41150774387827e-10
7.06160000000000e-01 1.42503501583863e-08 2.35779887189466e-10
7.06853333333333e-01 1.39261260839303e-08 2.30528508767053e-10
7.07546666666667e-01 1.36092787580867e-08 2.25393982651722e-10
7.08240000000000e-01 1.32996403450142e-08 2.20373711188460e-10
7.08933333333333e-01 1.29970468274141e-08 2.15465154574126e-10
7.09626666666667e-01 1.27013379198320e-08 2.10665829398036e-10
7.10320000000000e-01 1.24123569835676e-08 2.05973307236930e-10
7.11013333333333e-01 1.21299509437101e-08 2.01385213754417e-10
7.11706666666667e-01 1.18539702082230e-08 1.96899227336972e-10
7.12400000000000e-01 1.15842685885319e-08 1.92513077780690e-10
7.13093333333333e-01 1.13207032220939e-08 1.88224545448256e-10
7.13786666666667e-01 1.10631344968812e-08 1.84031459994118e-10
7.14480000000000e-01 1.08114259772663e-08 1.79931699137025e-10
7.15173333333333e-01 1.05654443317583e-08 1.75923187870880e-10
7.15866666666667e-01 1.03250592625229e-08 1.72003897273253e-10
7.16560000000000e-01 1.00901434362136e-08 1.68171843358111e-10
7.17253333333333e-01 9.86057241652844e-09 1.64425086337113e-10
7.17946666666667e-01 9.63622459843209e-09 1.60761729506010e-10
7.18640000000000e-01 9.41698114360180e-09 1.57179918172362e-10
7.19333333333333e-01 9.20272591748351e-09 1.53677838964039e-10
7.20026666666667e-01 8.99334542790205e-09 1.50253718788444e-10
7.20720000000000e-01 8.78872876481424e-09 1.46905823830288e-10
7.21413333333333e-01 8.58876754156420e-09 1.43632458904307e-10
7.22106666666667e-01 8.39335583758880e-09 1.40431966482549e-10
7.22800000000000e-01 8.20239014219051e-09 1.37302725757634e-10
7.23493333333333e-01 8.01576929971183e-09 1.34243152036875e-10
7.24186666666667e-01 7.83339445606282e-09 1.31251695833169e-10
7.24880000000000e-01 7.65516900624546e-09 1.28326841989474e-10
7.25573333333333e-01 7.48099854318572e-09 1.25467109111698e-10
7.26266666666667e-01 7.31079080782825e-09 1.22671048719034e-10
7.26960000000000e-01 7.14445564016187e-09 1.19937244425659e-10
7.27653333333333e-01 6.98190493146539e-09 1.17264311409909e-10
7.28346666666667e-01 6.82305257773136e-09 1.14650895620181e-10
7.29040000000000e-01 6.66781443395922e-09 1.12095673010122e-10
7.29733333333333e-01 6.51610826958699e-09 1.09597349041774e-10
7.30426666666667e-01 6.36785372502211e-09 1.07154657943413e-10
7.31120000000000e-01 6.22297226898417e-09 1.04766361994726e-10
7.31813333333333e-01 6.08138715690996e-09 1.02431251061764e-10
7.32506666666667e-01 5.94302339038409e-09 1.00148141903322e-10
7.33200000000000e-01 5.80780767732788e-09 9.79158775028496e-11
7.33893333333333e-01 5.67566839317934e-09 9.57333266331707e-11
7.34586666666667e-01 5.54653554303021e-09 9.35993832082374e-11
7.35280000000000e-01 5.42034072447101e-09 9.15129656587140e-11
7.35973333333333e-01 5.29701709136093e-09 8.94730165245755e-11
7.36666666666667e-01 5.17649931849067e-09 8.74785018492636e-11
7.37360000000000e-01 5.05872356690647e-09 8.55284105960953e-11
7.38053333333333e-01 4.94362745009710e-09 8.36217542669554e-11
7.38746666666667e-01 4.83115000101397e-09 8.17575663360830e-11
7.39440000000000e-01 4.72123163970887e-09 7.99349017046377e-11
7.40133333333333e-01 4.61381414177663e-09 7.81528363438215e-11
7.40826666666667e-01 4.50884060757545e-09 7.64104667657107e-11
7.41520000000000e-01 4.40625543202373e-09 7.47069095134809e-11
7.42213333333333e-01 4.30600427514819e-09 7.30413008273999e-11
7.42906666666667e-01 4.20803403335738e-09 7.14127961502801e-11
7.43600000000000e-01 4.11229281125378e-09 6.98205696510356e-11
7.44293333333333e-01 4.01872989414668e-09 6.82638139120842e-11
7.44986666666667e-01 3.92729572124216e-09 6.67417394671586e-11
7.45680000000000e-01 3.83794185933576e-09 6.52535743560185e-11
7.46373333333333e-01 3.75062097715925e-09 6.37985638318899e-11
7.47066666666667e-01 3.66528682035901e-09 6.23759699295182e-11
7.47760000000000e-01 3.58189418694403e-09 6.09850710490040e-11
7.48453333333333e-01 3.50039890334404e-09 5.96251616820004e-11
7.49146666666667e-01 3.42075780105714e-09 5.82955520080292e-11
7.49840000000000e-01 3.34292869373584e-09 5.69955675055330e-11
7.50533333333333e-01 3.26687035484255e-09 5.57245486956332e-11
7.51226666666667e-01 3.19254249585496e-09 5.44818507648646e-11
7.51920000000000e-01 3.11990574488096e-09 5.32668432016650e-11
7.52613333333333e-01 3.04892162580481e-09 5.20789095565694e-11
7.53306666666667e-01 2.97955253794642e-09 5.09174470896331e-11
7.54000000000000e-01 2.91176173610312e-09 4.97818664306998e-11
7.54693333333333e-01 2.84551331108707e-09 4.86715913549786e-11
7.55386666666667e-01 2.78077217074146e-09 4.75860584535447e-11
7.56080000000000e-01 2.71750402131388e-09 4.65247168158278e-11
7.56773333333333e-01 2.65567534929220e-09 4.54870278195893e-11
7.57466666666667e-01 2.59525340368717e-09 4.44724648229914e-11
7.58160000000000e-01 2.53620617864854e-09 4.34805128678539e-11
7.58853333333333e-01 2.47850239651276e-09 4.25106684831118e-11
7.59546666666667e-01 2.42211149126753e-09 4.15624393970376e-11
7.60240000000000e-01 2.36700359232773e-09 4.06353442599121e-11
7.60933333333333e-01 2.31314950871414e-09 3.97289124601002e-11
7.61626666666667e-01 2.26052071362098e-09 3.88426838551087e-11
7.62320000000000e-01 2.20908932927444e-09 3.79762085123999e-11
7.63013333333333e-01 2.15882811216676e-09 3.71290465372768e-11
7.63706666666667e-01 2.10971043865342e-09 3.63007678215470e-11
7.64400000000000e-01 2.06171029082176e-09 3.54909518012931e-11
7.65093333333333e-01 2.01480224271031e-09 3.46991872958112e-11
7.65786666666667e-01 1.96896144686665e-09 3.39250722727266e-11
7.66480000000000e-01 1.92416362115898e-09 3.31682136216137e-11
7.67173333333333e-01 1.88038503591476e-09 3.24282270032821e-11
7.67866666666667e-01 1.83760250137534e-09 3.17047366302668e-11
7.68560000000000e-01 1.79579335538744e-09 3.09973750552612e-11
7.69253333333333e-01 1.75493545139981e-09 3.03057830300844e-11
7.69946666666667e-01 1.71500714675478e-09 2.96296093005450e-11
7.70640000000000e-01 1.67598729120097e-09 2.89685104087175e-11
7.71333333333333e-01 1.63785521569076e-09 2.83221505609702e-11
7.72026666666667e-01 1.60059072145287e-09 2.76902014362608e-11
7.72720000000000e-01 1.56417406927155e-09 2.70723420013531e-11
7.73413333333333e-01 1.52858596903134e-09 2.64682583873250e-11
7.74106666666667e-01 1.49380756951874e-09 2.58776437104157e-11
7.74800000000000e-01 1.45982044841659e-09 2.53001978993365e-11
7.75493333333333e-01 1.42660660254639e-09 2.47356275797142e-11
7.76186666666667e-01 1.39414843835030e-09 2.41836459066722e-11
7.76880000000000e-01 1.36242876255305e-09 2.36439724034418e-11
7.77573333333333e-01 1.33143077305535e-09 2.31163328532352e-11
7.78266666666667e-01 1.30113805005068e-09 2.26004591427888e-11
7.78960000000000e-01 1.27153454731040e-09 2.20960891115376e-11
7.79653333333333e-01 1.24260458368453e-09 2.16029664504409e-11
7.80346666666667e-01 1.21433283481132e-09 2.11208405557717e-11
7.81040000000000e-01 1.18670432498367e-09 2.06494663881636e-11
7.81733333333333e-01 1.15970441921701e-09 2.01886043779425e-11
7.82426666666667e-01 1.13331881551190e-09 1.97380202884912e-11
7.83120000000000e-01 1.10753353726312e-09 1.92974850845225e-11
7.83813333333333e-01 1.08233492585676e-09 1.88667748435011e-11
7.84506666666667e-01 1.05770963344894e-09 1.84456706279559e-11
7.85200000000000e-01 1.03364461588141e-09 1.80339583623767e-11
7.85893333333333e-01 1.01012712577250e-09 1.76314287503338e-11
7.86586666666667e-01 9.87144705777581e-10 1.72378771551545e-11
7.87280000000000e-01 9.64685181977298e-10 1.68531034848780e-11
7.87973333333333e-01 9.42736657429515e-10 1.64769121147075e-11
7.88666666666667e-01 9.21287505879322e-10 1.61091117755031e-11
7.89360000000000e-01 9.00326365588443e-10 1.57495154462679e-11
7.90053333333333e-01 8.79842133317323e-10 1.53979402815904e-11
7.90746666666667e-01 8.59823958454764e-10 1.50542075074422e-11
7.91440000000000e-01 8.40261237259027e-10 1.47181423207025e-11
7.92133333333333e-01 8.21143607241406e-10 1.43895738212712e-11
7.92826666666667e-01 8.02460941687467e-10 1.40683349146916e-11
7.93520000000000e-01 7.84203344282396e-10 1.37542622182545e-11
7.94213333333333e-01 7.66361143869254e-10 1.34471959974810e-11
7.94906666666667e-01 7.48924889335723e-10 1.31469800751243e-11
7.95600000000000e-01 7.31885344598034e-10 1.28534617434219e-11
7.96293333333333e-01 7.15233483708933e-10 1.25664917046680e-11
7.96986666666667e-01 6.98960486085530e-10 1.22859239861771e-11
7.97680000000000e-01 6.83057731827894e-10 1.20116158582817e-11
7.98373333333333e-01 6.67516797153396e-10 1.17434277787317e-11
7.99066666666667e-01 6.52329449942902e-10 1.14812233132289e-11
7.99760000000000e-01 6.37487645371716e-10 1.12248690587952e-11
8.00453333333333e-01 6.22983521648516e-10 1.09742345917526e-11
8.01146666666667e-01 6.08809395858663e-10 1.07291923934643e-11
8.01840000000000e-01 5.94957759886642e-10 1.04896177787214e-11
8.02533333333333e-01 5.81421276439280e-10 1.02553888470732e-11
8.03226666666667e-01 5.68192775166340e-10 1.00263864134349e-11
8.03920000000000e-01 5.55265248855027e-10 9.80249394116352e-12
8.04613333333333e-01 5.42631849718502e-10 9.58359749652453e-12
8.05306666666667e-01 5.30285885775285e-10 9.36958568384590e-12
8.06000000000000e-01 5.18220817297651e-10 9.16034958297732e-12
8.06693333333333e-01 5.06430253347762e-10 8.95578270669094e-12
8.07386666666667e-01 4.94907948398598e-10 8.75578094008433e-12
8.08080000000000e-01 4.83647799019315e-10 8.56024248213640e-12
8.08773333333333e-01 4.72643840642467e-10 8.36906780585319e-12
8.09466666666667e-01 4.61890244410358e-10 8.18215960164172e-12
8.10160000000000e-01 4.51381314081548e-10 7.99942272269457e-12
8.10853333333333e-01 4.41111483013753e-10 7.82076414770401e-12
8.11546666666667e-01 4.31075311220572e-10 7.64609292794730e-12
8.12240000000000e-01 4.21267482484395e-10 7.47532013624831e-12
8.12933333333333e-01 4.11682801540585e-10 7.30835883209520e-12
8.13626666666667e-01 4.02316191330552e-10 7.14512401219400e-12
8.14320000000000e-01 3.93162690307287e-10 6.98553256277349e-12
8.15013333333333e-01 3.84217449807400e-10 6.82950322695213e-12
8.15706666666667e-01 3.75475731487442e-10 6.67695655853202e-12
8.16400000000000e-01 3.66932904809214e-10 6.52781487742842e-12
8.17093333333333e-01 3.58584444587124e-10 6.38200223914115e-12
8.17786666666667e-01 3.50425928595540e-10 6.23944439157685e-12
8.18480000000000e-01 3.42453035221873e-10 6.10006873339870e-12
8.19173333333333e-01 3.34661541177560e-10 5.96380428546649e-12
8.19866666666667e-01 3.27047319265037e-10 5.83058165048909e-12
8.20560000000000e-01 3.19606336187401e-10 5.70033297410310e-12
8.21253333333333e-01 3.12334650412110e-10 5.57299191815494e-12
8.21946666666667e-01 3.05228410086915e-10 5.44849362299851e-12
8.22640000000000e-01 2.98283850995665e-10 5.32677467112329e-12
8.23333333333333e-01 2.91497294564530e-10 5.20777306216050e-12
8.24026666666667e-01 2.84865145916961e-10 5.09142817765218e-12
8.24720000000000e-01 2.78383891965879e-10 4.97768074706251e-12
8.25413333333333e-01 2.72050099552919e-10 4.86647282439668e-12
8.26106666666667e-01 2.65860413633135e-10 4.75774775527924e-12
8.26800000000000e-01 2.59811555494490e-10 4.65145014519286e-12
8.27493333333333e-01 2.53900321021225e-10 4.54752583760592e-12
8.28186666666667e-01 2.48123578999677e-10 4.44592188320918e-12
8.28880000000000e-01 2.42478269456552e-10 4.34658651023588e-12
8.29573333333333e-01 2.36961402038161e-10 4.24946910400068e-12
8.30266666666667e-01 2.31570054429253e-10 4.15452017815357e-12
8.30960000000000e-01 2.26301370802159e-10 4.06169134694484e-12
8.31653333333333e-01 2.21152560304156e-10 3.97093530608483e-12
8.32346666666667e-01 2.16120895581782e-10 3.88220580588244e-12
8.33040000000000e-01 2.11203711333451e-10 3.79545762532760e-12
8.33733333333333e-01 2.06398402897731e-10 3.71064655418697e-12
8.34426666666667e-01 2.01702424876103e-10 3.62772936790355e-12
8.35120000000000e-01 1.97113289782149e-10 3.54666380337774e-12
8.35813333333333e-01 1.92628566724006e-10 3.46740854221909e-12
8.36506666666667e-01 1.88245880119005e-10 3.38992318729163e-12
8.37200000000000e-01 1.83962908432982e-10 3.31416824008250e-12
8.37893333333333e-01 1.79777382950635e-10 3.24010508503507e-12
8.38586666666667e-01 1.75687086575909e-10 3.16769596763231e-12
8.39280000000000e-01 1.71689852655416e-10 3.09690397324871e-12
8.39973333333333e-01 1.67783563830833e-10 3.02769301249526e-12
8.40666666666667e-01 1.63966150919309e-10 2.96002780074015e-12
8.41360000000000e-01 1.60235591815386e-10 2.89387383834675e-12
8.42053333333333e-01 1.56589910419963e-10 2.82919739696524e-12
8.42746666666667e-01 1.53027175595387e-10 2.76596550039630e-12
8.43440000000000e-01 1.49545500140641e-10 2.70414590612457e-12
8.44133333333333e-01 1.46143039791756e-10 2.64370709249579e-12
8.44826666666667e-01 1.42817992246616e-10 2.58461824083553e-12
8.45520000000000e-01 1.39568596208516e-10 2.52684921819312e-12
8.46213333333333e-01 1.36393130453263e-10 2.47037056534739e-12
8.46906666666667e-01 1.33289912919032e-10 2.41515348009801e-12
8.47600000000000e-01 1.30257299813745e-10 2.36116980114078e-12
8.48293333333333e-01 1.27293684744404e-10 2.30839199684832e-12
8.48986666666667e-01 1.24397497867668e-10 2.25679314965732e-12
8.49680000000000e-01 1.21567205056782e-10 2.20634694100096e-12
8.50373333333333e-01 1.18801307088998e-10 2.15702764081468e-12
8.51066666666667e-01 1.16098338852820e-10 2.10881009294755e-12
8.51760000000000e-01 1.13456868570511e-10 2.06166970108239e-12
8.52453333333333e-01 1.10875497039729e-10 2.01558241891988e-12
8.53146666666667e-01 1.08352856893654e-10 1.97052473654695e-12
8.53840000000000e-01 1.05887611875371e-10 1.92647366727993e-12
8.54533333333333e-01 1.03478456130096e-10 1.88340673848325e-12
8.55226666666667e-01 1.01124113514666e-10 1.84130197883195e-12
8.55920000000000e-01 9.88233369203303e-11 1.80013790601759e-12
8.56613333333333e-01 9.65749076121974e-11 1.75989351816049e-12
8.57306666666667e-01 9.43776345847881e-11 1.72054828190780e-12
8.58000000000000e-01 9.22303539300111e-11 1.68208212094550e-12
8.58693333333333e-01 9.01319282206782e-11 1.64447540796597e-12
8.59386666666667e-01 8.80812459090477e-11 1.60770895354681e-12
8.60080000000000e-01 8.60772207369688e-11 1.57176399541621e-12
8.60773333333333e-01 8.41187911605257e-11 1.53662219093992e-12
8.61466666666667e-01 8.22049197887041e-11 1.50226560672970e-12
8.62160000000000e-01 8.03345928328908e-11 1.46867670861250e-12
8.62853333333333e-01 7.85068195699020e-11 1.43583835460355e-12
8.63546666666667e-01 7.67206318180967e-11 1.40373378519634e-12
8.64240000000000e-01 7.49750834236057e-11 1.37234661398980e-12
8.64933333333333e-01 7.32692497591833e-11 1.34166082111578e-12
8.65626666666667e-01 7.16022272352701e-11 1.31166074416625e-12
8.66320000000000e-01 6.99731328204996e-11 1.28233106943505e-12
8.67013333333333e-01 6.83811035739845e-11 1.25365682577059e-12
8.67706666666667e-01 6.68252961889964e-11 1.22562337609829e-12
8.68400000000000e-01 6.53048865454641e-11 1.19821640923681e-12
8.69093333333333e-01 6.38190692734631e-11 1.17142193414849e-12
8.69786666666667e-01 6.23670573273369e-11 1.14522627201795e-12
8.70480000000000e-01 6.09480815680519e-11 1.11961604860518e-12
8.71173333333333e-01 5.95613903558089e-11 1.09457818886794e-12
8.71866666666667e-01 5.82062491525747e-11 1.07009990956020e-12
8.72560000000000e-01 5.68819401323027e-11 1.04616871208670e-12
8.73253333333333e-01 5.55877618007219e-11 1.02277237747347e-12
8.73946666666667e-01 5.43230286243853e-11 9.99898959451951e-13
8.74640000000000e-01 5.30870706668952e-11 9.77536777782171e-13
8.75333333333333e-01 5.18792332340582e-11 9.55674413548824e-13
8.76026666666667e-01 5.06988765276804e-11 9.34300702699258e-13
8.76720000000000e-01 4.95453753060626e-11 9.13404729804609e-13
8.77413333333333e-01 4.84181185528297e-11 8.92975823660354e-13
8.78106666666667e-01 4.73165091538205e-11 8.73003551248381e-13
8.78800000000000e-01 4.62399635802351e-11 8.53477711907368e-13
8.79493333333333e-01 4.51879115795576e-11 8.34388333218151e-13
8.80186666666667e-01 4.41597958740016e-11 8.15725665362077e-13
8.80880000000000e-01 4.31550718647969e-11 7.97480175673791e-13
8.81573333333333e-01 4.21732073437327e-11 7.79642544793028e-13
8.82266666666667e-01 4.12136822117198e-11 7.62203661393208e-13
8.82960000000000e-01 4.02759882028072e-11 7.45154617091587e-13
8.83653333333333e-01 3.93596286149695e-11 7.28486702850250e-13
8.84346666666667e-01 3.84641180474440e-11 7.12191404050636e-13
8.85040000000000e-01 3.75889821431606e-11 6.96260395737671e-13
8.85733333333333e-01 3.67337573374899e-11 6.80685539253832e-13
8.86426666666667e-01 3.58979906131024e-11 6.65458877636936e-13
8.87120000000000e-01 3.50812392595837e-11 6.50572631176305e-13
8.87813333333333e-01 3.42830706389438e-11 6.36019194264826e-13
8.88506666666667e-01 3.35030619568314e-11 6.21791131098851e-13
8.89200000000000e-01 3.27408000381857e-11 6.07881171525920e-13
8.89893333333333e-01 3.19958811083910e-11 5.94282208100704e-13
8.90586666666667e-01 3.12679105797525e-11 5.80987292067193e-13
8.91280000000000e-01 3.05565028421172e-11 5.67989629478850e-13
8.91973333333333e-01 2.98612810586279e-11 5.55282578445319e-13
8.92666666666667e-01 2.91818769664439e-11 5.42859645378314e-13
8.93360000000000e-01 2.85179306813315e-11 5.30714481366368e-13
8.94053333333333e-01 2.78690905070440e-11 5.18840879599923e-13
8.94746666666667e-01 2.72350127493364e-11 5.07232771863671e-13
8.95440000000000e-01 2.66153615335937e-11 4.95884225149184e-13
8.96133333333333e-01 2.60098086269277e-11 4.84789439246853e-13
8.96826666666667e-01 2.54180332645994e-11 4.73942743468514e-13
8.97520000000000e-01 2.48397219798146e-11 4.63338593482341e-13
8.98213333333333e-01 2.42745684376895e-11 4.52971569060848e-13
8.98906666666667e-01 2.37222732732528e-11 4.42836371018677e-13
8.99600000000000e-01 2.31825439325968e-11 4.32927818255204e-13
9.00293333333333e-01 2.26550945179205e-11 4.23240845648502e-13
9.00986666666667e-01 2.21396456363380e-11 4.13770501194160e-13
9.01680000000000e-01 2.16359242516286e-11 4.04511943241976e-13
9.02373333333333e-01 2.11436635396169e-11 3.95460438526431e-13
9.03066666666667e-01 2.06626027470685e-11 3.86611359493372e-13
9.03760000000000e-01 2.01924870533298e-11 3.77960181718056e-13
9.04453333333333e-01 1.97330674353577e-11 3.69502482063301e-13
9.05146666666667e-01 1.92841005360274e-11 3.61233936181679e-13
9.05840000000000e-01 1.88453485350043e-11 3.53150316103027e-13
9.06533333333333e-01 1.84165790227775e-11 3.45247488512020e-13
9.07226666666667e-01 1.79975648777534e-11 3.37521412414370e-13
9.07920000000000e-01 1.75880841457428e-11 3.29968136882674e-13
9.08613333333333e-01 1.71879199223980e-11 3.22583799445669e-13
9.09306666666667e-01 1.67968602385057e-11 3.15364623907678e-13
9.10000000000000e-01 1.64146979475145e-11 3.08306918242403e-13
9.10693333333333e-01 1.60412306158156e-11 3.01407073086657e-13
9.11386666666667e-01 1.56762604156874e-11 2.94661559702969e-13
9.12080000000000e-01 1.53195940203274e-11 2.88066928011650e-13
9.12773333333333e-01 1.49710425014523e-11 2.81619805182196e-13
9.13466666666667e-01 1.46304212293851e-11 2.75316893729693e-13
9.14160000000000e-01 1.42975497750896e-11 2.69154969676065e-13
9.14853333333333e-01 1.39722518146028e-11 2.63130881232827e-13
9.15546666666667e-01 1.36543550357865e-11 2.57241547022505e-13
9.16240000000000e-01 1.33436910468987e-11 2.51483954360591e-13
9.16933333333333e-01 1.30400952874012e-11 2.45855158023744e-13
9.17626666666667e-01 1.27434069409322e-11 2.40352278588010e-13
9.18320000000000e-01 1.24534688499778e-11 2.34972500823559e-13
9.19013333333333e-01 1.21701274326293e-11 2.29713072542803e-13
9.19706666666667e-01 1.18932326013629e-11 2.24571303047753e-13
9.20400000000000e-01 1.16226376834025e-11 2.19544561630137e-13
9.21093333333333e-01 1.13581993430322e-11 2.14630276494252e-13
9.21786666666667e-01 1.10997775057927e-11 2.09825933306302e-13
9.22480000000000e-01 1.08472352841586e-11 2.05129073792976e-13
9.23173333333333e-01 1.06004389050333e-11 2.00537294734198e-13
9.23866666666667e-01 1.03592576390024e-11 1.96048246607745e-13
9.24560000000000e-01 1.01235637309697e-11 1.91659632279832e-13
9.25253333333333e-01 9.89323233248916e-12 1.87369206063234e-13
9.25946666666667e-01 9.66814143573818e-12 1.83174772450913e-13
9.26640000000000e-01 9.44817180878125e-12 1.79074184892591e-13
9.27333333333333e-01 9.23320693241630e-12 1.75065344913985e-13
9.28026666666667e-01 9.02313293855285e-12 1.71146200933626e-13
9.28720000000000e-01 8.81783854979477e-12 1.67314747119755e-13
9.29413333333333e-01 8.61721502049984e-12 1.63569022566736e-13
9.30106666666667e-01 8.42115607926882e-12 1.59907110189576e-13
9.30800000000000e-01 8.22955787255911e-12 1.56327135655896e-13
9.31493333333333e-01 8.04231890967655e-12 1.52827266615795e-13
9.32186666666667e-01 7.85934000910109e-12 1.49405711668993e-13
9.32880000000000e-01 7.68052424586250e-12 1.46060719366929e-13
9.33573333333333e-01 7.50577690020197e-12 1.42790577492628e-13
9.34266666666667e-01 7.33500540747850e-12 1.39593612095687e-13
9.34960000000000e-01 7.16811930905565e-12 1.36468186559904e-13
9.35653333333333e-01 7.00503020438807e-12 1.33412700929900e-13
9.36346666666667e-01 6.84565170426984e-12 1.30425591009503e-13
9.37040000000000e-01 6.68989938499782e-12 1.27505327490599e-13
9.37733333333333e-01 6.53769074365490e-12 1.24650415323481e-13
9.38426666666667e-01 6.38894515447701e-12 1.21859392874470e-13
9.39120000000000e-01 6.24358382607480e-12 1.19130831111964e-13
9.39813333333333e-01 6.10152975969997e-12 1.16463333017688e-13
9.40506666666667e-01 5.96270770852329e-12 1.13855532799646e-13
9.41200000000000e-01 5.82704413771022e-12 1.11306095131632e-13
9.41893333333333e-01 5.69446718547162e-12 1.08813714602715e-13
9.42586666666667e-01 5.56490662505827e-12 1.06377114981898e-13
9.43280000000000e-01 5.43829382750027e-12 1.03995048507581e-13
9.43973333333333e-01 5.31456172525619e-12 1.01666295372792e-13
9.44666666666667e-01 5.19364477674304e-12 9.93896630381677e-14
9.45360000000000e-01 5.07547893156157e-12 9.71639855680805e-14
9.46053333333333e-01 4.96000159657060e-12 9.49881231493094e-14
9.46746666666667e-01 4.84715160278325e-12 9.28609614491564e-14
9.47440000000000e-01 4.73686917291233e-12 9.07814109951768e-14
9.48133333333333e-01 4.62909588970801e-12 8.87484067251245e-14
9.48826666666667e-01 4.52377466506248e-12 8.67609073872436e-14
9.49520000000000e-01 4.42084970972063e-12 8.48178949607368e-14
9.50213333333333e-01 4.32026650373007e-12 8.29183742349490e-14
9.50906666666667e-01 4.22197176760685e-12 8.10613722490674e-14
9.51600000000000e-01 4.12591343406703e-12 7.92459377506552e-14
9.52293333333333e-01 4.03204062044809e-12 7.74711408021803e-14
9.52986666666667e-01 3.94030360179823e-12 7.57360722575316e-14
9.53680000000000e-01 3.85065378449397e-12 7.40398432561216e-14
9.54373333333333e-01 3.76304368050143e-12 7.23815848549801e-14
9.55066666666667e-01 3.67742688226093e-12 7.07604475396714e-14
9.55760000000000e-01 3.59375803806474e-12 6.91756007516302e-14
9.56453333333333e-01 3.51199282803555e-12 6.76262325441640e-14
9.57146666666667e-01 3.43208794068650e-12 6.61115491255118e-14
9.57840000000000e-01 3.35400104994174e-12 6.46307744172277e-14
9.58533333333333e-01 3.27769079271745e-12 6.31831497325449e-14
9.59226666666667e-01 3.20311674704561e-12 6.17679333494567e-14
9.59920000000000e-01 3.13023941062769e-12 6.03844000981167e-14
9.60613333333333e-01 3.05902017991137e-12 5.90318410601074e-14
9.61306666666667e-01 2.98942132967368e-12 5.77095631695788e-14
9.62000000000000e-01 2.92140599300558e-12 5.64168888277531e-14
9.62693333333333e-01 2.85493814178452e-12 5.51531556217443e-14
9.63386666666667e-01 2.78998256761969e-12 5.39177159519110e-14
9.64080000000000e-01 2.72650486317195e-12 5.27099366716849e-14
9.64773333333333e-01 2.66447140392914e-12 5.15291988246723e-14
9.65466666666667e-01 2.60384933042257e-12 5.03748972964976e-14
9.66160000000000e-01 2.54460653079316e-12 4.92464404782971e-14
9.66853333333333e-01 2.48671162378270e-12 4.81432500209106e-14
9.67546666666667e-01 2.43013394213662e-12 4.70647605096090e-14
9.68240000000000e-01 2.37484351633334e-12 4.60104191496969e-14
9.68933333333333e-01 2.32081105871025e-12 4.49796855366889e-14
9.69626666666667e-01 2.26800794797372e-12 4.39720313524156e-14
9.70320000000000e-01 2.21640621401397e-12 4.29869400712855e-14
9.71013333333333e-01 2.16597852309009e-12 4.20239067454024e-14
9.71706666666667e-01 2.11669816337342e-12 4.10824377206486e-14
9.72400000000000e-01 2.06853903077554e-12 4.01620503622472e-14
9.73093333333333e-01 2.02147561512169e-12 3.92622728538547e-14
9.73786666666667e-01 1.97548298665852e-12 3.83826439323070e-14
9.74480000000000e-01 1.93053678282768e-12 3.75227126312133e-14
9.75173333333333e-01 1.88661319536161e-12 3.66820380931166e-14
9.75866666666667e-01 1.84368895769142e-12 3.58601893216760e-14
9.76560000000000e-01 1.80174133260291e-12 3.50567449421091e-14
9.77253333333333e-01 1.76074810019327e-12 3.42712930255706e-14
9.77946666666667e-01 1.72068754611899e-12 3.35034308576251e-14
9.78640000000000e-01 1.68153845007546e-12 3.27527647144309e-14
9.79333333333333e-01 1.64328007455709e-12 3.20189096985454e-14
9.80026666666667e-01 1.60589215388931e-12 3.13014895226151e-14
9.80720000000000e-01 1.56935488347668e-12 3.06001363002697e-14
9.81413333333333e-01 1.53364890931300e-12 2.99144903926088e-14
9.82106666666667e-01 1.49875531774488e-12 2.92442002061118e-14
9.82800000000000e-01 1.46465562543729e-12 2.85889219972747e-14
9.83493333333333e-01 1.43133176958342e-12 2.79483197290827e-14
9.84186666666667e-01 1.39876609835121e-12 2.73220648822085e-14
9.84880000000000e-01 1.36694136151835e-12 2.67098362724880e-14
9.85573333333333e-01 1.33584070133530e-12 2.61113199167306e-14
9.86266666666667e-01 1.30544764360910e-12 2.55262088563304e-14
9.86960000000000e-01 1.27574608896325e-12 2.49542029867377e-14
9.87653333333333e-01 1.24672030431026e-12 2.43950089320026e-14
9.88346666666667e-01 1.21835491453029e-12 2.38483398799818e-14
9.89040000000000e-01 1.19063489431415e-12 2.33139154230186e-14
9.89733333333333e-01 1.16354556020473e-12 2.27914614406510e-14
9.90426666666667e-01 1.13707256283086e-12 2.22807099456525e-14
9.91120000000000e-01 1.11120187929441e-12 2.17813989351848e-14
9.91813333333333e-01 1.08591980574276e-12 2.12932722811386e-14
9.92506666666667e-01 1.06121295012071e-12 2.08160795862983e-14
9.93200000000000e-01 1.03706822506551e-12 2.03495760452775e-14
9.93893333333333e-01 1.01347284097488e-12 1.98935223419971e-14
9.94586666666667e-01 9.90414299242401e-13 1.94476845153083e-14
9.95280000000000e-01 9.67880385626639e-13 1.90118338290687e-14
9.95973333333333e-01 9.45859163781565e-13 1.85857466762937e-14
9.96666666666667e-01 9.24338968943269e-13 1.81692044536154e-14
9.97360000000000e-01 9.03308401741459e-13 1.77619934398990e-14
9.98053333333333e-01 8.82756322161515e-13 1.73639047066340e-14
9.98746666666667e-01 8.62671843652365e-13 1.69747340006477e-14
9.99440000000000e-01 8.43044327350868e-13 1.65942816307009e-14
1.00013333333333e+00 8.23863376446691e-13 1.62223523837134e-14
1.00082666666667e+00 8.05118830683254e-13 1.58587554237687e-14
1.00152000000000e+00 7.86800760975153e-13 1.55033041432721e-14
1.00221333333333e+00 7.68899464110494e-13 1.51558161623553e-14
1.00290666666667e+00 7.51405457695664e-13 1.48161131890142e-14
1.00360000000000e+00 7.34309475054879e-13 1.44840208424488e-14
1.00429333333333e+00 7.17602460324511e-13 1.41593687243028e-14
1.00498666666667e+00 7.01275563727259e-13 1.38419902477856e-14
1.00568000000000e+00 6.85320136812120e-13 1.35317224808334e-14
1.00637333333333e+00 6.69727727875995e-13 1.32284062123397e-14
1.00706666666667e+00 6.54490077553003e-13 1.29318857926596e-14
1.00776000000000e+00 6.39599114372155e-13 1.26420089872059e-14
1.00845333333333e+00 6.25046950484406e-13 1.23586270380227e-14
1.00914666666667e+00 6.10825877546094e-13 1.20815945149133e-14
1.00984000000000e+00 5.96928362573119e-13 1.18107691787772e-14
1.01053333333333e+00 5.83347043953051e-13 1.15460120388544e-14
1.01122666666667e+00 5.70074727603094e-13 1.12871872137679e-14
1.01192000000000e+00 5.57104383100967e-13 1.10341618039551e-14
1.01261333333333e+00 5.44429139963066e-13 1.07868059448852e-14
1.01330666666667e+00 5.32042284058630e-13 1.05449926773575e-14
1.01400000000000e+00 5.19937253998869e-13 1.03085978284203e-14
1.01469333333333e+00 5.08107637663419e-13 1.00775000608461e-14
1.01538666666667e+00 4.96547168853636e-13 9.85158075206733e-15
1.01608000000000e+00 4.85249723922725e-13 9.63072388301942e-15
1.01677333333333e+00 4.74209318533931e-13 9.41481608413526e-15
1.01746666666667e+00 4.63420104537011e-13 9.20374652234487e-15
1.01816000000000e+00 4.52876366823280e-13 8.99740679731392e-15
1.01885333333333e+00 4.42572520300073e-13 8.79569098420272e-15
1.01954666666667e+00 4.32503106975518e-13 8.59849552819204e-15
1.02024000000000e+00 4.22662793023486e-13 8.40571914762526e-15
1.02093333333333e+00 4.13046365959895e-13 8.21726287375905e-15
1.02162666666667e+00 4.03648731921894e-13 8.03302995231450e-15
1.02232000000000e+00 3.94464912928706e-13 7.85292575306361e-15
1.02301333333333e+00 3.85490044246308e-13 7.67685780678263e-15
1.02370666666667e+00 3.76719371848065e-13 7.50473571336030e-15
1.02440000000000e+00 3.68148249858381e-13 7.33647105739981e-15
1.02509333333333e+00 3.59772138093208e-13 7.17197744257212e-15
1.02578666666667e+00 3.51586599690003e-13 7.01117040584427e-15
1.02648000000000e+00 3.43587298722016e-13 6.85396733869651e-15
1.02717333333333e+00 3.35769997902865e-13 6.70028751905819e-15
1.02786666666667e+00 3.28130556374556e-13 6.55005203124832e-15
1.02856000000000e+00 3.20664927480992e-13 6.40318369243472e-15
1.02925333333333e+00 3.13369156625690e-13 6.25960708232207e-15
1.02994666666667e+00 3.06239379207309e-13 6.11924846842429e-15
1.03064000000000e+00 2.99271818541763e-13 5.98203573741665e-15
1.03133333333333e+00 2.92462783862853e-13 5.84789842273449e-15
1.03202666666667e+00 2.85808668395476e-13 5.71676763482233e-15
1.03272000000000e+00 2.79305947416413e-13 5.58857599705297e-15
1.03341333333333e+00 2.72951176388359e-13 5.46325767138361e-15
1.03410666666667e+00 2.66740989161609e-13 5.34074829325039e-15
1.03480000000000e+00 2.60672096164289e-13 5.22098491175097e-15
1.03549333333333e+00 2.54741282660859e-13 5.10390601349422e-15
1.03618666666667e+00 2.48945407073735e-13 4.98945146183095e-15
1.03688000000000e+00 2.43281399294297e-13 4.87756244101614e-15
1.03757333333333e+00 2.37746259057587e-13 4.76818147837951e-15
1.03826666666667e+00 2.32337054375845e-13 4.66125238760311e-15
1.03896000000000e+00 2.27050919962256e-13 4.55672021659856e-15
1.03965333333333e+00 2.21885055714066e-13 4.50578914344261e-15
