Energy (eV)          EEDF (eV^-(3/2))     First Anisotropy
4.05000000000000e-01 1.02056754154620e-01 2.49930443227268e-04
1.21500000000000e+00 8.58036234348518e-02 3.81124536164428e-04
2.02500000000000e+00 7.21388981604850e-02 4.25864938326224e-04
2.83500000000000e+00 6.06503597340510e-02 4.26872742938967e-04
3.64500000000000e+00 5.09914377633886e-02 4.08198404395248e-04
4.45500000000000e+00 4.28707552037442e-02 3.79998985603384e-04
5.26500000000000e+00 3.60433384967027e-02 3.47621707653681e-04
6.07500000000000e+00 3.03032275455327e-02 3.14113006055970e-04
6.88500000000000e+00 2.54772625948714e-02 2.81248107658866e-04
7.69500000000000e+00 2.14198605858973e-02 2.50045244775454e-04
8.50500000000000e+00 1.80086234072743e-02 2.21053495078798e-04
9.31500000000000e+00 1.51406455576351e-02 1.94525752946723e-04
1.01250000000000e+01 1.27294098342541e-02 1.70527507928364e-04
1.09350000000000e+01 1.07021774013256e-02 1.49007261664369e-04
1.17450000000000e+01 8.99779350502444e-03 1.29842903930123e-04
1.25550000000000e+01 7.56484264118362e-03 1.12872502714976e-04
1.33650000000000e+01 6.36009752323322e-03 9.79147444272030e-05
1.41750000000000e+01 5.34721506100070e-03 8.47823874703480e-05
1.49850000000000e+01 4.49564001245964e-03 7.32909505607485e-05
1.57950000000000e+01 3.77968323530376e-03 6.32641343260471e-05
1.66050000000000e+01 3.17774673231013e-03 5.45370031543127e-05
1.74150000000000e+01 2.67167211272829e-03 4.69576390896900e-05
1.82250000000000e+01 2.24619281497650e-03 4.03877648300127e-05
1.90350000000000e+01 1.88847356605438e-03 3.47026843345254e-05
1.98450000000000e+01 1.58772318471844e-03 2.97907855808945e-05
2.06550000000000e+01 1.33486904800015e-03 2.55527766037071e-05
2.14650000000000e+01 1.12228340082142e-03 2.19007738011043e-05
2.22750000000000e+01 9.43553252393000e-04 1.87573243182258e-05
2.30850000000000e+01 7.93286917947632e-04 1.60544177748202e-05
2.38950000000000e+01 6.66951369825537e-04 1.37325236771619e-05
2.47050000000000e+01 5.60735491344035e-04 1.17396774066942e-05
2.55150000000000e+01 4.71435108282459e-04 1.00306281872918e-05
2.63250000000000e+01 3.96356329770704e-04 8.56605580525543e-06
2.71350000000000e+01 3.33234282702547e-04 7.31185829934481e-06
2.79450000000000e+01 2.80164788165542e-04 6.23850977666693e-06
2.87550000000000e+01 2.35546918796189e-04 5.32048552413632e-06
2.95650000000000e+01 1.98034704209850e-04 4.53575036753510e-06
3.03750000000000e+01 1.66496527621390e-04 3.86530555636145e-06
3.11850000000000e+01 1.39980988789748e-04 3.29278915850858e-06
3.19950000000000e+01 1.17688203486823e-04 2.80412491462949e-06
3.28050000000000e+01 9.89456736925856e-05 2.38721464082599e-06
3.36150000000000e+01 8.31880006017407e-05 2.03166951723239e-06
3.44250000000000e+01 6.99398284518808e-05 1.72857591415974e-06
3.52350000000000e+01 5.88015046460457e-05 1.47029175489365e-06
3.60450000000000e+01 4.94370235840342e-05 1.25026977283981e-06
3.68550000000000e+01 4.15638905085859e-05 1.06290437542149e-06
3.76650000000000e+01 3.49445995929181e-05 9.03399168054891e-07
3.84750000000000e+01 2.93794691923057e-05 7.67652512504289e-07
3.92850000000000e+01 2.47006181234530e-05 6.52158791470301e-07
4.00950000000000e+01 2.07669012563522e-05 5.53923323801783e-07
4.09050000000000e+01 1.74596516425475e-05 4.70389121967416e-07
4.17150000000000e+01 1.46791007341967e-05 3.99373905979946e-07
4.25250000000000e+01 1.23413687040353e-05 3.39015987009883e-07
4.33350000000000e+01 1.03759340743619e-05 2.87727810976256e-07
4.41450000000000e+01 8.72350632230139e-06 2.44156109164069e-07
4.49550000000000e+01 7.33423728503326e-06 2.07147741165993e-07
4.57650000000000e+01 6.16621740912331e-06 1.75720436946353e-07
4.65750000000000e+01 5.18421148088107e-06 1.49037751285509e-07
4.73850000000000e+01 4.35859569899923e-06 1.26387636896208e-07
4.81950000000000e+01 3.66446402454747e-06 1.07164123611772e-07
4.90050000000000e+01 3.08087684991885e-06 9.08516616087682e-08
4.98150000000000e+01 2.59022932160947e-06 7.70117478989417e-08
5.06250000000000e+01 2.17772026126335e-06 6.52715084392373e-08
5.14350000000000e+01 1.83090566412479e-06 5.53139541795936e-08
5.22450000000000e+01 1.53932330545500e-06 4.68696691006382e-08
5.30550000000000e+01 1.29417713055664e-06 3.97097225898417e-08
5.38650000000000e+01 1.08807190751961e-06 3.36396280739847e-08
5.46750000000000e+01 9.14790138057965e-07 2.84941952919066e-08
5.54850000000000e+01 7.69104496591394e-07 2.41331455019020e-08
5.62950000000000e+01 6.46620139492169e-07 2.04373777518857e-08
5.71050000000000e+01 5.43642127500143e-07 1.73057905157053e-08
5.79150000000000e+01 4.57063961888031e-07 1.46525768799601e-08
5.87250000000000e+01 3.84273871889607e-07 1.24049233689649e-08
5.95350000000000e+01 3.23076026399134e-07 1.05010526957848e-08
6.03450000000000e+01 2.71624293165160e-07 8.88855946255465e-09
6.11550000000000e+01 2.28366547217354e-07 7.52299530943763e-09
6.19650000000000e+01 1.91997848499749e-07 6.36666640643916e-09
6.27750000000000e+01 1.61421076237787e-07 5.38761164931148e-09
6.35850000000000e+01 1.35713832510990e-07 4.55873459223430e-09
6.43950000000000e+01 1.14100616623875e-07 3.85706613969766e-09
6.52050000000000e+01 9.59294308698733e-08 3.26313842599528e-09
6.60150000000000e+01 8.06521119631899e-08 2.76045321713132e-09
6.68250000000000e+01 6.78077948043549e-08 2.33503064902658e-09
6.76350000000000e+01 5.70090097371288e-08 1.97502622969573e-09
6.84450000000000e+01 4.79299938979777e-08 1.67040583472582e-09
6.92550000000000e+01 4.02968640510168e-08 1.41266996047416e-09
7.00650000000000e+01 3.38793544560549e-08 1.19461980693096e-09
7.08750000000000e+01 2.84838705291272e-08 1.01015887554073e-09
7.16850000000000e+01 2.39476487479260e-08 8.54124714999614e-10
7.24950000000000e+01 2.01338466262020e-08 7.22146254549977e-10
7.33050000000000e+01 1.69274146382547e-08 6.10522850434375e-10
7.41150000000000e+01 1.42316255634183e-08 5.16121754756845e-10
7.49250000000000e+01 1.19651565525911e-08 4.36291212235315e-10
7.57350000000000e+01 1.00596358926147e-08 3.68786812186467e-10
7.65450000000000e+01 8.45758046266988e-09 3.11709081629165e-10
7.73550000000000e+01 7.11066166271980e-09 2.63450610058887e-10
7.81650000000000e+01 5.97824750291669e-09 2.22651255274406e-10
7.89750000000000e+01 5.02617687373686e-09 1.88160199480463e-10
7.97850000000000e+01 4.22572902071421e-09 1.59003811581808e-10
8.05950000000000e+01 3.55275713630628e-09 1.34358430093528e-10
8.14050000000000e+01 2.98695993228688e-09 1.13527315649530e-10
8.22150000000000e+01 2.51126921846484e-09 9.59211362948425e-11
8.30250000000000e+01 2.11133501304808e-09 8.10414456599466e-11
8.38350000000000e+01 1.77509265217203e-09 6.84666963413294e-11
8.46450000000000e+01 1.49239883974934e-09 5.78404005662374e-11
8.54550000000000e+01 1.25472565849444e-09 4.88611093840595e-11
8.62650000000000e+01 1.05490331146916e-09 4.12739318018997e-11
8.70750000000000e+01 8.86903833531128e-10 3.48633578274513e-11
8.78850000000000e+01 7.45659247989963e-10 2.94471854533606e-11
8.86950000000000e+01 6.26908682871808e-10 2.48713821950219e-11
8.95050000000000e+01 5.27069834806575e-10 2.10057377113738e-11
9.03150000000000e+01 4.43130903037494e-10 1.77401860031991e-11
9.11250000000000e+01 3.72559733567161e-10 1.49816942962127e-11
9.19350000000000e+01 3.13227432625907e-10 1.26516314865448e-11
9.27450000000000e+01 2.63344145138891e-10 1.06835423866484e-11
9.35550000000000e+01 2.21405060845228e-10 9.02126532715539e-12
9.43650000000000e+01 1.86145019256172e-10 7.61734025612063e-12
9.51750000000000e+01 1.56500344037314e-10 6.43166259549418e-12
9.59850000000000e+01 1.31576755487029e-10 5.43034498950178e-12
9.67950000000000e+01 1.10622393139057e-10 4.58475490079785e-12
9.76050000000000e+01 9.30051346722747e-11 3.87070093878527e-12
9.84150000000000e+01 7.81935269157899e-11 3.26774497686259e-12
9.92250000000000e+01 6.57407537022044e-11 2.75862064724911e-12
1.00035000000000e+02 5.52711569333391e-11 2.32874179149913e-12
1.00845000000000e+02 4.64689042445123e-11 1.96578697493186e-12
1.01655000000000e+02 3.90684614090852e-11 1.65934831437137e-12
1.02465000000000e+02 3.28465820679091e-11 1.40063468045183e-12
1.03275000000000e+02 2.76155731408709e-11 1.18222086881916e-12
1.04085000000000e+02 2.32176327607574e-11 9.97835631643946e-13
1.04895000000000e+02 1.95200899240288e-11 8.42182558194328e-13
1.05705000000000e+02 1.64114022548499e-11 7.10788721492412e-13
1.06515000000000e+02 1.37977911484387e-11 5.99876793281935e-13
1.07325000000000e+02 1.16004127873761e-11 5.06256993670907e-13
1.08135000000000e+02 9.75297968999520e-12 4.27235803508662e-13
1.08945000000000e+02 8.19976104100125e-12 3.60538842580387e-13
1.09755000000000e+02 6.89390148105137e-12 3.04245718400584e-13
1.10565000000000e+02 5.79600763885663e-12 2.56734990056424e-13
1.11375000000000e+02 4.87295976625433e-12 2.16637678752309e-13
1.12185000000000e+02 4.09691262729559e-12 1.82797999527889e-13
1.12995000000000e+02 3.44445550154744e-12 1.54240193908425e-13
1.13805000000000e+02 2.89590596174665e-12 1.30140516790088e-13
1.14615000000000e+02 2.43471612146310e-12 1.09803577563343e-13
1.15425000000000e+02 2.04697344127050e-12 9.26423594797498e-14
1.16235000000000e+02 1.72098103443321e-12 7.81613460774756e-14
1.17045000000000e+02 1.44690481134945e-12 6.59422720641025e-14
1.17855000000000e+02 1.21647681829083e-12 5.56320909200317e-14
1.18665000000000e+02 1.02274582117039e-12 4.69328147531983e-14
1.19475000000000e+02 8.59867610293765e-13 3.95929353996086e-14
1.20285000000000e+02 7.22928700296424e-13 3.34001809412524e-14
1.21095000000000e+02 6.07798106889649e-13 2.81753999857260e-14
1.21905000000000e+02 5.11002729020397e-13 2.37673983047971e-14
1.22715000000000e+02 4.29622577145840e-13 2.00485796789004e-14
1.23525000000000e+02 3.61202687013567e-13 1.69112658161813e-14
1.24335000000000e+02 3.03679061683791e-13 1.42645896633592e-14
1.25145000000000e+02 2.55316407714552e-13 1.20318728551341e-14
1.25955000000000e+02 2.14655787220983e-13 1.01484119271958e-14
1.26765000000000e+02 1.80470606648103e-13 8.55960964073328e-15
1.27575000000000e+02 1.51729614587120e-13 7.21939766803113e-15
1.28385000000000e+02 1.27565792404333e-13 6.08890525184848e-15
1.29195000000000e+02 1.07250199218042e-13 5.13533551458106e-15
1.30005000000000e+02 9.01699822147535e-14 4.33101705848504e-15
1.30815000000000e+02 7.58098889502224e-14 3.65260353598443e-15
1.31625000000000e+02 6.37367239239037e-14 3.08039812334545e-15
1.32435000000000e+02 5.35862805341836e-14 2.59778342349301e-15
1.33245000000000e+02 4.50523541956211e-14 2.19074035729135e-15
1.34055000000000e+02 3.78775051810678e-14 1.84744216408265e-15
1.34865000000000e+02 3.18452925348188e-14 1.55791179505810e-15
1.35675000000000e+02 2.67737447801886e-14 1.31373280911537e-15
1.36485000000000e+02 2.25098704548219e-14 1.10780542259816e-15
1.37295000000000e+02 1.89250428751302e-14 9.34140665945347e-16
1.38105000000000e+02 1.59111199037930e-14 7.87686699157138e-16
1.38915000000000e+02 1.33771816668148e-14 6.64182265663140e-16
1.39725000000000e+02 1.12467878080856e-14 5.60033047300653e-16
1.40535000000000e+02 9.45567154207754e-15 4.72207344182885e-16
1.41345000000000e+02 7.94980094204111e-15 3.98148061261163e-16
1.42155000000000e+02 6.68374897931278e-15 3.35698454410192e-16
1.42965000000000e+02 5.61932314332829e-15 2.83039486442424e-16
1.43775000000000e+02 4.72441330260605e-15 2.38636979029224e-16
1.44585000000000e+02 3.97202305055925e-15 2.01197029734468e-16
1.45395000000000e+02 3.33945531511208e-15 1.69628402408133e-16
1.46205000000000e+02 2.80762766471362e-15 1.43010800930822e-16
1.47015000000000e+02 2.36049665584481e-15 1.20568106559880e-16
1.47825000000000e+02 1.98457385652769e-15 1.01645802813092e-16
1.48635000000000e+02 1.66851894590107e-15 8.56919330811821e-17
1.49445000000000e+02 1.40279761505161e-15 7.22410384841180e-17
1.50255000000000e+02 1.17939394912401e-15 6.09006098320513e-17
1.51065000000000e+02 9.91568614250279e-16 5.13396604124651e-17
1.51875000000000e+02 8.33655554614718e-16 4.32790878053072e-17
1.52685000000000e+02 7.00891066691785e-16 3.64835448037113e-17
1.53495000000000e+02 5.89270094404137e-16 3.07545832886565e-17
1.54305000000000e+02 4.95425410111209e-16 2.59248718369682e-17
1.55115000000000e+02 4.16526036726932e-16 2.18533190014427e-17
1.55925000000000e+02 3.50191846705038e-16 1.84209604909360e-17
1.56735000000000e+02 2.94421761631872e-16 1.55274906577063e-17
1.57545000000000e+02 2.47533386450963e-16 1.30883374111273e-17
1.58355000000000e+02 2.08112257287876e-16 1.10321954628612e-17
1.59165000000000e+02 1.74969171853653e-16 9.29894612587791e-18
1.59975000000000e+02 1.47104315229281e-16 7.83790312414777e-18
1.60785000000000e+02 1.23677098827304e-16 6.60633334695440e-18
1.61595000000000e+02 1.03980802673925e-16 6.04995468330654e-18
