Energy (eV)          EEDF (eV^-(3/2))     First Anisotropy
3.10500000000000e-02 1.24667391359281e+01 3.70849337767249e-02
9.31500000000000e-02 8.79407379214898e+00 5.23936690232759e-02
1.55250000000000e-01 6.20336505148220e+00 4.91198629423056e-02
2.17350000000000e-01 4.37587162349101e+00 4.13101757098922e-02
2.79450000000000e-01 3.08675248133248e+00 3.31438746111412e-02
3.41550000000000e-01 2.17740411529963e+00 2.58873603331999e-02
4.03650000000000e-01 1.53594715157632e+00 1.98694377161697e-02
4.65750000000000e-01 1.08346155674955e+00 1.50639187508280e-02
5.27850000000000e-01 7.64276911317828e-01 1.13165751457729e-02
5.89950000000000e-01 5.39123140580926e-01 8.44145596676236e-03
6.52050000000000e-01 3.80299020427913e-01 6.26137193873451e-03
7.14150000000000e-01 2.68264027365972e-01 4.62298600437148e-03
7.76250000000000e-01 1.89234219687537e-01 3.40026900000047e-03
8.38350000000000e-01 1.33486365102164e-01 2.49286994360817e-03
9.00450000000000e-01 9.41616674701346e-02 1.82256809986449e-03
9.62550000000000e-01 6.64219121853402e-02 1.32931240165741e-03
1.02465000000000e+00 4.68542086911998e-02 9.67520895942895e-04
1.08675000000000e+00 3.30510941322016e-02 7.02896301092007e-04
1.14885000000000e+00 2.33143372569819e-02 5.09811147136702e-04
1.21095000000000e+00 1.64460008361027e-02 3.69223980135320e-04
1.27305000000000e+00 1.16010564881098e-02 2.67052689614378e-04
1.33515000000000e+00 8.18341875216689e-03 1.92923573372173e-04
1.39725000000000e+00 5.77260722262269e-03 1.39220189207761e-04
1.45935000000000e+00 4.07201380692538e-03 1.00366511109411e-04
1.52145000000000e+00 2.87241029994372e-03 7.22904737033788e-05
1.58355000000000e+00 2.02620652149817e-03 5.20248180582196e-05
1.64565000000000e+00 1.42929193222923e-03 3.74115144024702e-05
1.70775000000000e+00 1.00822665698710e-03 2.68837639515186e-05
1.76985000000000e+00 7.11205995736609e-04 1.93057689006931e-05
1.83195000000000e+00 5.01686763453797e-04 1.38553102975992e-05
1.89405000000000e+00 3.53891291881005e-04 9.93791825657982e-06
1.95615000000000e+00 2.49635939379814e-04 7.12427617096576e-06
2.01825000000000e+00 1.76093912621609e-04 5.10466058281764e-06
2.08035000000000e+00 1.24217154546836e-04 3.65583927719884e-06
2.14245000000000e+00 8.76231395736452e-05 2.61705918969890e-06
2.20455000000000e+00 6.18096157229844e-05 1.87265298867680e-06
2.26665000000000e+00 4.36006814457045e-05 1.33945628254997e-06
2.32875000000000e+00 3.07560466165929e-05 9.57715656471417e-07
2.39085000000000e+00 2.16954041110572e-05 6.84526138694397e-07
2.45295000000000e+00 1.53040007192648e-05 4.89099057959633e-07
2.51505000000000e+00 1.07954863074382e-05 3.49352854835795e-07
2.57715000000000e+00 7.61516722012314e-06 2.49459041220309e-07
2.63925000000000e+00 5.37176095073008e-06 1.78077068846585e-07
2.70135000000000e+00 3.78925568903291e-06 1.27085622362277e-07
2.76345000000000e+00 2.67295190693786e-06 9.06713301509681e-08
2.82555000000000e+00 1.88550799500843e-06 6.46746083066879e-08
2.88765000000000e+00 1.33004278528658e-06 4.61203564995635e-08
2.94975000000000e+00 9.38216022088509e-07 3.28814531294926e-08
3.01185000000000e+00 6.61820291678752e-07 2.34375945235074e-08
3.07395000000000e+00 4.66849945178647e-07 1.67025466183699e-08
3.13605000000000e+00 3.29317299656170e-07 1.19004577631500e-08
3.19815000000000e+00 2.32301374291330e-07 8.47733684857783e-09
3.26025000000000e+00 1.63866060343573e-07 6.03772446998597e-09
3.32235000000000e+00 1.15591592234182e-07 4.29940453400576e-09
3.38445000000000e+00 8.15386430064834e-08 3.06102883710763e-09
3.44655000000000e+00 5.75175942716416e-08 2.17898070440517e-09
3.50865000000000e+00 4.05730771179762e-08 1.55084649930663e-09
3.57075000000000e+00 2.86203657796737e-08 1.10361141982765e-09
3.63285000000000e+00 2.01888886805530e-08 7.85231742544447e-10
3.69495000000000e+00 1.42413003835624e-08 5.58619417039161e-10
3.75705000000000e+00 1.00458544214083e-08 3.97349656820011e-10
3.81915000000000e+00 7.08637472267718e-09 2.82598794634792e-10
3.88125000000000e+00 4.99874919580590e-09 2.00960328104399e-10
3.94335000000000e+00 3.52613211979991e-09 1.42887666654484e-10
4.00545000000000e+00 2.48734378126367e-09 1.01583993776648e-10
4.06755000000000e+00 1.75457948709595e-09 7.22110409965209e-11
4.12965000000000e+00 1.23768543766549e-09 5.13252762133581e-11
4.19175000000000e+00 8.73066882335811e-10 3.64762230966750e-11
4.25385000000000e+00 6.15863900337481e-10 2.59203436515537e-11
4.31595000000000e+00 4.34432173998106e-10 1.84172741591076e-11
4.37805000000000e+00 3.06449710238414e-10 1.30847364670090e-11
4.44015000000000e+00 2.16170510671287e-10 9.29524633521845e-12
4.50225000000000e+00 1.52487302557832e-10 6.60259011932363e-12
4.56435000000000e+00 1.07564983628695e-10 4.68949899069376e-12
4.62645000000000e+00 7.58766501142182e-11 3.33041495464605e-12
4.68855000000000e+00 5.35236081328200e-11 2.36499983059122e-12
4.75065000000000e+00 3.77557077604676e-11 1.67929028193236e-12
4.81275000000000e+00 2.66329852979351e-11 1.19229389514883e-12
4.87485000000000e+00 1.87869847489052e-11 8.46456613337427e-13
4.93695000000000e+00 1.32523933012857e-11 6.00884272643664e-13
4.99905000000000e+00 9.34827650947005e-12 4.26523147567907e-13
5.06115000000000e+00 6.59430124889451e-12 3.02733760999353e-13
5.12325000000000e+00 4.65163914622341e-12 2.14855466335555e-13
5.18535000000000e+00 3.28127968832263e-12 1.52475493201678e-13
5.24745000000000e+00 2.31462416893194e-12 1.08198822484997e-13
5.30955000000000e+00 1.63274257371903e-12 7.67740769040989e-14
5.37165000000000e+00 1.15174132708758e-12 5.44724565662895e-14
5.43375000000000e+00 8.12441658515682e-13 3.86465109281902e-14
5.49585000000000e+00 5.73098692360738e-13 2.74167046136885e-14
5.55795000000000e+00 4.04265472779481e-13 1.94487854002986e-14
5.62005000000000e+00 2.85170032073194e-13 1.37956637794565e-14
5.68215000000000e+00 2.01159764234889e-13 9.78512100032271e-15
5.74425000000000e+00 1.41898678668487e-13 6.94007010976306e-15
5.80635000000000e+00 1.00095737755743e-13 4.92193791882568e-15
5.86845000000000e+00 7.06078225032232e-14 3.49046720505203e-15
5.93055000000000e+00 4.98069619189219e-14 2.47517934306106e-15
5.99265000000000e+00 3.51339747869960e-14 1.75511657769906e-15
6.05475000000000e+00 2.47836072865211e-14 1.24446286635488e-15
6.11685000000000e+00 1.74824281583945e-14 8.82338174759192e-16
6.17895000000000e+00 1.23321553145998e-14 7.33616032100325e-16
