Energy (eV)          EEDF (eV^-(3/2))     First Anisotropy
4.71428571428571e-02 4.16522348573875e-01 5.75220032511096e-04
1.41428571428571e-01 3.96467150542017e-01 9.30111342647636e-04
2.35714285714286e-01 3.77377593231634e-01 1.17664361399570e-03
3.30000000000000e-01 3.59207181982152e-01 1.33529279322533e-03
4.24285714285714e-01 3.41911660649788e-01 1.44562086368317e-03
5.18571428571429e-01 3.25448904016603e-01 1.52359860595910e-03
6.12857142857143e-01 3.09778815139699e-01 1.57797472479940e-03
7.07142857142857e-01 2.94863227768509e-01 1.61429944483348e-03
8.01428571428571e-01 2.80665813291081e-01 1.63641258947658e-03
8.95714285714286e-01 2.67151992274677e-01 1.64712601795538e-03
9.90000000000000e-01 2.54288850290638e-01 1.64858232094853e-03
1.08428571428571e+00 2.42045057657108e-01 1.64246219361692e-03
1.17857142857143e+00 2.30390793308884e-01 1.63011313414882e-03
1.27285714285714e+00 2.19297671857543e-01 1.61263380532443e-03
1.36714285714286e+00 2.08738674840866e-01 1.59093182533151e-03
1.46142857142857e+00 1.98688084608352e-01 1.56576481320530e-03
1.55571428571429e+00 1.89121421739268e-01 1.53777038825108e-03
1.65000000000000e+00 1.80015385602463e-01 1.50748870139836e-03
1.74428571428571e+00 1.71347797357466e-01 1.47537969686174e-03
1.83857142857143e+00 1.63097546160314e-01 1.44183659018385e-03
1.93285714285714e+00 1.55244537541197e-01 1.40719656708193e-03
2.02714285714286e+00 1.47769644648500e-01 1.37174938804737e-03
2.12142857142857e+00 1.40654661526331e-01 1.33574440869381e-03
2.21571428571429e+00 1.33882258792495e-01 1.29939634429484e-03
2.31000000000000e+00 1.27435941521841e-01 1.26289007760428e-03
2.40428571428571e+00 1.21300008948696e-01 1.22638468410752e-03
2.49857142857143e+00 1.15459516338516e-01 1.19001683190485e-03
2.59285714285714e+00 1.09900238484486e-01 1.15390367539989e-03
2.68714285714286e+00 1.04608635156186e-01 1.11814532800881e-03
2.78142857142857e+00 9.95718180502321e-02 1.08282699538573e-03
2.87571428571429e+00 9.47775194087724e-02 1.04802080849910e-03
2.97000000000000e+00 9.02140621896926e-02 1.01378742393998e-03
3.06428571428571e+00 8.58703315593399e-02 9.80177414246442e-04
3.15857142857143e+00 8.17357478828052e-02 9.47232482816370e-04
3.25285714285714e+00 7.78002408987320e-02 9.14986530443522e-04
3.34714285714286e+00 7.40542252452683e-02 8.83466591055669e-04
3.44142857142857e+00 7.04885770745301e-02 8.52693660352527e-04
3.53571428571429e+00 6.70946118352511e-02 8.22683420887297e-04
3.63000000000000e+00 6.38640631492150e-02 7.93446889569228e-04
3.72428571428571e+00 6.07890626393243e-02 7.64990988985148e-04
3.81857142857143e+00 5.78621208009156e-02 7.37319054125085e-04
3.91285714285714e+00 5.50761087269860e-02 7.10431283424789e-04
4.00714285714286e+00 5.24242407759381e-02 6.84325138684976e-04
4.10142857142857e+00 4.99000580214554e-02 6.58995703622850e-04
4.19571428571429e+00 4.74974125236932e-02 6.34435998882192e-04
4.29000000000000e+00 4.52104523723627e-02 6.10637266606311e-04
4.38428571428571e+00 4.30336074109611e-02 5.87589222470598e-04
4.47857142857143e+00 4.09615756913286e-02 5.65280280173018e-04
4.57285714285714e+00 3.89893105402207e-02 5.43697752073625e-04
4.66714285714286e+00 3.71120082862144e-02 5.22828027206748e-04
4.76142857142857e+00 3.53250965460219e-02 5.02656731548906e-04
4.85571428571429e+00 3.36242230894451e-02 4.83168867869404e-04
4.95000000000000e+00 3.20052452494805e-02 4.64348942680639e-04
5.04428571428571e+00 3.04642198184604e-02 4.46181078008699e-04
5.13857142857143e+00 2.89973934569759e-02 4.28649110490522e-04
5.23285714285714e+00 2.76011935399539e-02 4.11736679556720e-04
5.32714285714286e+00 2.62722194666019e-02 3.95427304936726e-04
5.42142857142857e+00 2.50072343693623e-02 3.79704456210467e-04
5.51571428571429e+00 2.38031572310502e-02 3.64551612207860e-04
5.61000000000000e+00 2.26570553872025e-02 3.49952314854464e-04
5.70428571428571e+00 2.15661373745691e-02 3.35890215628032e-04
5.79857142857143e+00 2.05277461403317e-02 3.22349116000614e-04
5.89285714285714e+00 1.95393525628999e-02 3.09313002780665e-04
5.98714285714286e+00 1.85985492991357e-02 2.96766078292957e-04
6.08142857142857e+00 1.77030449156739e-02 2.84692787013049e-04
6.17571428571429e+00 1.68506583084209e-02 2.73077837017171e-04
6.27000000000000e+00 1.60393133943468e-02 2.61906219160826e-04
6.36428571428571e+00 1.52670340494705e-02 2.51163222625303e-04
6.45857142857143e+00 1.45319393009389e-02 2.40834447628474e-04
6.55285714285714e+00 1.38322387408563e-02 2.30905815801760e-04
6.64714285714286e+00 1.31662281701032e-02 2.21363578095441e-04
6.74142857142857e+00 1.25322854441880e-02 2.12194321207993e-04
6.83571428571429e+00 1.19288665226666e-02 2.03384971361141e-04
6.93000000000000e+00 1.13545017110914e-02 1.94922797305493e-04
7.02428571428571e+00 1.08077920778997e-02 1.86795411579482e-04
7.11857142857143e+00 1.02874060504567e-02 1.78990770499136e-04
7.21285714285714e+00 9.79207616875211e-03 1.71497173163734e-04
7.30714285714286e+00 9.32059600128322e-03 1.64303259337857e-04
7.40142857142857e+00 8.87181720448666e-03 1.57398006837649e-04
7.49571428571429e+00 8.44464672602850e-03 1.50770727587487e-04
7.59000000000000e+00 8.03804414425217e-03 1.44411063583238e-04
7.68428571428572e+00 7.65101913185227e-03 1.38308982070233e-04
7.77857142857143e+00 7.28262904595109e-03 1.32454770228795e-04
7.87285714285714e+00 6.93197663017609e-03 1.26839029532631e-04
7.96714285714286e+00 6.59820783118375e-03 1.21452669661290e-04
8.06142857142857e+00 6.28050971711261e-03 1.16286902368742e-04
8.15571428571429e+00 5.97810849772971e-03 1.11333234722425e-04
8.25000000000000e+00 5.69026764088321e-03 1.06583462531150e-04
8.34428571428571e+00 5.41628607712405e-03 1.02029663475363e-04
8.43857142857143e+00 5.15549649355892e-03 9.76641901220935e-05
8.53285714285714e+00 4.90726370722531e-03 9.34796629215772e-05
8.62714285714286e+00 4.67098311926585e-03 8.94689630912757e-05
8.72142857142857e+00 4.44607924144425e-03 8.56252256475898e-05
8.81571428571429e+00 4.23200429456455e-03 8.19418321753217e-05
8.91000000000000e+00 4.02823687501737e-03 7.84124038804246e-05
9.00428571428571e+00 3.83428068387925e-03 7.50307945850860e-05
9.09857142857143e+00 3.64966331902924e-03 7.17910837797876e-05
9.19285714285714e+00 3.47393512370183e-03 6.86875697895828e-05
9.28714285714286e+00 3.30666809210685e-03 6.57147629824085e-05
9.38142857142857e+00 3.14745482637249e-03 6.28673791892540e-05
9.47571428571429e+00 2.99590754433719e-03 6.01403330496895e-05
9.57000000000000e+00 2.85165713553951e-03 5.75287316483170e-05
9.66428571428571e+00 2.71435226157356e-03 5.50278682035351e-05
9.75857142857143e+00 2.58365850096329e-03 5.26332158812049e-05
9.85285714285714e+00 2.45925753407537e-03 5.03404217669919e-05
9.94714285714286e+00 2.34084636834985e-03 4.81453009432446e-05
1.00414285714286e+01 2.22813659993137e-03 4.60438307519177e-05
1.01357142857143e+01 2.12085371157034e-03 4.40321451867245e-05
1.02300000000000e+01 2.01873640346816e-03 4.21065295020993e-05
1.03242857142857e+01 1.92153595638956e-03 4.02634145569613e-05
1.04185714285714e+01 1.82901562859366e-03 3.84993718678893e-05
1.05128571428571e+01 1.74095007628869e-03 3.68111087656049e-05
1.06071428571429e+01 1.65712480579672e-03 3.51954631779605e-05
1.07014285714286e+01 1.57733565112846e-03 3.36493989863402e-05
1.07957142857143e+01 1.50138827671656e-03 3.21700014129384e-05
1.08900000000000e+01 1.42909770408755e-03 3.07544726098724e-05
1.09842857142857e+01 1.36028786072040e-03 2.94001271319933e-05
1.10785714285714e+01 1.29479115308301e-03 2.81043878675980e-05
1.11728571428571e+01 1.23244805648819e-03 2.68647821160199e-05
1.12671428571429e+01 1.17310672722810e-03 2.56789374329491e-05
1.13614285714286e+01 1.11662263274064e-03 2.45445778997603e-05
1.14557142857143e+01 1.06285819958573e-03 2.34595204429053e-05
1.15500000000000e+01 1.01168247836850e-03 2.24216713191230e-05
1.16442857142857e+01 9.62970824393007e-04 2.14290225462847e-05
1.17385714285714e+01 9.16604595331593e-04 2.04796486731247e-05
1.18328571428571e+01 8.72470860956022e-04 1.95717036727827e-05
1.19271428571429e+01 8.30462128533375e-04 1.87034176982264e-05
1.20214285714286e+01 7.90476081014678e-04 1.78730941494908e-05
1.21157142857143e+01 7.52415327831222e-04 1.70791067945854e-05
1.22100000000000e+01 7.16187167688060e-04 1.63198970226298e-05
1.23042857142857e+01 6.81703362508783e-04 1.55939710766375e-05
1.23985714285714e+01 6.48879923362618e-04 1.48998975357630e-05
1.24928571428571e+01 6.17636905028007e-04 1.42363048980869e-05
1.25871428571429e+01 5.87898211578415e-04 1.36018790827402e-05
1.26814285714286e+01 5.59591411041657e-04 1.29953611603813e-05
1.27757142857143e+01 5.32647558984315e-04 1.24155451335547e-05
1.28700000000000e+01 5.07001030589286e-04 1.18612758203584e-05
1.29642857142857e+01 4.82589360637238e-04 1.13314467355636e-05
1.30585714285714e+01 4.59353091930335e-04 1.08249981546080e-05
1.31528571428571e+01 4.37235629891967e-04 1.03409152572151e-05
1.32471428571429e+01 4.16183104926661e-04 9.87822622513444e-06
1.33414285714286e+01 3.96144241214306e-04 9.43600050655719e-06
1.34357142857143e+01 3.77070231822521e-04 9.01334712366604e-06
1.35300000000000e+01 3.58914619831537e-04 8.60941305970933e-06
1.36242857142857e+01 3.41633185060619e-04 8.22338165208717e-06
1.37185714285714e+01 3.25183836745184e-04 7.85447111905045e-06
1.38128571428571e+01 3.09526510625722e-04 7.50193314835609e-06
1.39071428571429e+01 2.94623071503018e-04 7.16505146084656e-06
1.40014285714286e+01 2.80437220355383e-04 6.84314049536507e-06
1.40957142857143e+01 2.66934405928549e-04 6.53554412938308e-06
1.41900000000000e+01 2.54081740581981e-04 6.24163446016754e-06
1.42842857142857e+01 2.41847920104608e-04 5.96081059538200e-06
1.43785714285714e+01 2.30203147726638e-04 5.69249754104789e-06
1.44728571428571e+01 2.19119061280051e-04 5.43614513708154e-06
1.45671428571429e+01 2.08568664211284e-04 5.19122697999125e-06
1.46614285714286e+01 1.98526259827951e-04 4.95723943371065e-06
1.47557142857143e+01 1.88967388711819e-04 4.73370066916137e-06
1.48500000000000e+01 1.79868769144993e-04 4.52014974950438e-06
1.49442857142857e+01 1.71208240348707e-04 4.31614572552051e-06
1.50385714285714e+01 1.62964708681943e-04 4.12126680177664e-06
1.51328571428571e+01 1.55118096085480e-04 3.93510953895581e-06
1.52271428571429e+01 1.47649291241699e-04 3.75728805037257e-06
1.53214285714286e+01 1.40540103026737e-04 3.58743326239199e-06
1.54157142857143e+01 1.33773216204048e-04 3.42519219749424e-06
1.55100000000000e+01 1.27332149251109e-04 3.27022729158291e-06
1.56042857142857e+01 1.21201214178871e-04 3.12221572077337e-06
1.56985714285714e+01 1.15365478439628e-04 2.98084877954952e-06
1.57928571428571e+01 1.09810728435115e-04 2.84583128619063e-06
1.58871428571429e+01 1.04523434939821e-04 2.71688098627422e-06
1.59814285714286e+01 9.94907201489815e-05 2.59372800244092e-06
1.60757142857143e+01 9.47003263133015e-05 2.47611430174128e-06
1.61700000000000e+01 9.01405858837617e-05 2.36379318850500e-06
1.62642857142857e+01 8.58003930682235e-05 2.25652880547297e-06
1.63585714285714e+01 8.16691768619700e-05 2.15409567214705e-06
1.64528571428571e+01 7.77368752179913e-05 2.05627824357102e-06
1.65471428571429e+01 7.39939105683446e-05 1.96287046922248e-06
1.66414285714286e+01 7.04311664968699e-05 1.87367538535088e-06
1.67357142857143e+01 6.70399655351739e-05 1.78850472080845e-06
1.68300000000000e+01 6.38120480276367e-05 1.70717852181491e-06
1.69242857142857e+01 6.07395519965627e-05 1.62952478361803e-06
1.70185714285714e+01 5.78149940478286e-05 1.55537910908257e-06
1.71128571428571e+01 5.50312510878904e-05 1.48458438250482e-06
1.72071428571429e+01 5.23815429941422e-05 1.41699044449873e-06
1.73014285714286e+01 4.98594161011383e-05 1.35245379103496e-06
1.73957142857143e+01 4.74587274819911e-05 1.29083728273976e-06
1.74900000000000e+01 4.51736299865529e-05 1.23200986818521e-06
1.75842857142857e+01 4.29985579880818e-05 1.17584631276915e-06
1.76785714285714e+01 4.09282138645760e-05 1.12222694705511e-06
1.77728571428571e+01 3.89575550574393e-05 1.07103742640827e-06
1.78671428571429e+01 3.70817818030120e-05 1.02216849206159e-06
1.79614285714286e+01 3.52963254421892e-05 9.75515749605819e-07
1.80557142857143e+01 3.35968372929542e-05 9.30979455223474e-07
1.81500000000000e+01 3.19791780586548e-05 8.88464312227500e-07
1.82442857142857e+01 3.04394077381331e-05 8.47879272037200e-07
1.83385714285714e+01 2.89737760546815e-05 8.09137349202284e-07
1.84328571428571e+01 2.75787132956398e-05 7.72155444775987e-07
1.85271428571429e+01 2.62508216269967e-05 7.36854171155751e-07
1.86214285714286e+01 2.49868668175704e-05 7.03157689482386e-07
1.87157142857143e+01 2.37837703616857e-05 6.70993552848427e-07
1.88100000000000e+01 2.26386019811142e-05 6.40292557074391e-07
1.89042857142857e+01 2.15485724824854e-05 6.10988594952736e-07
1.89985714285714e+01 2.05110269811565e-05 5.83018520623602e-07
1.90928571428571e+01 1.95234384170577e-05 5.56322020101549e-07
1.91871428571429e+01 1.85834014059265e-05 5.30841483150506e-07
1.92814285714286e+01 1.76886263807152e-05 5.06521884203093e-07
1.93757142857143e+01 1.68369340150999e-05 4.83310667615539e-07
1.94700000000000e+01 1.60262499154774e-05 4.61157638466759e-07
1.95642857142857e+01 1.52545995647385e-05 4.40014856034800e-07
1.96585714285714e+01 1.45201035249171e-05 4.19836534574395e-07
1.97528571428571e+01 1.38209728473765e-05 4.00578948613454e-07
1.98471428571429e+01 1.31555047198451e-05 3.82200339414570e-07
1.99414285714286e+01 1.25220783190200e-05 3.64660827945448e-07
2.00357142857143e+01 1.19191508628740e-05 3.47922331071112e-07
2.01300000000000e+01 1.13452538530301e-05 3.31948481798862e-07
2.02242857142857e+01 1.07989894954621e-05 3.16704551570596e-07
2.03185714285714e+01 1.02790273040940e-05 3.02157377812369e-07
2.04128571428571e+01 9.78410085187733e-06 2.88275294795780e-07
2.05071428571429e+01 9.31300468915585e-06 2.75028065467809e-07
2.06014285714286e+01 8.86459140765323e-06 2.62386817961810e-07
2.06957142857143e+01 8.43776884583408e-06 2.50323984493719e-07
2.07900000000000e+01 8.03149742881769e-06 2.38813243215151e-07
2.08842857142857e+01 7.64478763458914e-06 2.27829461619813e-07
2.09785714285714e+01 7.27669758944888e-06 2.17348643732886e-07
2.10728571428571e+01 6.92633076823340e-06 2.07347879722339e-07
2.11671428571429e+01 6.59283381270801e-06 1.97805296294047e-07
2.12614285714286e+01 6.27539445311429e-06 1.88700010451547e-07
2.13557142857143e+01 5.97323952979755e-06 1.80012085016035e-07
2.14500000000000e+01 5.68563311008682e-06 1.71722486299979e-07
2.15442857142857e+01 5.41187469462159e-06 1.63813042951613e-07
2.16385714285714e+01 5.15129751500930e-06 1.56266407519848e-07
2.17328571428571e+01 4.90326690589757e-06 1.49066019786959e-07
2.18271428571429e+01 4.66717876053423e-06 1.42196070723391e-07
2.19214285714286e+01 4.44245805939560e-06 1.35641468859622e-07
2.20157142857143e+01 4.22855746966294e-06 1.29387807953382e-07
2.21100000000000e+01 4.02495601212994e-06 1.23421336223074e-07
2.22042857142857e+01 3.83115779145690e-06 1.17728926458966e-07
2.22985714285714e+01 3.64669079097338e-06 1.12298048089587e-07
2.23928571428571e+01 3.47110572032375e-06 1.07116740536234e-07
2.24871428571429e+01 3.30397492210315e-06 1.02173587053980e-07
2.25814285714286e+01 3.14489133024860e-06 9.74576903081858e-08
2.26757142857143e+01 2.99346747858454e-06 9.29586489018860e-08
2.27700000000000e+01 2.84933455710413e-06 8.86665350406179e-08
2.28642857142857e+01 2.71214151311187e-06 8.45718728522528e-08
2.29585714285714e+01 2.58155419799050e-06 8.06656181113048e-08
2.30528571428571e+01 2.45725455148524e-06 7.69391389004097e-08
2.31471428571429e+01 2.33893982767365e-06 7.33841966478649e-08
2.32414285714286e+01 2.22632185759307e-06 6.99929284107018e-08
2.33357142857143e+01 2.11912634737316e-06 6.67578298542529e-08
2.34300000000000e+01 2.01709221016149e-06 6.36717390567456e-08
2.35242857142857e+01 1.91997092981868e-06 6.07278208007146e-08
2.36185714285714e+01 1.82752595686447e-06 5.79195518728016e-08
2.37128571428571e+01 1.73953213105579e-06 5.52407070444579e-08
2.38071428571429e+01 1.65577513342490e-06 5.26853453406267e-08
2.39014285714286e+01 1.57605096428082e-06 5.02477972019405e-08
2.39957142857143e+01 1.50016544634552e-06 4.79226521560845e-08
2.40900000000000e+01 1.42793375181266e-06 4.57047470869064e-08
2.41842857142857e+01 1.35917995190435e-06 4.35891548640917e-08
2.42785714285714e+01 1.29373658922721e-06 4.15711736965155e-08
2.43728571428571e+01 1.23144426903041e-06 3.96463169796852e-08
2.44671428571429e+01 1.17215127128557e-06 3.78103033620308e-08
2.45614285714286e+01 1.11571318115520e-06 3.60590474519203e-08
2.46557142857143e+01 1.06199253725430e-06 3.43886508962478e-08
2.47500000000000e+01 1.01085849684730e-06 3.27953938916544e-08
2.48442857142857e+01 9.62186516976764e-07 3.12757269619899e-08
2.49385714285714e+01 9.15858051711048e-07 2.98262632549117e-08
2.50328571428571e+01 8.71760262805484e-07 2.84437711966081e-08
2.51271428571429e+01 8.29785745081461e-07 2.71251673117687e-08
2.52214285714286e+01 7.89832264828760e-07 2.58675095028408e-08
2.53157142857143e+01 7.51802510803978e-07 2.46679906000161e-08
2.54100000000000e+01 7.15603857217775e-07 2.35239322240513e-08
2.55042857142857e+01 6.81148138003963e-07 2.24327788451566e-08
2.55985714285714e+01 6.48351432485195e-07 2.13920922141423e-08
2.56928571428571e+01 6.17133860556303e-07 2.03995460528719e-08
2.57871428571429e+01 5.87419388271628e-07 1.94529208688162e-08
2.58814285714286e+01 5.59135642655601e-07 1.85500990987184e-08
2.59757142857143e+01 5.32213735430303e-07 1.76890604492334e-08
2.60700000000000e+01 5.06588095230127e-07 1.68678774635792e-08
2.61642857142857e+01 4.82196307805373e-07 1.60847112322331e-08
2.62585714285714e+01 4.58978964284121e-07 1.53378073704685e-08
2.63528571428571e+01 4.36879516186547e-07 1.46254921834675e-08
2.64471428571429e+01 4.15844137794305e-07 1.39461689242011e-08
2.65414285714286e+01 3.95821595051799e-07 1.32983142870645e-08
2.66357142857143e+01 3.76763120779936e-07 1.26804750446375e-08
2.67300000000000e+01 3.58622295898045e-07 1.20912648476016e-08
2.68242857142857e+01 3.41354936302857e-07 1.15293611302560e-08
2.69185714285714e+01 3.24918985445655e-07 1.09935022072441e-08
2.70128571428571e+01 3.09274411699493e-07 1.04824845058483e-08
2.71071428571429e+01 2.94383110926400e-07 9.99515986735261e-09
2.72014285714286e+01 2.80208813670380e-07 9.53043301723453e-09
2.72957142857143e+01 2.66716996819103e-07 9.08725913923006e-09
2.73900000000000e+01 2.53874799518892e-07 8.66464156709329e-09
2.74842857142857e+01 2.41650943095498e-07 8.26162955362324e-09
2.75785714285714e+01 2.30015655004359e-07 7.87731617666161e-09
2.76728571428571e+01 2.18940596178517e-07 7.51083634299238e-09
2.77671428571429e+01 2.08398792053116e-07 7.16136484348412e-09
2.78614285714286e+01 1.98364566865754e-07 6.82811452909918e-09
2.79557142857143e+01 1.88813481120295e-07 6.51033456220731e-09
2.80500000000000e+01 1.79722272061666e-07 6.20730875274080e-09
2.81442857142857e+01 1.71068796987128e-07 5.91835395078933e-09
2.82385714285714e+01 1.62831979407168e-07 5.64281853728180e-09
2.83328571428571e+01 1.54991757616145e-07 5.38008098531546e-09
2.84271428571429e+01 1.47529035862575e-07 5.12954845938673e-09
2.85214285714286e+01 1.40425637839236e-07 4.89065550112810e-09
2.86157142857143e+01 1.33664262412739e-07 4.66286276958333e-09
2.87100000000000e+01 1.27228441484632e-07 4.44565584260306e-09
2.88042857142857e+01 1.21102499860967e-07 4.23854405940169e-09
2.88985714285714e+01 1.15271517137188e-07 4.04105943333577e-09
2.89928571428571e+01 1.09721291291973e-07 3.85275561562731e-09
2.90871428571429e+01 1.04438304119311e-07 3.67320688704430e-09
2.91814285714286e+01 9.94096883033632e-08 3.50200721147887e-09
2.92757142857143e+01 9.46231960786736e-08 3.33876932898767e-09
2.93700000000000e+01 9.00671693993306e-08 3.18312389283762e-09
2.94642857142857e+01 8.57305115302811e-08 3.03471863652764e-09
2.95585714285714e+01 8.16026600639860e-08 2.89321759106918e-09
2.96528571428571e+01 7.76735611489297e-08 2.75830033897986e-09
2.97471428571429e+01 7.39336450180413e-08 2.62966128884921e-09
2.98414285714286e+01 7.03738026804298e-08 2.50700899418277e-09
2.99357142857143e+01 6.69853637354171e-08 2.39006550077581e-09
3.00300000000000e+01 6.37600752547816e-08 2.27856572575215e-09
3.01242857142857e+01 6.06900816719885e-08 2.17225685840474e-09
3.02185714285714e+01 5.77679056795395e-08 2.07089779699818e-09
3.03128571428571e+01 5.49864299856067e-08 1.97425861201222e-09
3.04071428571429e+01 5.23388799899416e-08 1.88212002449004e-09
3.05014285714286e+01 4.98188072835608e-08 1.79427291605389e-09
3.05957142857143e+01 4.74200739429226e-08 1.71051785952976e-09
3.06900000000000e+01 4.51368375803104e-08 1.63066467234575e-09
3.07842857142857e+01 4.29635371072273e-08 1.55453198576813e-09
3.08785714285714e+01 4.08948792108430e-08 1.48194683986296e-09
3.09728571428571e+01 3.89258254396854e-08 1.41274429749009e-09
3.10671428571429e+01 3.70515799394579e-08 1.34676706936578e-09
3.11614285714286e+01 3.52675777721866e-08 1.28386516176825e-09
3.12557142857143e+01 3.35694737978024e-08 1.22389553911984e-09
3.13500000000000e+01 3.19531320910534e-08 1.16672180294014e-09
3.14442857142857e+01 3.04146158632728e-08 1.11221388229153e-09
3.15385714285714e+01 2.89501778885119e-08 1.06024774262343e-09
3.16328571428571e+01 2.75562513616080e-08 1.01070510830876e-09
3.17271428571429e+01 2.62294412160490e-08 9.63473193277106e-10
3.18214285714286e+01 2.49665158549002e-08 9.18444447834627e-10
3.19157142857143e+01 2.37643992798873e-08 8.75516316215306e-10
3.20100000000000e+01 2.26201635994497e-08 8.34591005895073e-10
3.21042857142857e+01 2.15310218942582e-08 7.95575265236803e-10
3.21985714285714e+01 2.04943214394986e-08 7.58380174290972e-10
3.22928571428571e+01 1.95075372333645e-08 7.22920945441912e-10
3.23871428571429e+01 1.85682658507498e-08 6.89116729967100e-10
3.24814285714286e+01 1.76742195894317e-08 6.56890436165669e-10
3.25757142857143e+01 1.68232208981155e-08 6.26168555222904e-10
3.26700000000000e+01 1.60131970727585e-08 5.96880995523077e-10
3.27642857142857e+01 1.52421752059953e-08 5.68960922995646e-10
3.28585714285714e+01 1.45082773889334e-08 5.42344610866148e-10
3.29528571428571e+01 1.38097161300134e-08 5.16971296483423e-10
3.30471428571429e+01 1.31447900038815e-08 4.92783042458777e-10
3.31414285714286e+01 1.25118795073740e-08 4.69724606072428e-10
3.32357142857143e+01 1.19094431150353e-08 4.47743314253386e-10
3.33300000000000e+01 1.13360135245558e-08 4.26788944624532e-10
3.34242857142857e+01 1.07901940814162e-08 4.06813610913401e-10
3.35185714285714e+01 1.02706553820593e-08 3.87771655084826e-10
3.36128571428571e+01 9.77613203092462e-09 3.69619544557281e-10
3.37071428571429e+01 9.30541956017738e-09 3.52315772559397e-10
3.38014285714286e+01 8.85737149608883e-09 3.35820764393078e-10
3.38957142857143e+01 8.43089656667088e-09 3.20096787709779e-10
3.39900000000000e+01 8.02495604375808e-09 3.05107867139447e-10
3.40842857142857e+01 7.63856121197442e-09 2.90819702075845e-10
3.41785714285714e+01 7.27077096399368e-09 2.77199589265331e-10
3.42728571428571e+01 6.92068950485925e-09 2.64216349046263e-10
3.43671428571429e+01 6.58746417138360e-09 2.51840253872403e-10
3.44614285714286e+01 6.27028335538955e-09 2.40042961055602e-10
3.45557142857143e+01 5.96837452694732e-09 2.28797448396600e-10
3.46500000000000e+01 5.68100235278944e-09 2.18077952938361e-10
3.47442857142857e+01 5.40746690456413e-09 2.07859911999763e-10
3.48385714285714e+01 5.14710195643371e-09 1.98119907641165e-10
3.49328571428571e+01 4.89927335997102e-09 1.88835613750515e-10
3.50271428571429e+01 4.66337750045898e-09 1.79985744788794e-10
3.51214285714286e+01 4.43883982671793e-09 1.71550007548912e-10
3.52157142857143e+01 4.22511345172163e-09 1.63509054992061e-10
3.53100000000000e+01 4.02167782059126e-09 1.55844442323339e-10
3.54042857142857e+01 3.82803744219773e-09 1.48538584713649e-10
3.54985714285714e+01 3.64372068397159e-09 1.41574717473137e-10
3.55928571428571e+01 3.46827862149692e-09 1.34936858105014e-10
3.56871428571429e+01 3.30128394568849e-09 1.28609769563635e-10
3.57814285714286e+01 3.14232992203161e-09 1.22578925664456e-10
3.58757142857143e+01 2.99102939993450e-09 1.16830477987625e-10
3.59700000000000e+01 2.84701386977868e-09 1.11351224386898e-10
3.60642857142857e+01 2.70993256500556e-09 1.06128578686301e-10
3.61585714285714e+01 2.57945160892082e-09 1.01150542127702e-10
3.62528571428571e+01 2.45525320032431e-09 9.64056761672074e-11
3.63471428571429e+01 2.33703483987470e-09 9.18830761446749e-11
3.64414285714286e+01 2.22450859331778e-09 8.75723464896308e-11
3.65357142857143e+01 2.11740039019010e-09 8.34635770005812e-11
3.66300000000000e+01 2.01544935628908e-09 7.95473202748313e-11
3.67242857142857e+01 1.91840717802951e-09 7.58145699946787e-11
3.68185714285714e+01 1.82603749843744e-09 7.22567404639383e-11
3.69128571428571e+01 1.73811534065879e-09 6.88656471116599e-11
3.70071428571429e+01 1.65442656028459e-09 6.56334876283053e-11
3.71014285714286e+01 1.57476732377781e-09 6.25528241987214e-11
3.71957142857143e+01 1.49894361201381e-09 5.96165665061883e-11
3.72900000000000e+01 1.42677074772457e-09 5.68179555607596e-11
3.73842857142857e+01 1.35807294551911e-09 5.41505481447058e-11
3.74785714285714e+01 1.29268288428746e-09 5.16082021506786e-11
3.75728571428571e+01 1.23044129910282e-09 4.91850626131900e-11
3.76671428571429e+01 1.17119659350985e-09 4.68755481978424e-11
3.77614285714286e+01 1.11480447029412e-09 4.46743384734158e-11
3.78557142857143e+01 1.06112758003004e-09 4.25763617376338e-11
3.79500000000000e+01 1.01003518655057e-09 4.05767834333409e-11
3.80442857142857e+01 9.61402848401272e-10 3.86709950091138e-11
3.81385714285714e+01 9.15112116131059e-10 3.68546034171695e-11
3.82328571428571e+01 8.71050243399838e-10 3.51234211081176e-11
3.83271428571429e+01 8.29109912508364e-10 3.34734563567467e-11
3.84214285714286e+01 7.89188973013718e-10 3.19009041465131e-11
3.85157142857143e+01 7.51190192930396e-10 3.04021374514550e-11
3.86100000000000e+01 7.15021021910692e-10 2.89736989408809e-11
3.87042857142857e+01 6.80593365742075e-10 2.76122930039757e-11
3.87985714285714e+01 6.47823372049575e-10 2.63147782292908e-11
3.88928571428571e+01 6.16631225788783e-10 2.50781602401805e-11
3.89871428571429e+01 5.86940954942116e-10 2.38995847694575e-11
3.90814285714286e+01 5.58680245480294e-10 2.27763311327247e-11
3.91757142857143e+01 5.31780265233373e-10 2.17058059868727e-11
3.92700000000000e+01 5.06175496242124e-10 2.06855373912341e-11
3.93642857142857e+01 4.81803575121928e-10 1.97131690989104e-11
3.94585714285714e+01 4.58605141354702e-10 1.87864551727385e-11
3.95528571428571e+01 4.36523692518201e-10 1.79032548561900e-11
3.96471428571429e+01 4.15505446733983e-10 1.70615276170235e-11
3.97414285714286e+01 3.95499211675500e-10 1.62593284753811e-11
3.98357142857143e+01 3.76456259883423e-10 1.54948035364328e-11
3.99300000000000e+01 3.58330210084336e-10 1.47661857396352e-11
4.00242857142857e+01 3.41076914182336e-10 1.40717907735156e-11
4.01185714285714e+01 3.24654349860154e-10 1.34100132221128e-11
4.02128571428571e+01 3.09022518095759e-10 1.27793228939555e-11
4.03071428571429e+01 2.94143345786174e-10 1.21782612757121e-11
4.04014285714286e+01 2.79980593016083e-10 1.16054381887604e-11
4.04957142857143e+01 2.66499764791431e-10 1.10595285924288e-11
4.05900000000000e+01 2.53668027022928e-10 1.05392695422340e-11
4.06842857142857e+01 2.41454126525956e-10 1.00434572671031e-11
4.07785714285714e+01 2.29828314989603e-10 9.57094441187852e-12
4.08728571428571e+01 2.18762276428470e-10 9.12063741049211e-12
4.09671428571429e+01 2.08229058247886e-10 8.69149394905558e-12
4.10614285714286e+01 1.98203005597782e-10 8.28252057369384e-12
4.11557142857143e+01 1.88659698887416e-10 7.89277040351882e-12
4.12500000000000e+01 1.79575894308669e-10 7.52134095448319e-12
4.13442857142857e+01 1.70929467202950e-10 7.16737204872794e-12
4.14385714285714e+01 1.62699358236577e-10 6.83004384184226e-12
4.15328571428571e+01 1.54865522043724e-10 6.50857494363906e-12
4.16271428571429e+01 1.47408878425965e-10 6.20222060374383e-12
4.17214285714286e+01 1.40311265880266e-10 5.91027100041670e-12
4.18157142857143e+01 1.33555397364597e-10 5.63204960472031e-12
4.19100000000000e+01 1.27124818193366e-10 5.36691162399204e-12
4.20042857142857e+01 1.21003865946123e-10 5.11424250672144e-12
4.20985714285714e+01 1.15177632363494e-10 4.87345653153534e-12
4.21928571428571e+01 1.09631926991384e-10 4.64399546309404e-12
4.22871428571429e+01 1.04353242634047e-10 4.42532725468045e-12
4.23814285714286e+01 9.93287224557758e-11 4.21694482440860e-12
4.24757142857143e+01 9.45461286666203e-11 4.01836488541146e-12
4.25700000000000e+01 8.99938127158575e-11 3.82912683273718e-12
4.26642857142857e+01 8.56606869108330e-11 3.64879167433313e-12
4.27585714285714e+01 8.15361974419749e-11 3.47694102201703e-12
4.28528571428571e+01 7.76102986463990e-11 3.31317613031298e-12
4.29471428571429e+01 7.38734285513843e-11 3.15711696890881e-12
4.30414285714286e+01 7.03164855850977e-11 3.00840134760801e-12
4.31357142857143e+01 6.69308064086883e-11 2.86668407994355e-12
4.32300000000000e+01 6.37081448157365e-11 2.73163618733426e-12
4.33242857142857e+01 6.06406516408577e-11 2.60294413488364e-12
4.34185714285714e+01 5.77208556633249e-11 2.48030910995823e-12
4.35128571428571e+01 5.49416453881779e-11 2.36344633499861e-12
4.36071428571429e+01 5.22962517329183e-11 2.25208440452757e-12
4.37014285714286e+01 4.97782315406368e-11 2.14596465958615e-12
4.37957142857143e+01 4.73814518869769e-11 2.04484058985314e-12
4.38900000000000e+01 4.51000751426977e-11 1.94847726474415e-12
4.39842857142857e+01 4.29285447507063e-11 1.85665078721352e-12
4.40785714285714e+01 4.08615717071845e-11 1.76914777806059e-12
4.41728571428571e+01 3.88941216643592e-11 1.68576488471398e-12
4.42671428571429e+01 3.70214026740406e-11 1.60630830742272e-12
4.43614285714286e+01 3.52388535162857e-11 1.53059335212963e-12
4.44557142857143e+01 3.35421325900316e-11 1.45844400316270e-12
4.45500000000000e+01 3.19271073386309e-11 1.38969251663700e-12
4.46442857142857e+01 3.03898441812220e-11 1.32417903014001e-12
4.47385714285714e+01 2.89265989423347e-11 1.26175119416612e-12
4.48328571428571e+01 2.75338077218829e-11 1.20226382105071e-12
4.49271428571429e+01 2.62080782185529e-11 1.14557854642063e-12
4.50214285714286e+01 2.49461814674654e-11 1.09156350966484e-12
4.51157142857143e+01 2.37450439756681e-11 1.04009304858857e-12
4.52100000000000e+01 2.26017402362917e-11 9.91047408866063e-13
4.53042857142857e+01 2.15134856008313e-11 9.44312465168824e-13
4.53985714285714e+01 2.04776295039956e-11 8.99779457799056e-13
4.54928571428571e+01 1.94916490005303e-11 8.57344741831428e-13
4.55871428571429e+01 1.85531426228592e-11 8.16909545250960e-13
4.56814285714286e+01 1.76598245320357e-11 7.78379740647833e-13
4.57757142857143e+01 1.68095189503241e-11 7.41665627061118e-13
4.58700000000000e+01 1.60001548618444e-11 7.06681722394704e-13
4.59642857142857e+01 1.52297609667629e-11 6.73346564202368e-13
4.60585714285714e+01 1.44964608849750e-11 6.41582521525582e-13
4.61528571428571e+01 1.37984685807885e-11 6.11315615670294e-13
4.62471428571429e+01 1.31340840146180e-11 5.82475347447159e-13
4.63414285714286e+01 1.25016890023440e-11 5.54994534073751e-13
4.64357142857143e+01 1.18997432740429e-11 5.28809153337115e-13
4.65300000000000e+01 1.13267807224837e-11 5.03858195308007e-13
4.66242857142857e+01 1.07814058311302e-11 4.80083520052488e-13
4.67185714285714e+01 1.02622902786968e-11 4.57429723221602e-13
4.68128571428571e+01 9.76816970025607e-12 4.35844008028119e-13
4.69071428571429e+01 9.29784060898140e-12 4.15276061865288e-13
4.70014285714286e+01 8.85015746491755e-12 3.95677939811060e-13
4.70957142857143e+01 8.42402988488858e-12 3.77003953325114e-13
4.71900000000000e+01 8.01841998674523e-12 3.59210564339158e-13
4.72842857142857e+01 7.63233986069822e-12 3.42256283643832e-13
4.73785714285714e+01 7.26484916559116e-12 3.26101574890327e-13
4.74728571428571e+01 6.91505283606969e-12 3.10708763154880e-13
4.75671428571429e+01 6.58209890341845e-12 2.96041946836013e-13
4.76614285714286e+01 6.26517642049407e-12 2.82066914458103e-13
4.77557142857143e+01 5.96351348657179e-12 2.68751065188250e-13
4.78500000000000e+01 5.67637536729314e-12 2.56063333204366e-13
4.79442857142857e+01 5.40306270458765e-12 2.43974115140584e-13
4.80385714285714e+01 5.14290981500991e-12 2.32455201533908e-13
4.81328571428571e+01 4.89528306663037e-12 2.21479711530075e-13
4.82271428571429e+01 4.65957933636039e-12 2.11022029981274e-13
4.83214285714286e+01 4.43522454097721e-12 2.01057748039675e-13
4.84157142857143e+01 4.22167223887933e-12 1.91563606405770e-13
4.85100000000000e+01 4.01840229916570e-12 1.82517441326362e-13
4.86042857142857e+01 3.82491963441415e-12 1.73898132796059e-13
4.86985714285714e+01 3.64075299602906e-12 1.65685555609938e-13
4.87928571428571e+01 3.46545382523181e-12 1.57860532743845e-13
4.88871428571429e+01 3.29859516096916e-12 1.50404790450758e-13
4.89814285714286e+01 3.13977060000094e-12 1.43300915847720e-13
4.90757142857143e+01 2.98859330705901e-12 1.36532316400471e-13
4.91700000000000e+01 2.84469507266585e-12 1.30083181370960e-13
4.92642857142857e+01 2.70772541605059e-12 1.23938444842298e-13
4.93585714285714e+01 2.57735073234394e-12 1.18083750775190e-13
4.94528571428571e+01 2.45325347918652e-12 1.12505419726448e-13
4.95471428571429e+01 2.33513140361468e-12 1.07190416798327e-13
4.96414285714286e+01 2.22269680588896e-12 1.02126321362103e-13
4.97357142857143e+01 2.11567583876883e-12 9.73012981379170e-14
4.98300000000000e+01 2.01380784052651e-12 9.27040696756572e-14
4.99242857142857e+01 1.91684469988857e-12 8.83238899648288e-14
5.00185714285714e+01 1.82455025231294e-12 8.41505194917564e-14
5.01128571428571e+01 1.73669970418324e-12 8.01742014834382e-14
5.02071428571429e+01 1.65307908550541e-12 7.63856390339259e-14
5.03014285714286e+01 1.57348472875933e-12 7.27759734945490e-14
5.03957142857143e+01 1.49772277284360e-12 6.93367638332776e-14
5.04900000000000e+01 1.42560869090468e-12 6.60599669939645e-14
5.05842857142857e+01 1.35696684077005e-12 6.29379190634406e-14
5.06785714285714e+01 1.29163003755709e-12 5.99633174696728e-14
5.07728571428571e+01 1.22943914605607e-12 5.71292040270244e-14
5.08671428571429e+01 1.17024269328284e-12 5.44289486141223e-14
5.09614285714286e+01 1.11389649954917e-12 5.18562337519254e-14
5.10557142857143e+01 1.06026332729673e-12 4.94050398741902e-14
5.11500000000000e+01 1.00921254683945e-12 4.70696313114276e-14
5.12442857142857e+01 9.60619818108642e-13 4.48445428527992e-14
5.13385714285714e+01 9.14366788091950e-13 4.27245670424751e-14
5.14328571428571e+01 8.70340802278149e-13 4.07047420806161e-14
5.15271428571429e+01 8.28434630375341e-13 3.87803401776965e-14
5.16214285714286e+01 7.88546205139351e-13 3.69468565499656e-14
5.17157142857143e+01 7.50578373777414e-13 3.51999989095072e-14
5.18100000000000e+01 7.14438661321469e-13 3.35356774633691e-14
5.19042857142857e+01 6.80039045331002e-13 3.19499953260677e-14
5.19985714285714e+01 6.47295741702379e-13 3.04392394552297e-14
5.20928571428571e+01 6.16129000398385e-13 2.89998720187363e-14
5.21871428571429e+01 5.86462911278563e-13 2.76285220866507e-14
5.22814285714286e+01 5.58225219211421e-13 2.63219777797457e-14
5.23757142857143e+01 5.31347148088885e-13 2.50771787712800e-14
5.24700000000000e+01 5.05763233314241e-13 2.38912091519465e-14
5.25642857142857e+01 4.81411162311039e-13 2.27612905904311e-14
5.26585714285714e+01 4.58231622892121e-13 2.16847758665627e-14
5.27528571428571e+01 4.36168158654922e-13 2.06591427123699e-14
5.28471428571429e+01 4.15167031524858e-13 1.96819878857651e-14
5.29414285714286e+01 3.95177090870114e-13 1.87510215693794e-14
5.30357142857143e+01 3.76149648918498e-13 1.78640620216548e-14
5.31300000000000e+01 3.58038362172818e-13 1.70190304869949e-14
5.32242857142857e+01 3.40799118504823e-13 1.62139463172703e-14
5.33185714285714e+01 3.24389929811853e-13 1.54469223586727e-14
5.34128571428571e+01 3.08770829649984e-13 1.47161605582554e-14
5.35071428571429e+01 2.93903775925723e-13 1.40199477370516e-14
5.36014285714286e+01 2.79752558240156e-13 1.33566515947218e-14
5.36957142857143e+01 2.66282709694421e-13 1.27247168943141e-14
5.37900000000000e+01 2.53461422941651e-13 1.21226618317942e-14
5.38842857142857e+01 2.41257470259125e-13 1.15490745566624e-14
5.39785714285714e+01 2.29641127557259e-13 1.10026098815295e-14
5.40728571428571e+01 2.18584101913244e-13 1.04819861484178e-14
5.41671428571429e+01 2.08059462684541e-13 9.98598221431558e-15
5.42614285714286e+01 1.98041575916239e-13 9.51343460158328e-15
5.43557142857143e+01 1.88506041906655e-13 9.06323477694397e-15
5.44500000000000e+01 1.79429635779081e-13 8.63432656224325e-15
5.45442857142857e+01 1.70790250899692e-13 8.22570365319503e-15
5.46385714285714e+01 1.62566845081646e-13 7.83640727267820e-15
5.47328571428571e+01 1.54739389285511e-13 7.46552393582765e-15
5.48271428571429e+01 1.47288818853146e-13 7.11218330048090e-15
5.49214285714286e+01 1.40196987073549e-13 6.77555613499363e-15
5.50157142857143e+01 1.33446620984488e-13 6.45485237783924e-15
5.51100000000000e+01 1.27021279302239e-13 6.14931929117116e-15
5.52042857142857e+01 1.20905312366289e-13 5.85823969155168e-15
5.52985714285714e+01 1.15083824055908e-13 5.58093027648356e-15
5.53928571428571e+01 1.09542635474727e-13 5.31674003067706e-15
5.54871428571429e+01 1.04268250428231e-13 5.06504869339679e-15
5.55814285714286e+01 9.92478225522397e-14 4.82526530936598e-15
5.56757142857143e+01 9.44691240241307e-14 4.59682684517812e-15
5.57700000000000e+01 8.99205157805862e-14 4.37919687270439e-15
5.58642857142857e+01 8.55909191618639e-14 4.17186430763559e-15
5.59585714285714e+01 8.14697889516120e-14 3.97434221623272e-15
5.60528571428571e+01 7.75470876688560e-14 3.78616667894127e-15
5.61471428571429e+01 7.38132611288304e-14 3.60689569770461e-15
5.62414285714286e+01 7.02592151726728e-14 3.43610816275975e-15
5.63357142857143e+01 6.68762935175708e-14 3.27340286618064e-15
5.64300000000000e+01 6.36562566733989e-14 3.11839756318508e-15
5.65242857142857e+01 6.05912618692789e-14 2.97072807282782e-15
5.66185714285714e+01 5.76738439678178e-14 2.83004742725325e-15
5.67128571428571e+01 5.48968972661668e-14 2.69602506149613e-15
5.68071428571429e+01 5.22536581950521e-14 2.56834603454064e-15
5.69014285714286e+01 4.97376888453310e-14 2.44671029272043e-15
5.69957142857143e+01 4.73428612877356e-14 2.33083196647460e-15
5.70900000000000e+01 4.50633426476024e-14 2.22043870115275e-15
5.71842857142857e+01 4.28935808945880e-14 2.11527101595198e-15
5.72785714285714e+01 4.08282913314012e-14 2.01508169742227e-15
5.73728571428571e+01 3.88624437106024e-14 1.91963522188289e-15
5.74671428571429e+01 3.69912499869060e-14 1.82870720019347e-15
5.75614285714286e+01 3.52101526553512e-14 1.74208385266291e-15
5.76557142857143e+01 3.35148136509826e-14 1.65956150775590e-15
5.77500000000000e+01 3.19011037829982e-14 1.58094612506945e-15
5.78442857142857e+01 3.03650926750783e-14 1.50605283839998e-15
5.79385714285714e+01 2.89030392004381e-14 1.43470552341726e-15
5.80328571428571e+01 2.75113823616866e-14 1.36673638595007e-15
5.81271428571429e+01 2.61867326204416e-14 1.30198556625597e-15
5.82214285714286e+01 2.49258636417225e-14 1.24030076474146e-15
5.83157142857143e+01 2.37257044358466e-14 1.18153688465862e-15
5.84100000000000e+01 2.25833318786836e-14 1.12555569209954e-15
5.85042857142857e+01 2.14959635902639e-14 1.07222549033647e-15
5.85985714285714e+01 2.04609511635272e-14 1.02142081167683e-15
5.86928571428572e+01 1.94757737080860e-14 9.73022124011665e-16
5.87871428571429e+01 1.85380317122897e-14 9.26915548790934e-16
5.88814285714286e+01 1.76454411989413e-14 8.82992594265271e-16
5.89757142857143e+01 1.67958281624119e-14 8.41149900836589e-16
5.90700000000000e+01 1.59871232736025e-14 8.01288998736321e-16
5.91642857142857e+01 1.52173568386043e-14 7.63316075945767e-16
5.92585714285714e+01 1.44846540051714e-14 7.27141758582562e-16
5.93528571428571e+01 1.37872301922862e-14 6.92680901760518e-16
5.94471428571429e+01 1.31233867449962e-14 6.59852388617160e-16
5.95414285714286e+01 1.24915067971455e-14 6.28578940205768e-16
5.96357142857143e+01 1.18900513333148e-14 5.98786934023478e-16
5.97300000000000e+01 1.13175554403740e-14 5.70406231324073e-16
5.98242857142857e+01 1.07726247386418e-14 5.43370011742155e-16
5.99185714285714e+01 1.02539319884364e-14 5.17614616789519e-16
6.00128571428572e+01 9.76021385461919e-15 4.93079400816171e-16
6.01071428571429e+01 9.29026783056834e-15 4.69706587808453e-16
6.02014285714286e+01 8.84294930933739e-15 4.47441135918551e-16
6.02957142857143e+01 8.41716879583517e-15 4.26230608152637e-16
6.03900000000000e+01 8.01188925323641e-15 4.06025049318421e-16
6.04842857142857e+01 7.62612357654626e-15 3.86776868191303e-16
6.05785714285714e+01 7.25893219029884e-15 3.68440725994534e-16
6.06728571428571e+01 6.90942075814451e-15 3.50973430199176e-16
6.07671428571429e+01 6.57673800527145e-15 3.34333832494872e-16
6.08614285714286e+01 6.26007364502891e-15 3.18482732262151e-16
6.09557142857143e+01 5.95865640538230e-15 3.03382784436141e-16
6.10500000000000e+01 5.67175215039228e-15 2.88998411830013e-16
6.11442857142857e+01 5.39866209171294e-15 2.75295721182762e-16
6.12385714285714e+01 5.13872108794737e-15 2.62242423700192e-16
6.13328571428571e+01 4.89129602324073e-15 2.49807759386791e-16
6.14271428571429e+01 4.65578426573043e-15 2.37962424357346e-16
6.15214285714286e+01 4.43161219976754e-15 2.26678502063140e-16
6.16157142857143e+01 4.21823382881094e-15 2.15929397649137e-16
6.17100000000000e+01 4.01512944559053e-15 2.05689775488367e-16
6.18042857142857e+01 3.82180436599980e-15 1.95935499373944e-16
6.18985714285714e+01 3.63778772517061e-15 1.86643575908359e-16
6.19928571428571e+01 3.46263132966234e-15 1.77792100593955e-16
6.20871428571429e+01 3.29590856616893e-15 1.69360206051872e-16
6.21814285714286e+01 3.13721336245362e-15 1.61328013026236e-16
6.22757142857143e+01 2.98615919831400e-15 1.53676583620462e-16
6.23700000000000e+01 2.84237816416807e-15 1.46387876796891e-16
6.24642857142857e+01 2.70552006475752e-15 1.39444705772625e-16
6.25585714285714e+01 2.57525156686175e-15 1.32830697690390e-16
6.26528571428571e+01 2.45125538675030e-15 1.26530255213921e-16
6.27471428571429e+01 2.33322951763562e-15 1.20528519643526e-16
6.28414285714286e+01 2.22088649410114e-15 1.14811336013274e-16
6.29357142857143e+01 2.11395269194667e-15 1.09365219779328e-16
6.30300000000000e+01 2.01216766174554e-15 1.04177325120460e-16
6.31242857142857e+01 1.91528349434251e-15 9.92354145913536e-17
6.32185714285714e+01 1.82306421750127e-15 9.45278303945954e-17
6.33128571428571e+01 1.73528522069321e-15 9.00434670237502e-17
6.34071428571429e+01 1.65173270819646e-15 8.57717449920051e-17
6.35014285714286e+01 1.57220317837205e-15 8.17025859706057e-17
6.35957142857143e+01 1.49650292801258e-15 7.78263890614204e-17
6.36900000000000e+01 1.42444758055605e-15 7.41340082177992e-17
6.37842857142857e+01 1.35586163691219e-15 7.06167306304079e-17
6.38785714285714e+01 1.29057804833556e-15 6.72662562647224e-17
6.39728571428571e+01 1.22843780922735e-15 6.40746783752326e-17
6.40671428571429e+01 1.16928956997367e-15 6.10344647947548e-17
6.41614285714286e+01 1.11298926831629e-15 5.81384402266671e-17
6.42557142857143e+01 1.05939977847277e-15 5.53797693454517e-17
6.43500000000000e+01 1.00839057715093e-15 5.27519407150522e-17
6.44442857142857e+01 9.59837425571967e-16 5.02487513955076e-17
6.45385714285714e+01 9.13622067097841e-16 4.78642923689158e-17
6.46328571428571e+01 8.69631938971080e-16 4.55929346611196e-17
6.47271428571429e+01 8.27759898235653e-16 4.34293160167526e-17
6.48214285714286e+01 7.87903960778096e-16 4.13683282877299e-17
6.49157142857143e+01 7.49967052933653e-16 3.94051053977730e-17
6.50100000000000e+01 7.13856775052303e-16 3.75350118893478e-17
6.51042857142857e+01 6.79485176398057e-16 3.57536319614622e-17
6.51985714285714e+01 6.46768541092612e-16 3.40567590903375e-17
6.52928571428571e+01 6.15627184052783e-16 3.24403861456129e-17
6.53871428571429e+01 5.85985256964648e-16 3.09006959015495e-17
6.54814285714286e+01 5.57770563546347e-16 2.94340520557277e-17
6.55757142857143e+01 5.30914383705856e-16 2.80369906582211e-17
6.56700000000000e+01 5.05351306165379e-16 2.67062119555057e-17
6.57642857142857e+01 4.81019069109098e-16 2.54385725844035e-17
6.58585714285714e+01 4.57858408647948e-16 2.42310781806627e-17
6.59528571428571e+01 4.35812914361420e-16 2.36502459918560e-17
