Energy (eV)          EEDF (eV^-(3/2))     First Anisotropy
9.22727272727273e-02 7.79236247551536e-02 8.70023248905026e-05
2.76818181818182e-01 7.55149946510781e-02 1.41922320405855e-04
4.61363636363636e-01 7.31808156490306e-02 1.82791439594288e-04
6.45909090909091e-01 7.09187864426624e-02 2.11194481195865e-04
8.30454545454545e-01 6.87266768765300e-02 2.32785334659203e-04
1.01500000000000e+00 6.66023257212318e-02 2.49785327778981e-04
1.19954545454545e+00 6.45436385510589e-02 2.63385310009882e-04
1.38409090909091e+00 6.25485856962332e-02 2.74328388725660e-04
1.56863636363636e+00 6.06152001953775e-02 2.83122650913451e-04
1.75318181818182e+00 5.87415759157222e-02 2.90137443482524e-04
1.93772727272727e+00 5.69258656178401e-02 2.95653305849867e-04
2.12227272727273e+00 5.51662791829019e-02 2.99890446806234e-04
2.30681818181818e+00 5.34610818129747e-02 3.03026175717843e-04
2.49136363636364e+00 5.18085923273717e-02 3.05206168293999e-04
2.67590909090909e+00 5.02071815246782e-02 3.06552079198719e-04
2.86045454545455e+00 4.86552705497924e-02 3.07166871354075e-04
3.04500000000000e+00 4.71513293616450e-02 3.07138661609409e-04
3.22954545454545e+00 4.56938752024932e-02 3.06543568111363e-04
3.41409090909091e+00 4.42814711564235e-02 3.05447864901846e-04
3.59863636363636e+00 4.29127247139625e-02 3.03909644397586e-04
3.78318181818182e+00 4.15862864164358e-02 3.01980121399261e-04
3.96772727272727e+00 4.03008485095917e-02 2.99704671768281e-04
4.15227272727273e+00 3.90551436690181e-02 2.97123670162469e-04
4.33681818181818e+00 3.78479437397969e-02 2.94273175167407e-04
4.52136363636364e+00 3.66780585270576e-02 2.91185493012195e-04
4.70590909090909e+00 3.55443346302804e-02 2.87889648973413e-04
4.89045454545455e+00 3.44456542957880e-02 2.84411783005776e-04
5.07500000000000e+00 3.33809343244361e-02 2.80775485008995e-04
5.25954545454545e+00 3.23491249945896e-02 2.77002081195379e-04
5.44409090909091e+00 3.13492090357132e-02 2.73110880014801e-04
5.62863636363636e+00 3.03802006174304e-02 2.69119384940464e-04
5.81318181818182e+00 2.94411443851040e-02 2.65043479332816e-04
5.99772727272727e+00 2.85311145108655e-02 2.60897588150911e-04
6.18227272727273e+00 2.76492137874927e-02 2.56694819729181e-04
6.36681818181818e+00 2.67945727389051e-02 2.52447091432903e-04
6.55136363636364e+00 2.59663487634540e-02 2.48165239902433e-04
6.73590909090909e+00 2.51637253069787e-02 2.43859120024807e-04
6.92045454545454e+00 2.43859110527040e-02 2.39537692808589e-04
7.10500000000000e+00 2.36321391458528e-02 2.35209104031238e-04
7.28954545454545e+00 2.29016664330700e-02 2.30880754937774e-04
7.47409090909091e+00 2.21937727340247e-02 2.26559365788717e-04
7.65863636363636e+00 2.15077601273161e-02 2.22251033304753e-04
7.84318181818182e+00 2.08429522662336e-02 2.17961282550907e-04
8.02772727272727e+00 2.01986937082891e-02 2.13695114065949e-04
8.21227272727273e+00 1.95743492724717e-02 2.09457046547468e-04
8.39681818181818e+00 1.89693034104441e-02 2.05251156082198e-04
8.58136363636364e+00 1.83829595999013e-02 2.01081111283658e-04
8.76590909090909e+00 1.78147397585013e-02 1.96950205995944e-04
8.95045454545454e+00 1.72640836711988e-02 1.92861388957943e-04
9.13500000000000e+00 1.67304484405187e-02 1.88817290989775e-04
9.31954545454545e+00 1.62133079488366e-02 1.84820250000281e-04
9.50409090909091e+00 1.57121523420259e-02 1.80872333906531e-04
9.68863636363636e+00 1.52264875245466e-02 1.76975361772755e-04
9.87318181818182e+00 1.47558346744448e-02 1.73130923223905e-04
1.00577272727273e+01 1.42997297692436e-02 1.69340396393024e-04
1.02422727272727e+01 1.38577231303957e-02 1.65604964583832e-04
1.04268181818182e+01 1.34293789764459e-02 1.61925630918768e-04
1.06113636363636e+01 1.30142750021737e-02 1.58303233441224e-04
1.07959090909091e+01 1.26120019478582e-02 1.54738457555653e-04
1.09804545454545e+01 1.22221632116678e-02 1.51231848110111e-04
1.11650000000000e+01 1.18443744435564e-02 1.47783820803100e-04
1.13495454545455e+01 1.14782631806687e-02 1.44394672346357e-04
1.15340909090909e+01 1.11234684664909e-02 1.41064590276597e-04
1.17186363636364e+01 1.07796405079456e-02 1.37793661683952e-04
1.19031818181818e+01 1.04464403181915e-02 1.34581881667736e-04
1.20877272727273e+01 1.01235393941513e-02 1.31429160844750e-04
1.22722727272727e+01 9.81061938146146e-03 1.28335332889524e-04
1.24568181818182e+01 9.50737176884252e-03 1.25300160025546e-04
1.26413636363636e+01 9.21349758347778e-03 1.22323340770494e-04
1.28259090909091e+01 8.92870708910140e-03 1.19404514660040e-04
1.30104545454545e+01 8.65271950975478e-03 1.16543267707669e-04
1.31950000000000e+01 8.38526274399735e-03 1.13739137481057e-04
1.33795454545455e+01 8.12607310518875e-03 1.10991617561744e-04
1.35640909090909e+01 7.87489505336406e-03 1.08300161937934e-04
1.37486363636364e+01 7.63148095107031e-03 1.05664188849777e-04
1.39331818181818e+01 7.39559081179905e-03 1.03083084590556e-04
1.41177272727273e+01 7.16699207046020e-03 1.00556206820590e-04
1.43022727272727e+01 6.94545934733649e-03 9.80828880140940e-05
1.44868181818182e+01 6.73077423086885e-03 9.56624376727262e-05
1.46713636363636e+01 6.52272506204972e-03 9.32941461123476e-05
1.48559090909091e+01 6.32110672139873e-03 9.09772863576143e-05
1.50404545454545e+01 6.12572043246107e-03 8.87111166025940e-05
1.52250000000000e+01 5.93637356035966e-03 8.64948824919478e-05
1.54095454545455e+01 5.75287942710230e-03 8.43278190690358e-05
1.55940909090909e+01 5.57505712253751e-03 8.22091527410702e-05
1.57786363636364e+01 5.40273133076852e-03 8.01381029452703e-05
1.59631818181818e+01 5.23573215274206e-03 7.81138838381393e-05
1.61477272727273e+01 5.07389494310809e-03 7.61357057159519e-05
1.63322727272727e+01 4.91706014371947e-03 7.42027765682780e-05
1.65168181818182e+01 4.76507312940826e-03 7.23143028601691e-05
1.67013636363636e+01 4.61778405537249e-03 7.04694913960626e-05
1.68859090909091e+01 4.47504770674588e-03 6.86675499679011e-05
1.70704545454545e+01 4.33672335898529e-03 6.69076884141124e-05
1.72550000000000e+01 4.20267463572541e-03 6.51891195908331e-05
1.74395454545455e+01 4.07276937758103e-03 6.35110601540564e-05
1.76240909090909e+01 3.94687950873163e-03 6.18727313800888e-05
1.78086363636364e+01 3.82488091363498e-03 6.02733598151463e-05
1.79931818181818e+01 3.70665331180199e-03 5.87121779639663e-05
1.81777272727273e+01 3.59208014194794e-03 5.71884248238900e-05
1.83622727272727e+01 3.48104844445183e-03 5.57013465285169e-05
1.85468181818182e+01 3.37344875192818e-03 5.42501964979010e-05
1.87313636363636e+01 3.26917498119826e-03 5.28342363296578e-05
1.89159090909091e+01 3.16812432700270e-03 5.14527358964325e-05
1.91004545454545e+01 3.07019716288669e-03 5.01049737350853e-05
1.92850000000000e+01 2.97529694082860e-03 4.87902373924651e-05
1.94695454545455e+01 2.88333009811124e-03 4.75078236605827e-05
1.96540909090909e+01 2.79420596310375e-03 4.62570388507976e-05
1.98386363636364e+01 2.70783666775924e-03 4.50371989676597e-05
2.00231818181818e+01 2.62413705917093e-03 4.38476299208069e-05
2.02077272727273e+01 2.54302461735797e-03 4.26876676457756e-05
2.03922727272727e+01 2.46441937224043e-03 4.15566583090381e-05
2.05768181818182e+01 2.38824382603088e-03 4.04539581927036e-05
2.07613636363636e+01 2.31442287676290e-03 3.93789340866878e-05
2.09459090909091e+01 2.24288374316393e-03 3.83309631572389e-05
2.11304545454545e+01 2.17355589433000e-03 3.73094330206657e-05
2.13150000000000e+01 2.10637097881604e-03 3.63137417959903e-05
2.14995454545455e+01 2.04126275856417e-03 3.53432980917147e-05
2.16840909090909e+01 1.97816704233543e-03 3.43975210260702e-05
2.18686363636364e+01 1.91702162363522e-03 3.34758401873424e-05
2.20531818181818e+01 1.85776621821977e-03 3.25776956263551e-05
2.22377272727273e+01 1.80034240577788e-03 3.17025377944383e-05
2.24222727272727e+01 1.74469357126181e-03 3.08498275441322e-05
2.26068181818182e+01 1.69076484986406e-03 3.00190359198223e-05
2.27913636363636e+01 1.63850307288374e-03 2.92096442964354e-05
2.29759090909091e+01 1.58785671460920e-03 2.84211441699531e-05
2.31604545454545e+01 1.53877584244006e-03 2.76530370916841e-05
2.33450000000000e+01 1.49121206677299e-03 2.69048345929178e-05
2.35295454545455e+01 1.44511849414380e-03 2.61760580699021e-05
2.37140909090909e+01 1.40044968017837e-03 2.54662386956161e-05
2.38986363636364e+01 1.35716158557247e-03 2.47749172954079e-05
2.40831818181818e+01 1.31521153191994e-03 2.41016442481804e-05
2.42677272727273e+01 1.27455816035882e-03 2.34459793546618e-05
2.44522727272727e+01 1.23516139010039e-03 2.28074917516445e-05
2.46368181818182e+01 1.19698237942818e-03 2.21857596874401e-05
2.48213636363636e+01 1.15998348737642e-03 2.15803705365045e-05
2.50059090909091e+01 1.12412823616637e-03 2.09909205811890e-05
2.51904545454545e+01 1.08938127584130e-03 2.04170148940420e-05
2.53750000000000e+01 1.05570834883914e-03 1.98582672163461e-05
2.55595454545455e+01 1.02307625677048e-03 1.93142998126301e-05
2.57440909090909e+01 9.91452827156532e-04 1.87847433458700e-05
2.59286363636364e+01 9.60806882220640e-04 1.82692367307964e-05
2.61131818181818e+01 9.31108207658834e-04 1.77674270068477e-05
2.62977272727273e+01 9.02327523323097e-04 1.72789691911751e-05
2.64822727272727e+01 8.74436453900102e-04 1.68035261650096e-05
2.66668181818182e+01 8.47407501272114e-04 1.63407684678245e-05
2.68513636363636e+01 8.21214017388708e-04 1.58903742561671e-05
2.70359090909091e+01 7.95830177697962e-04 1.54520291060128e-05
2.72204545454545e+01 7.71230956077376e-04 1.50254258854233e-05
2.74050000000000e+01 7.47392099783755e-04 1.46102646263503e-05
2.75895454545455e+01 7.24290105904269e-04 1.42062523818683e-05
2.77740909090909e+01 7.01902197836434e-04 1.38131030990538e-05
2.79586363636364e+01 6.80206303167285e-04 1.34305374785882e-05
2.81431818181818e+01 6.59181031589860e-04 1.30582828491813e-05
2.83277272727273e+01 6.38805654124021e-04 1.26960730299032e-05
2.85122727272727e+01 6.19060082381559e-04 1.23436482165917e-05
2.86968181818182e+01 5.99924848981888e-04 1.20007548067303e-05
2.88813636363636e+01 5.81381088347438e-04 1.16671453379168e-05
2.90659090909091e+01 5.63410517909067e-04 1.13425783207942e-05
2.92504545454545e+01 5.45995420338713e-04 1.10268181211474e-05
2.94350000000000e+01 5.29118625833807e-04 1.07196348425012e-05
2.96195454545455e+01 5.12763495427853e-04 1.04208041998997e-05
2.98040909090909e+01 4.96913904356415e-04 1.01301074053622e-05
2.99886363636364e+01 4.81554226380322e-04 9.84733104531200e-06
3.01731818181818e+01 4.66669318167124e-04 9.57226696904739e-06
3.03577272727273e+01 4.52244504565549e-04 9.30471216990794e-06
3.05422727272727e+01 4.38265563940362e-04 9.04446868375303e-06
3.07268181818182e+01 4.24718714297108e-04 8.79134344623392e-06
3.09113636363636e+01 4.11590599686717e-04 8.54514822856223e-06
3.10959090909091e+01 3.98868276908959e-04 8.30569950187542e-06
3.12804545454545e+01 3.86539202921946e-04 8.07281833600457e-06
3.14650000000000e+01 3.74591222311836e-04 7.84633029928663e-06
3.16495454545455e+01 3.63012555466504e-04 7.62606535306829e-06
3.18340909090909e+01 3.51791786809956e-04 7.41185775484839e-06
3.20186363636364e+01 3.40917853693838e-04 7.20354595659501e-06
3.22031818181818e+01 3.30380035349846e-04 7.00097251122390e-06
3.23877272727273e+01 3.20167942455550e-04 6.80398397469286e-06
3.25722727272727e+01 3.10271506760939e-04 6.61243082051582e-06
3.27568181818182e+01 3.00680971258896e-04 6.42616732660066e-06
3.29413636363636e+01 2.91386880560649e-04 6.24505151642090e-06
3.31259090909091e+01 2.82380071488104e-04 6.06894505175151e-06
3.33104545454545e+01 2.73651664152893e-04 5.89771314949323e-06
3.34950000000000e+01 2.65193053092653e-04 5.73122449967408e-06
3.36795454545455e+01 2.56995898891704e-04 5.56935118028455e-06
3.38640909090909e+01 2.49052119858107e-04 5.41196857846397e-06
3.40486363636364e+01 2.41353884153113e-04 5.25895530881637e-06
3.42331818181818e+01 2.33893601975976e-04 5.11019313772125e-06
3.44177272727273e+01 2.26663918171311e-04 4.96556690504273e-06
3.46022727272727e+01 2.19657704890660e-04 4.82496445473358e-06
3.47868181818182e+01 2.12868054629591e-04 4.68827654680611e-06
3.49713636363636e+01 2.06288273414190e-04 4.55539680696835e-06
3.51559090909091e+01 1.99911874144414e-04 4.42622164333055e-06
3.53404545454545e+01 1.93732570273797e-04 4.30065017999028e-06
3.55250000000000e+01 1.87744269538833e-04 4.17858419173253e-06
3.57095454545455e+01 1.81941068022517e-04 4.05992803686795e-06
3.58940909090909e+01 1.76317244266198e-04 3.94458859471912e-06
3.60786363636364e+01 1.70867253693665e-04 3.83247520142440e-06
3.62631818181818e+01 1.65585723082127e-04 3.72349959012677e-06
3.64477272727273e+01 1.60467445324962e-04 3.61757582964376e-06
3.66322727272727e+01 1.55507374239902e-04 3.51462026950082e-06
3.68168181818182e+01 1.50700619637071e-04 3.41455147239437e-06
3.70013636363636e+01 1.46042442495477e-04 3.31729017280053e-06
3.71859090909091e+01 1.41528250252650e-04 3.22275921315339e-06
3.73704545454545e+01 1.37153592327229e-04 3.13088349185854e-06
3.75550000000000e+01 1.32914155682468e-04 3.04158991227905e-06
3.77395454545455e+01 1.28805760620814e-04 2.95480733064902e-06
3.79240909090909e+01 1.24824356617947e-04 2.87046650737671e-06
3.81086363636364e+01 1.20966018372830e-04 2.78850005738392e-06
3.82931818181818e+01 1.17226941895782e-04 2.70884240364157e-06
3.84777272727273e+01 1.13603440798489e-04 2.63142972984000e-06
3.86622727272727e+01 1.10091942620607e-04 2.55619993760768e-06
3.88468181818182e+01 1.06688985336563e-04 2.48309259523508e-06
3.90313636363636e+01 1.03391213940813e-04 2.41204890457113e-06
3.92159090909091e+01 1.00195377114549e-04 2.34301165261445e-06
3.94004545454545e+01 9.70983240540258e-05 2.27592517140956e-06
3.95850000000000e+01 9.40970013315257e-05 2.21073529875154e-06
3.97695454545455e+01 9.11884499163969e-05 2.14738933829224e-06
3.99540909090909e+01 8.83698022273983e-05 2.08583602211129e-06
4.01386363636364e+01 8.56382793347382e-05 2.02602547275325e-06
4.03231818181818e+01 8.29911881921282e-05 1.96790916758855e-06
4.05077272727273e+01 8.04259190088324e-05 1.91143990269909e-06
4.06922727272727e+01 7.79399426504672e-05 1.85657176001342e-06
4.08768181818182e+01 7.55308081649476e-05 1.80326006869261e-06
4.10613636363636e+01 7.31961403650689e-05 1.75146137916118e-06
4.12459090909091e+01 7.09336374695871e-05 1.70113342667944e-06
4.14304545454545e+01 6.87410688566365e-05 1.65223510074733e-06
4.16150000000000e+01 6.66162728425808e-05 1.60472641516012e-06
4.17995454545455e+01 6.45571545719512e-05 1.55856847774579e-06
4.19840909090909e+01 6.25616839316956e-05 1.51372346189112e-06
4.21686363636364e+01 6.06278935693460e-05 1.47015457778745e-06
4.23531818181818e+01 5.87538769344076e-05 1.42782604536227e-06
4.25377272727273e+01 5.69377864169666e-05 1.38670306696480e-06
4.27222727272727e+01 5.51778315084665e-05 1.34675180237205e-06
4.29068181818182e+01 5.34722770495358e-05 1.30793933989895e-06
4.30913636363636e+01 5.18194415186040e-05 1.27023367631641e-06
4.32759090909091e+01 5.02176953624741e-05 1.23360368961332e-06
4.34604545454545e+01 4.86654594050852e-05 1.19801911585593e-06
4.36450000000000e+01 4.71612032757740e-05 1.16345052656147e-06
4.38295454545455e+01 4.57034439147486e-05 1.12986930591620e-06
4.40140909090909e+01 4.42907440971474e-05 1.09724762928909e-06
4.41986363636364e+01 4.29217110293485e-05 1.06555844161175e-06
4.43831818181818e+01 4.15949949629848e-05 1.03477543697918e-06
4.45677272727273e+01 4.03092878765706e-05 1.00487303813629e-06
4.47522727272727e+01 3.90633221739879e-05 9.75826377621000e-07
4.49368181818182e+01 3.78558694436081e-05 9.47611276264258e-07
4.51213636363636e+01 3.66857392467338e-05 9.20204227831403e-07
4.53059090909091e+01 3.55517779360942e-05 8.93582378761084e-07
4.54904545454545e+01 3.44528675288325e-05 8.67723510785055e-07
4.56750000000000e+01 3.33879245942601e-05 8.42606023947244e-07
4.58595454545455e+01 3.23558991953491e-05 8.18208919559089e-07
4.60440909090909e+01 3.13557738442699e-05 7.94511784091921e-07
4.62286363636364e+01 3.03865625082266e-05 7.71494773017711e-07
4.64131818181818e+01 2.94473096286454e-05 7.49138595532612e-07
4.65977272727273e+01 2.85370891874428e-05 7.27424499239567e-07
4.67822727272727e+01 2.76550037859847e-05 7.06334256013029e-07
4.69668181818182e+01 2.68001837663284e-05 6.85850146069235e-07
4.71513636363636e+01 2.59717863535113e-05 6.65954946322038e-07
4.73359090909091e+01 2.51689948193405e-05 6.46631915376716e-07
4.75204545454545e+01 2.43910176842034e-05 6.27864780550436e-07
4.77050000000000e+01 2.36370879299549e-05 6.09637725199104e-07
4.78895454545455e+01 2.29064622502503e-05 5.91935376030079e-07
4.80740909090909e+01 2.21984203113964e-05 5.74742791091713e-07
4.82586363636364e+01 2.15122640482593e-05 5.58045447755075e-07
4.84431818181818e+01 2.08473169701552e-05 5.41829231333260e-07
4.86277272727273e+01 2.02029234995625e-05 5.26080423698436e-07
4.88122727272727e+01 1.95784483203077e-05 5.10785692742325e-07
4.89968181818182e+01 1.89732757552683e-05 4.95932080617281e-07
4.91813636363636e+01 1.83868091591623e-05 4.81506994970381e-07
4.93659090909091e+01 1.78184703267072e-05 4.67498197869782e-07
4.95504545454545e+01 1.72676989273323e-05 4.53893796157500e-07
4.97350000000000e+01 1.67339519481379e-05 4.40682232035089e-07
4.99195454545455e+01 1.62167031629762e-05 4.27852273660048e-07
5.01040909090909e+01 1.57154426093509e-05 4.15393006230608e-07
5.02886363636364e+01 1.52296760897774e-05 4.03293823084296e-07
5.04731818181818e+01 1.47589246805544e-05 3.91544417256423e-07
5.06577272727273e+01 1.43027242634416e-05 3.80134773054934e-07
5.08422727272727e+01 1.38606250643609e-05 3.69055158236940e-07
5.10268181818182e+01 1.34321912127240e-05 3.58296115356038e-07
5.12113636363636e+01 1.30170003115619e-05 3.47848455201531e-07
5.13959090909091e+01 1.26146430186305e-05 3.37703248652174e-07
5.15804545454545e+01 1.22247226460792e-05 3.27851819534401e-07
5.17650000000000e+01 1.18468547662213e-05 3.18285737656244e-07
5.19495454545455e+01 1.14806668355439e-05 3.08996811862856e-07
5.21340909090909e+01 1.11257978244967e-05 2.99977083444027e-07
5.23186363636364e+01 1.07818978643634e-05 2.91218819564452e-07
5.25031818181818e+01 1.04486278996056e-05 2.82714507025522e-07
5.26877272727273e+01 1.01256593562063e-05 2.74456846050740e-07
5.28722727272727e+01 9.81267381519407e-06 2.66438744500319e-07
5.30568181818182e+01 9.50936270059160e-06 2.58653311521583e-07
5.32413636363636e+01 9.21542697509194e-06 2.51093852662434e-07
5.34259090909091e+01 8.93057684356712e-06 2.43753863894739e-07
5.36104545454545e+01 8.65453146956450e-06 2.36627026345368e-07
5.37950000000000e+01 8.38701869629497e-06 2.29707201158969e-07
5.39795454545455e+01 8.12777478036845e-06 2.22988424385462e-07
5.41640909090909e+01 7.87654412977967e-06 2.16464902121056e-07
5.43486363636364e+01 7.63307905383480e-06 2.10131005674140e-07
5.45331818181818e+01 7.39713951709919e-06 2.03981266969906e-07
5.47177272727273e+01 7.16849290453071e-06 1.98010373979885e-07
5.49022727272727e+01 6.94691379041683e-06 1.92213166457553e-07
5.50868181818182e+01 6.73218371740755e-06 1.86584631289860e-07
5.52713636363636e+01 6.52409098107074e-06 1.81119898872706e-07
5.54559090909091e+01 6.32243042003379e-06 1.75814238736378e-07
5.56404545454545e+01 6.12700321521867e-06 1.70663055669737e-07
5.58250000000000e+01 5.93761669237006e-06 1.65661885942703e-07
5.60095454545455e+01 5.75408413349925e-06 1.60806393552591e-07
5.61940909090909e+01 5.57622459144157e-06 1.56092366652910e-07
5.63786363636364e+01 5.40386271276687e-06 1.51515714005727e-07
5.65631818181818e+01 5.23682856363343e-06 1.47072461605806e-07
5.67477272727273e+01 5.07495746346781e-06 1.42758749327929e-07
5.69322727272727e+01 4.91808982142688e-06 1.38570827792463e-07
5.71168181818182e+01 4.76607097993105e-06 1.34505054969378e-07
5.73013636363636e+01 4.61875106214115e-06 1.30557893499285e-07
5.74859090909091e+01 4.47598482341723e-06 1.26725907498091e-07
5.76704545454545e+01 4.33763150914849e-06 1.23005759713311e-07
5.78550000000000e+01 4.20355471498886e-06 1.19394208753376e-07
5.80395454545455e+01 4.07362225333306e-06 1.15888106338165e-07
5.82240909090909e+01 3.94770602206566e-06 1.12484394680770e-07
5.84086363636364e+01 3.82568187915759e-06 1.09180103889958e-07
5.85931818181818e+01 3.70742951940998e-06 1.05972349496185e-07
5.87777272727273e+01 3.59283235667733e-06 1.02858329997755e-07
5.89622727272727e+01 3.48177740811916e-06 9.98353245626200e-08
5.91468181818182e+01 3.37415518340737e-06 9.69006905519789e-08
5.93313636363636e+01 3.26985957674820e-06 9.40518615462626e-08
5.95159090909091e+01 3.16878776174084e-06 9.12863450153909e-08
5.97004545454545e+01 3.07084009070272e-06 8.86017202370621e-08
5.98850000000000e+01 2.97591999574689e-06 8.59956362690574e-08
6.00695454545455e+01 2.88393389423016e-06 8.34658099395119e-08
6.02540909090909e+01 2.79479109585584e-06 8.10100239315153e-08
6.04386363636364e+01 2.70840371387256e-06 7.86261248851043e-08
6.06231818181818e+01 2.62468657783523e-06 7.63120215880569e-08
6.08077272727273e+01 2.54355715020479e-06 7.40656831835071e-08
6.09922727272727e+01 2.46493544442278e-06 7.18851374885094e-08
6.11768181818182e+01 2.38874394646131e-06 6.97684691911925e-08
6.13613636363636e+01 2.31490753838027e-06 6.77138184000842e-08
6.15459090909091e+01 2.24335342390471e-06 6.57193789482357e-08
6.17304545454545e+01 2.17401105713532e-06 6.37833968723566e-08
6.19150000000000e+01 2.10681207253172e-06 6.19041689317955e-08
6.20995454545454e+01 2.04169021795890e-06 6.00800411422424e-08
6.22840909090909e+01 1.97858128893501e-06 5.83094073771906e-08
6.24686363636364e+01 1.91742306575013e-06 5.65907079835878e-08
6.26531818181818e+01 1.85815525171874e-06 5.49224284612703e-08
6.28377272727273e+01 1.80071941412309e-06 5.33030981560523e-08
6.30222727272727e+01 1.74505892622655e-06 5.17312890319104e-08
6.32068181818182e+01 1.69111891172518e-06 5.02056143604164e-08
6.33913636363636e+01 1.63884619063037e-06 4.87247276571664e-08
6.35759090909091e+01 1.58818922658935e-06 4.72873214491166e-08
6.37604545454545e+01 1.53909807640460e-06 4.58921261654397e-08
6.39450000000000e+01 1.49152434047586e-06 4.45379090576888e-08
6.41295454545455e+01 1.44542111538996e-06 4.32234731317543e-08
6.43140909090909e+01 1.40074294738114e-06 4.19476561284734e-08
6.44986363636364e+01 1.35744578780462e-06 4.07093295155618e-08
6.46831818181818e+01 1.31548694943138e-06 3.95073975253369e-08
6.48677272727273e+01 1.27482506463003e-06 3.83407962033008e-08
6.50522727272727e+01 1.23542004432341e-06 3.72084925131076e-08
6.52368181818182e+01 1.19723303865667e-06 3.61094833851195e-08
6.54213636363636e+01 1.16022639868502e-06 3.50427949382706e-08
6.56059090909091e+01 1.12436363908462e-06 3.40074815852705e-08
6.57904545454545e+01 1.08960940240744e-06 3.30026252250127e-08
6.59750000000000e+01 1.05592942400344e-06 3.20273344564856e-08
6.61595454545455e+01 1.02329049844977e-06 3.10807438019706e-08
6.63440909090909e+01 9.91660446609245e-07 3.01620129651570e-08
6.65286363636364e+01 9.61008084101509e-07 2.92703260981454e-08
6.67131818181818e+01 9.31303190367786e-07 2.84048911013138e-08
6.68977272727273e+01 9.02516479059841e-07 2.75649389316867e-08
6.70822727272727e+01 8.74619568988706e-07 2.67497229514928e-08
6.72668181818182e+01 8.47584956275411e-07 2.59585182382680e-08
6.74513636363636e+01 8.21385987227920e-07 2.51906210166130e-08
6.76359090909091e+01 7.95996831945820e-07 2.44453480094260e-08
6.78204545454545e+01 7.71392459009604e-07 2.37220358507248e-08
6.80050000000000e+01 7.47548610651901e-07 2.30200405142074e-08
6.81895454545455e+01 7.24441778986388e-07 2.23387367490310e-08
6.83740909090909e+01 7.02049182691089e-07 2.16775175406395e-08
6.85586363636364e+01 6.80348744683272e-07 2.10357935784813e-08
6.87431818181818e+01 6.59319070222725e-07 2.04129927473013e-08
6.89277272727273e+01 6.38939425944688e-07 1.98085596250111e-08
6.91122727272727e+01 6.19189719296618e-07 1.92219550092027e-08
6.92968181818182e+01 6.00050478819451e-07 1.86526554174469e-08
6.94813636363636e+01 5.81502834945890e-07 1.81001526730207e-08
6.96659090909091e+01 5.63528501316192e-07 1.75639534350345e-08
6.98504545454545e+01 5.46109756856138e-07 1.70435787720622e-08
7.00350000000000e+01 5.29229428202538e-07 1.65385637472749e-08
7.02195454545455e+01 5.12870872871419e-07 1.60484570091238e-08
7.04040909090909e+01 4.97017962753770e-07 1.55728203999841e-08
7.05886363636364e+01 4.81655068307646e-07 1.51112285700894e-08
7.07731818181818e+01 4.66767043058977e-07 1.46632686083688e-08
7.09577272727273e+01 4.52339208755298e-07 1.42285396783252e-08
7.11422727272727e+01 4.38357340810414e-07 1.38066526743265e-08
7.13268181818182e+01 4.24807654342625e-07 1.33972298600269e-08
7.15113636363636e+01 4.11676790580895e-07 1.29999045667996e-08
7.16959090909091e+01 3.98951803638939e-07 1.26143208537656e-08
7.18804545454545e+01 3.86620147825109e-07 1.22401331985594e-08
7.20650000000000e+01 3.74669665202547e-07 1.18770061964857e-08
7.22495454545455e+01 3.63088573671054e-07 1.15246142639065e-08
7.24340909090909e+01 3.51865455284772e-07 1.11826413545048e-08
7.26186363636364e+01 3.40989245059083e-07 1.08507806795743e-08
7.28031818181818e+01 3.30449219999690e-07 1.05287344404258e-08
7.29877272727273e+01 3.20234988590434e-07 1.02162135646254e-08
7.31722727272727e+01 3.10336480490455e-07 9.91293745677999e-09
7.33568181818182e+01 3.00743936648675e-07 9.61863373714175e-09
7.35413636363636e+01 2.91447899680074e-07 9.33303802238390e-09
7.37259090909091e+01 2.82439204503440e-07 9.05589367984203e-09
7.39104545454545e+01 2.73708969355928e-07 8.78695160347657e-09
7.40950000000000e+01 2.65248586987615e-07 8.52596999594703e-09
7.42795454545455e+01 2.57049716222689e-07 8.27271415388891e-09
7.44640909090909e+01 2.49104273690197e-07 8.02695626241747e-09
7.46486363636364e+01 2.41404425898615e-07 7.78847519267647e-09
7.48331818181818e+01 2.33942581470148e-07 7.55705630806858e-09
7.50177272727273e+01 2.26711383697442e-07 7.33249127338020e-09
7.52022727272727e+01 2.19703703250766e-07 7.11457787427232e-09
7.53868181818182e+01 2.12912631178707e-07 6.90311982846882e-09
7.55713636363636e+01 2.06331472095065e-07 6.69792662659052e-09
7.57559090909091e+01 1.99953737551544e-07 6.49881335464851e-09
7.59404545454545e+01 1.93773139675519e-07 6.30560053189190e-09
7.61250000000000e+01 1.87783584937122e-07 6.11811395310031e-09
7.63095454545455e+01 1.81979168174063e-07 5.93618453328677e-09
7.64940909090909e+01 1.76354166738248e-07 5.75964815901058e-09
7.66786363636364e+01 1.70903034884117e-07 5.58834554197936e-09
7.68631818181818e+01 1.65620398271689e-07 5.42212207886997e-09
7.70477272727273e+01 1.60501048696295e-07 5.26082771332345e-09
7.72322727272727e+01 1.55539938926346e-07 5.10431680532614e-09
7.74168181818182e+01 1.50732177747600e-07 4.95244799493313e-09
7.76013636363636e+01 1.46073025139828e-07 4.80508408683801e-09
7.77859090909091e+01 1.41557887585484e-07 4.66209192226254e-09
7.79704545454545e+01 1.37182313564893e-07 4.52334226170171e-09
7.81550000000000e+01 1.32941989144258e-07 4.38870967089749e-09
7.83395454545455e+01 1.28832733744917e-07 4.25807240861762e-09
7.85240909090909e+01 1.24850496000004e-07 4.13131231916780e-09
7.87086363636364e+01 1.20991349781089e-07 4.00831472661710e-09
7.88931818181818e+01 1.17251490307136e-07 3.88896833347640e-09
7.90777272727273e+01 1.13627230412878e-07 3.77316512100230e-09
7.92622727272727e+01 1.10114996894702e-07 3.66080025476340e-09
7.94468181818182e+01 1.06711327001846e-07 3.55177198635218e-09
7.96313636363636e+01 1.03412865021728e-07 3.44598156975983e-09
7.98159090909091e+01 1.00216358959028e-07 3.34333316898267e-09
8.00004545454545e+01 9.71186573460592e-08 3.24373377330429e-09
8.01850000000000e+01 9.41167061197054e-08 3.14709311491995e-09
8.03695454545454e+01 9.12075456258437e-08 3.05332358790747e-09
8.05540909090909e+01 8.83883076864454e-08 2.96234017058661e-09
8.07386363636364e+01 8.56562127862512e-08 2.87406034915494e-09
8.09231818181818e+01 8.30085673184531e-08 2.78840404451178e-09
8.11077272727273e+01 8.04427609425323e-08 2.70529354029219e-09
8.12922727272727e+01 7.79562639976506e-08 2.62465341465025e-09
8.14768181818182e+01 7.55466250183356e-08 2.54641046941707e-09
8.16613636363636e+01 7.32114683170643e-08 2.47049366957530e-09
8.18459090909091e+01 7.09484916334292e-08 2.39683407666869e-09
8.20304545454545e+01 6.87554638757395e-08 2.32536478764004e-09
8.22150000000000e+01 6.66302229103179e-08 2.25602087536691e-09
8.23995454545454e+01 6.45706734405039e-08 2.18873933019748e-09
8.25840909090909e+01 6.25747849305582e-08 2.12345900391162e-09
8.27686363636364e+01 6.06405896137088e-08 2.06012055462977e-09
8.29531818181818e+01 5.87661805424654e-08 1.99866639400332e-09
8.31377272727273e+01 5.69497097178585e-08 1.93904063530295e-09
8.33222727272727e+01 5.51893862584672e-08 1.88118904417787e-09
8.35068181818182e+01 5.34834746414725e-08 1.82505898762746e-09
8.36913636363636e+01 5.18302929912489e-08 1.77059939023368e-09
8.38759090909091e+01 5.02282114152318e-08 1.71776068619703e-09
8.40604545454545e+01 4.86756504048806e-08 1.66649477521259e-09
8.42450000000000e+01 4.71710792707938e-08 1.61675497957514e-09
8.44295454545454e+01 4.57130146409601e-08 1.56849600202494e-09
8.46140909090909e+01 4.43000189911553e-08 1.52167388532879e-09
8.47986363636364e+01 4.29306992345631e-08 1.47624597256254e-09
8.49831818181818e+01 4.16037053416527e-08 1.43217086902607e-09
8.51677272727273e+01 4.03177290156090e-08 1.38940840482231e-09
8.53522727272727e+01 3.90715023962430e-08 1.34791959933901e-09
8.55368181818182e+01 3.78637968146266e-08 1.30766662451387e-09
8.57213636363636e+01 3.66934215815007e-08 1.26861277321057e-09
8.59059090909091e+01 3.55592228092483e-08 1.23072242469131e-09
8.60904545454545e+01 3.44600822797178e-08 1.19396101280571e-09
8.62750000000000e+01 3.33949163364862e-08 1.15829499506901e-09
8.64595454545454e+01 3.23626748215672e-08 1.12369182228693e-09
8.66440909090909e+01 3.13623400351206e-08 1.09011990942208e-09
8.68286363636364e+01 3.03929257368547e-08 1.05754860697789e-09
8.70131818181818e+01 2.94534761690751e-08 1.02594817355043e-09
8.71977272727273e+01 2.85430651188444e-08 9.95289748869854e-10
8.73822727272727e+01 2.76607950005143e-08 9.65545328197318e-10
8.75668181818182e+01 2.68057959739891e-08 9.36687735894119e-10
8.77513636363636e+01 2.59772250869792e-08 9.08690602589565e-10
8.79359090909091e+01 2.51742654410806e-08 8.81528340339229e-10
8.81204545454545e+01 2.43961253901572e-08 8.55176119705218e-10
8.83050000000000e+01 2.36420377562019e-08 8.29609847479127e-10
8.84895454545454e+01 2.29112590764918e-08 8.04806144807708e-10
8.86740909090909e+01 2.22030688671917e-08 7.80742326206431e-10
8.88586363636364e+01 2.15167689163163e-08 7.57396378953961e-10
8.90431818181818e+01 2.08516825921692e-08 7.34746943321888e-10
8.92277272727273e+01 2.02071541793238e-08 7.12773293164839e-10
8.94122727272727e+01 1.95825482291683e-08 6.91455317475896e-10
8.95968181818182e+01 1.89772489356261e-08 6.70773501379219e-10
8.97813636363636e+01 1.83906595279139e-08 6.50708909657123e-10
8.99659090909091e+01 1.78222016802109e-08 6.31243168886058e-10
9.01504545454545e+01 1.72713149440904e-08 6.12358450932681e-10
9.03350000000000e+01 1.67374561934442e-08 5.94037456914096e-10
9.05195454545455e+01 1.62200990914479e-08 5.76263401453996e-10
9.07040909090909e+01 1.57187335692809e-08 5.59019997573665e-10
9.08886363636364e+01 1.52328653255240e-08 5.42291441862770e-10
9.10731818181818e+01 1.47620153366172e-08 5.26062400247387e-10
9.12577272727273e+01 1.43057193867168e-08 5.10317994022586e-10
9.14422727272727e+01 1.38635276079586e-08 4.95043786572530e-10
9.16268181818182e+01 1.34350040384617e-08 4.80225769708116e-10
9.18113636363636e+01 1.30197261924324e-08 4.65850351789900e-10
9.19959090909091e+01 1.26172846422676e-08 4.51904344887968e-10
9.21804545454545e+01 1.22272826167025e-08 4.38374952904389e-10
9.23650000000000e+01 1.18493356078824e-08 4.25249760030617e-10
9.25495454545455e+01 1.14830709939613e-08 4.12516719421874e-10
9.27340909090909e+01 1.11281276700960e-08 4.00164142325420e-10
9.29186363636364e+01 1.07841556940085e-08 3.88180687413892e-10
9.31031818181818e+01 1.04508159394468e-08 3.76555350545566e-10
9.32877272727273e+01 1.01277797633126e-08 3.65277454718476e-10
9.34722727272727e+01 9.81472868022136e-09 3.54336640514195e-10
9.36568181818182e+01 9.51135404956585e-09 3.43722856281833e-10
9.38413636363636e+01 9.21735677117081e-09 3.33426349579896e-10
9.40259090909091e+01 8.93244698946301e-09 3.23437657951273e-10
9.42104545454545e+01 8.65634380895080e-09 3.13747600379583e-10
9.43950000000000e+01 8.38877501607598e-09 3.04347268987112e-10
9.45795454545455e+01 8.12947681200539e-09 2.95228020891496e-10
9.47640909090909e+01 7.87819355141730e-09 2.86381470386857e-10
9.49486363636364e+01 7.63467749155171e-09 2.77799481274979e-10
9.51331818181818e+01 7.39868854690019e-09 2.69474159501620e-10
9.53177272727273e+01 7.16999405352564e-09 2.61397845934603e-10
9.55022727272727e+01 6.94836853868723e-09 2.53563109490610e-10
9.56868181818182e+01 6.73359349928046e-09 2.45962740085678e-10
9.58713636363636e+01 6.52545718637541e-09 2.38589742472079e-10
9.60559090909091e+01 6.32375439579733e-09 2.31437329613424e-10
9.62404545454545e+01 6.12828626668059e-09 2.24498916542074e-10
9.64250000000000e+01 5.93886008457102e-09 2.17768114390664e-10
9.66095454545455e+01 5.75528909223735e-09 2.11238724539666e-10
9.67940909090909e+01 5.57739230476105e-09 2.04904732996755e-10
9.69786363636364e+01 5.40499433185945e-09 1.98760304885805e-10
9.71631818181818e+01 5.23792520423331e-09 1.92799779153926e-10
9.73477272727273e+01 5.07602020670108e-09 1.87017663382027e-10
9.75322727272727e+01 4.91911971511879e-09 1.81408628843698e-10
9.77168181818182e+01 4.76706903951507e-09 1.75967505444515e-10
9.79013636363636e+01 4.61971827155494e-09 1.70689277286109e-10
9.80859090909091e+01 4.47692213629020e-09 1.65569077910406e-10
9.82704545454545e+01 4.33853984953237e-09 1.60602185885329e-10
9.84550000000000e+01 4.20443497847067e-09 1.55784020515925e-10
9.86395454545455e+01 4.07447530772345e-09 1.51110137640136e-10
9.88240909090909e+01 3.94853270844197e-09 1.46576225590203e-10
9.90086363636364e+01 3.82648301251237e-09 1.42178101234009e-10
9.91931818181818e+01 3.70820588962859e-09 1.37911706172218e-10
9.93777272727273e+01 3.59358472914893e-09 1.33773103010905e-10
9.95622727272727e+01 3.48250652465287e-09 1.29758471810983e-10
9.97468181818182e+01 3.37486176288067e-09 1.25864106456619e-10
9.99313636363636e+01 3.27054431574522e-09 1.22086411350675e-10
1.00115909090909e+02 3.16945133578062e-09 1.18421898514144e-10
1.00300454545455e+02 3.07148315337282e-09 1.14867183543509e-10
1.00485000000000e+02 2.97654318155530e-09 1.11418983182835e-10
1.00669545454545e+02 2.88453781699264e-09 1.08074112172481e-10
1.00854090909091e+02 2.79537635146559e-09 1.04829480223893e-10
1.01038636363636e+02 2.70897087879346e-09 1.01682089329068e-10
1.01223181818182e+02 2.62523621169548e-09 9.86290308823547e-11
1.01407727272727e+02 2.54408979438911e-09 9.56674831467259e-11
1.01592272727273e+02 2.46545162450118e-09 9.27947083321390e-11
1.01776818181818e+02 2.38924417173075e-09 9.00080510650377e-11
1.01961363636364e+02 2.31539230154155e-09 8.73049345715084e-11
1.02145909090909e+02 2.24382320326039e-09 8.46828591904247e-11
1.02330454545455e+02 2.17446631540461e-09 8.21393999439001e-11
1.02515000000000e+02 2.10725325890881e-09 7.96722042082137e-11
1.02699545454545e+02 2.04211776700568e-09 7.72789896603010e-11
1.02884090909091e+02 1.97899562250863e-09 7.49575420853558e-11
1.03068636363636e+02 1.91782459196838e-09 7.27057134431211e-11
1.03253181818182e+02 1.85854436676526e-09 7.05214198041650e-11
1.03437727272727e+02 1.80109650128063e-09 6.84026395290149e-11
1.03622272727273e+02 1.74542435756753e-09 6.63474111768065e-11
1.03806818181818e+02 1.69147304780213e-09 6.43538323904061e-11
1.03991363636364e+02 1.63918938025961e-09 6.24200571801870e-11
1.04175909090909e+02 1.58852180838114e-09 6.05442948423297e-11
1.04360454545455e+02 1.53942037794914e-09 5.87248082175335e-11
1.04545000000000e+02 1.49183667977635e-09 5.69599120213694e-11
1.04729545454545e+02 1.44572380010200e-09 5.52479713689243e-11
1.04914090909091e+02 1.40103627615487e-09 5.35874002032196e-11
1.05098636363636e+02 1.35773004957400e-09 5.19766599060342e-11
1.05283181818182e+02 1.31576242467117e-09 5.04142578186473e-11
1.05467727272727e+02 1.27509202469170e-09 4.88987459338213e-11
1.05652272727273e+02 1.23567875261239e-09 4.74287193991527e-11
1.05836818181818e+02 1.19748375042329e-09 4.60028157059621e-11
1.06021363636364e+02 1.16046936087980e-09 4.46197127563856e-11
1.06205909090909e+02 1.12459909142401e-09 4.32781280773403e-11
1.06390454545455e+02 1.08983757681445e-09 4.19768175728933e-11
1.06575000000000e+02 1.05615054560591e-09 4.07145743277024e-11
1.06759545454545e+02 1.02350478505761e-09 3.94902275474733e-11
1.06944090909091e+02 9.91868109649410e-10 3.83026414327456e-11
1.07128636363636e+02 9.61209328129539e-10 3.71507141813090e-11
1.07313181818182e+02 9.31498213943521e-10 3.60333769282047e-11
1.07497727272727e+02 9.02705474290931e-10 3.49495928064912e-11
1.07682272727273e+02 8.74802722350880e-10 3.38983558764382e-11
1.07866818181818e+02 8.47762448471263e-10 3.28786905360942e-11
1.08051363636364e+02 8.21557993090159e-10 3.18896501458499e-11
1.08235909090909e+02 7.96163521179919e-10 3.09303164578616e-11
1.08420454545455e+02 7.71553995809259e-10 2.99997987223781e-11
1.08605000000000e+02 7.47705154394663e-10 2.90972328304755e-11
1.08789545454545e+02 7.24593483874291e-10 2.82217805534294e-11
1.08974090909091e+02 7.02196198402247e-10 2.73726287358862e-11
1.09158636363636e+02 6.80491216036022e-10 2.65489885797649e-11
1.09343181818182e+02 6.59457137785987e-10 2.57500948849074e-11
1.09527727272727e+02 6.39073225724079e-10 2.49752053749084e-11
1.09712272727273e+02 6.19319383306191e-10 2.42235999311565e-11
1.09896818181818e+02 6.00176134986354e-10 2.34945801649506e-11
1.10081363636364e+02 5.81624607045746e-10 2.27874684387931e-11
1.10265909090909e+02 5.63646509490797e-10 2.21016074526201e-11
1.10450454545455e+02 5.46224117349018e-10 2.14363596038412e-11
1.10635000000000e+02 5.29340253843899e-10 2.07911063733292e-11
1.10819545454545e+02 5.12978272830993e-10 2.01652477795775e-11
1.11004090909091e+02 4.97122042995109e-10 1.95582018008448e-11
1.11188636363636e+02 4.81755931357114e-10 1.89694038613008e-11
1.11373181818182e+02 4.66864788431328e-10 1.83983062872020e-11
1.11557727272727e+02 4.52433932737767e-10 1.78443778231552e-11
1.11742272727273e+02 4.38449136861394e-10 1.73071030843367e-11
1.11926818181818e+02 4.24896613027302e-10 1.67859822461871e-11
1.12111363636364e+02 4.11762999528143e-10 1.62805303480288e-11
1.12295909090909e+02 3.99035347902350e-10 1.57902769932838e-11
1.12480454545455e+02 3.86701109701064e-10 1.53147658913157e-11
1.12665000000000e+02 3.74748124568438e-10 1.48535544177669e-11
1.12849545454545e+02 3.63164607815239e-10 1.44062132229875e-11
1.13034090909091e+02 3.51939139223434e-10 1.39723258182800e-11
1.13218636363636e+02 3.41060651377285e-10 1.35514882072983e-11
1.13403181818182e+02 3.30518419148226e-10 1.31433084966778e-11
1.13587727272727e+02 3.20302048737264e-10 1.27474065490595e-11
1.13772272727273e+02 3.10401467798806e-10 1.23634135914229e-11
1.13956818181818e+02 3.00806915233617e-10 1.19909719902541e-11
1.14141363636364e+02 2.91508931579785e-10 1.16297347560651e-11
1.14325909090909e+02 2.82498349931081e-10 1.12793653263846e-11
1.14510454545455e+02 2.73766286574441e-10 1.09395372378354e-11
1.14695000000000e+02 2.65304132545699e-10 1.06099338113929e-11
1.14879545454545e+02 2.57103544837766e-10 1.02902478715773e-11
1.15064090909091e+02 2.49156438469496e-10 9.98018145027161e-12
1.15248636363636e+02 2.41454978229780e-10 9.67944552240145e-12
1.15433181818182e+02 2.33991571228366e-10 9.38775972722225e-12
1.15617727272727e+02 2.26758859143190e-10 9.10485211951987e-12
1.15802272727273e+02 2.19749711223873e-10 8.83045888962061e-12
1.15986818181818e+02 2.12957217069067e-10 8.56432420062919e-12
1.16171363636364e+02 2.06374679823509e-10 8.30619983590471e-12
1.16355909090909e+02 1.99995609745626e-10 8.05584504209352e-12
1.16540454545455e+02 1.93813717583329e-10 7.81302629447869e-12
1.16725000000000e+02 1.87822908591975e-10 7.57751707171998e-12
1.16909545454545e+02 1.82017276313933e-10 7.34909765454110e-12
1.17094090909091e+02 1.76391096960082e-10 7.12755491376309e-12
1.17278636363636e+02 1.70938823568514e-10 6.91268212082165e-12
1.17463181818182e+02 1.65655080727488e-10 6.70427874831051e-12
1.17647727272727e+02 1.60534659090167e-10 6.50215029163598e-12
1.17832272727273e+02 1.55572510418262e-10 6.30610806889878e-12
1.18016818181818e+02 1.50763742471087e-10 6.11596910315953e-12
1.18201363636364e+02 1.46103614189261e-10 5.93155587163518e-12
1.18385909090909e+02 1.41587531138805e-10 5.75269619224688e-12
1.18570454545455e+02 1.37211040824261e-10 5.57922305574891e-12
1.18755000000000e+02 1.32969828451036e-10 5.41097446454841e-12
1.18939545454545e+02 1.28859712524188e-10 5.24779328842647e-12
1.19124090909091e+02 1.24876640868313e-10 5.08952711287620e-12
1.19308636363636e+02 1.21016686494576e-10 4.93602810330929e-12
1.19493181818182e+02 1.17276043862492e-10 4.78715286235088e-12
1.19677727272727e+02 1.13651024998856e-10 4.64276230203440e-12
1.19862272727273e+02 1.10138055986714e-10 4.50272150079669e-12
1.20046818181818e+02 1.06733673348656e-10 4.36689961837824e-12
1.20231363636364e+02 1.03434520637027e-10 4.23516971739510e-12
1.20415909090909e+02 1.00237345207133e-10 4.10740868139560e-12
1.20600454545455e+02 9.71389949010361e-11 3.98349709479019e-12
1.20785000000000e+02 9.41364150456719e-11 3.86331912754785e-12
1.20969545454545e+02 9.12266453387539e-11 3.74676243182257e-12
1.21154090909091e+02 8.84068170293413e-11 3.63371803346289e-12
1.21338636363636e+02 8.56741499935320e-11 3.52408023472315e-12
1.21523181818182e+02 8.30259500863920e-11 3.41774651218467e-12
1.21707727272727e+02 8.04596063958717e-11 3.31461742519421e-12
1.21892272727273e+02 7.79725887556811e-11 3.21459651369061e-12
1.22076818181818e+02 7.55624451859362e-11 3.11759023673633e-12
1.22261363636364e+02 7.32267994791206e-11 3.02350784558428e-12
1.22445909090909e+02 7.09633489147058e-11 2.93226132453134e-12
1.22630454545455e+02 6.87698619127124e-11 2.84376530505560e-12
1.22815000000000e+02 6.66441759072807e-11 2.75793698334920e-12
1.22999545454545e+02 6.45841951432336e-11 2.67469604627317e-12
1.23184090909091e+02 6.25878886788923e-11 2.59396459376623e-12
1.23368636363636e+02 6.06532883169241e-11 2.51566706916117e-12
1.23553181818182e+02 5.87784867285492e-11 2.43973018618197e-12
1.23737727272727e+02 5.69616355104892e-11 2.36608286336550e-12
1.23922272727273e+02 5.52009434231866e-11 2.29465615107341e-12
1.24106818181818e+02 5.34946745796567e-11 2.22538318712230e-12
1.24291363636364e+02 5.18411467364202e-11 2.15819910648690e-12
1.24475909090909e+02 5.02387296748977e-11 2.09304099863467e-12
1.24660454545455e+02 4.86858435411221e-11 2.02984784613741e-12
1.24845000000000e+02 4.71809573394743e-11 1.96856046570136e-12
1.25029545454545e+02 4.57225873735764e-11 1.90912145514330e-12
1.25214090909091e+02 4.43092958315824e-11 1.85147513790945e-12
1.25398636363636e+02 4.29396893220851e-11 1.79556751317731e-12
1.25583181818182e+02 4.16124175453981e-11 1.74134620365721e-12
1.25767727272727e+02 4.03261719186857e-11 1.68876040863597e-12
1.25952272727273e+02 3.90796843280097e-11 1.63776085184594e-12
1.26136818181818e+02 3.78717258466388e-11 1.58829974945699e-12
1.26321363636364e+02 3.67011055250802e-11 1.54033074584445e-12
1.26505909090909e+02 3.55666692447286e-11 1.49380888283031e-12
1.26690454545455e+02 3.44672985430635e-11 1.44869055580123e-12
1.26875000000000e+02 3.34019095467017e-11 1.40493347154921e-12
1.27059545454545e+02 3.23694518681857e-11 1.36249661031069e-12
1.27244090909091e+02 3.13689076038915e-11 1.32134018610286e-12
1.27428636363636e+02 3.03992902980454e-11 1.28142561100198e-12
1.27613181818182e+02 2.94596440015452e-11 1.24271545782791e-12
1.27797727272727e+02 2.85490422991085e-11 1.20517342652999e-12
1.27982272727273e+02 2.76665874253040e-11 1.16876430695877e-12
1.28166818181818e+02 2.68114093575298e-11 1.13345395578932e-12
1.28351363636364e+02 2.59826649593923e-11 1.09920925083184e-12
1.28535909090909e+02 2.51795371688323e-11 1.06599806886876e-12
1.28720454545455e+02 2.44012341668332e-11 1.03378925429261e-12
1.28905000000000e+02 2.36469886216718e-11 1.00255258897086e-12
1.29089545454545e+02 2.29160569082834e-11 9.72258765075340e-13
1.29274090909091e+02 2.22077183984533e-11 9.42879356731855e-13
1.29458636363636e+02 2.15212747277506e-11 9.14386794453497e-13
1.29643181818182e+02 2.08560491288683e-11 8.86754338469538e-13
1.29827727272727e+02 2.02113857432273e-11 8.59956054668158e-13
1.30012272727273e+02 1.95866489948422e-11 8.33966788014763e-13
1.30196818181818e+02 1.89812229484348e-11 8.08762145923534e-13
1.30381363636364e+02 1.83945107029733e-11 7.84318465758889e-13
1.30565909090909e+02 1.78259338166903e-11 7.60612798874648e-13
1.30750454545455e+02 1.72749317188502e-11 7.37622888203756e-13
1.30935000000000e+02 1.67409611744407e-11 7.15327146721712e-13
1.31119545454545e+02 1.62234957317841e-11 6.93704638003744e-13
1.31304090909091e+02 1.57220252197705e-11 6.72735055964441e-13
1.31488636363636e+02 1.52360552291283e-11 6.52398706563415e-13
1.31673181818182e+02 1.47651066402217e-11 6.32676488745609e-13
1.31857727272727e+02 1.43087151359288e-11 6.13549877227687e-13
1.32042272727273e+02 1.38664307581452e-11 5.95000903520953e-13
1.32226818181818e+02 1.34378174535244e-11 5.77012143955551e-13
1.32411363636364e+02 1.30224526441233e-11 5.59566696565387e-13
1.32595909090909e+02 1.26199268201950e-11 5.42648169599358e-13
1.32780454545455e+02 1.22298431239423e-11 5.26240665510478e-13
1.32965000000000e+02 1.18518169703563e-11 5.10328765567170e-13
1.33149545454545e+02 1.14854756563329e-11 4.94897515943363e-13
1.33334090909091e+02 1.11304580045616e-11 4.79932413242123e-13
1.33518636363636e+02 1.07864139964593e-11 4.65419391407881e-13
1.33703181818182e+02 1.04530044377084e-11 4.51344808108417e-13
1.33887727272727e+02 1.01299006135569e-11 4.37695432420728e-13
1.34072272727273e+02 9.81678397468918e-12 4.24458431284903e-13
1.34256818181818e+02 9.51334581574675e-12 4.11621360883405e-13
1.34441363636364e+02 9.21928697135850e-12 3.99172150200695e-13
1.34625909090909e+02 8.93431752775658e-12 3.87099092757364e-13
1.34810454545455e+02 8.65815652822727e-12 3.75390835173164e-13
1.34995000000000e+02 8.39053170455290e-12 3.64036366173032e-13
1.35179545454545e+02 8.13117920040979e-12 3.53025006637677e-13
1.35364090909091e+02 7.87984331913718e-12 3.42346399261717e-13
1.35548636363636e+02 7.63627626398865e-12 3.31990499192671e-13
1.35733181818182e+02 7.40023790123551e-12 3.21947564302601e-13
1.35917727272727e+02 7.17149551624471e-12 3.12208146380762e-13
1.36102272727273e+02 6.94982359098455e-12 3.02763081465492e-13
1.36286818181818e+02 6.73500357651092e-12 2.93603483641518e-13
1.36471363636364e+02 6.52682367776681e-12 2.84720733347331e-13
1.36655909090909e+02 6.32507864935057e-12 2.76106471430732e-13
1.36840454545455e+02 6.12956958708083e-12 2.67752590980403e-13
1.37025000000000e+02 5.94010373778113e-12 2.59651229472890e-13
1.37209545454545e+02 5.75649430354442e-12 2.51794761657497e-13
1.37394090909091e+02 5.57856026308233e-12 2.44175792169291e-13
1.37578636363636e+02 5.40612618791553e-12 2.36787148834997e-13
1.37763181818182e+02 5.23902207458448e-12 2.29621875724433e-13
1.37947727272727e+02 5.07708317203895e-12 2.22673226852569e-13
1.38132272727273e+02 4.92014982405002e-12 2.15934659280117e-13
1.38316818181818e+02 4.76806730819500e-12 2.09399828652611e-13
1.38501363636364e+02 4.62068568350255e-12 2.03062580884743e-13
1.38685909090909e+02 4.47785964581874e-12 1.96916947887153e-13
1.38870454545455e+02 4.33944838030780e-12 1.90957141733341e-13
1.39055000000000e+02 4.20531542672758e-12 1.85177549051125e-13
1.39239545454545e+02 4.07532854091693e-12 1.79572725935409e-13
1.39424090909091e+02 3.94935956826234e-12 1.74137392672625e-13
1.39608636363636e+02 3.82728431362442e-12 1.68866428954687e-13
1.39793181818182e+02 3.70898242249771e-12 1.63754868916673e-13
1.39977727272727e+02 3.59433725886202e-12 1.58797896634170e-13
1.40162272727273e+02 3.48323579356772e-12 1.53990841200333e-13
1.40346818181818e+02 3.37556849038168e-12 1.49329173518964e-13
1.40531363636364e+02 3.27122919812518e-12 1.44808500390704e-13
1.40715909090909e+02 3.17011504824711e-12 1.40424561442449e-13
1.40900454545455e+02 3.07212635044487e-12 1.36173224962536e-13
1.41085000000000e+02 2.97716649724367e-12 1.32050483895796e-13
1.41269545454545e+02 2.88514186597673e-12 1.28052452206924e-13
1.41454090909091e+02 2.79596172916628e-12 1.24175361113398e-13
1.41638636363636e+02 2.70953816247557e-12 1.20415555664272e-13
1.41823181818182e+02 2.62578596053889e-12 1.16769491196874e-13
1.42007727272727e+02 2.54462255052148e-12 1.13233730118270e-13
1.42192272727273e+02 2.46596791306730e-12 1.09804938393018e-13
1.42376818181818e+02 2.38974450165038e-12 1.06479883238664e-13
1.42561363636364e+02 2.31587716621212e-12 1.03255428920204e-13
1.42745909090909e+02 2.24429308062552e-12 1.00128534544492e-13
1.42930454545455e+02 2.17492166882937e-12 9.70962510870055e-14
1.43115000000000e+02 2.10769453724614e-12 9.41557185324074e-14
1.43299545454545e+02 2.04254540541633e-12 9.13041632753513e-14
1.43484090909091e+02 1.97941004252555e-12 8.85388954309548e-14
1.43668636363636e+02 1.91822620226484e-12 8.58573063896499e-14
1.43853181818182e+02 1.85893356321709e-12 8.32568662874817e-14
1.44037727272727e+02 1.80147366768591e-12 8.07351217058931e-14
1.44222272727273e+02 1.74578986570669e-12 7.82896931662236e-14
1.44406818181818e+02 1.69182725796879e-12 7.59182734743194e-14
1.44591363636364e+02 1.63953264175330e-12 7.36186247299116e-14
1.44775909090909e+02 1.58885445956570e-12 7.13885767429233e-14
1.44960454545455e+02 1.53974274686281e-12 6.92260249111842e-14
1.45145000000000e+02 1.49214908418801e-12 6.71289281791503e-14
1.45329545454545e+02 1.44602654808277e-12 6.50953071805223e-14
1.45514090909091e+02 1.40132966613224e-12 6.31232423183029e-14
1.45698636363636e+02 1.35801437086736e-12 6.12108720175521e-14
1.45883181818182e+02 1.31603795754388e-12 5.93563909195879e-14
1.46067727272727e+02 1.27535904085284e-12 5.75580482383520e-14
1.46252272727273e+02 1.23593751526680e-12 5.58141459732919e-14
1.46436818181818e+02 1.19773451464350e-12 5.41230377206781e-14
1.46621363636364e+02 1.16071237395167e-12 5.24831265470024e-14
1.46805909090909e+02 1.12483459289473e-12 5.08928638522187e-14
1.46990454545455e+02 1.09006579891805e-12 4.93507478550695e-14
1.47175000000000e+02 1.05637171330922e-12 4.78553221360656e-14
1.47359545454545e+02 1.02371911645900e-12 4.64051743104244e-14
1.47544090909091e+02 9.92075816022844e-13 4.49989346576937e-14
1.47728636363636e+02 9.61410614298163e-13 4.36352748734180e-14
1.47913181818182e+02 9.31693278321875e-13 4.23129067802635e-14
1.48097727272727e+02 9.02894509234999e-13 4.10305811537446e-14
1.48282272727273e+02 8.74985914198497e-13 3.97870864476583e-14
1.48466818181818e+02 8.47939977802850e-13 3.85812479408219e-14
1.48651363636364e+02 8.21730034971301e-13 3.74119262249149e-14
1.48835909090909e+02 7.96330245199768e-13 3.62780163887990e-14
1.49020454545455e+02 7.71715566377488e-13 3.51784469376348e-14
1.49205000000000e+02 7.47861730778171e-13 3.41121787530300e-14
1.49389545454545e+02 7.24745220475458e-13 3.30782041450364e-14
1.49574090909091e+02 7.02343244794006e-13 3.20755458741592e-14
1.49758636363636e+02 6.80633717222604e-13 3.11032562596207e-14
1.49943181818182e+02 6.59595234236407e-13 3.01604162595544e-14
1.50127727272727e+02 6.39207053616475e-13 2.92461346321973e-14
1.50312272727273e+02 6.19449074559792e-13 2.83595470269709e-14
1.50496818181818e+02 6.00301817444331e-13 2.74998153721932e-14
1.50681363636364e+02 5.81746404645500e-13 2.66661267998727e-14
1.50865909090909e+02 5.63764542294158e-13 2.58576930605980e-14
1.51050454545455e+02 5.46338501749564e-13 2.50737497523072e-14
1.51235000000000e+02 5.29451102595754e-13 2.43135555782598e-14
1.51419545454545e+02 5.13085695243102e-13 2.35763916699249e-14
1.51604090909091e+02 4.97226144958687e-13 2.28615608891124e-14
1.51788636363636e+02 4.81856815527713e-13 2.21683871910664e-14
1.51973181818182e+02 4.66962554254982e-13 2.14962149681306e-14
1.52157727272727e+02 4.52528676621619e-13 2.08444084506618e-14
1.52342272727273e+02 4.38540952198598e-13 2.02123510589320e-14
1.52526818181818e+02 4.24985590325302e-13 1.95994449638981e-14
1.52711363636364e+02 4.11849226528252e-13 1.90051103227099e-14
1.52895909090909e+02 3.99118909603160e-13 1.84287848591213e-14
1.53080454545455e+02 3.86782088503261e-13 1.78699233132716e-14
1.53265000000000e+02 3.74826600297076e-13 1.73279969122450e-14
1.53449545454545e+02 3.63240657855454e-13 1.68024928865173e-14
1.53634090909091e+02 3.52012838541641e-13 1.62929139720357e-14
1.53818636363636e+02 3.41132072648367e-13 1.57987779553889e-14
1.54003181818182e+02 3.30587632775690e-13 1.53196172055325e-14
1.54187727272727e+02 3.20369122972445e-13 1.48549782459782e-14
1.54372272727273e+02 3.10466468760036e-13 1.44044212927190e-14
1.54556818181818e+02 3.00869906996239e-13 1.39675199392387e-14
1.54741363636364e+02 2.91569976260161e-13 1.35438606129625e-14
1.54925909090909e+02 2.82557507704531e-13 1.31330422744521e-14
1.55110454545455e+02 2.73823615776442e-13 1.27346760249082e-14
1.55295000000000e+02 2.65359689688931e-13 1.23483847284595e-14
1.55479545454545e+02 2.57157384706960e-13 1.19738026668866e-14
1.55664090909091e+02 2.49208614137628e-13 1.16105751844061e-14
1.55848636363636e+02 2.41505541146966e-13 1.12583583629129e-14
1.56033181818182e+02 2.34040571237242e-13 1.09168186879202e-14
1.56217727272727e+02 2.26806344562231e-13 1.05856327431025e-14
1.56402272727273e+02 2.19795728861999e-13 1.02644868808827e-14
1.56586818181818e+02 2.13001812288831e-13 9.95307699660422e-15
1.56771363636364e+02 2.06417896600131e-13 9.65110814208248e-15
1.56955909090909e+02 2.00037490680615e-13 9.35829431001704e-15
1.57140454545455e+02 1.93854303975233e-13 9.07435815403605e-15
1.57325000000000e+02 1.87862240449317e-13 8.79903071926235e-15
1.57509545454545e+02 1.82055392421518e-13 8.53205119580881e-15
1.57694090909091e+02 1.76428034891270e-13 8.27316666539611e-15
1.57878636363636e+02 1.70974619747378e-13 8.02213186950258e-15
1.58063181818182e+02 1.65689770440449e-13 7.77870897107771e-15
1.58247727272727e+02 1.60568276544258e-13 7.54266733647678e-15
1.58432272727273e+02 1.55605088752165e-13 7.31378330064475e-15
1.58616818181818e+02 1.50795313799510e-13 7.09184000525825e-15
1.58801363636364e+02 1.46134209644426e-13 6.87662712397948e-15
1.58985909090909e+02 1.41617180880723e-13 6.66794070798477e-15
1.59170454545455e+02 1.37239774090209e-13 6.46558298630324e-15
1.59355000000000e+02 1.32997673565303e-13 6.26936217364313e-15
1.59539545454545e+02 1.28886696944452e-13 6.07909229442722e-15
1.59724090909091e+02 1.24902791194876e-13 5.89459300207076e-15
1.59908636363636e+02 1.21042028513839e-13 5.71568941348242e-15
1.60093181818182e+02 1.17300602555703e-13 5.54221193911263e-15
1.60277727272727e+02 1.13674824582868e-13 5.37399612729802e-15
1.60462272727273e+02 1.10161119922269e-13 5.21088249689285e-15
1.60646818181818e+02 1.06756024371562e-13 5.05271642129053e-15
1.60831363636364e+02 1.03456180787321e-13 4.89934793309913e-15
1.61015909090909e+02 1.00258335836782e-13 4.75063161348869e-15
1.61200454545455e+02 9.71593367085551e-14 4.60642644981074e-15
1.61385000000000e+02 9.41561280834177e-14 4.46659569854466e-15
1.61569545454545e+02 9.12457490453776e-14 4.33100675970435e-15
1.61754090909091e+02 8.84253302366928e-14 4.19953104795463e-15
1.61938636363636e+02 8.56920909570838e-14 4.07204387449022e-15
1.62123181818182e+02 8.30433364917760e-14 3.94842432583529e-15
1.62307727272727e+02 8.04764553874001e-14 3.82855515275072e-15
1.62492272727273e+02 7.79889169425347e-14 3.71232265095088e-15
1.62676818181818e+02 7.55782686640674e-14 3.59961657802094e-15
1.62861363636364e+02 7.32421338517645e-14 3.49033001455989e-15
1.63045909090909e+02 7.09782092981169e-14 3.38435928493581e-15
1.63230454545455e+02 6.87842629603975e-14 3.28160385576341e-15
1.63415000000000e+02 6.66581318154280e-14 3.18196623817138e-15
1.63599545454545e+02 6.45977196734304e-14 3.08535189817261e-15
1.63784090909091e+02 6.26009951632620e-14 2.99166916475931e-15
1.63968636363636e+02 6.06659896794242e-14 2.90082914560785e-15
1.64153181818182e+02 5.87907954898313e-14 2.81274564065421e-15
1.64337727272727e+02 5.69735638078662e-14 2.72733506281617e-15
1.64522272727273e+02 5.52125030152303e-14 2.64451635298788e-15
1.64706818181818e+02 5.35058768615924e-14 2.56421092053743e-15
1.64891363636364e+02 5.18520027545536e-14 2.48634254459555e-15
1.65075909090909e+02 5.02492501308715e-14 2.41083731731736e-15
1.65260454545455e+02 4.86960388088832e-14 2.33762357150065e-15
1.65445000000000e+02 4.71908374692993e-14 2.26663181090005e-15
1.65629545454545e+02 4.57321621079787e-14 2.19779464627072e-15
1.65814090909091e+02 4.43185746091189e-14 2.13104672983909e-15
1.65998636363636e+02 4.29486812922701e-14 2.06632469515442e-15
1.66183181818182e+02 4.16211315723026e-14 2.00356709546844e-15
1.66367727272727e+02 4.03346165949198e-14 1.94271434716807e-15
1.66552272727273e+02 3.90878679781252e-14 1.88370866920295e-15
1.66736818181818e+02 3.78796565379517e-14 1.82649404048062e-15
1.66921363636364e+02 3.67087910778214e-14 1.77101612969659e-15
1.67105909090909e+02 3.55741172351885e-14 1.71722225471957e-15
1.67290454545455e+02 3.44745163154773e-14 1.66506133099095e-15
1.67475000000000e+02 3.34089042162214e-14 1.61448382184214e-15
1.67659545454545e+02 3.23762303320236e-14 1.56544169286334e-15
1.67844090909091e+02 3.13754765441295e-14 1.51788836518527e-15
1.68028636363636e+02 3.04056561920827e-14 1.47177867256548e-15
1.68213181818182e+02 2.94658131247530e-14 1.42706881745764e-15
1.68397727272727e+02 2.85550207346260e-14 1.38371633065401e-15
1.68582272727273e+02 2.76723810665469e-14 1.34168002812664e-15
1.68766818181818e+02 2.68170239158007e-14 1.30091998052864e-15
1.68951363636364e+02 2.59881059710237e-14 1.26139746331450e-15
1.69135909090909e+02 2.51848099975025e-14 1.22307492767334e-15
1.69320454545455e+02 2.44063440118937e-14 1.18591596374677e-15
1.69505000000000e+02 2.36519405203356e-14 1.14988526521099e-15
1.69689545454545e+02 2.29208557434328e-14 1.11494859672386e-15
1.69874090909091e+02 2.22123689007068e-14 1.08107276062081e-15
1.70058636363636e+02 2.15257814827840e-14 1.04822556630134e-15
1.70243181818182e+02 2.08604165793670e-14 1.01637579891258e-15
1.70427727272727e+02 2.02156181957511e-14 9.85493190559785e-16
1.70612272727273e+02 1.95907506216690e-14 9.55548389557713e-16
1.70796818181818e+02 1.89851977929132e-14 9.26512938602704e-16
1.70981363636364e+02 1.83983626845507e-14 8.98359239317295e-16
1.71165909090909e+02 1.78296667326128e-14 8.71060531452341e-16
1.71350454545455e+02 1.72785492500000e-14 8.44590866670276e-16
1.71535000000000e+02 1.67444668869411e-14 8.18925083298686e-16
1.71719545454545e+02 1.62268930824728e-14 7.94038783109969e-16
1.71904090909091e+02 1.57253175577156e-14 7.69908307582116e-16
1.72088636363636e+02 1.52392458007605e-14 7.46510716062204e-16
1.72273181818182e+02 1.47681985907652e-14 7.23823763444410e-16
1.72457727272727e+02 1.43117115142143e-14 7.01825879634942e-16
1.72642272727273e+02 1.38693345179605e-14 6.80496147646830e-16
1.72826818181818e+02 1.34406314573805e-14 6.59814287981000e-16
1.73011363636364e+02 1.30251796667940e-14 6.39760633424680e-16
1.73195909090909e+02 1.26225695499617e-14 6.20316114173132e-16
1.73380454545455e+02 1.22324041666867e-14 6.01462239145085e-16
1.73565000000000e+02 1.18542988507352e-14 5.83181077988392e-16
1.73749545454545e+02 1.14878808216159e-14 5.65455244518593e-16
1.73934090909091e+02 1.11327888257400e-14 5.48267879799079e-16
1.74118636363636e+02 1.07886727718450e-14 5.31602636566920e-16
1.74303181818182e+02 1.04551933939806e-14 5.15443663323447e-16
1.74487727272727e+02 1.01320219091366e-14 4.99775589688579e-16
1.74672272727273e+02 9.81883970072706e-15 4.84583510796822e-16
1.74856818181818e+02 9.51533799877293e-15 4.69852976123449e-16
1.75041363636364e+02 9.22121757577516e-15 4.55569971571804e-16
1.75225909090909e+02 8.93618845674721e-15 4.41720908831814e-16
1.75410454545455e+02 8.65996962662690e-15 4.28292612064790e-16
1.75595000000000e+02 8.39228875970607e-15 4.15272305079141e-16
1.75779545454545e+02 8.13288194486217e-15 4.02647599519503e-16
1.75964090909091e+02 7.88149343144512e-15 3.90406482808452e-16
1.76148636363636e+02 7.63787537124327e-15 3.78537307039923e-16
1.76333181818182e+02 7.40178757982651e-15 3.67028777641175e-16
1.76517727272727e+02 7.17299729422747e-15 3.55869942928563e-16
1.76702272727273e+02 6.95127894880068e-15 3.45050182993013e-16
1.76886818181818e+02 6.73641394885325e-15 3.34559201707823e-16
1.77071363636364e+02 6.52819045533482e-15 3.24387013997077e-16
1.77255909090909e+02 6.32640317951320e-15 3.14523938225897e-16
1.77440454545455e+02 6.13085317589003e-15 3.04960586712453e-16
1.77625000000000e+02 5.94134765059706e-15 2.95687856589091e-16
1.77809545454545e+02 5.75769976692381e-15 2.86696921380236e-16
1.77994090909091e+02 5.57972846536817e-15 2.77979222409526e-16
1.78178636363636e+02 5.40725828100803e-15 2.69526460880090e-16
1.78363181818182e+02 5.24011917449722e-15 2.61330589795061e-16
1.78547727272727e+02 5.07814636055977e-15 2.53383806510296e-16
1.78732272727273e+02 4.92118014926557e-15 2.45678544818225e-16
1.78916818181818e+02 4.76906578580360e-15 2.38207469232405e-16
1.79101363636364e+02 4.62165329805073e-15 2.30963465938729e-16
1.79285909090909e+02 4.47879735118344e-15 2.23939637354671e-16
1.79470454545455e+02 4.34035710110934e-15 2.17129295368985e-16
1.79655000000000e+02 4.20619605878436e-15 2.10525954829713e-16
1.79839545454545e+02 4.07618195257063e-15 2.04123327539171e-16
1.80024090909091e+02 3.95018660080668e-15 1.97915316131097e-16
1.80208636363636e+02 3.82808578254800e-15 1.91896008423925e-16
1.80393181818182e+02 3.70975911788827e-15 1.86059671663858e-16
1.80577727272727e+02 3.59508994657209e-15 1.80400747215070e-16
1.80762272727273e+02 3.48396521559583e-15 1.74913844921972e-16
1.80946818181818e+02 3.37627536579671e-15 1.69593739022690e-16
1.81131363636364e+02 3.27191422393753e-15 1.64435361717930e-16
1.81315909090909e+02 3.17077889975890e-15 1.59433799281683e-16
1.81500454545455e+02 3.07276968224175e-15 1.54584287244832e-16
1.81685000000000e+02 2.97778994352494e-15 1.49882205755350e-16
1.81869545454545e+02 2.88574604148556e-15 1.45323075297096e-16
1.82054090909091e+02 2.79654722950095e-15 1.40902552327349e-16
1.82238636363636e+02 2.71010556496190e-15 1.36616425251117e-16
1.82423181818182e+02 2.62633582452363e-15 1.32460610319437e-16
1.82607727272727e+02 2.54515541819060e-15 1.28431147843960e-16
1.82792272727273e+02 2.46648430972254e-15 1.24524198182136e-16
1.82976818181818e+02 2.39024493636021e-15 1.20736038815878e-16
1.83161363636364e+02 2.31636213242562e-15 1.17063059780978e-16
1.83345909090909e+02 2.24476305642628e-15 1.13501760887329e-16
1.83530454545455e+02 2.17537711763184e-15 1.10048748287751e-16
1.83715000000000e+02 2.10813590803496e-15 1.06700731172393e-16
1.83899545454545e+02 2.04297313339948e-15 1.03454518716796e-16
1.84084090909091e+02 1.97982454935989e-15 1.00307016973928e-16
1.84268636363636e+02 1.91862789666871e-15 9.72552260044466e-17
1.84453181818182e+02 1.85932284118291e-15 9.42962369545506e-17
1.84637727272727e+02 1.80185091305475e-15 9.14272293575746e-17
1.84822272727273e+02 1.74615545036863e-15 8.86454682751024e-17
1.85006818181818e+02 1.69218154232141e-15 8.59483022089442e-17
1.85191363636364e+02 1.63987597513432e-15 8.33331598529304e-17
1.85375909090909e+02 1.58918718043680e-15 8.07975481064583e-17
1.85560454545455e+02 1.54006518329868e-15 7.83390496303302e-17
1.85745000000000e+02 1.49246155404960e-15 7.59553204918851e-17
1.85929545454545e+02 1.44632935947598e-15 7.36440879895766e-17
1.86114090909091e+02 1.40162311757118e-15 7.14031484389290e-17
1.86298636363636e+02 1.35829875170459e-15 6.92303651270151e-17
1.86483181818182e+02 1.31631354812426e-15 6.71236662308155e-17
1.86667727272727e+02 1.27562611291704e-15 6.50810428938511e-17
1.86852272727273e+02 1.23619633209629e-15 6.31005471905629e-17
1.87036818181818e+02 1.19798533138354e-15 6.11802906341391e-17
1.87221363636364e+02 1.16095543791624e-15 5.93184418681526e-17
1.87405909090909e+02 1.12507014369945e-15 5.75132252472518e-17
1.87590454545455e+02 1.09029406882373e-15 5.57629190962178e-17
1.87775000000000e+02 1.05659292734711e-15 5.40658540325181e-17
1.87959545454545e+02 1.02393349275298e-15 5.24204114157995e-17
1.88144090909091e+02 9.92283565907481e-16 5.08250217707764e-17
1.88328636363636e+02 9.61611942620913e-16 4.92781633293355e-17
1.88513181818182e+02 9.31888383554276e-16 4.77783605477571e-17
1.88697727272727e+02 9.03083583756172e-16 4.63241827359051e-17
1.88882272727273e+02 8.75169144399885e-16 4.49142426078875e-17
1.89066818181818e+02 8.48117544315786e-16 4.35471952158746e-17
1.89251363636364e+02 8.21902112881968e-16 4.22217363096860e-17
1.89435909090909e+02 7.96497004145230e-16 4.09366013228579e-17
1.89620454545455e+02 7.71877170787035e-16 3.96905641326846e-17
1.89805000000000e+02 7.48018339963781e-16 3.84824358654107e-17
1.89989545454545e+02 7.24896988858186e-16 3.73110637912260e-17
1.90174090909091e+02 7.02490321989197e-16 3.61753302009347e-17
1.90358636363636e+02 6.80776248252249e-16 3.50741513669709e-17
1.90543181818182e+02 6.59733359609416e-16 3.40064764872749e-17
1.90727727272727e+02 6.39340909527873e-16 3.29712867083833e-17
1.90912272727273e+02 6.19578792966326e-16 3.19675940935836e-17
1.91096818181818e+02 6.00427526224825e-16 3.09944408612252e-17
1.91281363636364e+02 5.81868227752414e-16 3.00508982190089e-17
1.91465909090909e+02 5.63882599822875e-16 2.91360656397575e-17
1.91650454545455e+02 5.46452910107991e-16 2.82490699783395e-17
1.91835000000000e+02 5.29561974569579e-16 2.73890646206951e-17
1.92019545454545e+02 5.13193140154897e-16 2.65552286963956e-17
1.92204090909091e+02 4.97330268729362e-16 2.57467662785897e-17
1.92388636363636e+02 4.81957720825767e-16 2.49629056436203e-17
1.92573181818182e+02 4.67060340554382e-16 2.42028985188470e-17
1.92757727272727e+02 4.52623440341805e-16 2.34660193865074e-17
1.92942272727273e+02 4.38632786758995e-16 2.27515647491506e-17
1.93126818181818e+02 4.25074586258334e-16 2.20588525855625e-17
1.93311363636364e+02 4.11935471586212e-16 2.13872215224092e-17
1.93495909090909e+02 3.99202488808148e-16 2.07360303170097e-17
1.93680454545455e+02 3.86863084266399e-16 2.01046572284703e-17
1.93865000000000e+02 3.74905092465534e-16 1.94924994116415e-17
1.94049545454545e+02 3.63316723824285e-16 1.88989723560251e-17
1.94234090909091e+02 3.52086553298062e-16 1.83235093160034e-17
1.94418636363636e+02 3.41203508876676e-16 1.77655607832859e-17
1.94603181818182e+02 3.30656860898961e-16 1.72245939512402e-17
1.94787727272727e+02 3.20436211250951e-16 1.67000922188722e-17
1.94972272727273e+02 3.10531483330508e-16 1.61915546679224e-17
1.95156818181818e+02 3.00932911951536e-16 1.56984956742880e-17
1.95341363636364e+02 2.91631033724629e-16 1.52204443194076e-17
1.95525909090909e+02 2.82616677869969e-16 1.47569440209224e-17
1.95710454545455e+02 2.73880956985911e-16 1.43075520848708e-17
1.95895000000000e+02 2.65415258470613e-16 1.38718392741089e-17
1.96079545454545e+02 2.57211235852786e-16 1.34493894085375e-17
1.96264090909091e+02 2.49260800735157e-16 1.30397989593576e-17
1.96448636363636e+02 2.41556114653144e-16 1.26426766731975e-17
1.96633181818182e+02 2.34089581508422e-16 1.22576431906588e-17
1.96817727272727e+02 2.26853839923367e-16 1.18843306929167e-17
1.97002272727273e+02 2.19841756134906e-16 1.15223825295103e-17
1.97186818181818e+02 2.13046416848348e-16 1.11714529408608e-17
1.97371363636364e+02 2.06461122427272e-16 1.08312066400221e-17
1.97555909090909e+02 2.00079380388445e-16 1.05013185489806e-17
1.97740454545455e+02 1.93894898867802e-16 1.01814734798012e-17
1.97925000000000e+02 1.87901580546017e-16 9.87136582731168e-18
1.98109545454545e+02 1.82093516512373e-16 9.57069928428741e-18
1.98294090909091e+02 1.76464980559867e-16 9.27918655253511e-18
1.98478636363636e+02 1.71010423422736e-16 8.99654907511070e-18
1.98663181818182e+02 1.65724467418607e-16 8.72251676470162e-18
1.98847727272727e+02 1.60601901036938e-16 8.45682775185827e-18
1.99032272727273e+02 1.55637673907093e-16 8.19922812006785e-18
1.99216818181818e+02 1.50826891740011e-16 7.94947170763208e-18
1.99401363636364e+02 1.46164811506922e-16 7.70731981048075e-18
1.99585909090909e+02 1.41646836833329e-16 7.47254099392019e-18
1.99770454545455e+02 1.37268513374187e-16 7.24491086561374e-18
1.99955000000000e+02 1.33025524512567e-16 7.02421185676301e-18
2.00139545454545e+02 1.28913687016457e-16 6.81023301921154e-18
2.00324090909091e+02 1.24928946999096e-16 6.60276981973045e-18
2.00508636363636e+02 1.21067375840253e-16 6.40162394925792e-18
2.00693181818182e+02 1.17325166392307e-16 6.20660312950406e-18
2.00877727272727e+02 1.13698629149902e-16 6.01752093360101e-18
2.01062272727273e+02 1.10184188686820e-16 5.83419659754769e-18
2.01246818181818e+02 1.06778380075485e-16 5.65645487876884e-18
2.01431363636364e+02 1.03477845473691e-16 5.48412584495539e-18
2.01615909090909e+02 1.00279330863255e-16 5.31704473969180e-18
2.01800454545455e+02 9.71796827765263e-17 5.15505182083110e-18
2.01985000000000e+02 9.41758452505954e-17 4.99799220469973e-18
2.02169545454545e+02 9.12648567531403e-17 4.84571572156899e-18
2.02354090909091e+02 8.84438473219244e-17 4.69807676919174e-18
2.02538636363636e+02 8.57100356778399e-17 4.55493417692038e-18
2.02723181818182e+02 8.30607265384229e-17 4.41615106801634e-18
2.02907727272727e+02 8.04933079066954e-17 4.34880583369024e-18
