Energy (eV)          EEDF (eV^-(3/2))     First Anisotropy
2.20000000000000e-02 4.22152763209889e-01 4.03441966214526e-04
6.60000000000000e-02 4.12543780440810e-01 6.60837015138189e-04
1.10000000000000e-01 4.03153516007592e-01 8.58293590256431e-04
1.54000000000000e-01 3.93976991473759e-01 9.99997557787417e-04
1.98000000000000e-01 3.85009341721308e-01 1.11149713775568e-03
2.42000000000000e-01 3.76245812371375e-01 1.20269640954059e-03
2.86000000000000e-01 3.67681757263607e-01 1.27884231237277e-03
3.30000000000000e-01 3.59312635992915e-01 1.34317487284710e-03
3.74000000000000e-01 3.51134011502276e-01 1.39788929802968e-03
4.18000000000000e-01 3.43141547730350e-01 1.44456903740183e-03
4.62000000000000e-01 3.35331007312621e-01 1.48440913890623e-03
5.06000000000000e-01 3.27698249334882e-01 1.51834292390267e-03
5.50000000000000e-01 3.20239227137837e-01 1.54711907751522e-03
5.94000000000000e-01 3.12949986171693e-01 1.57135119812283e-03
6.38000000000000e-01 3.05826661899569e-01 1.59155106857301e-03
6.82000000000000e-01 2.98865477748641e-01 1.60815181277495e-03
7.26000000000000e-01 2.92062743107909e-01 1.62152450342217e-03
7.70000000000000e-01 2.85414851371553e-01 1.63199038053869e-03
8.14000000000000e-01 2.78918278026814e-01 1.63983004044157e-03
8.58000000000000e-01 2.72569578785405e-01 1.64529047974554e-03
9.02000000000000e-01 2.66365387757451e-01 1.64859058667044e-03
9.46000000000000e-01 2.60302415666999e-01 1.64992548619936e-03
9.90000000000000e-01 2.54377448108139e-01 1.64947002437423e-03
1.03400000000000e+00 2.48587343840822e-01 1.64738159588564e-03
1.07800000000000e+00 2.42929033125471e-01 1.64380246364450e-03
1.12200000000000e+00 2.37399516095498e-01 1.63886168035163e-03
1.16600000000000e+00 2.31995861166861e-01 1.63267669464361e-03
1.21000000000000e+00 2.26715203483830e-01 1.62535470461412e-03
1.25400000000000e+00 2.21554743400122e-01 1.61699380704172e-03
1.29800000000000e+00 2.16511744994618e-01 1.60768397993111e-03
1.34200000000000e+00 2.11583534620856e-01 1.59750792792783e-03
1.38600000000000e+00 2.06767499489544e-01 1.58654181406028e-03
1.43000000000000e+00 2.02061086283339e-01 1.57485589657993e-03
1.47400000000000e+00 1.97461799803153e-01 1.56251508604505e-03
1.51800000000000e+00 1.92967201645276e-01 1.54957943496047e-03
1.56200000000000e+00 1.88574908908604e-01 1.53610457005387e-03
1.60600000000000e+00 1.84282592931299e-01 1.52214207549623e-03
1.65000000000000e+00 1.80087978056201e-01 1.50773983395641e-03
1.69400000000000e+00 1.75988840424344e-01 1.49294233123685e-03
1.73800000000000e+00 1.71983006795932e-01 1.47779092931112e-03
1.78200000000000e+00 1.68068353398152e-01 1.46232411182798e-03
1.82600000000000e+00 1.64242804799214e-01 1.44657770552616e-03
1.87000000000000e+00 1.60504332808018e-01 1.43058508049247e-03
1.91400000000000e+00 1.56850955398872e-01 1.41437733177021e-03
1.95800000000000e+00 1.53280735660675e-01 1.39798344447134e-03
2.00200000000000e+00 1.49791780770031e-01 1.38143044424923e-03
2.04600000000000e+00 1.46382240987728e-01 1.36474353473883e-03
2.09000000000000e+00 1.43050308678060e-01 1.34794622336019e-03
2.13400000000000e+00 1.39794217350476e-01 1.33106043670228e-03
2.17800000000000e+00 1.36612240723038e-01 1.31410662655165e-03
2.22200000000000e+00 1.33502691807201e-01 1.29710386749985e-03
2.26600000000000e+00 1.30463922013415e-01 1.28006994695181e-03
2.31000000000000e+00 1.27494320277103e-01 1.26302144826059e-03
2.35400000000000e+00 1.24592312204511e-01 1.24597382763120e-03
2.39800000000000e+00 1.21756359238022e-01 1.22894148536354e-03
2.44200000000000e+00 1.18984957840452e-01 1.21193783194193e-03
2.48600000000000e+00 1.16276638697925e-01 1.19497534942408e-03
2.53000000000000e+00 1.13629965940881e-01 1.17806564853425e-03
2.57400000000000e+00 1.11043536382827e-01 1.16121952182363e-03
2.61800000000000e+00 1.08515978776404e-01 1.14444699322399e-03
2.66200000000000e+00 1.06045953086398e-01 1.12775736428803e-03
2.70600000000000e+00 1.03632149779290e-01 1.11115925738146e-03
2.75000000000000e+00 1.01273289128981e-01 1.09466065606606e-03
2.79400000000000e+00 9.89681205383217e-02 1.07826894289057e-03
2.83800000000000e+00 9.67154218760816e-02 1.06199093478618e-03
2.88200000000000e+00 9.45139988290119e-02 1.04583291624541e-03
2.92600000000000e+00 9.23626842686568e-02 1.02980067044731e-03
2.97000000000000e+00 9.02603376325768e-02 1.01389950847747e-03
3.01400000000000e+00 8.82058443196568e-02 9.98134296778475e-04
3.05800000000000e+00 8.61981150991782e-02 9.82509482955048e-04
3.10200000000000e+00 8.42360855333409e-02 9.67029120047639e-04
3.14600000000000e+00 8.23187154129311e-02 9.51696889378890e-04
3.19000000000000e+00 8.04449882058330e-02 9.36516122068911e-04
3.23400000000000e+00 7.86139105180940e-02 9.21489819307622e-04
3.27800000000000e+00 7.68245115672572e-02 9.06620671465618e-04
3.32200000000000e+00 7.50758426676818e-02 8.91911076118631e-04
3.36600000000000e+00 7.33669767275780e-02 8.77363155054894e-04
3.41000000000000e+00 7.16970077574913e-02 8.62978770329506e-04
3.45400000000000e+00 7.00650503899734e-02 8.48759539425319e-04
3.49800000000000e+00 6.84702394101878e-02 8.34706849575335e-04
3.54200000000000e+00 6.69117292971979e-02 8.20821871297631e-04
3.58600000000000e+00 6.53886937756980e-02 8.07105571190385e-04
3.63000000000000e+00 6.39003253779462e-02 7.93558724031098e-04
3.67400000000000e+00 6.24458350156698e-02 7.80181924221084e-04
3.71800000000000e+00 6.10244515617142e-02 7.66975596613475e-04
3.76200000000000e+00 5.96354214412143e-02 7.53940006760450e-04
3.80600000000000e+00 5.82780082320716e-02 7.41075270613033e-04
3.85000000000000e+00 5.69514922745259e-02 7.28381363704568e-04
3.89400000000000e+00 5.56551702896124e-02 7.15858129846912e-04
3.93800000000000e+00 5.43883550063051e-02 7.03505289366600e-04
3.98200000000000e+00 5.31503747971458e-02 6.91322446906519e-04
4.02600000000000e+00 5.19405733221676e-02 6.79309098816929e-04
4.07000000000000e+00 5.07583091809230e-02 6.67464640158292e-04
4.11400000000000e+00 4.96029555724330e-02 6.55788371336841e-04
4.15800000000000e+00 4.84738999628754e-02 6.44279504392727e-04
4.20200000000000e+00 4.73705437608382e-02 6.32937168959297e-04
4.24600000000000e+00 4.62923019999643e-02 6.21760417910901e-04
4.29000000000000e+00 4.52386030288199e-02 6.10748232715693e-04
4.33400000000000e+00 4.42088882078219e-02 5.99899528508854e-04
4.37800000000000e+00 4.32026116130642e-02 5.89213158900859e-04
4.42200000000000e+00 4.22192397468850e-02 5.78687920534477e-04
4.46600000000000e+00 4.12582512550224e-02 5.68322557403429e-04
4.51000000000000e+00 4.03191366502082e-02 5.58115764944970e-04
4.55400000000000e+00 3.94013980420528e-02 5.48066193917922e-04
4.59800000000000e+00 3.85045488730787e-02 5.38172454077040e-04
4.64200000000000e+00 3.76281136607625e-02 5.28433117654002e-04
4.68600000000000e+00 3.67716277454480e-02 5.18846722654775e-04
4.73000000000000e+00 3.59346370439980e-02 5.09411775982552e-04
4.77400000000000e+00 3.51166978090526e-02 5.00126756395006e-04
4.81800000000000e+00 3.43173763937681e-02 4.90990117304064e-04
4.86200000000000e+00 3.35362490219100e-02 4.82000289426033e-04
4.90600000000000e+00 3.27729015631800e-02 4.73155683289480e-04
4.95000000000000e+00 3.20269293136563e-02 4.64454691607908e-04
4.99400000000000e+00 3.12979367812317e-02 4.55895691523836e-04
5.03800000000000e+00 3.05855374759357e-02 4.47477046730591e-04
5.08200000000000e+00 2.98893537050288e-02 4.39197109477857e-04
5.12600000000000e+00 2.92090163727616e-02 4.31054222466593e-04
5.17000000000000e+00 2.85441647846910e-02 4.23046720638756e-04
5.21400000000000e+00 2.78944464564507e-02 4.15172932866896e-04
5.25800000000000e+00 2.72595169268752e-02 4.07431183548606e-04
5.30200000000000e+00 2.66390395753759e-02 3.99819794110322e-04
5.34600000000000e+00 2.60326854434756e-02 3.92337084424898e-04
5.39000000000000e+00 2.54401330604047e-02 3.84981374147208e-04
5.43400000000000e+00 2.48610682726663e-02 3.77750983971670e-04
5.47800000000000e+00 2.42951840774824e-02 3.70644236815503e-04
5.52200000000000e+00 2.37421804600293e-02 3.63659458931303e-04
5.56600000000000e+00 2.32017642343795e-02 3.56794980952342e-04
5.61000000000000e+00 2.26736488880629e-02 3.50049138873897e-04
5.65400000000000e+00 2.21575544301666e-02 3.43420274973686e-04
5.69800000000000e+00 2.16532072428921e-02 3.36906738674331e-04
5.74200000000000e+00 2.11603399364913e-02 3.30506887350692e-04
5.78600000000000e+00 2.06786912075046e-02 3.24219087084753e-04
5.83000000000000e+00 2.02080057002257e-02 3.18041713370611e-04
5.87400000000000e+00 1.97480338713192e-02 3.11973151771972e-04
5.91800000000000e+00 1.92985318575211e-02 3.06011798534512e-04
5.96200000000000e+00 1.88592613463487e-02 3.00156061155278e-04
6.00600000000000e+00 1.84299894497554e-02 2.94404358911235e-04
6.05000000000000e+00 1.80104885806600e-02 2.88755123349016e-04
6.09400000000000e+00 1.76005363322869e-02 2.83206798737703e-04
6.13800000000000e+00 1.71999153602527e-02 2.77757842486545e-04
6.18200000000000e+00 1.68084132673370e-02 2.72406725529318e-04
6.22600000000000e+00 1.64258224908753e-02 2.67151932676973e-04
6.27000000000000e+00 1.60519401927159e-02 2.61991962940193e-04
6.31400000000000e+00 1.56865681516808e-02 2.56925329823337e-04
6.35800000000000e+00 1.53295126584753e-02 2.51950561591210e-04
6.40200000000000e+00 1.49805844129887e-02 2.47066201510076e-04
6.44600000000000e+00 1.46395984239333e-02 2.42270808064195e-04
6.49000000000000e+00 1.43063739107673e-02 2.37562955149122e-04
6.53400000000000e+00 1.39807342078509e-02 2.32941232242985e-04
6.57800000000000e+00 1.36625066707829e-02 2.28404244556875e-04
6.62200000000000e+00 1.33515225848700e-02 2.23950613165465e-04
6.66600000000000e+00 1.30476170756797e-02 2.19578975118828e-04
6.71000000000000e+00 1.27506290216282e-02 2.15287983536505e-04
6.75400000000000e+00 1.24604009685592e-02 2.11076307684771e-04
6.79800000000000e+00 1.21767790462657e-02 2.06942633037938e-04
6.84200000000000e+00 1.18996128869134e-02 2.02885661324626e-04
6.88600000000000e+00 1.16287555453198e-02 1.98904110559794e-04
6.93000000000000e+00 1.13640634210482e-02 1.94996715063309e-04
6.97400000000000e+00 1.11053961822751e-02 1.91162225465824e-04
7.01800000000000e+00 1.08526166913907e-02 1.87399408702645e-04
7.06200000000000e+00 1.06055909322925e-02 1.83707047996308e-04
7.10600000000000e+00 1.03641879393339e-02 1.80083942828491e-04
7.15000000000000e+00 1.01282797278901e-02 1.76528908901887e-04
7.19400000000000e+00 9.89774122650492e-03 1.73040778092636e-04
7.23800000000000e+00 9.67245021058111e-03 1.69618398393868e-04
7.28200000000000e+00 9.45228723758088e-03 1.66260633850908e-04
7.32600000000000e+00 9.23713558370093e-03 1.62966364488652e-04
7.37000000000000e+00 9.02688118198903e-03 1.59734486231606e-04
7.41400000000000e+00 8.82141256186912e-03 1.56563910817057e-04
7.45800000000000e+00 8.62062079004297e-03 1.53453565701806e-04
7.50200000000000e+00 8.42439941273702e-03 1.50402393962916e-04
7.54600000000000e+00 8.23264439926374e-03 1.47409354192853e-04
7.59000000000000e+00 8.04525408686773e-03 1.44473420389412e-04
7.63400000000000e+00 7.86212912682716e-03 1.41593581840817e-04
7.67800000000000e+00 7.68317243178204e-03 1.38768843006324e-04
7.72200000000000e+00 7.50828912426145e-03 1.35998223392651e-04
7.76600000000000e+00 7.33738648638233e-03 1.33280757426589e-04
7.81000000000000e+00 7.17037391069323e-03 1.30615494324063e-04
7.85400000000000e+00 7.00716285213698e-03 1.28001497955939e-04
7.89800000000000e+00 6.84766678110673e-03 1.25437846710869e-04
7.94200000000000e+00 6.69180113757060e-03 1.22923633355408e-04
7.98600000000000e+00 6.53948328624041e-03 1.20457964891682e-04
8.03000000000000e+00 6.39063247276101e-03 1.18039962412800e-04
8.07400000000000e+00 6.24516978089667e-03 1.15668760956289e-04
8.11800000000000e+00 6.10301809069212e-03 1.13343509355711e-04
8.16200000000000e+00 5.96410203758584e-03 1.11063370090708e-04
8.20600000000000e+00 5.82834797245401e-03 1.08827519135642e-04
8.25000000000000e+00 5.69568392256398e-03 1.06635145807019e-04
8.29400000000000e+00 5.56603955341649e-03 1.04485452609874e-04
8.33800000000000e+00 5.43934613145640e-03 1.02377655083282e-04
8.38200000000000e+00 5.31553648763227e-03 1.00310981645145e-04
8.42600000000000e+00 5.19454498178527e-03 9.82846734364022e-05
8.47000000000000e+00 5.07630746784881e-03 9.62979841648133e-05
8.51400000000000e+00 4.96076125984018e-03 9.43501799484422e-05
8.55800000000000e+00 4.84784509862634e-03 9.24405391589594e-05
8.60200000000000e+00 4.73749911944614e-03 9.05683522648922e-05
8.64600000000000e+00 4.62966482017187e-03 8.87329216749362e-05
8.69000000000000e+00 4.52428503029312e-03 8.69335615814188e-05
8.73400000000000e+00 4.42130388060675e-03 8.51695978040295e-05
8.77800000000000e+00 4.32066677359667e-03 8.34403676339083e-05
8.82200000000000e+00 4.22232035448791e-03 8.17452196781770e-05
8.86600000000000e+00 4.12621248295949e-03 8.00835137049993e-05
8.91000000000000e+00 4.03229220550122e-03 7.84546204892531e-05
8.95400000000000e+00 3.94050972839963e-03 7.68579216588798e-05
8.99800000000000e+00 3.85081639133889e-03 7.52928095419826e-05
9.04200000000000e+00 3.76316464160254e-03 7.37586870147481e-05
9.08600000000000e+00 3.67750800886244e-03 7.22549673502420e-05
9.13000000000000e+00 3.59380108054167e-03 7.07810740681379e-05
9.17400000000000e+00 3.51199947773807e-03 6.93364407854379e-05
9.21800000000000e+00 3.43205983169593e-03 6.79205110682255e-05
9.26200000000000e+00 3.35393976081313e-03 6.65327382845077e-05
9.30600000000000e+00 3.27759784817175e-03 6.51725854581825e-05
9.35000000000000e+00 3.20299361957998e-03 6.38395251241712e-05
9.39400000000000e+00 3.13008752211399e-03 6.25330391847562e-05
9.43800000000000e+00 3.05884090314813e-03 6.12526187671571e-05
9.48200000000000e+00 2.98921598986245e-03 5.99977640823774e-05
9.52600000000000e+00 2.92117586921669e-03 5.87679842853450e-05
9.57000000000000e+00 2.85468446838015e-03 5.75627973363823e-05
9.61400000000000e+00 2.78970653560685e-03 5.63817298640236e-05
9.65800000000000e+00 2.72620762154623e-03 5.52243170292016e-05
9.70200000000000e+00 2.66415406097903e-03 5.40901023908244e-05
9.74600000000000e+00 2.60351295496908e-03 5.29786377727608e-05
9.79000000000000e+00 2.54425215342124e-03 5.18894831322502e-05
9.83400000000000e+00 2.48634023803638e-03 5.08222064297492e-05
9.87800000000000e+00 2.42974650565434e-03 4.97763835002277e-05
9.92200000000000e+00 2.37444095197607e-03 4.87515979259251e-05
9.96600000000000e+00 2.32039425565617e-03 4.77474409105741e-05
1.00100000000000e+01 2.26757776275771e-03 4.67635111551063e-05
1.00540000000000e+01 2.21596347156065e-03 4.57994147348385e-05
1.00980000000000e+01 2.16552401771627e-03 4.48547649781422e-05
1.01420000000000e+01 2.11623265973934e-03 4.39291823466085e-05
1.01860000000000e+01 2.06806326483062e-03 4.30222943167054e-05
1.02300000000000e+01 2.02099029502204e-03 4.21337352629302e-05
1.02740000000000e+01 1.97498879363722e-03 4.12631463424537e-05
1.03180000000000e+01 1.93003437206019e-03 4.04101753812615e-05
1.03620000000000e+01 1.88610319680529e-03 3.95744767617837e-05
1.04060000000000e+01 1.84317197688134e-03 3.87557113120141e-05
1.04500000000000e+01 1.80121795144351e-03 3.79535461961158e-05
1.04940000000000e+01 1.76021887772614e-03 3.71676548065050e-05
1.05380000000000e+01 1.72015301925035e-03 3.63977166574114e-05
1.05820000000000e+01 1.68099913429996e-03 3.56434172799069e-05
1.06260000000000e+01 1.64273646465981e-03 3.49044481183967e-05
1.06700000000000e+01 1.60534472461035e-03 3.41805064285672e-05
1.07140000000000e+01 1.56880409017277e-03 3.34712951767788e-05
1.07580000000000e+01 1.53309518859895e-03 3.27765229408975e-05
1.08020000000000e+01 1.49819908810054e-03 3.20959038125579e-05
1.08460000000000e+01 1.46409728781196e-03 3.14291573008453e-05
1.08900000000000e+01 1.43077170798177e-03 3.07760082373865e-05
1.09340000000000e+01 1.39820468038732e-03 3.01361866828447e-05
1.09780000000000e+01 1.36637893896762e-03 2.95094278347986e-05
1.10220000000000e+01 1.33527761066934e-03 2.88954719370026e-05
1.10660000000000e+01 1.30488420650128e-03 2.82940641900126e-05
1.11100000000000e+01 1.27518261279237e-03 2.77049546631658e-05
1.11540000000000e+01 1.24615708264868e-03 2.71278982079046e-05
1.11980000000000e+01 1.21779222760491e-03 2.65626543724287e-05
1.12420000000000e+01 1.19007300946587e-03 2.60089873176663e-05
1.12860000000000e+01 1.16298473233370e-03 2.54666657345500e-05
1.13300000000000e+01 1.13651303481653e-03 2.49354627625845e-05
1.13740000000000e+01 1.11064388241448e-03 2.44151559096924e-05
1.14180000000000e+01 1.08536356007905e-03 2.39055269733267e-05
1.14620000000000e+01 1.06065866494176e-03 2.34063619628323e-05
1.15060000000000e+01 1.03651609920835e-03 2.29174510230477e-05
1.15500000000000e+01 1.01292306321478e-03 2.24385883591317e-05
1.15940000000000e+01 9.89867048641147e-04 2.19695721625996e-05
1.16380000000000e+01 9.67335831880228e-04 2.15102045385549e-05
1.16820000000000e+01 9.45317467556840e-04 2.10602914341063e-05
1.17260000000000e+01 9.23800282194780e-04 2.06196425679509e-05
1.17700000000000e+01 9.02772868027896e-04 2.01880713611135e-05
1.18140000000000e+01 8.82224076952027e-04 1.97653948688253e-05
1.18580000000000e+01 8.62143014614620e-04 1.93514337135287e-05
1.19020000000000e+01 8.42519034638863e-04 1.89460120189951e-05
1.19460000000000e+01 8.23341732979303e-04 1.85489573455401e-05
1.19900000000000e+01 8.04600942405928e-04 1.81601006263225e-05
1.20340000000000e+01 7.86286727113808e-04 1.77792761047127e-05
1.20780000000000e+01 7.68389377455432e-04 1.74063212727169e-05
1.21220000000000e+01 7.50899404792938e-04 1.70410768104428e-05
1.21660000000000e+01 7.33807536467529e-04 1.66833865265923e-05
1.22100000000000e+01 7.17104710883383e-04 1.63330972999686e-05
1.22540000000000e+01 7.00782072703467e-04 1.59900590219817e-05
1.22980000000000e+01 6.84830968154705e-04 1.56541245401398e-05
1.23420000000000e+01 6.69242940440008e-04 1.53251496025144e-05
1.23860000000000e+01 6.54009725254727e-04 1.50029928031609e-05
1.24300000000000e+01 6.39123246405176e-04 1.46875155284852e-05
1.24740000000000e+01 6.24575611526870e-04 1.43785819045407e-05
1.25180000000000e+01 6.10359107900232e-04 1.40760587452446e-05
1.25620000000000e+01 5.96466198361541e-04 1.37798155014956e-05
1.26060000000000e+01 5.82889517306955e-04 1.34897242111846e-05
1.26500000000000e+01 5.69621866787484e-04 1.32056594500829e-05
1.26940000000000e+01 5.56656212692858e-04 1.29274982835936e-05
1.27380000000000e+01 5.43985681022254e-04 1.26551202193565e-05
1.27820000000000e+01 5.31603554239900e-04 1.23884071606911e-05
1.28260000000000e+01 5.19503267713647e-04 1.21272433608655e-05
1.28700000000000e+01 5.07678406234593e-04 1.18715153781793e-05
1.29140000000000e+01 4.96122700615932e-04 1.16211120318476e-05
1.29580000000000e+01 4.84830024369223e-04 1.13759243586730e-05
1.30020000000000e+01 4.73794390456304e-04 1.11358455704942e-05
1.30460000000000e+01 4.63009948115151e-04 1.09007710123997e-05
1.30900000000000e+01 4.52470979757971e-04 1.06705981216926e-05
1.31340000000000e+01 4.42171897939915e-04 1.04452263875966e-05
1.31780000000000e+01 4.32107242396782e-04 1.02245573116897e-05
1.32220000000000e+01 4.22271677150146e-04 1.00084943690563e-05
1.32660000000000e+01 4.12659987678385e-04 9.79694297014289e-06
1.33100000000000e+01 4.03267078152097e-04 9.58981042331001e-06
1.33540000000000e+01 3.94087968732443e-04 9.38700589806561e-06
1.33980000000000e+01 3.85117792930986e-04 9.18844038897084e-06
1.34420000000000e+01 3.76351795029624e-04 8.99402668020626e-06
1.34860000000000e+01 3.67785327559256e-04 8.80367931078861e-06
1.35300000000000e+01 3.59413848835827e-04 8.61731454042654e-06
1.35740000000000e+01 3.51232920552464e-04 8.43485031600521e-06
1.36180000000000e+01 3.43238205426426e-04 8.25620623868925e-06
1.36620000000000e+01 3.35425464899596e-04 8.08130353163363e-06
1.37060000000000e+01 3.27790556891334e-04 7.91006500829255e-06
1.37500000000000e+01 3.20329433602464e-04 7.74241504131583e-06
1.37940000000000e+01 3.13038139369256e-04 7.57827953202370e-06
1.38380000000000e+01 3.05912808566250e-04 7.41758588044921e-06
1.38820000000000e+01 2.98949663556817e-04 7.26026295593966e-06
1.39260000000000e+01 2.92145012690371e-04 7.10624106830692e-06
1.39700000000000e+01 2.85495248345165e-04 6.95545193951692e-06
1.40140000000000e+01 2.78996845015639e-04 6.80782867591017e-06
1.40580000000000e+01 2.72646357443303e-04 6.66330574094340e-06
1.41020000000000e+01 2.66440418790165e-04 6.52181892844328e-06
1.41460000000000e+01 2.60375738853731e-04 6.38330533636381e-06
1.41900000000000e+01 2.54449102322641e-04 6.24770334103822e-06
1.42340000000000e+01 2.48657367072011e-04 6.11495257191723e-06
1.42780000000000e+01 2.42997462497563e-04 5.98499388678466e-06
1.43220000000000e+01 2.37466387887694e-04 5.85776934744253e-06
1.43660000000000e+01 2.32061210832578e-04 5.73322219585723e-06
1.44100000000000e+01 2.26779065669500e-04 5.61129683075815e-06
1.44540000000000e+01 2.21617151963561e-04 5.49193878468220e-06
1.44980000000000e+01 2.16572733022974e-04 5.37509470145466e-06
1.45420000000000e+01 2.11643134448152e-04 5.26071231409931e-06
1.45860000000000e+01 2.06825742713820e-04 5.14874042317075e-06
1.46300000000000e+01 2.02118003783405e-04 5.03912887550073e-06
1.46740000000000e+01 1.97517421754960e-04 4.93182854335119e-06
1.47180000000000e+01 1.93021557537914e-04 4.82679130396692e-06
1.47620000000000e+01 1.88628027559937e-04 4.72397001952047e-06
1.48060000000000e+01 1.84334502503242e-04 4.62331851744247e-06
1.48500000000000e+01 1.80138706069653e-04 4.52479157113036e-06
1.48940000000000e+01 1.76038413773775e-04 4.42834488102851e-06
1.49380000000000e+01 1.72031451763645e-04 4.33393505607315e-06
1.49820000000000e+01 1.68115695668215e-04 4.24151959549553e-06
1.50260000000000e+01 1.64289069471078e-04 4.15105687097702e-06
1.50700000000000e+01 1.60549544409825e-04 4.06250610914891e-06
1.51140000000000e+01 1.56895137900456e-04 3.97582737443157e-06
1.51580000000000e+01 1.53323912486273e-04 3.89098155220648e-06
1.52020000000000e+01 1.49833974810701e-04 3.80793033231454e-06
1.52460000000000e+01 1.46423474613484e-04 3.72663619287558e-06
1.52900000000000e+01 1.43090603749733e-04 3.64706238442222e-06
1.53340000000000e+01 1.39833595231305e-04 3.56917291434283e-06
1.53780000000000e+01 1.36650722289994e-04 3.49293253162794e-06
1.54220000000000e+01 1.33540297462056e-04 3.41830671191418e-06
1.54660000000000e+01 1.30500671693560e-04 3.34526164282020e-06
1.55100000000000e+01 1.27530233466114e-04 3.27376420956983e-06
1.55540000000000e+01 1.24627407942485e-04 3.20378198089624e-06
1.55980000000000e+01 1.21790656131665e-04 3.13528319522233e-06
1.56420000000000e+01 1.19018474072950e-04 3.06823674711236e-06
1.56860000000000e+01 1.16309392038577e-04 3.00261217398923e-06
1.57300000000000e+01 1.13661973754527e-04 2.93837964311291e-06
1.57740000000000e+01 1.11074815639048e-04 2.87550993881498e-06
1.58180000000000e+01 1.08546546058524e-04 2.81397444998448e-06
1.58620000000000e+01 1.06075824600273e-04 2.75374515780027e-06
1.59060000000000e+01 1.03661341361900e-04 2.69479462370530e-06
1.59500000000000e+01 1.01301816256828e-04 2.63709597761810e-06
1.59940000000000e+01 9.89959983356333e-05 2.58062290637751e-06
1.60380000000000e+01 9.67426651228291e-05 2.52534964241562e-06
1.60820000000000e+01 9.45406219687475e-05 2.47125095265485e-06
1.61260000000000e+01 9.23887014161704e-05 2.41830212762515e-06
1.61700000000000e+01 9.02857625813795e-05 2.36647897079660e-06
1.62140000000000e+01 8.82306905492938e-05 2.31575778812392e-06
1.62580000000000e+01 8.62223957823748e-05 2.26611537779840e-06
1.63020000000000e+01 8.42598135429871e-05 2.21752902020356e-06
1.63460000000000e+01 8.23419033289057e-05 2.16997646807058e-06
1.63900000000000e+01 8.04676483216734e-05 2.12343593682952e-06
1.64340000000000e+01 7.86360548475137e-05 2.07788609515285e-06
1.64780000000000e+01 7.68461518505153e-05 2.03330605568739e-06
1.65220000000000e+01 7.50969903778073e-05 1.98967536597126e-06
1.65660000000000e+01 7.33876430764525e-05 1.94697399953205e-06
1.66100000000000e+01 7.17172037017928e-05 1.90518234716282e-06
1.66540000000000e+01 7.00847866369858e-05 1.86428120837263e-06
1.66980000000000e+01 6.84895264234771e-05 1.82425178300795e-06
1.67420000000000e+01 6.69305773021600e-05 1.78507566304205e-06
1.67860000000000e+01 6.54071127649795e-05 1.74673482452874e-06
1.68300000000000e+01 6.39183251167428e-05 1.70921161971748e-06
1.68740000000000e+01 6.24634250469031e-05 1.67248876932672e-06
1.69180000000000e+01 6.10416412110909e-05 1.63654935497230e-06
1.69620000000000e+01 5.96522198221708e-05 1.60137681174808e-06
1.70060000000000e+01 5.82944242506057e-05 1.56695492095580e-06
1.70500000000000e+01 5.69675346339181e-05 1.53326780298102e-06
1.70940000000000e+01 5.56708474950403e-05 1.50029991031255e-06
1.71380000000000e+01 5.44036753693528e-05 1.46803602070254e-06
1.71820000000000e+01 5.31653464402101e-05 1.43646123046460e-06
1.72260000000000e+01 5.19552041827645e-05 1.40556094790679e-06
1.72700000000000e+01 5.07726070158959e-05 1.37532088689744e-06
1.73140000000000e+01 4.96169279620650e-05 1.34572706056082e-06
1.73580000000000e+01 4.84875543149083e-05 1.31676577510011e-06
1.74020000000000e+01 4.73838873143999e-05 1.28842362374559e-06
1.74460000000000e+01 4.63053418294065e-05 1.26068748082495e-06
1.74900000000000e+01 4.52513460474690e-05 1.23354449595385e-06
1.75340000000000e+01 4.42213411716441e-05 1.20698208834411e-06
1.75780000000000e+01 4.32147811242473e-05 1.18098794122736e-06
1.76220000000000e+01 4.22311322573387e-05 1.15554999639169e-06
1.76660000000000e+01 4.12698730697991e-05 1.13065644882923e-06
1.77100000000000e+01 4.03304939308454e-05 1.10629574149243e-06
1.77540000000000e+01 3.94124968098400e-05 1.08245656015686e-06
1.77980000000000e+01 3.85153950122496e-05 1.05912782838846e-06
1.78420000000000e+01 3.76387129216147e-05 1.03629870261318e-06
1.78860000000000e+01 3.67819857473916e-05 1.01395856728692e-06
1.79300000000000e+01 3.59447592785349e-05 9.92097030163896e-07
1.79740000000000e+01 3.51265896426880e-05 9.70703917661311e-07
1.80180000000000e+01 3.43270430708553e-05 9.49769270318613e-07
1.80620000000000e+01 3.35456956674312e-05 9.29283338349337e-07
1.81060000000000e+01 3.27821331854633e-05 9.09236577283707e-07
1.81500000000000e+01 3.20359508070309e-05 8.89619643700249e-07
1.81940000000000e+01 3.13067529286227e-05 8.70423391044555e-07
1.82380000000000e+01 3.05941529513999e-05 8.51638865533497e-07
1.82820000000000e+01 2.98977730762328e-05 8.33257302143265e-07
1.83260000000000e+01 2.92172441034035e-05 8.15270120679462e-07
1.83700000000000e+01 2.85522052368667e-05 7.97668921927629e-07
1.84140000000000e+01 2.79023038929668e-05 7.80445483882601e-07
1.84580000000000e+01 2.72671955135088e-05 7.63591758055152e-07
1.85020000000000e+01 2.66465433830832e-05 7.47099865854345e-07
1.85460000000000e+01 2.60400184505505e-05 7.30962095044047e-07
1.85900000000000e+01 2.54472991545874e-05 7.15170896272212e-07
1.86340000000000e+01 2.48680712532050e-05 6.99718879671423e-07
1.86780000000000e+01 2.43020276571473e-05 6.84598811529211e-07
1.87220000000000e+01 2.37488682670810e-05 6.69803611026793e-07
1.87660000000000e+01 2.32082998144927e-05 6.55326347044874e-07
1.88100000000000e+01 2.26800357062061e-05 6.41160235035183e-07
1.88540000000000e+01 2.21637958724391e-05 6.27298633956345e-07
1.88980000000000e+01 2.16593066183194e-05 6.13735043272829e-07
1.89420000000000e+01 2.11663004787792e-05 6.00463100015726e-07
1.89860000000000e+01 2.06845160767539e-05 5.87476575904048e-07
1.90300000000000e+01 2.02136979846073e-05 5.74769374525455e-07
1.90740000000000e+01 1.97535965887116e-05 5.62335528575038e-07
1.91180000000000e+01 1.93039679571100e-05 5.50169197151082e-07
1.91620000000000e+01 1.88645737101911e-05 5.38264663106697e-07
1.92060000000000e+01 1.84351808943072e-05 5.26616330456092e-07
1.92500000000000e+01 1.80155618582694e-05 5.15218721834448e-07
1.92940000000000e+01 1.76054941326535e-05 5.04066476010282e-07
1.93380000000000e+01 1.72047603118535e-05 4.93154345449235e-07
1.93820000000000e+01 1.68131479388200e-05 4.82477193928256e-07
1.94260000000000e+01 1.64304493924213e-05 4.72029994199164e-07
1.94700000000000e+01 1.60564617773692e-05 4.61807825700559e-07
1.95140000000000e+01 1.56909868166500e-05 4.51805872317141e-07
1.95580000000000e+01 1.53338307464040e-05 4.42019420185418e-07
1.96020000000000e+01 1.49848042131976e-05 4.32443855544893e-07
1.96460000000000e+01 1.46437221736339e-05 4.23074662633823e-07
1.96900000000000e+01 1.43104037962480e-05 4.13907421628637e-07
1.97340000000000e+01 1.39846723656360e-05 4.04937806626070e-07
1.97780000000000e+01 1.36663551887655e-05 3.96161583667168e-07
1.98220000000000e+01 1.33552835034190e-05 3.87574608802403e-07
1.98660000000000e+01 1.30512923887212e-05 3.79172826196900e-07
1.99100000000000e+01 1.27542206777030e-05 3.70952266275083e-07
1.99540000000000e+01 1.24639108718554e-05 3.62909043903880e-07
1.99980000000000e+01 1.21802090576289e-05 3.55039356613695e-07
2.00420000000000e+01 1.19029648248327e-05 3.47339482856422e-07
2.00860000000000e+01 1.16320311868921e-05 3.39805780299666e-07
2.01300000000000e+01 1.13672645029203e-05 3.32434684156511e-07
2.01740000000000e+01 1.11085244015647e-05 3.25222705550069e-07
2.02180000000000e+01 1.08556737065858e-05 3.18166429912076e-07
2.02620000000000e+01 1.06085783641308e-05 3.11262515414890e-07
2.03060000000000e+01 1.03671073716621e-05 3.04507691436157e-07
2.03500000000000e+01 1.01311327085038e-05 2.97898757055512e-07
2.03940000000000e+01 9.90052926796871e-06 2.91432579582624e-07
2.04380000000000e+01 9.67517479103098e-06 2.85106093115976e-07
2.04820000000000e+01 9.45494980150764e-06 2.78916297131721e-07
2.05260000000000e+01 9.23973754271609e-06 2.72860255102002e-07
2.05700000000000e+01 9.02942391557320e-06 2.66935093142152e-07
2.06140000000000e+01 8.82389741810337e-06 2.61137998686152e-07
2.06580000000000e+01 8.62304908632353e-06 2.55466219189778e-07
2.07020000000000e+01 8.42677243647371e-06 2.49917060860864e-07
2.07460000000000e+01 8.23496340856256e-06 2.44487887416123e-07
2.07900000000000e+01 8.04752031119785e-06 2.39176118863981e-07
2.08340000000000e+01 7.86434376767273e-06 2.33979230312896e-07
2.08780000000000e+01 7.68533666327920e-06 2.28894750804612e-07
2.09220000000000e+01 7.51040409382081e-06 2.23920262171852e-07
2.09660000000000e+01 7.33945331529730e-06 2.19053397919947e-07
2.10100000000000e+01 7.17239369473450e-06 2.14291842131908e-07
2.10540000000000e+01 7.00913666213344e-06 2.09633328396430e-07
2.10980000000000e+01 6.84959566351325e-06 2.05075638758397e-07
2.11420000000000e+01 6.69368611502274e-06 2.00616602691391e-07
2.11860000000000e+01 6.54132535809667e-06 1.96254096091753e-07
2.12300000000000e+01 6.39243261563262e-06 1.91986040293767e-07
2.12740000000000e+01 6.24692894916539e-06 1.87810401105520e-07
2.13180000000000e+01 6.10473721701618e-06 1.83725187864989e-07
2.13620000000000e+01 5.96578203339443e-06 1.79728452515989e-07
2.14060000000000e+01 5.82998972843052e-06 1.75818288703512e-07
2.14500000000000e+01 5.69728830911817e-06 1.71992830888088e-07
2.14940000000000e+01 5.56760742114598e-06 1.68250253478771e-07
2.15380000000000e+01 5.44087831159763e-06 1.64588769984349e-07
2.15820000000000e+01 5.31703379250118e-06 1.61006632182419e-07
2.16260000000000e+01 5.19600820520799e-06 1.57502129305945e-07
2.16700000000000e+01 5.07773738558250e-06 1.54073587246924e-07
2.17140000000000e+01 4.96215862998432e-06 1.50719367776833e-07
2.17580000000000e+01 4.84921066202466e-06 1.47437867783487e-07
2.18020000000000e+01 4.73883360007940e-06 1.44227518523985e-07
2.18460000000000e+01 4.63096892554165e-06 1.41086784893370e-07
2.18900000000000e+01 4.52555945179697e-06 1.38014164708725e-07
2.19340000000000e+01 4.42254929390472e-06 1.35008188008364e-07
2.19780000000000e+01 4.32188383896953e-06 1.32067416365780e-07
2.20220000000000e+01 4.22350971718720e-06 1.29190442218083e-07
2.20660000000000e+01 4.12737477354964e-06 1.26375888208603e-07
2.21100000000000e+01 4.03342804019382e-06 1.23622406543363e-07
2.21540000000000e+01 3.94161970938017e-06 1.20928678361145e-07
2.21980000000000e+01 3.85190110708598e-06 1.18293413116836e-07
2.22420000000000e+01 3.76422466719992e-06 1.15715347977825e-07
2.22860000000000e+01 3.67854390630389e-06 1.13193247233141e-07
2.23300000000000e+01 3.59481339902893e-06 1.10725901715064e-07
2.23740000000000e+01 3.51298875397203e-06 1.08312128232982e-07
2.24180000000000e+01 3.43302659016117e-06 1.05950769019199e-07
2.24620000000000e+01 3.35488451405599e-06 1.03640691186473e-07
2.25060000000000e+01 3.27852109707205e-06 1.01380786197030e-07
2.25500000000000e+01 3.20389585361660e-06 9.91699693427962e-08
2.25940000000000e+01 3.13096921962434e-06 9.70071792366492e-08
2.26380000000000e+01 3.05970253158177e-06 9.48913773144264e-08
2.26820000000000e+01 2.99005800602893e-06 9.28215473474796e-08
2.27260000000000e+01 2.92199871952773e-06 9.07966949655521e-08
2.27700000000000e+01 2.85548858908629e-06 8.88158471897611e-08
2.28140000000000e+01 2.79049235302877e-06 8.68780519754810e-08
2.28580000000000e+01 2.72697555230074e-06 8.49823777649019e-08
2.29020000000000e+01 2.66490451219999e-06 8.31279130490837e-08
2.29460000000000e+01 2.60424632452322e-06 8.13137659392914e-08
2.29900000000000e+01 2.54496883011908e-06 7.95390637474176e-08
2.30340000000000e+01 2.48704060183841e-06 7.78029525753126e-08
2.30780000000000e+01 2.43043092787244e-06 7.61045969128175e-08
2.31220000000000e+01 2.37510979547036e-06 7.44431792443348e-08
2.31660000000000e+01 2.32104787502742e-06 7.28178996637475e-08
2.32100000000000e+01 2.26821650453528e-06 7.12279754975119e-08
2.32540000000000e+01 2.21658767438629e-06 6.96726409357553e-08
2.32980000000000e+01 2.16613401252357e-06 6.81511466712089e-08
2.33420000000000e+01 2.11682876992926e-06 6.66627595458129e-08
2.33860000000000e+01 2.06864580644290e-06 6.52067622048270e-08
2.34300000000000e+01 2.02155957690276e-06 6.37824527582947e-08
2.34740000000000e+01 1.97554511760256e-06 6.23891444497047e-08
2.35180000000000e+01 1.93057803305642e-06 6.10261653316932e-08
2.35620000000000e+01 1.88663448306515e-06 5.96928579486487e-08
2.36060000000000e+01 1.84369117007689e-06 5.83885790260647e-08
2.36500000000000e+01 1.80172532683539e-06 5.71126991664998e-08
2.36940000000000e+01 1.76071470430957e-06 5.58646025520117e-08
2.37380000000000e+01 1.72063755989770e-06 5.46436866529238e-08
2.37820000000000e+01 1.68147264590016e-06 5.34493619427894e-08
2.38260000000000e+01 1.64319919825449e-06 5.22810516194253e-08
2.38700000000000e+01 1.60579692552699e-06 5.11381913318897e-08
2.39140000000000e+01 1.56924599815474e-06 5.00202289132736e-08
2.39580000000000e+01 1.53352703793259e-06 4.89266241191857e-08
2.40020000000000e+01 1.49862110773941e-06 4.78568483718084e-08
2.40460000000000e+01 1.46450970149822e-06 4.68103845094121e-08
2.40900000000000e+01 1.43117473436478e-06 4.57867265412078e-08
2.41340000000000e+01 1.39859853313959e-06 4.47853794074269e-08
2.41780000000000e+01 1.36676382689805e-06 4.38058587445167e-08
2.42220000000000e+01 1.33565373783397e-06 4.28476906553452e-08
2.42660000000000e+01 1.30525177231144e-06 4.19104114843088e-08
2.43100000000000e+01 1.27554181212043e-06 4.09935675972399e-08
2.43540000000000e+01 1.24650810593135e-06 4.00967151660101e-08
2.43980000000000e+01 1.21813526094420e-06 3.92194199577305e-08
2.44420000000000e+01 1.19040823472777e-06 3.83612571284553e-08
2.44860000000000e+01 1.16331232724458e-06 3.75218110212902e-08
2.45300000000000e+01 1.13683317305738e-06 3.67006749688109e-08
2.45740000000000e+01 1.11095673371300e-06 3.58974510997051e-08
2.46180000000000e+01 1.08566929029961e-06 3.51117501495437e-08
2.46620000000000e+01 1.06095743617335e-06 3.43431912755970e-08
2.47060000000000e+01 1.03680806985052e-06 3.35914018756091e-08
2.47500000000000e+01 1.01320838806159e-06 3.28560174104465e-08
2.47940000000000e+01 9.90145878963286e-07 3.21366812305384e-08
2.48380000000000e+01 9.67608315505163e-07 3.14330444060280e-08
2.48820000000000e+01 9.45583748947215e-07 3.07447655605578e-08
2.49260000000000e+01 9.24060502525001e-07 3.00715107086114e-08
2.49700000000000e+01 9.03027165258975e-07 2.94129530963345e-08
2.50140000000000e+01 8.82472585904727e-07 2.87687730457613e-08
2.50580000000000e+01 8.62385867040933e-07 2.81386578023779e-08
2.51020000000000e+01 8.42756359291860e-07 2.75223013859468e-08
2.51460000000000e+01 8.23573655681395e-07 2.69194044445271e-08
2.51900000000000e+01 8.04827586115575e-07 2.63296741116201e-08
2.52340000000000e+01 7.86508211990705e-07 2.57528238663733e-08
2.52780000000000e+01 7.68605820924215e-07 2.51885733967814e-08
2.53220000000000e+01 7.51110921605442e-07 2.46366484658175e-08
2.53660000000000e+01 7.34014238763621e-07 2.40967807804333e-08
2.54100000000000e+01 7.17306708250420e-07 2.35687078633658e-08
2.54540000000000e+01 7.00979472234393e-07 2.30521729276937e-08
2.54980000000000e+01 6.85023874504830e-07 2.25469247540823e-08
2.55420000000000e+01 6.69431455882490e-07 2.20527175706606e-08
2.55860000000000e+01 6.54193949734798e-07 2.15693109354755e-08
2.56300000000000e+01 6.39303277593129e-07 2.10964696214670e-08
2.56740000000000e+01 6.24751544869840e-07 2.06339635039109e-08
2.57180000000000e+01 6.10531036672799e-07 2.01815674502764e-08
2.57620000000000e+01 5.96634213715184e-07 1.97390612124487e-08
2.58060000000000e+01 5.83053708318371e-07 1.93062293212642e-08
2.58500000000000e+01 5.69782320505823e-07 1.88828609833084e-08
2.58940000000000e+01 5.56813014185869e-07 1.84687499799324e-08
2.59380000000000e+01 5.44138913421382e-07 1.80636945684359e-08
2.59820000000000e+01 5.31753298784367e-07 1.76674973853722e-08
2.60260000000000e+01 5.19649603793518e-07 1.72799653519332e-08
2.60700000000000e+01 5.07821411432866e-07 1.69009095813633e-08
2.61140000000000e+01 4.96262450749675e-07 1.65301452883651e-08
2.61580000000000e+01 4.84966593529763e-07 1.61674917004521e-08
2.62020000000000e+01 4.73927851048514e-07 1.58127719712045e-08
2.62460000000000e+01 4.63140370895831e-07 1.54658130953929e-08
2.62900000000000e+01 4.52598433873368e-07 1.51264458259243e-08
2.63340000000000e+01 4.42296450962378e-07 1.47945045925756e-08
2.63780000000000e+01 4.32228960360586e-07 1.44698274224738e-08
2.64220000000000e+01 4.22390624586504e-07 1.41522558622878e-08
2.64660000000000e+01 4.12776227649659e-07 1.38416349020922e-08
2.65100000000000e+01 4.03380672285233e-07 1.35378129008716e-08
2.65540000000000e+01 3.94198977251642e-07 1.32406415136267e-08
2.65980000000000e+01 3.85226274689635e-07 1.29499756200485e-08
2.66420000000000e+01 3.76457807541498e-07 1.26656732547290e-08
2.66860000000000e+01 3.67888927029007e-07 1.23875955388745e-08
2.67300000000000e+01 3.59515090188786e-07 1.21156066134883e-08
2.67740000000000e+01 3.51331857463760e-07 1.18495735739921e-08
2.68180000000000e+01 3.43334890349440e-07 1.15893664062568e-08
2.68620000000000e+01 3.35519949093775e-07 1.13348579240101e-08
2.69060000000000e+01 3.27882890449362e-07 1.10859237075931e-08
2.69500000000000e+01 3.20419665476824e-07 1.08424420440355e-08
2.69940000000000e+01 3.13126317398180e-07 1.06042938684239e-08
2.70380000000000e+01 3.05998979499084e-07 1.03713627065322e-08
2.70820000000000e+01 2.99033873078804e-07 1.01435346186889e-08
2.71260000000000e+01 2.92227305446873e-07 9.92069814485503e-09
2.71700000000000e+01 2.85575667965333e-07 9.70274425088614e-09
2.72140000000000e+01 2.79075434135544e-07 9.48956627595252e-09
2.72580000000000e+01 2.72723157728538e-07 9.28105988109382e-09
2.73020000000000e+01 2.66515470957937e-07 9.07712299888339e-09
2.73460000000000e+01 2.60449082694448e-07 8.87765578417843e-09
2.73900000000000e+01 2.54520776721007e-07 8.68256056593246e-09
2.74340000000000e+01 2.48727410027641e-07 8.49174180004786e-09
2.74780000000000e+01 2.43065911145132e-07 8.30510602324565e-09
2.75220000000000e+01 2.37533278516619e-07 8.12256180793121e-09
2.75660000000000e+01 2.32126578906266e-07 7.94401971803448e-09
2.76100000000000e+01 2.26842945844142e-07 7.76939226580273e-09
2.76540000000000e+01 2.21679578106509e-07 7.59859386952675e-09
2.76980000000000e+01 2.16633738230696e-07 7.43154081218010e-09
2.77420000000000e+01 2.11702751063778e-07 7.26815120095154e-09
2.77860000000000e+01 2.06884002344292e-07 7.10834492765125e-09
2.78300000000000e+01 2.02174937316232e-07 6.95204362997277e-09
2.78740000000000e+01 1.97573059374592e-07 6.79917065359170e-09
2.79180000000000e+01 1.93075928741748e-07 6.64965101508327e-09
2.79620000000000e+01 1.88681161173954e-07 6.50341136564188e-09
2.80060000000000e+01 1.84386426697291e-07 6.36037995558407e-09
2.80500000000000e+01 1.80189448372382e-07 6.22048659961893e-09
2.80940000000000e+01 1.76088001087232e-07 6.08366264286981e-09
2.81380000000000e+01 1.72079910377535e-07 5.94984092763025e-09
2.81820000000000e+01 1.68163051273842e-07 5.81895576083861e-09
2.82260000000000e+01 1.64335347174964e-07 5.69094288225686e-09
2.82700000000000e+01 1.60594768747019e-07 5.56573943333694e-09
2.83140000000000e+01 1.56939332847545e-07 5.44328392676066e-09
2.83580000000000e+01 1.53367101474093e-07 5.32351621663913e-09
2.84020000000000e+01 1.49876180736757e-07 5.20637746935630e-09
2.84460000000000e+01 1.46464719854092e-07 5.09181013504389e-09
2.84900000000000e+01 1.43130910171882e-07 4.97975791967349e-09
2.85340000000000e+01 1.39872984204251e-07 4.87016575775251e-09
2.85780000000000e+01 1.36689214696589e-07 4.76297978561169e-09
2.86220000000000e+01 1.33577913709819e-07 4.65814731527054e-09
2.86660000000000e+01 1.30537431725497e-07 4.55561680886865e-09
2.87100000000000e+01 1.27566156771291e-07 4.45533785365072e-09
2.87540000000000e+01 1.24662513566360e-07 4.35726113749351e-09
2.87980000000000e+01 1.21824962686189e-07 4.26133842496273e-09
2.88420000000000e+01 1.19051999746427e-07 4.16752253388845e-09
2.88860000000000e+01 1.16342154605314e-07 4.07576731244793e-09
2.89300000000000e+01 1.13693990584254e-07 3.98602761674569e-09
2.89740000000000e+01 1.11106103706128e-07 3.89825928887863e-09
2.90180000000000e+01 1.08577121950951e-07 3.81241913547640e-09
2.90620000000000e+01 1.06105704528468e-07 3.72846490670770e-09
2.91060000000000e+01 1.03690541167304e-07 3.64635527574100e-09
2.91500000000000e+01 1.01330351420303e-07 3.56604981865075e-09
2.91940000000000e+01 9.90238839856657e-08 3.48750899475912e-09
2.92380000000000e+01 9.67699160435546e-08 3.41069412740408e-09
2.92820000000000e+01 9.45672526077867e-08 3.33556738512464e-09
2.93260000000000e+01 9.24147258922892e-08 3.26209176325387e-09
2.93700000000000e+01 9.03111946919744e-08 3.19023106591148e-09
2.94140000000000e+01 8.82555437777068e-08 3.11994988838680e-09
2.94580000000000e+01 8.62466833050422e-08 3.05121359990395e-09
2.95020000000000e+01 8.42835482364247e-08 2.98398832676116e-09
2.95460000000000e+01 8.23650977765359e-08 2.91824093583584e-09
2.95900000000000e+01 8.04903148204965e-08 2.85393901844764e-09
2.96340000000000e+01 7.86582054146275e-08 2.79105087457160e-09
2.96780000000000e+01 7.68677982294861e-08 2.72954549739422e-09
2.97220000000000e+01 7.51181440448957e-08 2.66939255820456e-09
2.97660000000000e+01 7.34083152466982e-08 2.61056239161361e-09
2.98100000000000e+01 7.17374053349603e-08 2.55302598109433e-09
2.98540000000000e+01 7.01045284433750e-08 2.49675494483580e-09
2.98980000000000e+01 6.85088188696015e-08 2.44172152190475e-09
2.99420000000000e+01 6.69494306162957e-08 2.38789855870738e-09
2.99860000000000e+01 6.54255369425882e-08 2.33525949574542e-09
3.00300000000000e+01 6.39363299257707e-08 2.28377835465977e-09
3.00740000000000e+01 6.24810200329597e-08 2.23342972555575e-09
3.01180000000000e+01 6.10588357025101e-08 2.18418875460377e-09
3.01620000000000e+01 5.96690229349560e-08 2.13603113190929e-09
3.02060000000000e+01 5.83108448932632e-08 2.08893307964655e-09
3.02500000000000e+01 5.69835815121799e-08 2.04287134045009e-09
3.02940000000000e+01 5.56865291164799e-08 1.99782316605870e-09
3.03380000000000e+01 5.44190000478954e-08 1.95376630620620e-09
3.03820000000000e+01 5.31803223005405e-08 1.91067899775370e-09
3.04260000000000e+01 5.19698391646347e-08 1.86853995405824e-09
3.04700000000000e+01 5.07869088783342e-08 1.82732835457253e-09
3.05140000000000e+01 4.96309042874898e-08 1.78702383467088e-09
3.05580000000000e+01 4.85012125131480e-08 1.74760647569651e-09
3.06020000000000e+01 4.73972346266215e-08 1.70905679522518e-09
3.06460000000000e+01 4.63183853319546e-08 1.67135573754073e-09
3.06900000000000e+01 4.52640926556173e-08 1.63448466431785e-09
3.07340000000000e+01 4.42337976432618e-08 1.59842534550751e-09
3.07780000000000e+01 4.32269540633819e-08 1.56315995042065e-09
3.08220000000000e+01 4.22430281177175e-08 1.52867103900606e-09
3.08660000000000e+01 4.12814981582502e-08 1.49494155331801e-09
3.09100000000000e+01 4.03418544106420e-08 1.46195480916959e-09
3.09540000000000e+01 3.94235987039677e-08 1.42969448796767e-09
3.09980000000000e+01 3.85262442065996e-08 1.39814462872576e-09
3.10420000000000e+01 3.76493151681043e-08 1.36728962025062e-09
3.10860000000000e+01 3.67923466670140e-08 1.33711419349915e-09
3.11300000000000e+01 3.59548843643387e-08 1.30760341410147e-09
3.11740000000000e+01 3.51364842626899e-08 1.27874267504706e-09
3.12180000000000e+01 3.43367124708861e-08 1.25051768953012e-09
3.12620000000000e+01 3.35551449739167e-08 1.22291448395070e-09
3.13060000000000e+01 3.27913674081424e-08 1.19591939106837e-09
3.13500000000000e+01 3.20449748416113e-08 1.16951904330503e-09
3.13940000000000e+01 3.13155715593769e-08 1.14370036619353e-09
3.14380000000000e+01 3.06027708537013e-08 1.11845057196921e-09
3.14820000000000e+01 2.99061948190348e-08 1.09375715330099e-09
3.15260000000000e+01 2.92254741516613e-08 1.06960787715901e-09
3.15700000000000e+01 2.85602479539051e-08 1.04599077881608e-09
3.16140000000000e+01 2.79101635427931e-08 1.02289415597971e-09
3.16580000000000e+01 2.72748762630735e-08 1.00030656305226e-09
3.17020000000000e+01 2.66540493044893e-08 9.78216805515979e-10
3.17460000000000e+01 2.60473535232123e-08 9.56613934440606e-10
3.17900000000000e+01 2.54544672673404e-08 9.35487241110747e-10
3.18340000000000e+01 2.48750762063677e-08 9.14826251770349e-10
3.18780000000000e+01 2.43088731645355e-08 8.94620722481795e-10
3.19220000000000e+01 2.37555579579775e-08 8.74860634097111e-10
3.19660000000000e+01 2.32148372355709e-08 8.55536187338882e-10
3.20100000000000e+01 2.26864243234105e-08 8.36637797988466e-10
3.20540000000000e+01 2.21700390728229e-08 8.18156092179176e-10
3.20980000000000e+01 2.16654077118401e-08 8.00081901792108e-10
3.21420000000000e+01 2.11722627000536e-08 7.82406259952502e-10
3.21860000000000e+01 2.06903425867729e-08 7.65120396624318e-10
3.22300000000000e+01 2.02193918724116e-08 7.48215734300986e-10
3.22740000000000e+01 1.97591608730298e-08 7.31683883790161e-10
3.23180000000000e+01 1.93094055879586e-08 7.15516640090481e-10
3.23620000000000e+01 1.88698875704390e-08 6.99705978358378e-10
3.24060000000000e+01 1.84403738012036e-08 6.84244049962889e-10
3.24500000000000e+01 1.80206365649377e-08 6.69123178626585e-10
3.24940000000000e+01 1.76104533295510e-08 6.54335856650772e-10
3.25380000000000e+01 1.72096066281976e-08 6.39874741223130e-10
3.25820000000000e+01 1.68178839439822e-08 6.25732650805952e-10
3.26260000000000e+01 1.64350775972895e-08 6.11902561603275e-10
3.26700000000000e+01 1.60609846356788e-08 5.98377604105143e-10
3.27140000000000e+01 1.56954067262847e-08 5.85151059707364e-10
3.27580000000000e+01 1.53381500506674e-08 5.72216357405138e-10
3.28020000000000e+01 1.49890252020552e-08 5.59567070558828e-10
3.28460000000000e+01 1.46478470849272e-08 5.47196913730452e-10
3.28900000000000e+01 1.43144348168814e-08 5.35099739589303e-10
3.29340000000000e+01 1.39886116327357e-08 5.23269535885143e-10
3.29780000000000e+01 1.36702047908127e-08 5.11700422487537e-10
3.30220000000000e+01 1.33590454813572e-08 5.00386648489890e-10
3.30660000000000e+01 1.30549687370382e-08 4.89322589376828e-10
3.31100000000000e+01 1.27578133454884e-08 4.78502744253414e-10
3.31540000000000e+01 1.24674217638339e-08 4.67921733134960e-10
3.31980000000000e+01 1.21836400351701e-08 4.57574294296127e-10
3.32420000000000e+01 1.19063177069380e-08 4.47455281677892e-10
3.32860000000000e+01 1.16353077511589e-08 4.37559662351258e-10
3.33300000000000e+01 1.13704664864848e-08 4.27882514036432e-10
3.33740000000000e+01 1.11116535020224e-08 4.18419022676222e-10
3.34180000000000e+01 1.08587315828920e-08 4.09164480062509e-10
3.34620000000000e+01 1.06115666374797e-08 4.00114281514628e-10
3.35060000000000e+01 1.03700276263467e-08 3.91263923608520e-10
3.35500000000000e+01 1.01339864927554e-08 3.82609001955556e-10
3.35940000000000e+01 9.90331809477814e-09 3.74145209029959e-10
3.36380000000000e+01 9.67790013895055e-09 3.65868332043742e-10
3.36820000000000e+01 9.45761311543505e-09 3.57774250868137e-10
3.37260000000000e+01 9.24234023466051e-09 3.49858936000510e-10
3.37700000000000e+01 9.03196736540381e-09 3.42118446575758e-10
3.38140000000000e+01 8.82638297428096e-09 3.34548928421212e-10
3.38580000000000e+01 8.62547806661542e-09 3.27146612154121e-10
3.39020000000000e+01 8.42914612865239e-09 3.19907811320764e-10
3.39460000000000e+01 8.23728307108840e-09 3.12828920576287e-10
3.39900000000000e+01 8.04978717388633e-09 3.05906413904402e-10
3.40340000000000e+01 7.86655903234643e-09 2.99136842876038e-10
3.40780000000000e+01 7.68750150440500e-09 2.92516834946115e-10
3.41220000000000e+01 7.51251965913252e-09 2.86043091787608e-10
3.41660000000000e+01 7.34152072640418e-09 2.79712387662090e-10
3.42100000000000e+01 7.17441404771589e-09 2.73521567825965e-10
3.42540000000000e+01 7.01111102811989e-09 2.67467546971569e-10
3.42980000000000e+01 6.85152508925437e-09 2.61547307702443e-10
3.43420000000000e+01 6.69557162344217e-09 2.55757899041971e-10
3.43860000000000e+01 6.54316794883442e-09 2.50096434974708e-10
3.44300000000000e+01 6.39423326557501e-09 2.44560093019646e-10
3.44740000000000e+01 6.24868861296299e-09 2.39146112834724e-10
3.45180000000000e+01 6.10645682758995e-09 2.33851794851926e-10
3.45620000000000e+01 5.96746250243032e-09 2.28674498942269e-10
3.46060000000000e+01 5.83163194686278e-09 2.23611643110047e-10
3.46500000000000e+01 5.69889314760176e-09 2.18660702215681e-10
3.46940000000000e+01 5.56917573051811e-09 2.13819206726566e-10
3.47380000000000e+01 5.44241092332889e-09 2.09084741495277e-10
3.47820000000000e+01 5.31853151913631e-09 2.04454944564552e-10
3.48260000000000e+01 5.19747184079673e-09 1.99927505998477e-10
3.48700000000000e+01 5.07916770610053e-09 1.95500166739292e-10
3.49140000000000e+01 4.96355639374467e-09 1.91170717489236e-10
3.49580000000000e+01 4.85057661007975e-09 1.86936997616924e-10
3.50020000000000e+01 4.74016845661390e-09 1.82796894087681e-10
3.50460000000000e+01 4.63227339825646e-09 1.78748340417347e-10
3.50900000000000e+01 4.52683423228438e-09 1.74789315649011e-10
3.51340000000000e+01 4.42379505801510e-09 1.70917843352167e-10
3.51780000000000e+01 4.32310124716964e-09 1.67131990643848e-10
3.52220000000000e+01 4.22469941491035e-09 1.63429867231201e-10
3.52660000000000e+01 4.12853739153788e-09 1.59809624475074e-10
3.53100000000000e+01 4.03456419483232e-09 1.56269454474129e-10
3.53540000000000e+01 3.94273000302404e-09 1.52807589169055e-10
3.53980000000000e+01 3.85298612837960e-09 1.49422299466417e-10
3.54420000000000e+01 3.76528499138902e-09 1.46111894381742e-10
3.54860000000000e+01 3.67958009554055e-09 1.42874720201399e-10
3.55300000000000e+01 3.59582600266959e-09 1.39709159662855e-10
3.55740000000000e+01 3.51397830886877e-09 1.36613631152924e-10
3.56180000000000e+01 3.43399362094631e-09 1.33586587923620e-10
3.56620000000000e+01 3.35582953342024e-09 1.30626517325196e-10
3.57060000000000e+01 3.27944460603633e-09 1.27731940056033e-10
3.57500000000000e+01 3.20479834179764e-09 1.24901409428974e-10
3.57940000000000e+01 3.13185116549432e-09 1.22133510653775e-10
3.58380000000000e+01 3.06056440272193e-09 1.19426860135294e-10
3.58820000000000e+01 2.99090025937748e-09 1.16780104787099e-10
3.59260000000000e+01 2.92282180162213e-09 1.14191921360122e-10
3.59700000000000e+01 2.85629293629998e-09 1.11661015786074e-10
3.60140000000000e+01 2.79127839180251e-09 1.09186122535264e-10
3.60580000000000e+01 2.72774369936871e-09 1.06766003988511e-10
3.61020000000000e+01 2.66565517481071e-09 1.04399449822859e-10
3.61460000000000e+01 2.60497990065548e-09 1.02085276410772e-10
3.61900000000000e+01 2.54568570869296e-09 9.98223262325292e-11
3.62340000000000e+01 2.48774116292141e-09 9.76094673015207e-11
3.62780000000000e+01 2.43111554288103e-09 9.54455926021618e-11
3.63220000000000e+01 2.37577882736688e-09 9.33296195401612e-11
3.63660000000000e+01 2.32170167851251e-09 9.12604894048567e-11
3.64100000000000e+01 2.26885542623594e-09 8.92371668433594e-11
3.64540000000000e+01 2.21721205303962e-09 8.72586393462600e-11
3.64980000000000e+01 2.16674417915642e-09 8.53239167446229e-11
3.65420000000000e+01 2.11742504803366e-09 8.34320307180347e-11
3.65860000000000e+01 2.06922851214761e-09 8.15820343134666e-11
3.66300000000000e+01 2.02212901914088e-09 7.97730014746979e-11
3.66740000000000e+01 1.97610159827527e-09 7.80040265820899e-11
3.67180000000000e+01 1.93112184719308e-09 7.62742240024681e-11
3.67620000000000e+01 1.88716591897970e-09 7.45827276488950e-11
3.68060000000000e+01 1.84421050952070e-09 7.29286905501236e-11
3.68500000000000e+01 1.80223284514667e-09 7.13112844295088e-11
3.68940000000000e+01 1.76121067055929e-09 6.97296992931751e-11
3.69380000000000e+01 1.72112223703229e-09 6.81831430272363e-11
3.69820000000000e+01 1.68194629088089e-09 6.66708410038733e-11
3.70260000000000e+01 1.64366206219373e-09 6.51920356960679e-11
3.70700000000000e+01 1.60624925382131e-09 6.37459863008081e-11
3.71140000000000e+01 1.56968803061503e-09 6.23319683705749e-11
3.71580000000000e+01 1.53395900891120e-09 6.09492734529346e-11
3.72020000000000e+01 1.49904324625439e-09 5.95972087380568e-11
3.72460000000000e+01 1.46492223135475e-09 5.82750967139814e-11
3.72900000000000e+01 1.43157787427382e-09 5.69822748294646e-11
3.73340000000000e+01 1.39899249683381e-09 5.57180951642425e-11
3.73780000000000e+01 1.36714882324519e-09 5.44819241065499e-11
3.74220000000000e+01 1.33602997094754e-09 5.32731420377242e-11
3.74660000000000e+01 1.30561944165896e-09 5.20911430237505e-11
3.75100000000000e+01 1.27590111262915e-09 5.09353345135939e-11
3.75540000000000e+01 1.24685922809161e-09 4.98051370441641e-11
3.75980000000000e+01 1.21847839091045e-09 4.86999839517728e-11
3.76420000000000e+01 1.19074355441722e-09 4.76193210899400e-11
3.76860000000000e+01 1.16364001443367e-09 4.65626065534050e-11
3.77300000000000e+01 1.13715340147603e-09 4.55293104082144e-11
3.77740000000000e+01 1.11126967313671e-09 4.45189144277463e-11
3.78180000000000e+01 1.08597510663947e-09 4.35309118345439e-11
3.78620000000000e+01 1.06125629156401e-09 4.25648070478337e-11
3.79060000000000e+01 1.03710012273614e-09 4.16201154365944e-11
3.79500000000000e+01 1.01349379327985e-09 4.06963630780626e-11
3.79940000000000e+01 9.90424787827473e-10 3.97930865215566e-11
3.80380000000000e+01 9.67880875884387e-10 3.89098325574962e-11
3.80820000000000e+01 9.45850105344811e-10 3.80461579915053e-11
3.81260000000000e+01 9.24320796155140e-10 3.72016294234914e-11
3.81700000000000e+01 9.03281534121530e-10 3.63758230315844e-11
3.82140000000000e+01 8.82721164858439e-10 3.55683243608333e-11
3.82580000000000e+01 8.62628787874905e-10 3.47787281165566e-11
3.83020000000000e+01 8.42993750795431e-10 3.40066379622412e-11
3.83460000000000e+01 8.23805643712419e-10 3.32516663218914e-11
3.83900000000000e+01 8.05054293667144e-10 3.25134341867304e-11
3.84340000000000e+01 7.86729759256363e-10 3.17915709261585e-11
3.84780000000000e+01 7.68822325361676e-10 3.10857141028748e-11
3.85220000000000e+01 7.51322497998862e-10 3.03955092920687e-11
3.85660000000000e+01 7.34220999284459e-10 2.97206099045959e-11
3.86100000000000e+01 7.17508762516899e-10 2.90606770140485e-11
3.86540000000000e+01 7.01176927369624e-10 2.84153791876324e-11
3.86980000000000e+01 6.85216835193601e-10 2.77843923207724e-11
3.87420000000000e+01 6.69620024426769e-10 2.71673994753582e-11
3.87860000000000e+01 6.54378226107972e-10 2.65640907215569e-11
3.88300000000000e+01 6.39483359493001e-10 2.59741629831086e-11
3.88740000000000e+01 6.24927527770431e-10 2.53973198860303e-11
3.89180000000000e+01 6.10703013874964e-10 2.48332716106533e-11
3.89620000000000e+01 5.96802276396074e-10 2.42817347469221e-11
3.90060000000000e+01 5.83217945579781e-10 2.37424321528814e-11
3.90500000000000e+01 5.69942819421419e-10 2.32150928162796e-11
3.90940000000000e+01 5.56969859847361e-10 2.26994517192240e-11
3.91380000000000e+01 5.44292188983636e-10 2.21952497058202e-11
3.91820000000000e+01 5.31903085509487e-10 2.17022333527252e-11
3.92260000000000e+01 5.19795981093932e-10 2.12201548425559e-11
3.92700000000000e+01 5.07964456913427e-10 2.07487718400866e-11
3.93140000000000e+01 4.96402240248805e-10 2.02878473711777e-11
3.93580000000000e+01 4.85103201159661e-10 1.98371497043700e-11
3.94020000000000e+01 4.74061349234446e-10 1.93964522350918e-11
3.94460000000000e+01 4.63270830414532e-10 1.89655333724176e-11
3.94900000000000e+01 4.52725923890560e-10 1.85441764283239e-11
3.95340000000000e+01 4.42421039069443e-10 1.81321695093864e-11
3.95780000000000e+01 4.32350712610400e-10 1.77293054108642e-11
3.96220000000000e+01 4.22509605528459e-10 1.73353815131214e-11
3.96660000000000e+01 4.12892500363880e-10 1.69501996803317e-11
3.97100000000000e+01 4.03494298416025e-10 1.65735661614165e-11
3.97540000000000e+01 3.94310017040171e-10 1.62052914931679e-11
3.97980000000000e+01 3.85334787005864e-10 1.58451904055079e-11
3.98420000000000e+01 3.76563849915403e-10 1.54930817288379e-11
3.98860000000000e+01 3.67992555681073e-10 1.51487883034310e-11
3.99300000000000e+01 3.59616360059815e-10 1.48121368908228e-11
3.99740000000000e+01 3.51430822244001e-10 1.44829580871577e-11
4.00180000000000e+01 3.43431602507050e-10 1.41610862384452e-11
4.00620000000000e+01 3.35614459902637e-10 1.38463593576866e-11
4.01060000000000e+01 3.27975250016273e-10 1.35386190438300e-11
4.01500000000000e+01 3.20509922768056e-10 1.32377104025132e-11
4.01940000000000e+01 3.13214520265440e-10 1.29434819685551e-11
4.02380000000000e+01 3.06085174704887e-10 1.26557856301570e-11
4.02820000000000e+01 2.99118106321262e-10 1.23744765547769e-11
4.03260000000000e+01 2.92309621383924e-10 1.20994131166402e-11
4.03700000000000e+01 2.85656110238417e-10 1.18304568258472e-11
4.04140000000000e+01 2.79154045392741e-10 1.15674722590487e-11
4.04580000000000e+01 2.72799979647178e-10 1.13103269916486e-11
4.05020000000000e+01 2.66590544266697e-10 1.10588915315047e-11
4.05460000000000e+01 2.60522447194943e-10 1.08130392540921e-11
4.05900000000000e+01 2.54592471308896e-10 1.05726463390969e-11
4.06340000000000e+01 2.48797472713242e-10 1.03375917084105e-11
4.06780000000000e+01 2.43134379073580e-10 1.01077569654924e-11
4.07220000000000e+01 2.37600187987556e-10 9.88302633607107e-12
4.07660000000000e+01 2.32191965393085e-10 9.66328661015466e-12
4.08100000000000e+01 2.26906844012797e-10 9.44842708532130e-12
4.08540000000000e+01 2.21742021833893e-10 9.23833951126150e-12
4.08980000000000e+01 2.16694760622599e-10 9.03291803554487e-12
4.09420000000000e+01 2.11762384472443e-10 8.83205915058495e-12
4.09860000000000e+01 2.06942278385562e-10 8.63566164177434e-12
4.10300000000000e+01 2.02231886886315e-10 8.44362653676521e-12
4.10740000000000e+01 1.97628712666443e-10 8.25585705587038e-12
4.11180000000000e+01 1.93130315261073e-10 8.07225856355887e-12
4.11620000000000e+01 1.88734309754853e-10 7.89273852102318e-12
4.12060000000000e+01 1.84438365517547e-10 7.71720643979392e-12
4.12500000000000e+01 1.80240204968400e-10 7.54557383637929e-12
4.12940000000000e+01 1.76137602368636e-10 7.37775418790587e-12
4.13380000000000e+01 1.72128382641437e-10 7.21366288873921e-12
4.13820000000000e+01 1.68210420218781e-10 7.05321720806326e-12
4.14260000000000e+01 1.64381637914534e-10 6.89633624839644e-12
4.14700000000000e+01 1.60640005823182e-10 6.74294090502404e-12
4.15140000000000e+01 1.56983540243641e-10 6.59295382632693e-12
4.15580000000000e+01 1.53410302627558e-10 6.44629937498685e-12
4.16020000000000e+01 1.49918398551546e-10 6.30290359004848e-12
4.16460000000000e+01 1.46505976712823e-10 6.16269414981996e-12
4.16900000000000e+01 1.43171227947705e-10 6.02560033559313e-12
4.17340000000000e+01 1.39912384272441e-10 5.89155299616542e-12
4.17780000000000e+01 1.36727717945880e-10 5.76048451314555e-12
4.18220000000000e+01 1.33615540553478e-10 5.63232876702592e-12
4.18660000000000e+01 1.30574202112148e-10 5.50702110400507e-12
4.19100000000000e+01 1.27602090195491e-10 5.38449830354292e-12
4.19540000000000e+01 1.24697629078932e-10 5.26469854663327e-12
4.19980000000000e+01 1.21859278904323e-10 5.14756138477749e-12
4.20420000000000e+01 1.19085534863553e-10 5.03302770964409e-12
4.20860000000000e+01 1.16374926400746e-10 4.92103972339886e-12
4.21300000000000e+01 1.13726016432614e-10 4.81154090969068e-12
4.21740000000000e+01 1.11137400586560e-10 4.70447600527862e-12
4.22180000000000e+01 1.08607706456122e-10 4.59979097228659e-12
4.22620000000000e+01 1.06135592873365e-10 4.49743297107136e-12
4.23060000000000e+01 1.03719749197832e-10 4.39735033368991e-12
4.23500000000000e+01 1.01358894621682e-10 4.29949253795382e-12
4.23940000000000e+01 9.90517774906457e-11 4.20381018205711e-12
4.24380000000000e+01 9.67971746404349e-11 4.11025495976512e-12
4.24820000000000e+01 9.45938907482575e-11 4.01877963615224e-12
4.25260000000000e+01 9.24407576990935e-11 3.92933802387555e-12
4.25700000000000e+01 9.03366339663952e-11 3.84188495997353e-12
4.26140000000000e+01 8.82804040068841e-11 3.75637628317778e-12
4.26580000000000e+01 8.62709776691238e-11 3.67276881172654e-12
4.27020000000000e+01 8.43072896155535e-11 3.59102032166869e-12
4.27460000000000e+01 8.23882987576789e-11 3.51108952564756e-12
4.27900000000000e+01 8.05129877041177e-11 3.43293605215424e-12
4.28340000000000e+01 7.86803622212097e-11 3.35652042523965e-12
4.28780000000000e+01 7.68894507059034e-11 3.28180404467528e-12
4.29220000000000e+01 7.51393036706415e-11 3.20874916655274e-12
4.29660000000000e+01 7.34289932399713e-11 3.13731888431254e-12
4.30100000000000e+01 7.17576126586124e-11 3.06747711019256e-12
4.30540000000000e+01 7.01242758107229e-11 2.99918855708684e-12
4.30980000000000e+01 6.85281167501069e-11 2.93241872080578e-12
4.31420000000000e+01 6.69682892411159e-11 2.86713386272871e-12
4.31860000000000e+01 6.54439663100003e-11 2.80330099284043e-12
4.32300000000000e+01 6.39543398064724e-11 2.74088785314288e-12
4.32740000000000e+01 6.24986199752494e-11 2.67986290143394e-12
4.33180000000000e+01 6.10760350373492e-11 2.62019529544518e-12
4.33620000000000e+01 5.96858307809160e-11 2.56185487733067e-12
4.34060000000000e+01 5.83272701613596e-11 2.50481215849882e-12
4.34500000000000e+01 5.69996329105972e-11 2.44903830477998e-12
4.34940000000000e+01 5.57022151551880e-11 2.39450512192244e-12
4.35380000000000e+01 5.44343290431614e-11 2.34118504140926e-12
4.35820000000000e+01 5.31953023793379e-11 2.28905110658896e-12
4.36260000000000e+01 5.19844782689517e-11 2.23807695911331e-12
4.36700000000000e+01 5.08012147693848e-11 2.18823682567520e-12
4.37140000000000e+01 4.96448845498282e-11 2.13950550504019e-12
4.37580000000000e+01 4.85148745586900e-11 2.09185835536495e-12
4.38020000000000e+01 4.74105856985737e-11 2.04527128179640e-12
4.38460000000000e+01 4.63314325086548e-11 1.99972072434568e-12
4.38900000000000e+01 4.52768428542871e-11 1.95518364603015e-12
4.39340000000000e+01 4.42462576236741e-11 1.91163752127815e-12
4.39780000000000e+01 4.32391304314446e-11 1.86906032459044e-12
4.40220000000000e+01 4.22549273289755e-11 1.82743051945262e-12
4.40660000000000e+01 4.12931265213084e-11 1.78672704749306e-12
4.41100000000000e+01 4.03532180905097e-11 1.74692931788094e-12
4.41540000000000e+01 3.94347037253270e-11 1.70801719695893e-12
4.41980000000000e+01 3.85370964569997e-11 1.66997099810545e-12
4.42420000000000e+01 3.76599204010828e-11 1.63277147182163e-12
4.42860000000000e+01 3.68027105051472e-11 1.59639979603750e-12
4.43300000000000e+01 3.59650123022227e-11 1.56083756663294e-12
4.43740000000000e+01 3.51463816698535e-11 1.52606678816871e-12
4.44180000000000e+01 3.43463845946376e-11 1.49206986482258e-12
4.44620000000000e+01 3.35645969421261e-11 1.45882959152625e-12
4.45060000000000e+01 3.28006042319595e-11 1.42632914529861e-12
4.45500000000000e+01 3.20540014181231e-11 1.39455207677092e-12
4.45940000000000e+01 3.13243926742034e-11 1.36348230189974e-12
4.46380000000000e+01 3.06113911835330e-11 1.33310409386338e-12
4.46820000000000e+01 2.99146189341120e-11 1.30340207513795e-12
4.47260000000000e+01 2.92337065181970e-11 1.27436120974880e-12
4.47700000000000e+01 2.85682929364531e-11 1.24596679569369e-12
4.48140000000000e+01 2.79180254065618e-11 1.21820445753391e-12
4.48580000000000e+01 2.72825591761871e-11 1.19106013914938e-12
4.49020000000000e+01 2.66615573401980e-11 1.16452009665427e-12
4.49460000000000e+01 2.60546906620513e-11 1.13857089146977e-12
4.49900000000000e+01 2.54616373992407e-11 1.11319938355010e-12
4.50340000000000e+01 2.48820831327179e-11 1.08839272475878e-12
4.50780000000000e+01 2.43157206001980e-11 1.06413835239165e-12
4.51220000000000e+01 2.37622495332571e-11 1.04042398284329e-12
4.51660000000000e+01 2.32213764981400e-11 1.01723760541396e-12
4.52100000000000e+01 2.26928147401901e-11 9.94567476253686e-13
4.52540000000000e+01 2.21762840318202e-11 9.72402112440540e-13
4.52980000000000e+01 2.16715105239450e-11 9.50730286190224e-13
4.53420000000000e+01 2.11782266007940e-11 9.29541019193915e-13
4.53860000000000e+01 2.06961707380300e-11 9.08823577081645e-13
4.54300000000000e+01 2.02250873640964e-11 8.88567464008393e-13
4.54740000000000e+01 1.97647267247211e-11 8.68762417360149e-13
4.55180000000000e+01 1.93148447505041e-11 8.49398402577333e-13
4.55620000000000e+01 1.88752029275194e-11 8.30465608092997e-13
4.56060000000000e+01 1.84455681708618e-11 8.11954440383177e-13
4.56500000000000e+01 1.80257127010727e-11 7.93855519126975e-13
4.56940000000000e+01 1.76154139233778e-11 7.76159672473953e-13
4.57380000000000e+01 1.72144543096744e-11 7.58857932416469e-13
4.57820000000000e+01 1.68226212832041e-11 7.41941530264557e-13
4.58260000000000e+01 1.64397071058517e-11 7.25401892221130e-13
4.58700000000000e+01 1.60655087680078e-11 7.09230635055342e-13
4.59140000000000e+01 1.56998278809398e-11 6.93419561871861e-13
4.59580000000000e+01 1.53424705716121e-11 6.77960657973911e-13
4.60020000000000e+01 1.49932473799001e-11 6.62846086818043e-13
4.60460000000000e+01 1.46519731581444e-11 6.48068186058663e-13
4.60900000000000e+01 1.43184669729911e-11 6.33619463680244e-13
4.61340000000000e+01 1.39925520094660e-11 6.19492594215290e-13
4.61780000000000e+01 1.36740554772332e-11 6.05680415046180e-13
4.62220000000000e+01 1.33628085189864e-11 5.92175922789043e-13
4.62660000000000e+01 1.30586461209257e-11 5.78972269757827e-13
4.63100000000000e+01 1.27614070252728e-11 5.66062760506745e-13
4.63540000000000e+01 1.24709336447764e-11 5.53440848449446e-13
4.63980000000000e+01 1.21870719791647e-11 5.41100132553192e-13
4.64420000000000e+01 1.19096715334983e-11 5.29034354106329e-13
4.64860000000000e+01 1.16385852383833e-11 5.17237393557438e-13
4.65300000000000e+01 1.13736693719986e-11 5.05703267424627e-13
4.65740000000000e+01 1.11147834838994e-11 4.94426125273406e-13
4.66180000000000e+01 1.08617903205547e-11 4.83400246761570e-13
4.66620000000000e+01 1.06145557525791e-11 4.72620038749613e-13
4.67060000000000e+01 1.03729487036218e-11 4.62080032475287e-13
4.67500000000000e+01 1.01368410808739e-11 4.51774880790850e-13
4.67940000000000e+01 9.90610770715699e-12 4.41699355461594e-13
4.68380000000000e+01 9.68062625455852e-12 4.31848344524282e-13
4.68820000000000e+01 9.46027717957686e-12 4.22216849704212e-13
4.69260000000000e+01 9.24494365974303e-12 4.12799983889623e-13
4.69700000000000e+01 9.03451153168491e-12 4.03592968662094e-13
4.70140000000000e+01 8.82886923060129e-12 3.94591131881763e-13
4.70580000000000e+01 8.62790773111349e-12 3.85789905326156e-13
4.71020000000000e+01 8.43152048946342e-12 3.77184822381339e-13
4.71460000000000e+01 8.23960338702727e-12 3.68771515784359e-13
4.71900000000000e+01 8.05205467511494e-12 3.60545715415803e-13
4.72340000000000e+01 7.86877492102590e-12 3.52503246141291e-13
4.72780000000000e+01 7.68966695533303e-12 3.44640025700892e-13
4.73220000000000e+01 7.51463582036623e-12 3.36952062645420e-13
4.73660000000000e+01 7.34358871986878e-12 3.29435454318489e-13
4.74100000000000e+01 7.17643496979946e-12 3.22086384883356e-13
4.74540000000000e+01 7.01308595025470e-12 3.14901123393585e-13
4.74980000000000e+01 6.85345505848488e-12 3.07876021906531e-13
4.75420000000000e+01 6.69745766298018e-12 3.01007513638681e-13
4.75860000000000e+01 6.54501105860150e-12 2.94292111161953e-13
4.76300000000000e+01 6.39603442273267e-12 2.87726404640042e-13
4.76740000000000e+01 6.25044877243071e-12 2.81307060103897e-13
4.77180000000000e+01 6.10817692255149e-12 2.75030817765505e-13
4.77620000000000e+01 5.96914344482841e-12 2.68894490369100e-13
4.78060000000000e+01 5.83327462788265e-12 2.62894961578966e-13
4.78500000000000e+01 5.70049843814361e-12 2.57029184403051e-13
4.78940000000000e+01 5.57074448165882e-12 2.51294179651567e-13
4.79380000000000e+01 5.44394396677324e-12 2.45687034429820e-13
4.79820000000000e+01 5.32002966765796e-12 2.40204900664515e-13
4.80260000000000e+01 5.19893588866907e-12 2.34844993662753e-13
4.80700000000000e+01 5.08059842951782e-12 2.29604590703045e-13
4.81140000000000e+01 4.96495455123355e-12 2.24481029657621e-13
4.81580000000000e+01 4.85194294290136e-12 2.19471707645321e-13
4.82020000000000e+01 4.74150368915693e-12 2.14574079714401e-13
4.82460000000000e+01 4.63357823842113e-12 2.09785657554585e-13
4.82900000000000e+01 4.52810937185782e-12 2.05104008237729e-13
4.83340000000000e+01 4.42504117303804e-12 2.00526752986452e-13
4.83780000000000e+01 4.32431899829488e-12 1.96051565970112e-13
4.84220000000000e+01 4.22588944775301e-12 1.91676173127529e-13
4.84660000000000e+01 4.12970033701766e-12 1.87398351015841e-13
4.85100000000000e+01 4.03570066950805e-12 1.83215925684943e-13
4.85540000000000e+01 3.94384060942047e-12 1.79126771576918e-13
4.85980000000000e+01 3.85407145530694e-12 1.75128810449919e-13
4.86420000000000e+01 3.76634561425504e-12 1.71220010325954e-13
4.86860000000000e+01 3.68061657665568e-12 1.67398384462041e-13
4.87300000000000e+01 3.59683889154503e-12 1.63661990344217e-13
4.87740000000000e+01 3.51496814250780e-12 1.60008928703905e-13
4.88180000000000e+01 3.43496092412904e-12 1.56437342556124e-13
4.88620000000000e+01 3.35677481898180e-12 1.52945416259061e-13
4.89060000000000e+01 3.28036837513875e-12 1.49531374594548e-13
4.89500000000000e+01 3.20570108419560e-12 1.46193481868962e-13
4.89940000000000e+01 3.13273335979475e-12 1.42930041034096e-13
4.90380000000000e+01 3.06142651663778e-12 1.39739392827578e-13
4.90820000000000e+01 2.99174274997569e-12 1.36619914932373e-13
4.91260000000000e+01 2.92364511556595e-12 1.33570021154964e-13
4.91700000000000e+01 2.85709751008574e-12 1.30588160621808e-13
4.92140000000000e+01 2.79206465199111e-12 1.27672816993623e-13
4.92580000000000e+01 2.72851206281171e-12 1.24822507697153e-13
4.93020000000000e+01 2.66640604887136e-12 1.22035783174000e-13
4.93460000000000e+01 2.60571368342468e-12 1.19311226146145e-13
4.93900000000000e+01 2.54640278920032e-12 1.16647450897801e-13
4.94340000000000e+01 2.48844192134150e-12 1.14043102573210e-13
4.94780000000000e+01 2.43180035073494e-12 1.11496856490062e-13
4.95220000000000e+01 2.37644804771919e-12 1.09007417468162e-13
4.95660000000000e+01 2.32235566616378e-12 1.06573519173028e-13
4.96100000000000e+01 2.26949452791079e-12 1.04193923474064e-13
4.96540000000000e+01 2.21783660757060e-12 1.01867419817013e-13
4.96980000000000e+01 2.16735451766360e-12 9.95928246103518e-14
4.97420000000000e+01 2.11802149410020e-12 9.73689806253192e-14
4.97860000000000e+01 2.06981138199134e-12 9.51947564092971e-14
4.98300000000000e+01 2.02269862178188e-12 9.30690457122158e-14
4.98740000000000e+01 1.97665823569978e-12 9.09907669257138e-14
4.99180000000000e+01 1.93166581451357e-12 8.89588625347704e-14
4.99620000000000e+01 1.88769750459133e-12 8.69722985815247e-14
5.00060000000000e+01 1.84472999525421e-12 8.50300641410123e-14
5.00500000000000e+01 1.80274050641780e-12 8.31311708085636e-14
5.00940000000000e+01 1.76170677651482e-12 8.12746521985956e-14
5.01380000000000e+01 1.72160705069272e-12 7.94595634545416e-14
5.01820000000000e+01 1.68242006927987e-12 7.76849807696862e-14
5.02260000000000e+01 1.64412505651436e-12 7.59500009186502e-14
5.02700000000000e+01 1.60670170952929e-12 7.42537407992912e-14
5.03140000000000e+01 1.57013018758880e-12 7.25953369847888e-14
5.03580000000000e+01 1.53439110156912e-12 7.09739452856937e-14
5.04020000000000e+01 1.49946550367904e-12 6.93887403217153e-14
5.04460000000000e+01 1.46533487741433e-12 6.78389151030278e-14
5.04900000000000e+01 1.43198112774089e-12 6.63236806208883e-14
5.05340000000000e+01 1.39938657150127e-12 6.48422654473598e-14
5.05780000000000e+01 1.36753392803960e-12 6.33939153439369e-14
5.06220000000000e+01 1.33640631003992e-12 6.19778928788725e-14
5.06660000000000e+01 1.30598721457300e-12 6.05934770530153e-14
5.07100000000000e+01 1.27626051434702e-12 5.92399629339697e-14
5.07540000000000e+01 1.24721044915732e-12 5.79166612983937e-14
5.07980000000000e+01 1.21882161753086e-12 5.66228982822507e-14
5.08420000000000e+01 1.19107896856080e-12 5.53580150388410e-14
5.08860000000000e+01 1.16396779392693e-12 5.41213674044380e-14
5.09300000000000e+01 1.13747372009782e-12 5.29123255713643e-14
5.09740000000000e+01 1.11158270071036e-12 5.17302737683393e-14
5.10180000000000e+01 1.08628100912281e-12 5.05746099479346e-14
5.10620000000000e+01 1.06155523113736e-12 4.94447454809826e-14
5.11060000000000e+01 1.03739225788829e-12 4.83401048577881e-14
5.11500000000000e+01 1.01377927889211e-12 4.72601253959803e-14
5.11940000000000e+01 9.90703775255728e-13 4.62042569548637e-14
5.12380000000000e+01 9.68153513039410e-13 4.51719616561306e-14
5.12820000000000e+01 9.46116536770643e-13 4.41627136107812e-14
5.13260000000000e+01 9.24581163105730e-13 4.31759986521201e-14
5.13700000000000e+01 9.03535974635624e-13 4.22113140746948e-14
5.14140000000000e+01 8.82969813832765e-13 4.12681683790415e-14
5.14580000000000e+01 8.62871777135689e-13 4.03460810221101e-14
5.15020000000000e+01 8.43231209168290e-13 3.94445821732433e-14
5.15460000000000e+01 8.24037697090657e-13 3.85632124755823e-14
5.15900000000000e+01 8.05281065078502e-13 3.77015228127844e-14
5.16340000000000e+01 7.86951368928240e-13 3.68590740809336e-14
5.16780000000000e+01 7.69038890784870e-13 3.60354369655202e-14
5.17220000000000e+01 7.51534133989866e-13 3.52301917233889e-14
5.17660000000000e+01 7.34427818046324e-13 3.44429279695374e-14
5.18100000000000e+01 7.17710873698729e-13 3.36732444686574e-14
5.18540000000000e+01 7.01374438124705e-13 3.29207489313182e-14
5.18980000000000e+01 6.85409850236210e-13 3.21850578146849e-14
5.19420000000000e+01 6.69808646087691e-13 3.14657961276712e-14
5.19860000000000e+01 6.54562554388752e-13 3.07625972404283e-14
5.20300000000000e+01 6.39663492118965e-13 3.00751026980744e-14
5.20740000000000e+01 6.25103560242493e-13 2.94029620385715e-14
5.21180000000000e+01 6.10875039520260e-13 2.87458326146538e-14
5.21620000000000e+01 5.96970386417440e-13 2.81033794197190e-14
5.22060000000000e+01 5.83382229104106e-13 2.74752749175979e-14
5.22500000000000e+01 5.70103363546901e-13 2.68611988761111e-14
5.22940000000000e+01 5.57126749689678e-13 2.62608382043294e-14
5.23380000000000e+01 5.44445507721075e-13 2.56738867934606e-14
5.23820000000000e+01 5.32052914427044e-13 2.51000453612753e-14
5.24260000000000e+01 5.19942399626403e-13 2.45390212999965e-14
5.24700000000000e+01 5.08107542687526e-13 2.39905285275751e-14
5.25140000000000e+01 4.96542069124317e-13 2.34542873422770e-14
5.25580000000000e+01 4.85239847269660e-13 2.29300242805085e-14
5.26020000000000e+01 4.74194885024602e-13 2.24174719778042e-14
5.26460000000000e+01 4.63401326681513e-13 2.19163690329116e-14
5.26900000000000e+01 4.52853449819572e-13 2.14264598749018e-14
5.27340000000000e+01 4.42545662270908e-13 2.09474946332384e-14
5.27780000000000e+01 4.32472499155802e-13 2.04792290107393e-14
5.28220000000000e+01 4.22628619985369e-13 2.00214241593679e-14
5.28660000000000e+01 4.13008805830194e-13 1.95738465587889e-14
5.29100000000000e+01 4.03607956553411e-13 1.91362678976273e-14
5.29540000000000e+01 3.94421088106763e-13 1.87084649573748e-14
5.29980000000000e+01 3.85443329888211e-13 1.82902194988788e-14
5.30420000000000e+01 3.76669922159684e-13 1.78813181513589e-14
5.30860000000000e+01 3.68096213523610e-13 1.74815523038961e-14
5.31300000000000e+01 3.59717658456887e-13 1.70907179993373e-14
5.31740000000000e+01 3.51529814900978e-13 1.67086158305632e-14
5.32180000000000e+01 3.43528341906869e-13 1.63350508390663e-14
5.32620000000000e+01 3.35708997333626e-13 1.59698324157877e-14
5.33060000000000e+01 3.28067635599342e-13 1.56127742041615e-14
5.33500000000000e+01 3.20600205483269e-13 1.52636940053198e-14
5.33940000000000e+01 3.13302747977985e-13 1.49224136854081e-14
5.34380000000000e+01 3.06171394190449e-13 1.45887590849652e-14
5.34820000000000e+01 2.99202363290827e-13 1.42625599303218e-14
5.35260000000000e+01 2.92391960508009e-13 1.39436497469715e-14
5.35700000000000e+01 2.85736575170756e-13 1.36318657748740e-14
5.36140000000000e+01 2.79232678793426e-13 1.33270488856412e-14
5.36580000000000e+01 2.72876823205281e-13 1.30290435015709e-14
5.37020000000000e+01 2.66665638722365e-13 1.27376975164829e-14
5.37460000000000e+01 2.60595832361005e-13 1.24528622183176e-14
5.37900000000000e+01 2.54664186091965e-13 1.21743922134617e-14
5.38340000000000e+01 2.48867555134345e-13 1.19021453527562e-14
5.38780000000000e+01 2.43202866288314e-13 1.16359826591556e-14
5.39220000000000e+01 2.37667116305787e-13 1.13757682569969e-14
5.39660000000000e+01 2.32257370298200e-13 1.11213693028448e-14
5.40100000000000e+01 2.26970760180515e-13 1.08726559178781e-14
5.40540000000000e+01 2.21804483150647e-13 1.06295011217821e-14
5.40980000000000e+01 2.16755800203506e-13 1.03917807681137e-14
5.41420000000000e+01 2.11822034678857e-13 1.01593734811071e-14
5.41860000000000e+01 2.07000570842234e-13 9.93216059388709e-15
5.42300000000000e+01 2.02288852498157e-13 9.71002608805851e-15
5.42740000000000e+01 1.97684381634913e-13 9.49285653464318e-15
5.43180000000000e+01 1.93184717100187e-13 9.28054103633181e-15
5.43620000000000e+01 1.88787473306835e-13 9.07297117102247e-15
5.44060000000000e+01 1.84490318968117e-13 8.87004093661804e-15
5.44500000000000e+01 1.80290975861719e-13 8.67164669705345e-15
5.44940000000000e+01 1.76187217621908e-13 8.47768712952533e-15
5.45380000000000e+01 1.72176868559181e-13 8.28806317289805e-15
5.45820000000000e+01 1.68257802506777e-13 8.10267797725908e-15
5.46260000000000e+01 1.64427941693448e-13 7.92143685459903e-15
5.46700000000000e+01 1.60685255641889e-13 7.74424723059034e-15
5.47140000000000e+01 1.57027760092238e-13 7.57101859744114e-15
5.47580000000000e+01 1.53453515950081e-13 7.40166246779945e-15
5.48020000000000e+01 1.49960628258403e-13 7.23609232968456e-15
5.48460000000000e+01 1.46547245192938e-13 7.07422360242367e-15
5.48900000000000e+01 1.43211557080387e-13 6.91597359356971e-15
5.49340000000000e+01 1.39951795438987e-13 6.76126145678014e-15
5.49780000000000e+01 1.36766232040908e-13 6.61000815063407e-15
5.50220000000000e+01 1.33653177996005e-13 6.46213639836752e-15
5.50660000000000e+01 1.30610982856418e-13 6.31757064850610e-15
5.51100000000000e+01 1.27638033741550e-13 6.17623703637552e-15
5.51540000000000e+01 1.24732754482970e-13 6.03806334646977e-15
5.51980000000000e+01 1.21893604788776e-13 5.90297897565785e-15
5.52420000000000e+01 1.19119079426975e-13 5.77091489721154e-15
5.52860000000000e+01 1.16407707427458e-13 5.64180362563423e-15
5.53300000000000e+01 1.13758051302133e-13 5.51557918227431e-15
5.53740000000000e+01 1.11168706282812e-13 5.39217706170503e-15
5.54180000000000e+01 1.08638299576450e-13 5.27153419885364e-15
5.54620000000000e+01 1.06165489637322e-13 5.15358893686370e-15
5.55060000000000e+01 1.03748965455786e-13 5.03828099567361e-15
5.55500000000000e+01 1.01387445863216e-13 4.92555144129598e-15
5.55940000000000e+01 9.90796788527714e-14 4.81534265578159e-15
5.56380000000000e+01 9.68244409156175e-14 4.70759830785306e-15
5.56820000000000e+01 9.46205363922582e-14 4.60226332419353e-15
5.57260000000000e+01 9.24667968386333e-14 4.49928386137551e-15
5.57700000000000e+01 9.03620804066447e-14 4.39860727841523e-15
5.58140000000000e+01 8.83052712387826e-14 4.30018210993932e-15
5.58580000000000e+01 8.62952788765315e-14 4.20395803994973e-15
5.59020000000000e+01 8.43310376822416e-14 4.10988587617367e-15
5.59460000000000e+01 8.24115062741599e-14 4.01791752498535e-15
5.59900000000000e+01 8.05356669743206e-14 3.92800596688728e-15
5.60340000000000e+01 7.87025252690032e-14 3.84010523253806e-15
5.60780000000000e+01 7.69111092814705e-14 3.75417037931470e-15
5.61220000000000e+01 7.51604692567092e-14 3.67015746839788e-15
5.61660000000000e+01 7.34496770578982e-14 3.58802354236800e-15
5.62100000000000e+01 7.17778256743383e-14 3.50772660330094e-15
5.62540000000000e+01 7.01440287405823e-14 3.42922559135254e-15
5.62980000000000e+01 6.85474200665105e-14 3.35248036382040e-15
5.63420000000000e+01 6.69871531781031e-14 3.27745167467264e-15
5.63860000000000e+01 6.54624008686645e-14 3.20410115453349e-15
5.64300000000000e+01 6.39723547602636e-14 3.13239129111508e-15
5.64740000000000e+01 6.25162248751557e-14 3.06228541008576e-15
5.65180000000000e+01 6.10932392169603e-14 2.99374765636518e-15
5.65620000000000e+01 5.97026433613718e-14 2.92674297583642e-15
5.66060000000000e+01 5.83437000561859e-14 2.86123709746608e-15
5.66500000000000e+01 5.70156888304314e-14 2.79719651582345e-15
5.66940000000000e+01 5.57179056123971e-14 2.73458847398931e-15
5.67380000000000e+01 5.44496623563550e-14 2.67338094684604e-15
5.67820000000000e+01 5.32102866777788e-14 2.61354262474058e-15
5.68260000000000e+01 5.19991214968653e-14 2.55504289751171e-15
5.68700000000000e+01 5.08155246901714e-14 2.49785183887371e-15
5.69140000000000e+01 4.96588687501784e-14 2.44194019114845e-15
5.69580000000000e+01 4.85285404526073e-14 2.38727935033792e-15
5.70020000000000e+01 4.74239405313050e-14 2.33384135152989e-15
5.70460000000000e+01 4.63444833605318e-14 2.28159885462924e-15
5.70900000000000e+01 4.52895966444800e-14 2.23052513040748e-15
5.71340000000000e+01 4.42587211138599e-14 2.18059404686354e-15
5.71780000000000e+01 4.32513102293917e-14 2.13178005588887e-15
5.72220000000000e+01 4.22668298920475e-14 2.08405818023007e-15
5.72660000000000e+01 4.13047581598872e-14 2.03740400074256e-15
5.73100000000000e+01 4.03645849713410e-14 1.99179364392832e-15
5.73540000000000e+01 3.94458118747900e-14 1.94720376975188e-15
5.73980000000000e+01 3.85479517643020e-14 1.90361155972823e-15
5.74420000000000e+01 3.76705286213828e-14 1.86099470527642e-15
5.74860000000000e+01 3.68130772626049e-14 1.81933139633303e-15
5.75300000000000e+01 3.59751430929820e-14 1.77860031021979e-15
5.75740000000000e+01 3.51562818649557e-14 1.73878060075959e-15
5.76180000000000e+01 3.43560594428692e-14 1.69985188763537e-15
5.76620000000000e+01 3.35740515728012e-14 1.66179424598638e-15
5.77060000000000e+01 3.28098436576398e-14 1.62458819623674e-15
5.77500000000000e+01 3.20630305372748e-14 1.58821469415090e-15
5.77940000000000e+01 3.13332162737947e-14 1.55265512111106e-15
5.78380000000000e+01 3.06200139415716e-14 1.51789127461158e-15
5.78820000000000e+01 2.99230454221255e-14 1.48390535896547e-15
5.79260000000000e+01 2.92419412036567e-14 1.45067997621837e-15
5.79700000000000e+01 2.85763401851421e-14 1.41819811726530e-15
5.80140000000000e+01 2.79258894848899e-14 1.38644315316554e-15
5.80580000000000e+01 2.72902442534528e-14 1.35539882665153e-15
5.81020000000000e+01 2.66690674907986e-14 1.32504924382724e-15
5.81460000000000e+01 2.60620298676434e-14 1.29537886605174e-15
5.81900000000000e+01 2.54688095508509e-14 1.26637250200402e-15
5.82340000000000e+01 2.48890920328059e-14 1.23801529992490e-15
5.82780000000000e+01 2.43225699646722e-14 1.21029274003208e-15
5.83220000000000e+01 2.37689429934452e-14 1.18319062710460e-15
5.83660000000000e+01 2.32279176027138e-14 1.15669508323265e-15
5.84100000000000e+01 2.26992069570469e-14 1.13079254072937e-15
5.84540000000000e+01 2.21825307499217e-14 1.10546973520081e-15
5.84980000000000e+01 2.16776150551136e-14 1.08071369877064e-15
5.85420000000000e+01 2.11841921814691e-14 1.05651175345602e-15
5.85860000000000e+01 2.07020005309835e-14 1.03285150469146e-15
5.86300000000000e+01 2.02307844601096e-14 1.00972083499712e-15
5.86740000000000e+01 1.97702941442234e-14 9.87107897788571e-16
5.87180000000000e+01 1.93202854451743e-14 9.65001111324695e-16
5.87620000000000e+01 1.88805197818505e-14 9.43389152790733e-16
5.88060000000000e+01 1.84507640036906e-14 9.22260952513393e-16
5.88500000000000e+01 1.80307902670738e-14 9.01605688305146e-16
5.88940000000000e+01 1.76203759145243e-14 8.81412779934820e-16
5.89380000000000e+01 1.72193033566652e-14 8.61671883721566e-16
5.89820000000000e+01 1.68273599568585e-14 8.42372887249543e-16
5.90260000000000e+01 1.64443379184723e-14 8.23505904200681e-16
5.90700000000000e+01 1.60700341747125e-14 8.05061269302791e-16
5.91140000000000e+01 1.57042502809635e-14 7.87029533390412e-16
5.91580000000000e+01 1.53467923095785e-14 7.69401458576006e-16
5.92020000000000e+01 1.49974707470651e-14 7.52168013528991e-16
5.92460000000000e+01 1.46561003936105e-14 7.35320368860098e-16
5.92900000000000e+01 1.43225002648948e-14 7.18849892608895e-16
5.93340000000000e+01 1.39964934961377e-14 7.02748145832037e-16
5.93780000000000e+01 1.36779072483308e-14 6.87006878290010e-16
5.94220000000000e+01 1.33665726166033e-14 6.71618024230227e-16
5.94660000000000e+01 1.30623245406737e-14 6.56573698264300e-16
5.95100000000000e+01 1.27650017173396e-14 6.41866191337335e-16
5.95540000000000e+01 1.24744465149599e-14 6.27487966787270e-16
5.95980000000000e+01 1.21905048898833e-14 6.13431656492238e-16
5.96420000000000e+01 1.19130263047783e-14 5.99690057103921e-16
5.96860000000000e+01 1.16418636488237e-14 5.86256126365065e-16
5.97300000000000e+01 1.13768731597143e-14 5.73122979509235e-16
5.97740000000000e+01 1.11179143474427e-14 5.60283885740971e-16
5.98180000000000e+01 1.08648499198153e-14 5.47732264794524e-16
5.98620000000000e+01 1.06175457096649e-14 5.35461683569494e-16
5.99060000000000e+01 1.03758706037183e-14 5.23465852841631e-16
5.99500000000000e+01 1.01396964730847e-14 5.11738624047033e-16
5.99940000000000e+01 9.90889810532557e-15 5.00273986138230e-16
6.00380000000000e+01 9.68335313807021e-15 4.89066062510472e-16
6.00820000000000e+01 9.46294199414349e-15 4.78109107996656e-16
6.01260000000000e+01 9.24754781816935e-15 4.67397505929420e-16
6.01700000000000e+01 9.03705641461759e-15 4.56925765268806e-16
6.02140000000000e+01 8.83135618726090e-15 4.46688517794122e-16
6.02580000000000e+01 8.63033808000984e-15 4.36680515358540e-16
6.03020000000000e+01 8.43389551909458e-15 4.26896627204994e-16
6.03460000000000e+01 8.24192435656270e-15 4.17331837342038e-16
6.03900000000000e+01 8.05432281506305e-15 4.07981241978355e-16
6.04340000000000e+01 7.87099143388646e-15 3.98840047014561e-16
6.04780000000000e+01 7.69183301623465e-15 3.89903565591027e-16
6.05220000000000e+01 7.51675257768943e-15 3.81167215690506e-16
6.05660000000000e+01 7.34565729585477e-15 3.72626517794290e-16
6.06100000000000e+01 7.17845646114519e-15 3.64277092590772e-16
6.06540000000000e+01 7.01506142869422e-15 3.56114658735190e-16
6.06980000000000e+01 6.85538557135759e-15 3.48135030659377e-16
6.07420000000000e+01 6.69934423378608e-15 3.40334116430495e-16
6.07860000000000e+01 6.54685468754384e-15 3.32707915657614e-16
6.08300000000000e+01 6.39783608724821e-15 3.25252517445032e-16
6.08740000000000e+01 6.25220942770793e-15 3.17964098391324e-16
6.09180000000000e+01 6.10989750203699e-15 3.10838920633124e-16
6.09620000000000e+01 5.97082486072182e-15 3.03873329932622e-16
6.10060000000000e+01 5.83491777162023e-15 2.97063753807759e-16
6.10500000000000e+01 5.70210418087087e-15 2.90406699704210e-16
6.10940000000000e+01 5.57231367469239e-15 2.83898753208247e-16
6.11380000000000e+01 5.44547744205220e-15 2.77536576299511e-16
6.11820000000000e+01 5.32152823818488e-15 2.71316905642822e-16
6.12260000000000e+01 5.20040034894109e-15 2.65236550918161e-16
6.12700000000000e+01 5.08202955594784e-15 2.59292393187993e-16
6.13140000000000e+01 4.96635310256187e-15 2.53481383301053e-16
6.13580000000000e+01 4.85330966059794e-15 2.47800540331808e-16
6.14020000000000e+01 4.74283929781448e-15 2.42246950054787e-16
6.14460000000000e+01 4.63488344613930e-15 2.36817763453024e-16
6.14900000000000e+01 4.52938487061857e-15 2.31510195259820e-16
6.15340000000000e+01 4.42628763907255e-15 2.26321522533101e-16
6.15780000000000e+01 4.32553709244206e-15 2.21249083261621e-16
6.16220000000000e+01 4.22707981580982e-15 2.16290275002348e-16
6.16660000000000e+01 4.13086361008153e-15 2.11442553548273e-16
6.17100000000000e+01 4.03683746431145e-15 2.06703431625997e-16
6.17540000000000e+01 3.94495152865792e-15 2.02070477622448e-16
6.17980000000000e+01 3.85515708795448e-15 1.97541314340042e-16
6.18420000000000e+01 3.76740653588253e-15 1.93113617779659e-16
6.18860000000000e+01 3.68165334973194e-15 1.88785115950835e-16
6.19300000000000e+01 3.59785206573603e-15 1.84553587708548e-16
6.19740000000000e+01 3.51595825496812e-15 1.80416861615985e-16
6.20180000000000e+01 3.43592849978658e-15 1.76372814832760e-16
6.20620000000000e+01 3.35772037081615e-15 1.72419372027953e-16
6.21060000000000e+01 3.28129240445314e-15 1.68554504317468e-16
6.21500000000000e+01 3.20660408088264e-15 1.64776228225130e-16
6.21940000000000e+01 3.13361580259618e-15 1.61082604667014e-16
6.22380000000000e+01 3.06228887339832e-15 1.57471737958469e-16
6.22820000000000e+01 2.99258547789101e-15 1.53941774843350e-16
6.23260000000000e+01 2.92446866142510e-15 1.50490903544946e-16
6.23700000000000e+01 2.85790231050805e-15 1.47117352838120e-16
6.24140000000000e+01 2.79285113365760e-15 1.43819391142205e-16
6.24580000000000e+01 2.72928064269137e-15 1.40595325634159e-16
6.25020000000000e+01 2.66715713444218e-15 1.37443501381568e-16
6.25460000000000e+01 2.60644767288970e-15 1.34362300495012e-16
6.25900000000000e+01 2.54712007169873e-15 1.31350141299395e-16
6.26340000000000e+01 2.48914287715496e-15 1.28405477523799e-16
6.26780000000000e+01 2.43248535148921e-15 1.25526797509445e-16
6.27220000000000e+01 2.37711745658110e-15 1.22712623435363e-16
6.27660000000000e+01 2.32300983803382e-15 1.19961510561387e-16
6.28100000000000e+01 2.27013380961128e-15 1.17272046488057e-16
6.28540000000000e+01 2.21846133802951e-15 1.14642850433080e-16
6.28980000000000e+01 2.16796502809427e-15 1.12072572523963e-16
6.29420000000000e+01 2.11861810817695e-15 1.09559893106469e-16
6.29860000000000e+01 2.07039441602105e-15 1.07103522068532e-16
6.30300000000000e+01 2.02326838487171e-15 1.04702198179286e-16
6.30740000000000e+01 1.97721502992102e-15 1.02354688442875e-16
6.31180000000000e+01 1.93220993506182e-15 1.00059787466716e-16
6.31620000000000e+01 1.88822923994297e-15 9.78163168438883e-17
6.32060000000000e+01 1.84524962731937e-15 9.56231245493228e-17
6.32500000000000e+01 1.80324831068982e-15 9.34790843495121e-17
6.32940000000000e+01 1.76220302221629e-15 9.13830952253997e-17
6.33380000000000e+01 1.72209200091822e-15 8.93340808081908e-17
6.33820000000000e+01 1.68289398113547e-15 8.73309888277762e-17
6.34260000000000e+01 1.64458818125389e-15 8.53727905734817e-17
6.34700000000000e+01 1.60715429268760e-15 8.34584803668881e-17
6.35140000000000e+01 1.57057246911190e-15 8.15870750464396e-17
6.35580000000000e+01 1.53482331594141e-15 7.97576134635717e-17
6.36020000000000e+01 1.49988788004761e-15 7.79691559901114e-17
6.36460000000000e+01 1.46574763971047e-15 7.62207840366954e-17
6.36900000000000e+01 1.43238449479877e-15 7.45115995819579e-17
6.37340000000000e+01 1.39978075717401e-15 7.28407247122491e-17
6.37780000000000e+01 1.36791914131262e-15 7.12073011716442e-17
6.38220000000000e+01 1.33678275514174e-15 6.96104899220232e-17
6.38660000000000e+01 1.30635509108351e-15 6.80494707129837e-17
6.39100000000000e+01 1.27662001730331e-15 6.65234416613760e-17
6.39540000000000e+01 1.24756176915708e-15 6.50316188402450e-17
6.39980000000000e+01 1.21916494083342e-15 6.35732358769620e-17
6.40420000000000e+01 1.19141447718586e-15 6.21475435603487e-17
6.40860000000000e+01 1.16429566575110e-15 6.07538094565855e-17
6.41300000000000e+01 1.13779412894891e-15 5.93913175337137e-17
6.41740000000000e+01 1.11189581645953e-15 5.80593677945372e-17
6.42180000000000e+01 1.08658699777464e-15 5.67572759177350e-17
6.42620000000000e+01 1.06185425491784e-15 5.54843729070001e-17
6.43060000000000e+01 1.03768447533087e-15 5.42400047480279e-17
6.43500000000000e+01 1.01406484492170e-15 5.30235320731802e-17
6.43940000000000e+01 9.90982841270881e-16 5.18343298336476e-17
6.44380000000000e+01 9.68426226992552e-16 5.06717869789466e-17
6.44820000000000e+01 9.46383043246531e-16 4.95353061435856e-17
6.45260000000000e+01 9.24841603398101e-16 4.84243033407414e-17
6.45700000000000e+01 9.03790486822108e-16 4.73382076627902e-17
6.46140000000000e+01 8.83218532848086e-16 4.62764609885352e-17
6.46580000000000e+01 8.63114834843207e-16 4.52385176969838e-17
6.47020000000000e+01 8.43468734429911e-16 4.42238443875327e-17
6.47460000000000e+01 8.24269815835149e-16 4.32319196064094e-17
6.47900000000000e+01 8.05507900368259e-16 4.22622335792331e-17
6.48340000000000e+01 7.87173041024528e-16 4.13142879495615e-17
6.48780000000000e+01 7.69255517211584e-16 4.03875955232859e-17
6.49220000000000e+01 7.51745829595838e-16 3.94816800187460e-17
6.49660000000000e+01 7.34634695066214e-16 3.85960758224357e-17
6.50100000000000e+01 7.17913041812526e-16 3.77303277501722e-17
6.50540000000000e+01 7.01572004515877e-16 3.68839908136125e-17
6.50980000000000e+01 6.85602919648531e-16 3.60566299919922e-17
6.51420000000000e+01 6.69997320880771e-16 3.52478200089718e-17
6.51860000000000e+01 6.54746934592307e-16 3.44571451144759e-17
6.52300000000000e+01 6.39843675485846e-16 3.36841988714147e-17
6.52740000000000e+01 6.25279642300516e-16 3.29285839471774e-17
6.53180000000000e+01 6.11047113622848e-16 3.21899119097906e-17
6.53620000000000e+01 5.97138543793122e-16 3.14678030286398e-17
6.54060000000000e+01 5.83546558904876e-16 3.07618860796474e-17
6.54500000000000e+01 5.70263952895490e-16 3.00717981548142e-17
6.54940000000000e+01 5.57283683725741e-16 2.93971844760185e-17
6.55380000000000e+01 5.44598869646329e-16 2.87376982129846e-17
6.55820000000000e+01 5.32202785549382e-16 2.80930003053258e-17
6.56260000000000e+01 5.20088859402998e-16 2.74627592885668e-17
6.56700000000000e+01 5.08250668766958e-16 2.68466511240608e-17
6.57140000000000e+01 4.96681937387738e-16 2.62443590327143e-17
6.57580000000000e+01 4.85376531871029e-16 2.56555733324312e-17
6.58020000000000e+01 4.74328458429992e-16 2.50799912791955e-17
6.58460000000000e+01 4.63531859707538e-16 2.45173169117113e-17
6.58900000000000e+01 4.52981011670926e-16 2.39672608995191e-17
6.59340000000000e+01 4.42670320577057e-16 2.34295403945103e-17
6.59780000000000e+01 4.32594320006840e-16 2.31675471365017e-17
