SPECIES: e / A
PROCESS: E + A -> E + A, Elastic
PARAM.:  m/M = 0.0000195921, complete set
COMMENT: [e + A(gnd) -> e + A(gnd), Elastic]
UPDATED: 2018-06-05 11:00:00
COLUMNS: Energy (eV) | Cross section (m2)
-----------------------------
0.00000000e+00 1.224999140097600e-17
6.33333333e-02 6.699742765343441e-18
1.26666667e-01 4.737433541579860e-18
1.90000000e-01 3.868098289072284e-18
2.53333333e-01 3.349871382671721e-18
3.16666667e-01 2.996216051014071e-18
3.80000000e-01 2.735158530499094e-18
4.43333333e-01 2.532264743600416e-18
5.06666667e-01 2.368716770789930e-18
5.70000000e-01 2.233247588447814e-18
6.33333333e-01 2.118644687572028e-18
6.96666667e-01 2.020048449503845e-18
7.60000000e-01 1.934049144536142e-18
8.23333333e-01 1.858174313297283e-18
8.86666667e-01 1.790581571959468e-18
9.50000000e-01 1.729866143603251e-18
1.01333333e+00 1.674935691335860e-18
1.07666667e+00 1.624926299175221e-18
1.14000000e+00 1.579144513859953e-18
1.20333333e+00 1.537026403255252e-18
1.26666667e+00 1.498108025507036e-18
1.33000000e+00 1.462003731377099e-18
1.39333333e+00 1.428389956969540e-18
1.45666667e+00 1.396992937048713e-18
1.52000000e+00 1.367579265249547e-18
1.58333333e+00 1.339948553068688e-18
1.64666667e+00 1.313927657559165e-18
1.71000000e+00 1.289366096357428e-18
1.77333333e+00 1.266132371800208e-18
1.83666667e+00 1.244110998509707e-18
1.90000000e+00 1.223200080686881e-18
1.96333333e+00 1.203309322871209e-18
2.02666667e+00 1.184358385394965e-18
2.09000000e+00 1.166275516097131e-18
2.15333333e+00 1.148996405075160e-18
2.21666667e+00 1.132463220743321e-18
2.28000000e+00 1.116623794223907e-18
2.34333333e+00 1.101430925828856e-18
2.40666667e+00 1.086841792604558e-18
2.47000000e+00 1.072817439983434e-18
2.53333333e+00 1.059322343786014e-18
2.59666667e+00 1.046324031349658e-18
2.66000000e+00 1.033792752576782e-18
2.72333333e+00 1.021701193311086e-18
2.78666667e+00 1.010024224751923e-18
2.85000000e+00 9.987386836713572e-19
2.91333333e+00 9.878231790568568e-19
2.97666667e+00 9.772579215049015e-19
3.04000000e+00 9.670245722680709e-19
3.10333333e+00 9.571061093347772e-19
3.16666667e+00 9.474867083159718e-19
3.23000000e+00 9.381516362421163e-19
3.29333333e+00 9.290871566486414e-19
3.35666667e+00 9.202804445587243e-19
3.42000000e+00 9.117195101663646e-19
3.48333333e+00 9.033931301867299e-19
3.54666667e+00 8.952907859797341e-19
3.61000000e+00 8.874026076709822e-19
3.67333333e+00 8.797193235949804e-19
3.73666667e+00 8.722322144717160e-19
3.80000000e+00 8.649330718016257e-19
3.86333333e+00 8.578141600275665e-19
3.92666667e+00 8.508681820672245e-19
3.99000000e+00 8.440882478668054e-19
4.05333333e+00 8.374678456679301e-19
4.11666667e+00 8.310008157153432e-19
4.18000000e+00 8.246813261641219e-19
4.24333333e+00 8.185038509721840e-19
4.30666667e+00 8.124631495876106e-19
4.37000000e+00 8.065542482610806e-19
4.43333333e+00 8.007724228319605e-19
4.49666667e+00 7.951131828526561e-19
4.56000000e+00 7.895722569299766e-19
4.62333333e+00 7.841455791747726e-19
4.68666667e+00 7.788292766621611e-19
4.75000000e+00 7.736196578144566e-19
4.81333333e+00 7.685132016276262e-19
4.87666667e+00 7.635065476698273e-19
4.94000000e+00 7.585964867874783e-19
5.00333333e+00 7.537799524604567e-19
5.06666667e+00 7.490540127535178e-19
5.13000000e+00 7.444158628159379e-19
5.19333333e+00 7.398628178857887e-19
5.25666667e+00 7.353923067592043e-19
5.32000000e+00 7.310018656885495e-19
5.38333333e+00 7.266891326765911e-19
5.44666667e+00 7.224518421366565e-19
5.51000000e+00 7.182878198913533e-19
5.57333333e+00 7.141949784847701e-19
5.63666667e+00 7.101713127851994e-19
5.70000000e+00 7.062148958573428e-19
5.76333333e+00 7.023238750846902e-19
5.82666667e+00 6.984964685243566e-19
5.89000000e+00 6.947309614780787e-19
5.95333333e+00 6.910257032643866e-19
6.01666667e+00 6.873791041781497e-19
6.08000000e+00 6.837896326247735e-19
6.14333333e+00 6.802558124173170e-19
6.20666667e+00 6.767762202256941e-19
6.27000000e+00 6.733494831679483e-19
6.33333333e+00 6.699742765343441e-19
6.39666667e+00 6.666493216357040e-19
6.46000000e+00 6.633733837680557e-19
6.52333333e+00 6.601452702862298e-19
6.58666667e+00 6.569638287795825e-19
6.65000000e+00 6.538279453435071e-19
6.71333333e+00 6.507365429408445e-19
6.77666667e+00 6.476885798477203e-19
6.84000000e+00 6.446830481787139e-19
6.90333333e+00 6.417189724866191e-19
6.96666667e+00 6.387954084323782e-19
7.03000000e+00 6.359114415210686e-19
7.09333333e+00 6.330661859001041e-19
7.15666667e+00 6.302587832160605e-19
7.22000000e+00 6.274884015267770e-19
7.28333333e+00 6.247542342656015e-19
7.34666667e+00 6.220554992548535e-19
7.41000000e+00 6.193914377657610e-19
7.47333333e+00 6.167613136223095e-19
7.53666667e+00 6.141644123465964e-19
7.60000000e+00 6.116000403434405e-19
7.66333333e+00 6.090675241221310e-19
7.72666667e+00 6.065662095533346e-19
7.79000000e+00 6.040954611592993e-19
7.85333333e+00 6.016546614356043e-19
7.91666667e+00 5.992432102028143e-19
7.98000000e+00 5.968605239864894e-19
8.04333333e+00 5.945060354241018e-19
8.10666667e+00 5.921791926974825e-19
8.17000000e+00 5.898794589895174e-19
8.23333333e+00 5.876063119638717e-19
8.29666667e+00 5.853592432666005e-19
8.36000000e+00 5.831377580485655e-19
8.42333333e+00 5.809413745076394e-19
8.48666667e+00 5.787696234497346e-19
8.55000000e+00 5.766220478677504e-19
8.61333333e+00 5.744982025375799e-19
8.67666667e+00 5.723976536303636e-19
8.74000000e+00 5.703199783402281e-19
8.80333333e+00 5.682647645267781e-19
8.86666667e+00 5.662316103716605e-19
8.93000000e+00 5.642201240485491e-19
8.99333333e+00 5.622299234059325e-19
9.05666667e+00 5.602606356621264e-19
9.12000000e+00 5.583118971119534e-19
9.18333333e+00 5.563833528445688e-19
9.24666667e+00 5.544746564719345e-19
9.31000000e+00 5.525854698674690e-19
9.37333333e+00 5.507154629144278e-19
9.43666667e+00 5.488643132635854e-19
9.50000000e+00 5.470317060998187e-19
9.56333333e+00 5.452173339172064e-19
9.62666667e+00 5.434208963022789e-19
9.69000000e+00 5.416420997250738e-19
9.75333333e+00 5.398806573376650e-19
9.81666667e+00 5.381362887798531e-19
9.88000000e+00 5.364087199917171e-19
9.94333333e+00 5.346976830327438e-19
1.00066667e+01 5.330029159072624e-19
1.00700000e+01 5.313241623959280e-19
1.01333333e+01 5.296611718930071e-19
1.01966667e+01 5.280136992492295e-19
1.02600000e+01 5.263815046199843e-19
1.03233333e+01 5.247643533186465e-19
1.03866667e+01 5.231620156748288e-19
1.04500000e+01 5.215742668973671e-19
1.05133333e+01 5.200008869418511e-19
1.05766667e+01 5.184416603825258e-19
1.06400000e+01 5.168963762883911e-19
1.07033333e+01 5.153648281033416e-19
1.07666667e+01 5.138468135301882e-19
1.08300000e+01 5.123421344184174e-19
1.08933333e+01 5.108505966555431e-19
1.09566667e+01 5.093720100619181e-19
1.10200000e+01 5.079061882888774e-19
1.10833333e+01 5.064529487200833e-19
1.11466667e+01 5.050121123759614e-19
1.12100000e+01 5.035835038211086e-19
1.12733333e+01 5.021669510745672e-19
1.13366667e+01 5.007622855228585e-19
1.14000000e+01 4.993693418356786e-19
1.14633333e+01 4.979879578841583e-19
1.15266667e+01 4.966179746615982e-19
1.15900000e+01 4.952592362065883e-19
1.16533333e+01 4.939115895284284e-19
1.17166667e+01 4.925748845347701e-19
1.17800000e+01 4.912489739613996e-19
1.18433333e+01 4.899337133040903e-19
1.19066667e+01 4.886289607524507e-19
1.19700000e+01 4.873345771256997e-19
1.20333333e+01 4.860504258103039e-19
1.20966667e+01 4.847763726994138e-19
1.21600000e+01 4.835122861340355e-19
1.22233333e+01 4.822580368458824e-19
1.22866667e+01 4.810134979018490e-19
1.23500000e+01 4.797785446500520e-19
1.24133333e+01 4.785530546673886e-19
1.24766667e+01 4.773369077085601e-19
1.25400000e+01 4.761299856565133e-19
1.26033333e+01 4.749321724742539e-19
1.26666667e+01 4.737433541579859e-19
1.27300000e+01 4.725634186915357e-19
1.27933333e+01 4.713922560020180e-19
1.28566667e+01 4.702297579167048e-19
1.29200000e+01 4.690758181210582e-19
1.29833333e+01 4.679303321178911e-19
1.30466667e+01 4.667931971876193e-19
1.31100000e+01 4.656643123495710e-19
1.31733333e+01 4.645435783243207e-19
1.32366667e+01 4.634308974970151e-19
1.33000000e+01 4.623261738816612e-19
1.33633333e+01 4.612293130863466e-19
1.34266667e+01 4.601402222793622e-19
1.34900000e+01 4.590588101562011e-19
1.35533333e+01 4.579849869074077e-19
1.36166667e+01 4.569186641872483e-19
1.36800000e+01 4.558597550831823e-19
1.37433333e+01 4.548081740861064e-19
1.38066667e+01 4.537638370613519e-19
1.38700000e+01 4.527266612204099e-19
1.39333333e+01 4.516965650933649e-19
1.39966667e+01 4.506734685020154e-19
1.40600000e+01 4.496572925336602e-19
1.41233333e+01 4.486479595155336e-19
1.41866667e+01 4.476453929898670e-19
1.42500000e+01 4.466495176895627e-19
1.43133333e+01 4.456602595144586e-19
1.43766667e+01 4.446775455081703e-19
1.44400000e+01 4.437013038354911e-19
1.45033333e+01 4.427314637603365e-19
1.45666667e+01 4.417679556242157e-19
1.46300000e+01 4.408107108252167e-19
1.46933333e+01 4.398596617974902e-19
1.47566667e+01 4.389147419912186e-19
1.48200000e+01 4.379758858530550e-19
1.48833333e+01 4.370430288070227e-19
1.49466667e+01 4.361161072358580e-19
1.50100000e+01 4.351950584627879e-19
1.50733333e+01 4.342798207337293e-19
1.51366667e+01 4.333703331998972e-19
1.52000000e+01 4.324665359008128e-19
1.52633333e+01 4.315683697477005e-19
1.53266667e+01 4.306757765072599e-19
1.53900000e+01 4.297886987858092e-19
1.54533333e+01 4.289070800137833e-19
1.55166667e+01 4.280308644305815e-19
1.55800000e+01 4.271599970697551e-19
1.56433333e+01 4.262944237445233e-19
1.57066667e+01 4.254340910336122e-19
1.57700000e+01 4.245789462674065e-19
1.58333333e+01 4.237289375144057e-19
1.58966667e+01 4.228840135679778e-19
1.59600000e+01 4.220441239334027e-19
1.60233333e+01 4.212092188151966e-19
1.60866667e+01 4.203792491047122e-19
1.61500000e+01 4.195541663680055e-19
1.62133333e+01 4.187339228339651e-19
1.62766667e+01 4.179184713826937e-19
1.63400000e+01 4.171077655341397e-19
1.64033333e+01 4.163017594369687e-19
1.64666667e+01 4.155004078576716e-19
1.65300000e+01 4.147036661699023e-19
1.65933333e+01 4.139114903440391e-19
1.66566667e+01 4.131238369369650e-19
1.67200000e+01 4.123406630820609e-19
1.67833333e+01 4.115619264794068e-19
1.68466667e+01 4.107875853861855e-19
1.69100000e+01 4.100175986072848e-19
1.69733333e+01 4.092519254860920e-19
1.70366667e+01 4.084905258954772e-19
1.71000000e+01 4.077333602289604e-19
1.71633333e+01 4.069803893920582e-19
1.72266667e+01 4.062315747938053e-19
1.72900000e+01 4.054868783384470e-19
1.73533333e+01 4.047462624172988e-19
1.74166667e+01 4.040096899007690e-19
1.74800000e+01 4.032771241305403e-19
1.75433333e+01 4.025485289119064e-19
1.76066667e+01 4.018238685062615e-19
1.76700000e+01 4.011031076237362e-19
1.77333333e+01 4.003862114159802e-19
1.77966667e+01 3.996731454690848e-19
1.78600000e+01 3.989638757966441e-19
1.79233333e+01 3.982583688329516e-19
1.79866667e+01 3.975565914263280e-19
1.80500000e+01 3.968585108325785e-19
1.81133333e+01 3.961640947085753e-19
1.81766667e+01 3.954733111059635e-19
1.82400000e+01 3.947861284649883e-19
1.83033333e+01 3.941025156084377e-19
1.83666667e+01 3.934224417357021e-19
1.84300000e+01 3.927458764169456e-19
1.84933333e+01 3.920727895873863e-19
1.85566667e+01 3.914031515416856e-19
1.86200000e+01 3.907369329284420e-19
1.86833333e+01 3.900741047447865e-19
1.87466667e+01 3.894146383310805e-19
1.88100000e+01 3.887585053657104e-19
1.88733333e+01 3.881056778599787e-19
1.89366667e+01 3.874561281530902e-19
1.90000000e+01 3.868098289072283e-19
1.90633333e+01 3.861667531027232e-19
1.91266667e+01 3.855268740333069e-19
1.91900000e+01 3.848901653014551e-19
1.92533333e+01 3.842566008138131e-19
1.93166667e+01 3.836261547767043e-19
1.93800000e+01 3.829988016917199e-19
1.94433333e+01 3.823745163513867e-19
1.95066667e+01 3.817532738349137e-19
1.95700000e+01 3.811350495040130e-19
1.96333333e+01 3.805198189987963e-19
1.96966667e+01 3.799075582337428e-19
1.97600000e+01 3.792982433937392e-19
1.98233333e+01 3.786918509301886e-19
1.98866667e+01 3.780883575571883e-19
1.99500000e+01 3.774877402477738e-19
2.00133333e+01 3.768899762302283e-19
2.00766667e+01 3.762950429844570e-19
2.01400000e+01 3.757029182384231e-19
2.02033333e+01 3.751135799646458e-19
2.02666667e+01 3.745270063767589e-19
2.03300000e+01 3.739431759261278e-19
2.03933333e+01 3.733620672985244e-19
2.04566667e+01 3.727836594108594e-19
2.05200000e+01 3.722079314079689e-19
2.05833333e+01 3.716348626594566e-19
2.06466667e+01 3.710644327565883e-19
2.07100000e+01 3.704966215092396e-19
2.07733333e+01 3.699314089428944e-19
2.08366667e+01 3.693687752956929e-19
2.09000000e+01 3.688087010155305e-19
2.09633333e+01 3.682511667572033e-19
2.10266667e+01 3.676961533796022e-19
2.10900000e+01 3.671436419429519e-19
2.11533333e+01 3.665936137060971e-19
2.12166667e+01 3.660460501238321e-19
2.12800000e+01 3.655009328442747e-19
2.13433333e+01 3.649582437062826e-19
2.14066667e+01 3.644179647369122e-19
2.14700000e+01 3.638800781489185e-19
2.15333333e+01 3.633445663382955e-19
2.15966667e+01 3.628114118818564e-19
2.16600000e+01 3.622805975348526e-19
2.17233333e+01 3.617521062286310e-19
2.17866667e+01 3.612259210683283e-19
2.18500000e+01 3.607020253306035e-19
2.19133333e+01 3.601804024614047e-19
2.19766667e+01 3.596610360737722e-19
2.20400000e+01 3.591439099456767e-19
2.21033333e+01 3.586290080178906e-19
2.21666667e+01 3.581163143918936e-19
2.22300000e+01 3.576058133278114e-19
2.22933333e+01 3.570974892423850e-19
2.23566667e+01 3.565913267069736e-19
2.24200000e+01 3.560873104455875e-19
2.24833333e+01 3.555854253329518e-19
2.25466667e+01 3.550856563925997e-19
2.26100000e+01 3.545879887949957e-19
2.26733333e+01 3.540924078556874e-19
2.27366667e+01 3.535988990334854e-19
2.28000000e+01 3.531074479286714e-19
2.28633333e+01 3.526180402812337e-19
2.29266667e+01 3.521306619691291e-19
2.29900000e+01 3.516452990065712e-19
2.30533333e+01 3.511619375423451e-19
2.31166667e+01 3.506805638581470e-19
2.31800000e+01 3.502011643669487e-19
2.32433333e+01 3.497237256113873e-19
2.33066667e+01 3.492482342621783e-19
2.33700000e+01 3.487746771165526e-19
2.34333333e+01 3.483030410967165e-19
2.34966667e+01 3.478333132483355e-19
2.35600000e+01 3.473654807390394e-19
2.36233333e+01 3.468995308569493e-19
2.36866667e+01 3.464354510092281e-19
2.37500000e+01 3.459732287206503e-19
2.38133333e+01 3.455128516321933e-19
2.38766667e+01 3.450543074996501e-19
2.39400000e+01 3.445975841922608e-19
2.40033333e+01 3.441426696913653e-19
2.40666667e+01 3.436895520890748e-19
2.41300000e+01 3.432382195869623e-19
2.41933333e+01 3.427886604947726e-19
2.42566667e+01 3.423408632291504e-19
2.43200000e+01 3.418948163123868e-19
2.43833333e+01 3.414505083711835e-19
2.44466667e+01 3.410079281354353e-19
2.45100000e+01 3.405670644370286e-19
2.45733333e+01 3.401279062086585e-19
2.46366667e+01 3.396904424826613e-19
2.47000000e+01 3.392546623898646e-19
2.47633333e+01 3.388205551584522e-19
2.48266667e+01 3.383881101128470e-19
2.48900000e+01 3.379573166726073e-19
2.49533333e+01 3.375281643513400e-19
2.50166667e+01 3.371006427556282e-19
2.50800000e+01 3.366747415839742e-19
2.51433333e+01 3.362504506257570e-19
2.52066667e+01 3.358277597602039e-19
2.52700000e+01 3.354066589553768e-19
2.53333333e+01 3.349871382671721e-19
2.53966667e+01 3.345691878383340e-19
2.54600000e+01 3.341527978974826e-19
2.55233333e+01 3.337379587581535e-19
2.55866667e+01 3.333246608178520e-19
2.56500000e+01 3.329128945571190e-19
2.57133333e+01 3.325026505386106e-19
2.57766667e+01 3.320939194061893e-19
2.58400000e+01 3.316866918840278e-19
2.59033333e+01 3.312809587757252e-19
2.59666667e+01 3.308767109634341e-19
2.60300000e+01 3.304739394070006e-19
2.60933333e+01 3.300726351431149e-19
2.61566667e+01 3.296727892844734e-19
2.62200000e+01 3.292743930189523e-19
2.62833333e+01 3.288774376087918e-19
2.63466667e+01 3.284819143897912e-19
2.64100000e+01 3.280878147705147e-19
2.64733333e+01 3.276951302315072e-19
2.65366667e+01 3.273038523245213e-19
2.66000000e+01 3.269139726717536e-19
2.66633333e+01 3.265254829650914e-19
2.67266667e+01 3.261383749653690e-19
2.67900000e+01 3.257526405016338e-19
2.68533333e+01 3.253682714704223e-19
2.69166667e+01 3.249852598350443e-19
2.69800000e+01 3.246035976248778e-19
2.70433333e+01 3.242232769346721e-19
2.71066667e+01 3.238442899238602e-19
2.71700000e+01 3.234666288158794e-19
2.72333333e+01 3.230902858975022e-19
2.72966667e+01 3.227152535181732e-19
2.73600000e+01 3.223415240893569e-19
2.74233333e+01 3.219690900838928e-19
2.74866667e+01 3.215979440353577e-19
2.75500000e+01 3.212280785374383e-19
2.76133333e+01 3.208594862433096e-19
2.76766667e+01 3.204921598650220e-19
2.77400000e+01 3.201260921728966e-19
2.78033333e+01 3.197612759949269e-19
2.78666667e+01 3.193977042161891e-19
2.79300000e+01 3.190353697782591e-19
2.79933333e+01 3.186742656786370e-19
2.80566667e+01 3.183143849701786e-19
2.81200000e+01 3.179557207605343e-19
2.81833333e+01 3.175982662115943e-19
2.82466667e+01 3.172420145389415e-19
2.83100000e+01 3.168869590113101e-19
2.83733333e+01 3.165330929500520e-19
2.84366667e+01 3.161804097286088e-19
2.85000000e+01 3.158289027719906e-19
2.85633333e+01 3.154785655562614e-19
2.86266667e+01 3.151293916080303e-19
2.86900000e+01 3.147813745039492e-19
2.87533333e+01 3.144345078702168e-19
2.88166667e+01 3.140887853820876e-19
2.88800000e+01 3.137442007633885e-19
2.89433333e+01 3.134007477860392e-19
2.90066667e+01 3.130584202695802e-19
2.90700000e+01 3.127172120807055e-19
2.91333333e+01 3.123771171328008e-19
2.91966667e+01 3.120381293854876e-19
2.92600000e+01 3.117002428441729e-19
2.93233333e+01 3.113634515596036e-19
2.93866667e+01 3.110277496274267e-19
2.94500000e+01 3.106931311877544e-19
2.95133333e+01 3.103595904247345e-19
2.95766667e+01 3.100271215661264e-19
2.96400000e+01 3.096957188828805e-19
2.97033333e+01 3.093653766887246e-19
2.97666667e+01 3.090360893397534e-19
2.98300000e+01 3.087078512340238e-19
2.98933333e+01 3.083806568111547e-19
2.99566667e+01 3.080545005519311e-19
3.00200000e+01 3.077293769779134e-19
3.00833333e+01 3.074052806510505e-19
3.01466667e+01 3.070822061732982e-19
3.02100000e+01 3.067601481862415e-19
3.02733333e+01 3.064391013707209e-19
3.03366667e+01 3.061190604464639e-19
3.04000000e+01 3.058000201717203e-19
3.04633333e+01 3.054819753429010e-19
3.05266667e+01 3.051649207942223e-19
3.05900000e+01 3.048488513973527e-19
3.06533333e+01 3.045337620610655e-19
3.07166667e+01 3.042196477308933e-19
3.07800000e+01 3.039065033887882e-19
3.08433333e+01 3.035943240527848e-19
3.09066667e+01 3.032831047766673e-19
3.09700000e+01 3.029728406496404e-19
3.10333333e+01 3.026635267960040e-19
3.10966667e+01 3.023551583748310e-19
3.11600000e+01 3.020477305796496e-19
3.12233333e+01 3.017412386381280e-19
3.12866667e+01 3.014356778117640e-19
3.13500000e+01 3.011310433955766e-19
3.14133333e+01 3.008273307178021e-19
3.14766667e+01 3.005245351395935e-19
3.15400000e+01 3.002226520547219e-19
3.16033333e+01 2.999216768892834e-19
3.16666667e+01 2.996216051014071e-19
3.17300000e+01 2.993224321809678e-19
3.17933333e+01 2.990241536493011e-19
3.18566667e+01 2.987267650589216e-19
3.19200000e+01 2.984302619932447e-19
3.19833333e+01 2.981346400663111e-19
3.20466667e+01 2.978398949225138e-19
3.21100000e+01 2.975460222363295e-19
3.21733333e+01 2.972530177120509e-19
3.22366667e+01 2.969608770835237e-19
3.23000000e+01 2.966695961138856e-19
3.23633333e+01 2.963791705953081e-19
3.24266667e+01 2.960895963487412e-19
3.24900000e+01 2.958008692236607e-19
3.25533333e+01 2.955129850978188e-19
3.26166667e+01 2.952259398769964e-19
3.26800000e+01 2.949397294947587e-19
3.27433333e+01 2.946543499122134e-19
3.28066667e+01 2.943697971177714e-19
3.28700000e+01 2.940860671269093e-19
3.29333333e+01 2.938031559819359e-19
3.29966667e+01 2.935210597517597e-19
3.30600000e+01 2.932397745316602e-19
3.31233333e+01 2.929592964430598e-19
3.31866667e+01 2.926796216333002e-19
3.32500000e+01 2.924007462754198e-19
3.33133333e+01 2.921226665679334e-19
3.33766667e+01 2.918453787346152e-19
3.34400000e+01 2.915688790242827e-19
3.35033333e+01 2.912931637105844e-19
3.35666667e+01 2.910182290917879e-19
3.36300000e+01 2.907440714905719e-19
3.36933333e+01 2.904706872538197e-19
3.37566667e+01 2.901980727524139e-19
3.38200000e+01 2.899262243810350e-19
3.38833333e+01 2.896551385579606e-19
3.39466667e+01 2.893848117248673e-19
3.40100000e+01 2.891152403466347e-19
3.40733333e+01 2.888464209111509e-19
3.41366667e+01 2.885783499291208e-19
3.42000000e+01 2.883110239338752e-19
3.42633333e+01 2.880444394811834e-19
3.43266667e+01 2.877785931490660e-19
3.43900000e+01 2.875134815376107e-19
3.44533333e+01 2.872491012687899e-19
3.45166667e+01 2.869854489862795e-19
3.45800000e+01 2.867225213552805e-19
3.46433333e+01 2.864603150623410e-19
3.47066667e+01 2.861988268151818e-19
3.47700000e+01 2.859380533425222e-19
3.48333333e+01 2.856779913939080e-19
3.48966667e+01 2.854186377395418e-19
3.49600000e+01 2.851599891701141e-19
3.50233333e+01 2.849020424966369e-19
3.50866667e+01 2.846447945502780e-19
3.51500000e+01 2.843882421821983e-19
3.52133333e+01 2.841323822633891e-19
3.52766667e+01 2.838772116845123e-19
3.53400000e+01 2.836227273557415e-19
3.54033333e+01 2.833689262066050e-19
3.54666667e+01 2.831158051858303e-19
3.55300000e+01 2.828633612611895e-19
3.55933333e+01 2.826115914193474e-19
3.56566667e+01 2.823604926657098e-19
3.57200000e+01 2.821100620242745e-19
3.57833333e+01 2.818602965374830e-19
3.58466667e+01 2.816111932660732e-19
3.59100000e+01 2.813627492889351e-19
3.59733333e+01 2.811149617029662e-19
3.60366667e+01 2.808678276229292e-19
3.61000000e+01 2.806213441813112e-19
3.61633333e+01 2.803755085281834e-19
3.62266667e+01 2.801303178310632e-19
3.62900000e+01 2.798857692747769e-19
3.63533333e+01 2.796418600613240e-19
3.64166667e+01 2.793985874097427e-19
3.64800000e+01 2.791559485559767e-19
3.65433333e+01 2.789139407527435e-19
3.66066667e+01 2.786725612694034e-19
3.66700000e+01 2.784318073918307e-19
3.67333333e+01 2.781916764222844e-19
3.67966667e+01 2.779521656792827e-19
3.68600000e+01 2.777132724974760e-19
3.69233333e+01 2.774749942275230e-19
3.69866667e+01 2.772373282359672e-19
3.70500000e+01 2.770002719051144e-19
3.71133333e+01 2.767638226329118e-19
3.71766667e+01 2.765279778328281e-19
3.72400000e+01 2.762927349337345e-19
3.73033333e+01 2.760580913797871e-19
3.73666667e+01 2.758240446303102e-19
3.74300000e+01 2.755905921596807e-19
3.74933333e+01 2.753577314572139e-19
3.75566667e+01 2.751254600270497e-19
3.76200000e+01 2.748937753880407e-19
3.76833333e+01 2.746626750736402e-19
3.77466667e+01 2.744321566317927e-19
3.78100000e+01 2.742022176248242e-19
3.78733333e+01 2.739728556293341e-19
3.79366667e+01 2.737440682360875e-19
3.80000000e+01 2.735158530499094e-19
3.80633333e+01 2.732882076895794e-19
3.81266667e+01 2.730611297877268e-19
3.81900000e+01 2.728346169907280e-19
3.82533333e+01 2.726086669586032e-19
3.83166667e+01 2.723832773649155e-19
3.83800000e+01 2.721584458966701e-19
3.84433333e+01 2.719341702542144e-19
3.85066667e+01 2.717104481511394e-19
3.85700000e+01 2.714872773141820e-19
3.86333333e+01 2.712646554831277e-19
3.86966667e+01 2.710425804107142e-19
3.87600000e+01 2.708210498625369e-19
3.88233333e+01 2.706000616169537e-19
3.88866667e+01 2.703796134649920e-19
3.89500000e+01 2.701597032102554e-19
3.90133333e+01 2.699403286688325e-19
3.90766667e+01 2.697214876692050e-19
3.91400000e+01 2.695031780521581e-19
3.92033333e+01 2.692853976706906e-19
3.92666667e+01 2.690681443899265e-19
3.93300000e+01 2.688514160870268e-19
3.93933333e+01 2.686352106511027e-19
3.94566667e+01 2.684195259831290e-19
3.95200000e+01 2.682043599958585e-19
3.95833333e+01 2.679897106137376e-19
3.96466667e+01 2.677755757728215e-19
3.97100000e+01 2.675619534206915e-19
3.97733333e+01 2.673488415163719e-19
3.98366667e+01 2.671362380302484e-19
3.99000000e+01 2.669241409439869e-19
3.99633333e+01 2.667125482504527e-19
4.00266667e+01 2.665014579536312e-19
4.00900000e+01 2.662908680685484e-19
4.01533333e+01 2.660807766211930e-19
4.02166667e+01 2.658711816484379e-19
4.02800000e+01 2.656620811979640e-19
4.03433333e+01 2.654534733281832e-19
4.04066667e+01 2.652453561081633e-19
4.04700000e+01 2.650377276175520e-19
4.05333333e+01 2.648305859465035e-19
4.05966667e+01 2.646239291956041e-19
4.06600000e+01 2.644177554757990e-19
4.07233333e+01 2.642120629083204e-19
4.07866667e+01 2.640068496246147e-19
4.08500000e+01 2.638021137662721e-19
4.09133333e+01 2.635978534849550e-19
4.09766667e+01 2.633940669423289e-19
4.10400000e+01 2.631907523099922e-19
4.11033333e+01 2.629879077694074e-19
4.11666667e+01 2.627855315118330e-19
4.12300000e+01 2.625836217382558e-19
4.12933333e+01 2.623821766593232e-19
4.13566667e+01 2.621811944952775e-19
4.14200000e+01 2.619806734758890e-19
4.14833333e+01 2.617806118403909e-19
4.15466667e+01 2.615810078374144e-19
4.16100000e+01 2.613818597249242e-19
4.16733333e+01 2.611831657701545e-19
4.17366667e+01 2.609849242495463e-19
4.18000000e+01 2.607871334486836e-19
4.18633333e+01 2.605897916622320e-19
4.19266667e+01 2.603928971938766e-19
4.19900000e+01 2.601964483562608e-19
4.20533333e+01 2.600004434709255e-19
4.21166667e+01 2.598048808682490e-19
4.21800000e+01 2.596097588873870e-19
4.22433333e+01 2.594150758762137e-19
4.23066667e+01 2.592208301912629e-19
4.23700000e+01 2.590270201976697e-19
4.24333333e+01 2.588336442691126e-19
4.24966667e+01 2.586407007877565e-19
4.25600000e+01 2.584481881441956e-19
4.26233333e+01 2.582561047373970e-19
4.26866667e+01 2.580644489746451e-19
4.27500000e+01 2.578732192714856e-19
4.28133333e+01 2.576824140516708e-19
4.28766667e+01 2.574920317471053e-19
4.29400000e+01 2.573020707977911e-19
4.30033333e+01 2.571125296517750e-19
4.30666667e+01 2.569234067650941e-19
4.31300000e+01 2.567347006017241e-19
4.31933333e+01 2.565464096335262e-19
4.32566667e+01 2.563585323401953e-19
4.33200000e+01 2.561710672092087e-19
4.33833333e+01 2.559840127357745e-19
4.34466667e+01 2.557973674227812e-19
4.35100000e+01 2.556111297807473e-19
4.35733333e+01 2.554252983277715e-19
4.36366667e+01 2.552398715894827e-19
4.37000000e+01 2.550548480989916e-19
4.37633333e+01 2.548702263968412e-19
4.38266667e+01 2.546860050309591e-19
4.38900000e+01 2.545021825566091e-19
4.39533333e+01 2.543187575363438e-19
4.40166667e+01 2.541357285399574e-19
4.40800000e+01 2.539530941444387e-19
4.41433333e+01 2.537708529339249e-19
4.42066667e+01 2.535890034996551e-19
4.42700000e+01 2.534075444399252e-19
4.43333333e+01 2.532264743600416e-19
4.43966667e+01 2.530457918722773e-19
4.44600000e+01 2.528654955958261e-19
4.45233333e+01 2.526855841567592e-19
4.45866667e+01 2.525060561879807e-19
4.46500000e+01 2.523269103291840e-19
4.47133333e+01 2.521481452268087e-19
4.47766667e+01 2.519697595339977e-19
4.48400000e+01 2.517917519105543e-19
4.49033333e+01 2.516141210229001e-19
4.49666667e+01 2.514368655440330e-19
4.50300000e+01 2.512599841534856e-19
4.50933333e+01 2.510834755372836e-19
4.51566667e+01 2.509073383879055e-19
4.52200000e+01 2.507315714042410e-19
4.52833333e+01 2.505561732915515e-19
4.53466667e+01 2.503811427614292e-19
4.54100000e+01 2.502064785317584e-19
4.54733333e+01 2.500321793266748e-19
4.55366667e+01 2.498582438765274e-19
4.56000000e+01 2.496846709178393e-19
4.56633333e+01 2.495114591932687e-19
4.57266667e+01 2.493386074515715e-19
4.57900000e+01 2.491661144475628e-19
4.58533333e+01 2.489939789420791e-19
4.59166667e+01 2.488221997019413e-19
4.59800000e+01 2.486507754999176e-19
4.60433333e+01 2.484797051146862e-19
4.61066667e+01 2.483089873307991e-19
4.61700000e+01 2.481386209386459e-19
4.62333333e+01 2.479686047344178e-19
4.62966667e+01 2.477989375200715e-19
4.63600000e+01 2.476296181032941e-19
4.64233333e+01 2.474606452974680e-19
4.64866667e+01 2.472920179216355e-19
4.65500000e+01 2.471237348004645e-19
4.66133333e+01 2.469557947642142e-19
4.66766667e+01 2.467881966487006e-19
4.67400000e+01 2.466209392952629e-19
4.68033333e+01 2.464540215507295e-19
4.68666667e+01 2.462874422673850e-19
4.69300000e+01 2.461212003029369e-19
4.69933333e+01 2.459552945204827e-19
4.70566667e+01 2.457897237884771e-19
4.71200000e+01 2.456244869806998e-19
4.71833333e+01 2.454595829762233e-19
4.72466667e+01 2.452950106593809e-19
4.73100000e+01 2.451307689197348e-19
4.73733333e+01 2.449668566520452e-19
4.74366667e+01 2.448032727562384e-19
4.75000000e+01 2.446400161373762e-19
4.75633333e+01 2.444770857056250e-19
4.76266667e+01 2.443144803762254e-19
4.76900000e+01 2.441521990694613e-19
4.77533333e+01 2.439902407106308e-19
4.78166667e+01 2.438286042300150e-19
4.78800000e+01 2.436672885628498e-19
4.79433333e+01 2.435062926492952e-19
4.80066667e+01 2.433456154344066e-19
4.80700000e+01 2.431852558681058e-19
4.81333333e+01 2.430252129051520e-19
4.81966667e+01 2.428654855051133e-19
4.82600000e+01 2.427060726323383e-19
4.83233333e+01 2.425469732559278e-19
4.83866667e+01 2.423881863497069e-19
4.84500000e+01 2.422297108921970e-19
4.85133333e+01 2.420715458665886e-19
4.85766667e+01 2.419136902607135e-19
4.86400000e+01 2.417561430670177e-19
4.87033333e+01 2.415989032825346e-19
4.87666667e+01 2.414419699088579e-19
4.88300000e+01 2.412853419521151e-19
4.88933333e+01 2.411290184229412e-19
4.89566667e+01 2.409729983364521e-19
4.90200000e+01 2.408172807122189e-19
4.90833333e+01 2.406618645742418e-19
4.91466667e+01 2.405067489509245e-19
4.92100000e+01 2.403519328750487e-19
4.92733333e+01 2.401974153837488e-19
4.93366667e+01 2.400431955184864e-19
4.94000000e+01 2.398892723250260e-19
4.94633333e+01 2.397356448534096e-19
4.95266667e+01 2.395823121579322e-19
4.95900000e+01 2.394292732971178e-19
4.96533333e+01 2.392765273336943e-19
4.97166667e+01 2.391240733345702e-19
4.97800000e+01 2.389719103708101e-19
4.98433333e+01 2.388200375176114e-19
4.99066667e+01 2.386684538542800e-19
4.99700000e+01 2.385171584642078e-19
5.00333333e+01 2.383661504348485e-19
5.00966667e+01 2.382154288576951e-19
5.01600000e+01 2.380649928282566e-19
5.02233333e+01 2.379148414460356e-19
5.02866667e+01 2.377649738145052e-19
5.03500000e+01 2.376153890410865e-19
5.04133333e+01 2.374660862371270e-19
5.04766667e+01 2.373170645178774e-19
5.05400000e+01 2.371683230024706e-19
5.06033333e+01 2.370198608138989e-19
5.06666667e+01 2.368716770789930e-19
5.07300000e+01 2.367237709283999e-19
5.07933333e+01 2.365761414965618e-19
5.08566667e+01 2.364287879216949e-19
5.09200000e+01 2.362817093457679e-19
5.09833333e+01 2.361349049144814e-19
5.10466667e+01 2.359883737772467e-19
5.11100000e+01 2.358421150871655e-19
5.11733333e+01 2.356961280010090e-19
5.12366667e+01 2.355504116791977e-19
5.13000000e+01 2.354049652857809e-19
5.13633333e+01 2.352597879884168e-19
5.14266667e+01 2.351148789583524e-19
5.14900000e+01 2.349702373704035e-19
5.15533333e+01 2.348258624029353e-19
5.16166667e+01 2.346817532378422e-19
5.16800000e+01 2.345379090605291e-19
5.17433333e+01 2.343943290598915e-19
5.18066667e+01 2.342510124282964e-19
5.18700000e+01 2.341079583615634e-19
5.19333333e+01 2.339651660589455e-19
5.19966667e+01 2.338226347231106e-19
5.20600000e+01 2.336803635601224e-19
5.21233333e+01 2.335383517794220e-19
5.21866667e+01 2.333965985938096e-19
5.22500000e+01 2.332551032194262e-19
5.23133333e+01 2.331138648757349e-19
5.23766667e+01 2.329728827855034e-19
5.24400000e+01 2.328321561747855e-19
5.25033333e+01 2.326916842729041e-19
5.25666667e+01 2.325514663124324e-19
5.26300000e+01 2.324115015291770e-19
5.26933333e+01 2.322717891621603e-19
5.27566667e+01 2.321323284536031e-19
5.28200000e+01 2.319931186489069e-19
5.28833333e+01 2.318541589966375e-19
5.29466667e+01 2.317154487485075e-19
5.30100000e+01 2.315769871593596e-19
5.30733333e+01 2.314387734871493e-19
5.31366667e+01 2.313008069929290e-19
5.32000000e+01 2.311630869408306e-19
5.32633333e+01 2.310256125980496e-19
5.33266667e+01 2.308883832348286e-19
5.33900000e+01 2.307513981244406e-19
5.34533333e+01 2.306146565431733e-19
5.35166667e+01 2.304781577703132e-19
5.35800000e+01 2.303419010881289e-19
5.36433333e+01 2.302058857818560e-19
5.37066667e+01 2.300701111396811e-19
5.37700000e+01 2.299345764527259e-19
5.38333333e+01 2.297992810150319e-19
5.38966667e+01 2.296642241235452e-19
5.39600000e+01 2.295294050781006e-19
5.40233333e+01 2.293948231814066e-19
5.40866667e+01 2.292604777390306e-19
5.41500000e+01 2.291263680593832e-19
5.42133333e+01 2.289924934537038e-19
5.42766667e+01 2.288588532360456e-19
5.43400000e+01 2.287254467232603e-19
5.44033333e+01 2.285922732349845e-19
5.44666667e+01 2.284593320936241e-19
5.45300000e+01 2.283266226243406e-19
5.45933333e+01 2.281941441550360e-19
5.46566667e+01 2.280618960163392e-19
5.47200000e+01 2.279298775415912e-19
5.47833333e+01 2.277980880668312e-19
5.48466667e+01 2.276665269307829e-19
5.49100000e+01 2.275351934748402e-19
5.49733333e+01 2.274040870430532e-19
5.50366667e+01 2.272732069821150e-19
5.51000000e+01 2.271425526413475e-19
5.51633333e+01 2.270121233726881e-19
5.52266667e+01 2.268819185306760e-19
5.52900000e+01 2.267519374724390e-19
5.53533333e+01 2.266221795576802e-19
5.54166667e+01 2.264926441486643e-19
5.54800000e+01 2.263633306102050e-19
5.55433333e+01 2.262342383096515e-19
5.56066667e+01 2.261053666168760e-19
5.56700000e+01 2.259767149042601e-19
5.57333333e+01 2.258482825466825e-19
5.57966667e+01 2.257200689215059e-19
5.58600000e+01 2.255920734085647e-19
5.59233333e+01 2.254642953901521e-19
5.59866667e+01 2.253367342510077e-19
5.60500000e+01 2.252093893783048e-19
5.61133333e+01 2.250822601616385e-19
5.61766667e+01 2.249553459930132e-19
5.62400000e+01 2.248286462668301e-19
5.63033333e+01 2.247021603798756e-19
5.63666667e+01 2.245758877313087e-19
5.64300000e+01 2.244498277226494e-19
5.64933333e+01 2.243239797577668e-19
5.65566667e+01 2.241983432428668e-19
5.66200000e+01 2.240729175864809e-19
5.66833333e+01 2.239477021994541e-19
5.67466667e+01 2.238226964949335e-19
5.68100000e+01 2.236978998883568e-19
5.68733333e+01 2.235733117974403e-19
5.69366667e+01 2.234489316421684e-19
5.70000000e+01 2.233247588447814e-19
5.70633333e+01 2.232007928297646e-19
5.71266667e+01 2.230770330238372e-19
5.71900000e+01 2.229534788559410e-19
5.72533333e+01 2.228301297572293e-19
5.73166667e+01 2.227069851610560e-19
5.73800000e+01 2.225840445029647e-19
5.74433333e+01 2.224613072206776e-19
5.75066667e+01 2.223387727540852e-19
5.75700000e+01 2.222164405452347e-19
5.76333333e+01 2.220943100383203e-19
5.76966667e+01 2.219723806796721e-19
5.77600000e+01 2.218506519177455e-19
5.78233333e+01 2.217291232031110e-19
5.78866667e+01 2.216077939884432e-19
5.79500000e+01 2.214866637285113e-19
5.80133333e+01 2.213657318801682e-19
5.80766667e+01 2.212449979023407e-19
5.81400000e+01 2.211244612560186e-19
5.82033333e+01 2.210041214042453e-19
5.82666667e+01 2.208839778121079e-19
5.83300000e+01 2.207640299467261e-19
5.83933333e+01 2.206442772772436e-19
5.84566667e+01 2.205247192748174e-19
5.85200000e+01 2.204053554126083e-19
5.85833333e+01 2.202861851657711e-19
5.86466667e+01 2.201672080114449e-19
5.87100000e+01 2.200484234287433e-19
5.87733333e+01 2.199298308987451e-19
5.88366667e+01 2.198114299044848e-19
5.89000000e+01 2.196932199309427e-19
5.89633333e+01 2.195752004650361e-19
5.90266667e+01 2.194573709956093e-19
5.90900000e+01 2.193397310134249e-19
5.91533333e+01 2.192222800111540e-19
5.92166667e+01 2.191050174833678e-19
5.92800000e+01 2.189879429265275e-19
5.93433333e+01 2.188710558389758e-19
5.94066667e+01 2.187543557209278e-19
5.94700000e+01 2.186378420744620e-19
5.95333333e+01 2.185215144035113e-19
5.95966667e+01 2.184053722138543e-19
5.96600000e+01 2.182894150131061e-19
5.97233333e+01 2.181736423107102e-19
5.97866667e+01 2.180580536179290e-19
5.98500000e+01 2.179426484478357e-19
5.99133333e+01 2.178274263153055e-19
5.99766667e+01 2.177123867370071e-19
6.00400000e+01 2.175975292313940e-19
6.01033333e+01 2.174828533186961e-19
6.01666667e+01 2.173683585209116e-19
6.02300000e+01 2.172540443617981e-19
6.02933333e+01 2.171399103668646e-19
6.03566667e+01 2.170259560633634e-19
6.04200000e+01 2.169121809802815e-19
6.04833333e+01 2.167985846483325e-19
6.05466667e+01 2.166851665999486e-19
6.06100000e+01 2.165719263692724e-19
6.06733333e+01 2.164588634921493e-19
6.07366667e+01 2.163459775061186e-19
6.08000000e+01 2.162332679504064e-19
6.08633333e+01 2.161207343659174e-19
6.09266667e+01 2.160083762952270e-19
6.09900000e+01 2.158961932825734e-19
6.10533333e+01 2.157841848738502e-19
6.11166667e+01 2.156723506165982e-19
6.11800000e+01 2.155606900599982e-19
6.12433333e+01 2.154492027548630e-19
6.13066667e+01 2.153378882536300e-19
6.13700000e+01 2.152267461103534e-19
6.14333333e+01 2.151157758806973e-19
6.14966667e+01 2.150049771219276e-19
6.15600000e+01 2.148943493929046e-19
6.16233333e+01 2.147838922540763e-19
6.16866667e+01 2.146736052674703e-19
6.17500000e+01 2.145634879966869e-19
6.18133333e+01 2.144535400068916e-19
6.18766667e+01 2.143437608648084e-19
6.19400000e+01 2.142341501387120e-19
6.20033333e+01 2.141247073984210e-19
6.20666667e+01 2.140154322152908e-19
6.21300000e+01 2.139063241622064e-19
6.21933333e+01 2.137973828135756e-19
6.22566667e+01 2.136886077453219e-19
6.23200000e+01 2.135799985348776e-19
6.23833333e+01 2.134715547611768e-19
6.24466667e+01 2.133632760046486e-19
6.25100000e+01 2.132551618472107e-19
6.25733333e+01 2.131472118722617e-19
6.26366667e+01 2.130394256646752e-19
6.27000000e+01 2.129318028107927e-19
6.27633333e+01 2.128243428984172e-19
6.28266667e+01 2.127170455168061e-19
6.28900000e+01 2.126099102566651e-19
6.29533333e+01 2.125029367101415e-19
6.30166667e+01 2.123961244708172e-19
6.30800000e+01 2.122894731337033e-19
6.31433333e+01 2.121829822952323e-19
6.32066667e+01 2.120766515532529e-19
6.32700000e+01 2.119704805070228e-19
6.33333333e+01 2.118644687572028e-19
6.33966667e+01 2.117586159058502e-19
6.34600000e+01 2.116529215564129e-19
6.35233333e+01 2.115473853137224e-19
6.35866667e+01 2.114420067839889e-19
6.36500000e+01 2.113367855747937e-19
6.37133333e+01 2.112317212950841e-19
6.37766667e+01 2.111268135551666e-19
6.38400000e+01 2.110220619667013e-19
6.39033333e+01 2.109174661426959e-19
6.39666667e+01 2.108130256974991e-19
6.40300000e+01 2.107087402467953e-19
6.40933333e+01 2.106046094075983e-19
6.41566667e+01 2.105006327982455e-19
6.42200000e+01 2.103968100383918e-19
6.42833333e+01 2.102931407490044e-19
6.43466667e+01 2.101896245523561e-19
6.44100000e+01 2.100862610720202e-19
6.44733333e+01 2.099830499328644e-19
6.45366667e+01 2.098799907610454e-19
6.46000000e+01 2.097770831840028e-19
6.46633333e+01 2.096743268304537e-19
6.47266667e+01 2.095717213303870e-19
6.47900000e+01 2.094692663150580e-19
6.48533333e+01 2.093669614169825e-19
6.49166667e+01 2.092648062699315e-19
6.49800000e+01 2.091628005089256e-19
6.50433333e+01 2.090609437702296e-19
6.51066667e+01 2.089592356913468e-19
6.51700000e+01 2.088576759110141e-19
6.52333333e+01 2.087562640691961e-19
6.52966667e+01 2.086549998070799e-19
6.53600000e+01 2.085538827670698e-19
6.54233333e+01 2.084529125927822e-19
6.54866667e+01 2.083520889290399e-19
6.55500000e+01 2.082514114218672e-19
6.56133333e+01 2.081508797184843e-19
6.56766667e+01 2.080504934673028e-19
6.57400000e+01 2.079502523179198e-19
6.58033333e+01 2.078501559211130e-19
6.58666667e+01 2.077502039288358e-19
6.59300000e+01 2.076503959942121e-19
6.59933333e+01 2.075507317715311e-19
6.60566667e+01 2.074512109162425e-19
6.61200000e+01 2.073518330849511e-19
6.61833333e+01 2.072525979354125e-19
6.62466667e+01 2.071535051265276e-19
6.63100000e+01 2.070545543183375e-19
6.63733333e+01 2.069557451720195e-19
6.64366667e+01 2.068570773498813e-19
6.65000000e+01 2.067585505153565e-19
6.65633333e+01 2.066601643329999e-19
6.66266667e+01 2.065619184684825e-19
6.66900000e+01 2.064638125885870e-19
6.67533333e+01 2.063658463612026e-19
6.68166667e+01 2.062680194553209e-19
6.68800000e+01 2.061703315410305e-19
6.69433333e+01 2.060727822895128e-19
6.70066667e+01 2.059753713730374e-19
6.70700000e+01 2.058780984649570e-19
6.71333333e+01 2.057809632397034e-19
6.71966667e+01 2.056839653727825e-19
6.72600000e+01 2.055871045407698e-19
6.73233333e+01 2.054903804213061e-19
6.73866667e+01 2.053937926930928e-19
6.74500000e+01 2.052973410358873e-19
6.75133333e+01 2.052010251304990e-19
6.75766667e+01 2.051048446587842e-19
6.76400000e+01 2.050087993036424e-19
6.77033333e+01 2.049128887490114e-19
6.77666667e+01 2.048171126798630e-19
6.78300000e+01 2.047214707821988e-19
6.78933333e+01 2.046259627430460e-19
6.79566667e+01 2.045305882504527e-19
6.80200000e+01 2.044353469934839e-19
6.80833333e+01 2.043402386622172e-19
6.81466667e+01 2.042452629477386e-19
6.82100000e+01 2.041504195421381e-19
6.82733333e+01 2.040557081385057e-19
6.83366667e+01 2.039611284309273e-19
6.84000000e+01 2.038666801144802e-19
6.84633333e+01 2.037723628852293e-19
6.85266667e+01 2.036781764402229e-19
6.85900000e+01 2.035841204774886e-19
6.86533333e+01 2.034901946960291e-19
6.87166667e+01 2.033963987958185e-19
6.87800000e+01 2.033027324777978e-19
6.88433333e+01 2.032091954438714e-19
6.89066667e+01 2.031157873969027e-19
6.89700000e+01 2.030225080407103e-19
6.90333333e+01 2.029293570800643e-19
6.90966667e+01 2.028363342206818e-19
6.91600000e+01 2.027434391692235e-19
6.92233333e+01 2.026506716332897e-19
6.92866667e+01 2.025580313214162e-19
6.93500000e+01 2.024655179430709e-19
6.94133333e+01 2.023731312086494e-19
6.94766667e+01 2.022808708294717e-19
6.95400000e+01 2.021887365177782e-19
6.96033333e+01 2.020967279867258e-19
6.96666667e+01 2.020048449503845e-19
6.97300000e+01 2.019130871237333e-19
6.97933333e+01 2.018214542226566e-19
6.98566667e+01 2.017299459639408e-19
6.99200000e+01 2.016385620652701e-19
6.99833333e+01 2.015473022452233e-19
7.00466667e+01 2.014561662232699e-19
7.01100000e+01 2.013651537197664e-19
7.01733333e+01 2.012742644559532e-19
7.02366667e+01 2.011834981539504e-19
7.03000000e+01 2.010928545367546e-19
7.03633333e+01 2.010023333282351e-19
7.04266667e+01 2.009119342531308e-19
7.04900000e+01 2.008216570370460e-19
7.05533333e+01 2.007315014064477e-19
7.06166667e+01 2.006414670886614e-19
7.06800000e+01 2.005515538118681e-19
7.07433333e+01 2.004617613051008e-19
7.08066667e+01 2.003720892982408e-19
7.08700000e+01 2.002825375220146e-19
7.09333333e+01 2.001931057079901e-19
7.09966667e+01 2.001037935885739e-19
7.10600000e+01 2.000146008970073e-19
7.11233333e+01 1.999255273673631e-19
7.11866667e+01 1.998365727345424e-19
7.12500000e+01 1.997477367342714e-19
7.13133333e+01 1.996590191030978e-19
7.13766667e+01 1.995704195783876e-19
7.14400000e+01 1.994819378983220e-19
7.15033333e+01 1.993935738018941e-19
7.15666667e+01 1.993053270289054e-19
7.16300000e+01 1.992171973199629e-19
7.16933333e+01 1.991291844164758e-19
7.17566667e+01 1.990412880606523e-19
7.18200000e+01 1.989535079954965e-19
7.18833333e+01 1.988658439648050e-19
7.19466667e+01 1.987782957131640e-19
7.20100000e+01 1.986908629859462e-19
7.20733333e+01 1.986035455293076e-19
7.21366667e+01 1.985163430901842e-19
7.22000000e+01 1.984292554162893e-19
7.22633333e+01 1.983422822561102e-19
7.23266667e+01 1.982554233589052e-19
7.23900000e+01 1.981686784747006e-19
7.24533333e+01 1.980820473542876e-19
7.25166667e+01 1.979955297492194e-19
7.25800000e+01 1.979091254118082e-19
7.26433333e+01 1.978228340951219e-19
7.27066667e+01 1.977366555529818e-19
7.27700000e+01 1.976505895399588e-19
7.28333333e+01 1.975646358113714e-19
7.28966667e+01 1.974787941232819e-19
7.29600000e+01 1.973930642324942e-19
7.30233333e+01 1.973074458965503e-19
7.30866667e+01 1.972219388737279e-19
7.31500000e+01 1.971365429230374e-19
7.32133333e+01 1.970512578042188e-19
7.32766667e+01 1.969660832777393e-19
7.33400000e+01 1.968810191047901e-19
7.34033333e+01 1.967960650472837e-19
7.34666667e+01 1.967112208678511e-19
7.35300000e+01 1.966264863298391e-19
7.35933333e+01 1.965418611973075e-19
7.36566667e+01 1.964573452350263e-19
7.37200000e+01 1.963729382084728e-19
7.37833333e+01 1.962886398838292e-19
7.38466667e+01 1.962044500279797e-19
7.39100000e+01 1.961203684085076e-19
7.39733333e+01 1.960363947936931e-19
7.40366667e+01 1.959525289525102e-19
7.41000000e+01 1.958687706546239e-19
7.41633333e+01 1.957851196703882e-19
7.42266667e+01 1.957015757708428e-19
7.42900000e+01 1.956181387277108e-19
7.43533333e+01 1.955348083133960e-19
7.44166667e+01 1.954515843009803e-19
7.44800000e+01 1.953684664642210e-19
7.45433333e+01 1.952854545775484e-19
7.46066667e+01 1.952025484160631e-19
7.46700000e+01 1.951197477555335e-19
7.47333333e+01 1.950370523723933e-19
7.47966667e+01 1.949544620437387e-19
7.48600000e+01 1.948719765473264e-19
7.49233333e+01 1.947895956615705e-19
7.49866667e+01 1.947073191655403e-19
7.50500000e+01 1.946251468389578e-19
7.51133333e+01 1.945430784621953e-19
7.51766667e+01 1.944611138162727e-19
7.52400000e+01 1.943792526828552e-19
7.53033333e+01 1.942974948442509e-19
7.53666667e+01 1.942158400834083e-19
7.54300000e+01 1.941342881839137e-19
7.54933333e+01 1.940528389299894e-19
7.55566667e+01 1.939714921064904e-19
7.56200000e+01 1.938902474989027e-19
7.56833333e+01 1.938091048933408e-19
7.57466667e+01 1.937280640765451e-19
7.58100000e+01 1.936471248358798e-19
7.58733333e+01 1.935662869593304e-19
7.59366667e+01 1.934855502355015e-19
7.60000000e+01 1.934049144536142e-19
7.60633333e+01 1.933243794035042e-19
7.61266667e+01 1.932439448756191e-19
7.61900000e+01 1.931636106610166e-19
7.62533333e+01 1.930833765513616e-19
7.63166667e+01 1.930032423389244e-19
7.63800000e+01 1.929232078165782e-19
7.64433333e+01 1.928432727777971e-19
7.65066667e+01 1.927634370166535e-19
7.65700000e+01 1.926837003278162e-19
7.66333333e+01 1.926040625065480e-19
7.66966667e+01 1.925245233487037e-19
7.67600000e+01 1.924450826507275e-19
7.68233333e+01 1.923657402096513e-19
7.68866667e+01 1.922864958230922e-19
7.69500000e+01 1.922073492892501e-19
7.70133333e+01 1.921283004069065e-19
7.70766667e+01 1.920493489754212e-19
7.71400000e+01 1.919704947947309e-19
7.72033333e+01 1.918917376653467e-19
7.72666667e+01 1.918130773883522e-19
7.73300000e+01 1.917345137654013e-19
7.73933333e+01 1.916560465987161e-19
7.74566667e+01 1.915776756910849e-19
7.75200000e+01 1.914994008458599e-19
7.75833333e+01 1.914212218669555e-19
7.76466667e+01 1.913431385588456e-19
7.77100000e+01 1.912651507265623e-19
7.77733333e+01 1.911872581756934e-19
7.78366667e+01 1.911094607123804e-19
7.79000000e+01 1.910317581433167e-19
7.79633333e+01 1.909541502757453e-19
7.80266667e+01 1.908766369174568e-19
7.80900000e+01 1.907992178767879e-19
7.81533333e+01 1.907218929626186e-19
7.82166667e+01 1.906446619843709e-19
7.82800000e+01 1.905675247520065e-19
7.83433333e+01 1.904904810760249e-19
7.84066667e+01 1.904135307674615e-19
7.84700000e+01 1.903366736378855e-19
7.85333333e+01 1.902599094993982e-19
7.85966667e+01 1.901832381646308e-19
7.86600000e+01 1.901066594467427e-19
7.87233333e+01 1.900301731594197e-19
7.87866667e+01 1.899537791168714e-19
7.88500000e+01 1.898774771338303e-19
7.89133333e+01 1.898012670255492e-19
7.89766667e+01 1.897251486077995e-19
7.90400000e+01 1.896491216968696e-19
7.91033333e+01 1.895731861095625e-19
7.91666667e+01 1.894973416631944e-19
7.92300000e+01 1.894215881755927e-19
7.92933333e+01 1.893459254650943e-19
7.93566667e+01 1.892703533505434e-19
7.94200000e+01 1.891948716512901e-19
7.94833333e+01 1.891194801871883e-19
7.95466667e+01 1.890441787785942e-19
7.96100000e+01 1.889689672463638e-19
7.96733333e+01 1.888938454118523e-19
7.97366667e+01 1.888188130969111e-19
7.98000000e+01 1.887438701238869e-19
7.98633333e+01 1.886690163156192e-19
7.99266667e+01 1.885942514954393e-19
7.99900000e+01 1.885195754871681e-19
8.00533333e+01 1.884449881151142e-19
8.01166667e+01 1.883704892040726e-19
8.01800000e+01 1.882960785793229e-19
8.02433333e+01 1.882217560666271e-19
8.03066667e+01 1.881475214922285e-19
8.03700000e+01 1.880733746828497e-19
8.04333333e+01 1.879993154656908e-19
8.04966667e+01 1.879253436684280e-19
8.05600000e+01 1.878514591192116e-19
8.06233333e+01 1.877776616466645e-19
8.06866667e+01 1.877039510798807e-19
8.07500000e+01 1.876303272484233e-19
8.08133333e+01 1.875567899823229e-19
8.08766667e+01 1.874833391120762e-19
8.09400000e+01 1.874099744686441e-19
8.10033333e+01 1.873366958834503e-19
8.10666667e+01 1.872635031883794e-19
8.11300000e+01 1.871903962157755e-19
8.11933333e+01 1.871173747984405e-19
8.12566667e+01 1.870444387696324e-19
8.13200000e+01 1.869715879630639e-19
8.13833333e+01 1.868988222129007e-19
8.14466667e+01 1.868261413537600e-19
8.15100000e+01 1.867535452207088e-19
8.15733333e+01 1.866810336492622e-19
8.16366667e+01 1.866086064753822e-19
8.17000000e+01 1.865362635354760e-19
8.17633333e+01 1.864640046663943e-19
8.18266667e+01 1.863918297054297e-19
8.18900000e+01 1.863197384903156e-19
8.19533333e+01 1.862477308592242e-19
8.20166667e+01 1.861758066507653e-19
8.20800000e+01 1.861039657039845e-19
8.21433333e+01 1.860322078583618e-19
8.22066667e+01 1.859605329538103e-19
8.22700000e+01 1.858889408306743e-19
8.23333333e+01 1.858174313297283e-19
8.23966667e+01 1.857460042921749e-19
8.24600000e+01 1.856746595596440e-19
8.25233333e+01 1.856033969741906e-19
8.25866667e+01 1.855322163782941e-19
8.26500000e+01 1.854611176148563e-19
8.27133333e+01 1.853901005271999e-19
8.27766667e+01 1.853191649590675e-19
8.28400000e+01 1.852483107546198e-19
8.29033333e+01 1.851775377584343e-19
8.29666667e+01 1.851068458155039e-19
8.30300000e+01 1.850362347712351e-19
8.30933333e+01 1.849657044714472e-19
8.31566667e+01 1.848952547623704e-19
8.32200000e+01 1.848248854906448e-19
8.32833333e+01 1.847545965033184e-19
8.33466667e+01 1.846843876478464e-19
8.34100000e+01 1.846142587720893e-19
8.34733333e+01 1.845442097243116e-19
8.35366667e+01 1.844742403531807e-19
8.36000000e+01 1.844043505077652e-19
8.36633333e+01 1.843345400375339e-19
8.37266667e+01 1.842648087923539e-19
8.37900000e+01 1.841951566224897e-19
8.38533333e+01 1.841255833786017e-19
8.39166667e+01 1.840560889117449e-19
8.39800000e+01 1.839866730733673e-19
8.40433333e+01 1.839173357153092e-19
8.41066667e+01 1.838480766898011e-19
8.41700000e+01 1.837788958494628e-19
8.42333333e+01 1.837097930473020e-19
8.42966667e+01 1.836407681367132e-19
8.43600000e+01 1.835718209714759e-19
8.44233333e+01 1.835029514057539e-19
8.44866667e+01 1.834341592940935e-19
8.45500000e+01 1.833654444914224e-19
8.46133333e+01 1.832968068530485e-19
8.46766667e+01 1.832282462346587e-19
8.47400000e+01 1.831597624923170e-19
8.48033333e+01 1.830913554824643e-19
8.48666667e+01 1.830230250619161e-19
8.49300000e+01 1.829547710878618e-19
8.49933333e+01 1.828865934178634e-19
8.50566667e+01 1.828184919098542e-19
8.51200000e+01 1.827504664221374e-19
8.51833333e+01 1.826825168133850e-19
8.52466667e+01 1.826146429426367e-19
8.53100000e+01 1.825468446692985e-19
8.53733333e+01 1.824791218531413e-19
8.54366667e+01 1.824114743543003e-19
8.55000000e+01 1.823439020332729e-19
8.55633333e+01 1.822764047509184e-19
8.56266667e+01 1.822089823684561e-19
8.56900000e+01 1.821416347474645e-19
8.57533333e+01 1.820743617498799e-19
8.58166667e+01 1.820071632379953e-19
8.58800000e+01 1.819400390744593e-19
8.59433333e+01 1.818729891222746e-19
8.60066667e+01 1.818060132447974e-19
8.60700000e+01 1.817391113057355e-19
8.61333333e+01 1.816722831691478e-19
8.61966667e+01 1.816055286994427e-19
8.62600000e+01 1.815388477613771e-19
8.63233333e+01 1.814722402200555e-19
8.63866667e+01 1.814057059409282e-19
8.64500000e+01 1.813392447897909e-19
8.65133333e+01 1.812728566327830e-19
8.65766667e+01 1.812065413363868e-19
8.66400000e+01 1.811402987674263e-19
8.67033333e+01 1.810741287930660e-19
8.67666667e+01 1.810080312808097e-19
8.68300000e+01 1.809420060984997e-19
8.68933333e+01 1.808760531143155e-19
8.69566667e+01 1.808101721967724e-19
8.70200000e+01 1.807443632147211e-19
8.70833333e+01 1.806786260373460e-19
8.71466667e+01 1.806129605341641e-19
8.72100000e+01 1.805473665750246e-19
8.72733333e+01 1.804818440301069e-19
8.73366667e+01 1.804163927699200e-19
8.74000000e+01 1.803510126653017e-19
8.74633333e+01 1.802857035874170e-19
8.75266667e+01 1.802204654077570e-19
8.75900000e+01 1.801552979981385e-19
8.76533333e+01 1.800902012307023e-19
8.77166667e+01 1.800251749779125e-19
8.77800000e+01 1.799602191125550e-19
8.78433333e+01 1.798953335077371e-19
8.79066667e+01 1.798305180368861e-19
8.79700000e+01 1.797657725737482e-19
8.80333333e+01 1.797010969923875e-19
8.80966667e+01 1.796364911671852e-19
8.81600000e+01 1.795719549728383e-19
8.82233333e+01 1.795074882843588e-19
8.82866667e+01 1.794430909770723e-19
8.83500000e+01 1.793787629266177e-19
8.84133333e+01 1.793145040089453e-19
8.84766667e+01 1.792503141003165e-19
8.85400000e+01 1.791861930773025e-19
8.86033333e+01 1.791221408167833e-19
8.86666667e+01 1.790581571959468e-19
8.87300000e+01 1.789942420922879e-19
8.87933333e+01 1.789303953836070e-19
8.88566667e+01 1.788666169480098e-19
8.89200000e+01 1.788029066639057e-19
8.89833333e+01 1.787392644100071e-19
8.90466667e+01 1.786756900653285e-19
8.91100000e+01 1.786121835091851e-19
8.91733333e+01 1.785487446211925e-19
8.92366667e+01 1.784853732812652e-19
8.93000000e+01 1.784220693696159e-19
8.93633333e+01 1.783588327667543e-19
8.94266667e+01 1.782956633534868e-19
8.94900000e+01 1.782325610109146e-19
8.95533333e+01 1.781695256204335e-19
8.96166667e+01 1.781065570637327e-19
8.96800000e+01 1.780436552227938e-19
8.97433333e+01 1.779808199798900e-19
8.98066667e+01 1.779180512175853e-19
8.98700000e+01 1.778553488187331e-19
8.99333333e+01 1.777927126664759e-19
8.99966667e+01 1.777301426442438e-19
9.00600000e+01 1.776676386357541e-19
9.01233333e+01 1.776052005250100e-19
9.01866667e+01 1.775428281962999e-19
9.02500000e+01 1.774805215341964e-19
9.03133333e+01 1.774182804235557e-19
9.03766667e+01 1.773561047495162e-19
9.04400000e+01 1.772939943974979e-19
9.05033333e+01 1.772319492532015e-19
9.05666667e+01 1.771699692026078e-19
9.06300000e+01 1.771080541319760e-19
9.06933333e+01 1.770462039278437e-19
9.07566667e+01 1.769844184770256e-19
9.08200000e+01 1.769226976666127e-19
9.08833333e+01 1.768610413839714e-19
9.09466667e+01 1.767994495167427e-19
9.10100000e+01 1.767379219528412e-19
9.10733333e+01 1.766764585804547e-19
9.11366667e+01 1.766150592880426e-19
9.12000000e+01 1.765537239643357e-19
9.12633333e+01 1.764924524983349e-19
9.13266667e+01 1.764312447793108e-19
9.13900000e+01 1.763701006968025e-19
9.14533333e+01 1.763090201406169e-19
9.15166667e+01 1.762480030008277e-19
9.15800000e+01 1.761870491677750e-19
9.16433333e+01 1.761261585320641e-19
9.17066667e+01 1.760653309845646e-19
9.17700000e+01 1.760045664164098e-19
9.18333333e+01 1.759438647189961e-19
9.18966667e+01 1.758832257839815e-19
9.19600000e+01 1.758226495032856e-19
9.20233333e+01 1.757621357690881e-19
9.20866667e+01 1.757016844738282e-19
9.21500000e+01 1.756412955102044e-19
9.22133333e+01 1.755809687711725e-19
9.22766667e+01 1.755207041499461e-19
9.23400000e+01 1.754605015399947e-19
9.24033333e+01 1.754003608350438e-19
9.24666667e+01 1.753402819290735e-19
9.25300000e+01 1.752802647163178e-19
9.25933333e+01 1.752203090912642e-19
9.26566667e+01 1.751604149486525e-19
9.27200000e+01 1.751005821834743e-19
9.27833333e+01 1.750408106909721e-19
9.28466667e+01 1.749811003666385e-19
9.29100000e+01 1.749214511062155e-19
9.29733333e+01 1.748618628056937e-19
9.30366667e+01 1.748023353613115e-19
9.31000000e+01 1.747428686695544e-19
9.31633333e+01 1.746834626271545e-19
9.32266667e+01 1.746241171310892e-19
9.32900000e+01 1.745648320785807e-19
9.33533333e+01 1.745056073670954e-19
9.34166667e+01 1.744464428943432e-19
9.34800000e+01 1.743873385582763e-19
9.35433333e+01 1.743282942570889e-19
9.36066667e+01 1.742693098892163e-19
9.36700000e+01 1.742103853533344e-19
9.37333333e+01 1.741515205483583e-19
9.37966667e+01 1.740927153734424e-19
9.38600000e+01 1.740339697279793e-19
9.39233333e+01 1.739752835115988e-19
9.39866667e+01 1.739166566241678e-19
9.40500000e+01 1.738580889657890e-19
9.41133333e+01 1.737995804368006e-19
9.41766667e+01 1.737411309377753e-19
9.42400000e+01 1.736827403695197e-19
9.43033333e+01 1.736244086330736e-19
9.43666667e+01 1.735661356297095e-19
9.44300000e+01 1.735079212609314e-19
9.44933333e+01 1.734497654284746e-19
9.45566667e+01 1.733916680343047e-19
9.46200000e+01 1.733336289806171e-19
9.46833333e+01 1.732756481698359e-19
9.47466667e+01 1.732177255046141e-19
9.48100000e+01 1.731598608878317e-19
9.48733333e+01 1.731020542225962e-19
9.49366667e+01 1.730443054122409e-19
9.50000000e+01 1.729866143603251e-19
9.50633333e+01 1.729289809706328e-19
9.51266667e+01 1.728714051471723e-19
9.51900000e+01 1.728138867941753e-19
9.52533333e+01 1.727564258160966e-19
9.53166667e+01 1.726990221176134e-19
9.53800000e+01 1.726416756036240e-19
9.54433333e+01 1.725843861792480e-19
9.55066667e+01 1.725271537498250e-19
9.55700000e+01 1.724699782209145e-19
9.56333333e+01 1.724128594982945e-19
9.56966667e+01 1.723557974879618e-19
9.57600000e+01 1.722987920961304e-19
9.58233333e+01 1.722418432292315e-19
9.58866667e+01 1.721849507939126e-19
9.59500000e+01 1.721281146970369e-19
9.60133333e+01 1.720713348456827e-19
9.60766667e+01 1.720146111471426e-19
9.61400000e+01 1.719579435089232e-19
9.62033333e+01 1.719013318387441e-19
9.62666667e+01 1.718447760445374e-19
9.63300000e+01 1.717882760344472e-19
9.63933333e+01 1.717318317168288e-19
9.64566667e+01 1.716754430002481e-19
9.65200000e+01 1.716191097934812e-19
9.65833333e+01 1.715628320055133e-19
9.66466667e+01 1.715066095455387e-19
9.67100000e+01 1.714504423229598e-19
9.67733333e+01 1.713943302473863e-19
9.68366667e+01 1.713382732286351e-19
9.69000000e+01 1.712822711767294e-19
9.69633333e+01 1.712263240018981e-19
9.70266667e+01 1.711704316145752e-19
9.70900000e+01 1.711145939253992e-19
9.71533333e+01 1.710588108452126e-19
9.72166667e+01 1.710030822850611e-19
9.72800000e+01 1.709474081561934e-19
9.73433333e+01 1.708917883700600e-19
9.74066667e+01 1.708362228383130e-19
9.74700000e+01 1.707807114728058e-19
9.75333333e+01 1.707252541855918e-19
9.75966667e+01 1.706698508889242e-19
9.76600000e+01 1.706145014952555e-19
9.77233333e+01 1.705592059172370e-19
9.77866667e+01 1.705039640677177e-19
9.78500000e+01 1.704487758597441e-19
9.79133333e+01 1.703936412065599e-19
9.79766667e+01 1.703385600216048e-19
9.80400000e+01 1.702835322185143e-19
9.81033333e+01 1.702285577111193e-19
9.81666667e+01 1.701736364134449e-19
9.82300000e+01 1.701187682397106e-19
9.82933333e+01 1.700639531043292e-19
9.83566667e+01 1.700091909219066e-19
9.84200000e+01 1.699544816072408e-19
9.84833333e+01 1.698998250753218e-19
9.85466667e+01 1.698452212413307e-19
9.86100000e+01 1.697906700206394e-19
9.86733333e+01 1.697361713288100e-19
9.87366667e+01 1.696817250815940e-19
9.88000000e+01 1.696273311949323e-19
9.88633333e+01 1.695729895849538e-19
9.89266667e+01 1.695187001679758e-19
9.89900000e+01 1.694644628605027e-19
9.90533333e+01 1.694102775792261e-19
9.91166667e+01 1.693561442410237e-19
9.91800000e+01 1.693020627629591e-19
9.92433333e+01 1.692480330622812e-19
9.93066667e+01 1.691940550564235e-19
9.93700000e+01 1.691401286630039e-19
9.94333333e+01 1.690862537998239e-19
9.94966667e+01 1.690324303848681e-19
9.95600000e+01 1.689786583363037e-19
9.96233333e+01 1.689249375724803e-19
9.96866667e+01 1.688712680119287e-19
9.97500000e+01 1.688176495733611e-19
9.98133333e+01 1.687640821756700e-19
9.98766667e+01 1.687105657379282e-19
9.99400000e+01 1.686571001793877e-19
1.00003333e+02 1.686036854194798e-19
1.00066667e+02 1.685503213778141e-19
1.00130000e+02 1.684970079741784e-19
1.00193333e+02 1.684437451285378e-19
1.00256667e+02 1.683905327610345e-19
1.00320000e+02 1.683373707919871e-19
1.00383333e+02 1.682842591418902e-19
1.00446667e+02 1.682311977314141e-19
1.00510000e+02 1.681781864814036e-19
1.00573333e+02 1.681252253128785e-19
1.00636667e+02 1.680723141470322e-19
1.00700000e+02 1.680194529052319e-19
1.00763333e+02 1.679666415090176e-19
1.00826667e+02 1.679138798801019e-19
1.00890000e+02 1.678611679403695e-19
1.00953333e+02 1.678085056118766e-19
1.01016667e+02 1.677558928168502e-19
1.01080000e+02 1.677033294776884e-19
1.01143333e+02 1.676508155169590e-19
1.01206667e+02 1.675983508573996e-19
1.01270000e+02 1.675459354219168e-19
1.01333333e+02 1.674935691335860e-19
1.01396667e+02 1.674412519156508e-19
1.01460000e+02 1.673889836915224e-19
1.01523333e+02 1.673367643847794e-19
1.01586667e+02 1.672845939191670e-19
1.01650000e+02 1.672324722185969e-19
1.01713333e+02 1.671803992071465e-19
1.01776667e+02 1.671283748090587e-19
1.01840000e+02 1.670763989487413e-19
1.01903333e+02 1.670244715507664e-19
1.01966667e+02 1.669725925398704e-19
1.02030000e+02 1.669207618409529e-19
1.02093333e+02 1.668689793790768e-19
1.02156667e+02 1.668172450794676e-19
1.02220000e+02 1.667655588675129e-19
1.02283333e+02 1.667139206687621e-19
1.02346667e+02 1.666623304089260e-19
1.02410000e+02 1.666107880138759e-19
1.02473333e+02 1.665592934096436e-19
1.02536667e+02 1.665078465224211e-19
1.02600000e+02 1.664564472785595e-19
1.02663333e+02 1.664050956045692e-19
1.02726667e+02 1.663537914271190e-19
1.02790000e+02 1.663025346730361e-19
1.02853333e+02 1.662513252693053e-19
1.02916667e+02 1.662001631430686e-19
1.02980000e+02 1.661490482216251e-19
1.03043333e+02 1.660979804324299e-19
1.03106667e+02 1.660469597030946e-19
1.03170000e+02 1.659959859613861e-19
1.03233333e+02 1.659450591352262e-19
1.03296667e+02 1.658941791526918e-19
1.03360000e+02 1.658433459420139e-19
1.03423333e+02 1.657925594315773e-19
1.03486667e+02 1.657418195499203e-19
1.03550000e+02 1.656911262257341e-19
1.03613333e+02 1.656404793878626e-19
1.03676667e+02 1.655898789653018e-19
1.03740000e+02 1.655393248871994e-19
1.03803333e+02 1.654888170828545e-19
1.03866667e+02 1.654383554817171e-19
1.03930000e+02 1.653879400133876e-19
1.03993333e+02 1.653375706076166e-19
1.04056667e+02 1.652872471943044e-19
1.04120000e+02 1.652369697035003e-19
1.04183333e+02 1.651867380654028e-19
1.04246667e+02 1.651365522103587e-19
1.04310000e+02 1.650864120688628e-19
1.04373333e+02 1.650363175715574e-19
1.04436667e+02 1.649862686492325e-19
1.04500000e+02 1.649362652328244e-19
1.04563333e+02 1.648863072534161e-19
1.04626667e+02 1.648363946422367e-19
1.04690000e+02 1.647865273306607e-19
1.04753333e+02 1.647367052502081e-19
1.04816667e+02 1.646869283325435e-19
1.04880000e+02 1.646371965094762e-19
1.04943333e+02 1.645875097129592e-19
1.05006667e+02 1.645378678750896e-19
1.05070000e+02 1.644882709281075e-19
1.05133333e+02 1.644387188043959e-19
1.05196667e+02 1.643892114364804e-19
1.05260000e+02 1.643397487570288e-19
1.05323333e+02 1.642903306988502e-19
1.05386667e+02 1.642409571948956e-19
1.05450000e+02 1.641916281782567e-19
1.05513333e+02 1.641423435821657e-19
1.05576667e+02 1.640931033399951e-19
1.05640000e+02 1.640439073852573e-19
1.05703333e+02 1.639947556516041e-19
1.05766667e+02 1.639456480728263e-19
1.05830000e+02 1.638965845828535e-19
1.05893333e+02 1.638475651157536e-19
1.05956667e+02 1.637985896057323e-19
1.06020000e+02 1.637496579871332e-19
1.06083333e+02 1.637007701944368e-19
1.06146667e+02 1.636519261622606e-19
1.06210000e+02 1.636031258253586e-19
1.06273333e+02 1.635543691186209e-19
1.06336667e+02 1.635056559770732e-19
1.06400000e+02 1.634569863358768e-19
1.06463333e+02 1.634083601303278e-19
1.06526667e+02 1.633597772958572e-19
1.06590000e+02 1.633112377680301e-19
1.06653333e+02 1.632627414825457e-19
1.06716667e+02 1.632142883752366e-19
1.06780000e+02 1.631658783820687e-19
1.06843333e+02 1.631175114391409e-19
1.06906667e+02 1.630691874826845e-19
1.06970000e+02 1.630209064490629e-19
1.07033333e+02 1.629726682747714e-19
1.07096667e+02 1.629244728964368e-19
1.07160000e+02 1.628763202508169e-19
1.07223333e+02 1.628282102748004e-19
1.07286667e+02 1.627801429054062e-19
1.07350000e+02 1.627321180797835e-19
1.07413333e+02 1.626841357352111e-19
1.07476667e+02 1.626361958090973e-19
1.07540000e+02 1.625882982389791e-19
1.07603333e+02 1.625404429625226e-19
1.07666667e+02 1.624926299175221e-19
1.07730000e+02 1.624448590418999e-19
1.07793333e+02 1.623971302737059e-19
1.07856667e+02 1.623494435511174e-19
1.07920000e+02 1.623017988124389e-19
1.07983333e+02 1.622541959961012e-19
1.08046667e+02 1.622066350406616e-19
1.08110000e+02 1.621591158848036e-19
1.08173333e+02 1.621116384673361e-19
1.08236667e+02 1.620642027271933e-19
1.08300000e+02 1.620168086034346e-19
1.08363333e+02 1.619694560352441e-19
1.08426667e+02 1.619221449619301e-19
1.08490000e+02 1.618748753229249e-19
1.08553333e+02 1.618276470577846e-19
1.08616667e+02 1.617804601061888e-19
1.08680000e+02 1.617333144079397e-19
1.08743333e+02 1.616862099029629e-19
1.08806667e+02 1.616391465313056e-19
1.08870000e+02 1.615921242331379e-19
1.08933333e+02 1.615451429487511e-19
1.08996667e+02 1.614982026185581e-19
1.09060000e+02 1.614513031830930e-19
1.09123333e+02 1.614044445830108e-19
1.09186667e+02 1.613576267590866e-19
1.09250000e+02 1.613108496522161e-19
1.09313333e+02 1.612641132034147e-19
1.09376667e+02 1.612174173538174e-19
1.09440000e+02 1.611707620446785e-19
1.09503333e+02 1.611241472173709e-19
1.09566667e+02 1.610775728133867e-19
1.09630000e+02 1.610310387743358e-19
1.09693333e+02 1.609845450419464e-19
1.09756667e+02 1.609380915580642e-19
1.09820000e+02 1.608916782646526e-19
1.09883333e+02 1.608453051037918e-19
1.09946667e+02 1.607989720176789e-19
1.10010000e+02 1.607526789486274e-19
1.10073333e+02 1.607064258390673e-19
1.10136667e+02 1.606602126315442e-19
1.10200000e+02 1.606140392687192e-19
1.10263333e+02 1.605679056933689e-19
1.10326667e+02 1.605218118483849e-19
1.10390000e+02 1.604757576767733e-19
1.10453333e+02 1.604297431216548e-19
1.10516667e+02 1.603837681262641e-19
1.10580000e+02 1.603378326339497e-19
1.10643333e+02 1.602919365881736e-19
1.10706667e+02 1.602460799325110e-19
1.10770000e+02 1.602002626106503e-19
1.10833333e+02 1.601544845663921e-19
1.10896667e+02 1.601087457436497e-19
1.10960000e+02 1.600630460864483e-19
1.11023333e+02 1.600173855389249e-19
1.11086667e+02 1.599717640453280e-19
1.11150000e+02 1.599261815500173e-19
1.11213333e+02 1.598806379974634e-19
1.11276667e+02 1.598351333322476e-19
1.11340000e+02 1.597896674990615e-19
1.11403333e+02 1.597442404427066e-19
1.11466667e+02 1.596988521080946e-19
1.11530000e+02 1.596535024402462e-19
1.11593333e+02 1.596081913842917e-19
1.11656667e+02 1.595629188854702e-19
1.11720000e+02 1.595176848891295e-19
1.11783333e+02 1.594724893407259e-19
1.11846667e+02 1.594273321858234e-19
1.11910000e+02 1.593822133700944e-19
1.11973333e+02 1.593371328393185e-19
1.12036667e+02 1.592920905393827e-19
1.12100000e+02 1.592470864162809e-19
1.12163333e+02 1.592021204161141e-19
1.12226667e+02 1.591571924850893e-19
1.12290000e+02 1.591123025695200e-19
1.12353333e+02 1.590674506158257e-19
1.12416667e+02 1.590226365705312e-19
1.12480000e+02 1.589778603802671e-19
1.12543333e+02 1.589331219917690e-19
1.12606667e+02 1.588884213518772e-19
1.12670000e+02 1.588437584075368e-19
1.12733333e+02 1.587991331057972e-19
1.12796667e+02 1.587545453938117e-19
1.12860000e+02 1.587099952188378e-19
1.12923333e+02 1.586654825282361e-19
1.12986667e+02 1.586210072694707e-19
1.13050000e+02 1.585765693901089e-19
1.13113333e+02 1.585321688378203e-19
1.13176667e+02 1.584878055603775e-19
1.13240000e+02 1.584434795056551e-19
1.13303333e+02 1.583991906216296e-19
1.13366667e+02 1.583549388563795e-19
1.13430000e+02 1.583107241580846e-19
1.13493333e+02 1.582665464750260e-19
1.13556667e+02 1.582224057555857e-19
1.13620000e+02 1.581783019482465e-19
1.13683333e+02 1.581342350015916e-19
1.13746667e+02 1.580902048643044e-19
1.13810000e+02 1.580462114851684e-19
1.13873333e+02 1.580022548130666e-19
1.13936667e+02 1.579583347969817e-19
1.14000000e+02 1.579144513859953e-19
1.14063333e+02 1.578706045292883e-19
1.14126667e+02 1.578267941761403e-19
1.14190000e+02 1.577830202759290e-19
1.14253333e+02 1.577392827781307e-19
1.14316667e+02 1.576955816323195e-19
1.14380000e+02 1.576519167881674e-19
1.14443333e+02 1.576082881954438e-19
1.14506667e+02 1.575646958040151e-19
1.14570000e+02 1.575211395638452e-19
1.14633333e+02 1.574776194249945e-19
1.14696667e+02 1.574341353376199e-19
1.14760000e+02 1.573906872519746e-19
1.14823333e+02 1.573472751184080e-19
1.14886667e+02 1.573038988873650e-19
1.14950000e+02 1.572605585093865e-19
1.15013333e+02 1.572172539351084e-19
1.15076667e+02 1.571739851152618e-19
1.15140000e+02 1.571307520006727e-19
1.15203333e+02 1.570875545422617e-19
1.15266667e+02 1.570443926910438e-19
1.15330000e+02 1.570012663981282e-19
1.15393333e+02 1.569581756147180e-19
1.15456667e+02 1.569151202921099e-19
1.15520000e+02 1.568721003816942e-19
1.15583333e+02 1.568291158349545e-19
1.15646667e+02 1.567861666034672e-19
1.15710000e+02 1.567432526389016e-19
1.15773333e+02 1.567003738930196e-19
1.15836667e+02 1.566575303176753e-19
1.15900000e+02 1.566147218648149e-19
1.15963333e+02 1.565719484864766e-19
1.16026667e+02 1.565292101347901e-19
1.16090000e+02 1.564865067619766e-19
1.16153333e+02 1.564438383203486e-19
1.16216667e+02 1.564012047623092e-19
1.16280000e+02 1.563586060403527e-19
1.16343333e+02 1.563160421070637e-19
1.16406667e+02 1.562735129151169e-19
1.16470000e+02 1.562310184172775e-19
1.16533333e+02 1.561885585664004e-19
1.16596667e+02 1.561461333154299e-19
1.16660000e+02 1.561037426174001e-19
1.16723333e+02 1.560613864254340e-19
1.16786667e+02 1.560190646927438e-19
1.16850000e+02 1.559767773726304e-19
1.16913333e+02 1.559345244184831e-19
1.16976667e+02 1.558923057837799e-19
1.17040000e+02 1.558501214220865e-19
1.17103333e+02 1.558079712870567e-19
1.17166667e+02 1.557658553324322e-19
1.17230000e+02 1.557237735120418e-19
1.17293333e+02 1.556817257798018e-19
1.17356667e+02 1.556397120897156e-19
1.17420000e+02 1.555977323958731e-19
1.17483333e+02 1.555557866524513e-19
1.17546667e+02 1.555138748137134e-19
1.17610000e+02 1.554719968340087e-19
1.17673333e+02 1.554301526677726e-19
1.17736667e+02 1.553883422695265e-19
1.17800000e+02 1.553465655938772e-19
1.17863333e+02 1.553048225955167e-19
1.17926667e+02 1.552631132292226e-19
1.17990000e+02 1.552214374498570e-19
1.18053333e+02 1.551797952123673e-19
1.18116667e+02 1.551381864717849e-19
1.18180000e+02 1.550966111832260e-19
1.18243333e+02 1.550550693018907e-19
1.18306667e+02 1.550135607830632e-19
1.18370000e+02 1.549720855821113e-19
1.18433333e+02 1.549306436544864e-19
1.18496667e+02 1.548892349557235e-19
1.18560000e+02 1.548478594414402e-19
1.18623333e+02 1.548065170673377e-19
1.18686667e+02 1.547652077891993e-19
1.18750000e+02 1.547239315628913e-19
1.18813333e+02 1.546826883443623e-19
1.18876667e+02 1.546414780896428e-19
1.18940000e+02 1.546003007548456e-19
1.19003333e+02 1.545591562961649e-19
1.19066667e+02 1.545180446698767e-19
1.19130000e+02 1.544769658323383e-19
1.19193333e+02 1.544359197399883e-19
1.19256667e+02 1.543949063493461e-19
1.19320000e+02 1.543539256170119e-19
1.19383333e+02 1.543129774996666e-19
1.19446667e+02 1.542720619540715e-19
1.19510000e+02 1.542311789370679e-19
1.19573333e+02 1.541903284055774e-19
1.19636667e+02 1.541495103166012e-19
1.19700000e+02 1.541087246272204e-19
1.19763333e+02 1.540679712945953e-19
1.19826667e+02 1.540272502759656e-19
1.19890000e+02 1.539865615286499e-19
1.19953333e+02 1.539459050100459e-19
1.20016667e+02 1.539052806776299e-19
1.20080000e+02 1.538646884889567e-19
1.20143333e+02 1.538241284016594e-19
1.20206667e+02 1.537836003734493e-19
1.20270000e+02 1.537431043621156e-19
1.20333333e+02 1.537026403255252e-19
1.20396667e+02 1.536622082216229e-19
1.20460000e+02 1.536218080084305e-19
1.20523333e+02 1.535814396440471e-19
1.20586667e+02 1.535411030866491e-19
1.20650000e+02 1.535007982944895e-19
1.20713333e+02 1.534605252258980e-19
1.20776667e+02 1.534202838392809e-19
1.20840000e+02 1.533800740931207e-19
1.20903333e+02 1.533398959459761e-19
1.20966667e+02 1.532997493564816e-19
1.21030000e+02 1.532596342833477e-19
1.21093333e+02 1.532195506853604e-19
1.21156667e+02 1.531794985213811e-19
1.21220000e+02 1.531394777503462e-19
1.21283333e+02 1.530994883312676e-19
1.21346667e+02 1.530595302232320e-19
1.21410000e+02 1.530196033854004e-19
1.21473333e+02 1.529797077770087e-19
1.21536667e+02 1.529398433573672e-19
1.21600000e+02 1.529000100858601e-19
1.21663333e+02 1.528602079219459e-19
1.21726667e+02 1.528204368251567e-19
1.21790000e+02 1.527806967550985e-19
1.21853333e+02 1.527409876714505e-19
1.21916667e+02 1.527013095339655e-19
1.21980000e+02 1.526616623024692e-19
1.22043333e+02 1.526220459368606e-19
1.22106667e+02 1.525824603971111e-19
1.22170000e+02 1.525429056432651e-19
1.22233333e+02 1.525033816354393e-19
1.22296667e+02 1.524638883338226e-19
1.22360000e+02 1.524244256986764e-19
1.22423333e+02 1.523849936903335e-19
1.22486667e+02 1.523455922691990e-19
1.22550000e+02 1.523062213957495e-19
1.22613333e+02 1.522668810305327e-19
1.22676667e+02 1.522275711341682e-19
1.22740000e+02 1.521882916673463e-19
1.22803333e+02 1.521490425908284e-19
1.22866667e+02 1.521098238654466e-19
1.22930000e+02 1.520706354521039e-19
1.22993333e+02 1.520314773117735e-19
1.23056667e+02 1.519923494054989e-19
1.23120000e+02 1.519532516943941e-19
1.23183333e+02 1.519141841396427e-19
1.23246667e+02 1.518751467024981e-19
1.23310000e+02 1.518361393442838e-19
1.23373333e+02 1.517971620263924e-19
1.23436667e+02 1.517582147102859e-19
1.23500000e+02 1.517192973574956e-19
1.23563333e+02 1.516804099296218e-19
1.23626667e+02 1.516415523883336e-19
1.23690000e+02 1.516027246953688e-19
1.23753333e+02 1.515639268125338e-19
1.23816667e+02 1.515251587017032e-19
1.23880000e+02 1.514864203248202e-19
1.23943333e+02 1.514477116438958e-19
1.24006667e+02 1.514090326210088e-19
1.24070000e+02 1.513703832183061e-19
1.24133333e+02 1.513317633980020e-19
1.24196667e+02 1.512931731223783e-19
1.24260000e+02 1.512546123537840e-19
1.24323333e+02 1.512160810546354e-19
1.24386667e+02 1.511775791874155e-19
1.24450000e+02 1.511391067146746e-19
1.24513333e+02 1.511006635990293e-19
1.24576667e+02 1.510622498031628e-19
1.24640000e+02 1.510238652898248e-19
1.24703333e+02 1.509855100218311e-19
1.24766667e+02 1.509471839620635e-19
1.24830000e+02 1.509088870734700e-19
1.24893333e+02 1.508706193190640e-19
1.24956667e+02 1.508323806619249e-19
1.25020000e+02 1.507941710651974e-19
1.25083333e+02 1.507559904920913e-19
1.25146667e+02 1.507178389058820e-19
1.25210000e+02 1.506797162699096e-19
1.25273333e+02 1.506416225475792e-19
1.25336667e+02 1.506035577023606e-19
1.25400000e+02 1.505655216977883e-19
1.25463333e+02 1.505275144974610e-19
1.25526667e+02 1.504895360650418e-19
1.25590000e+02 1.504515863642581e-19
1.25653333e+02 1.504136653589011e-19
1.25716667e+02 1.503757730128258e-19
1.25780000e+02 1.503379092899512e-19
1.25843333e+02 1.503000741542596e-19
1.25906667e+02 1.502622675697968e-19
1.25970000e+02 1.502244895006718e-19
1.26033333e+02 1.501867399110569e-19
1.26096667e+02 1.501490187651873e-19
1.26160000e+02 1.501113260273610e-19
1.26223333e+02 1.500736616619387e-19
1.26286667e+02 1.500360256333439e-19
1.26350000e+02 1.499984179060622e-19
1.26413333e+02 1.499608384446417e-19
1.26476667e+02 1.499232872136925e-19
1.26540000e+02 1.498857641778867e-19
1.26603333e+02 1.498482693019585e-19
1.26666667e+02 1.498108025507036e-19
1.26730000e+02 1.497733638889792e-19
1.26793333e+02 1.497359532817042e-19
1.26856667e+02 1.496985706938587e-19
1.26920000e+02 1.496612160904839e-19
1.26983333e+02 1.496238894366822e-19
1.27046667e+02 1.495865906976166e-19
1.27110000e+02 1.495493198385112e-19
1.27173333e+02 1.495120768246505e-19
1.27236667e+02 1.494748616213797e-19
1.27300000e+02 1.494376741941040e-19
1.27363333e+02 1.494005145082891e-19
1.27426667e+02 1.493633825294608e-19
1.27490000e+02 1.493262782232047e-19
1.27553333e+02 1.492892015551662e-19
1.27616667e+02 1.492521524910505e-19
1.27680000e+02 1.492151309966223e-19
1.27743333e+02 1.491781370377058e-19
1.27806667e+02 1.491411705801843e-19
1.27870000e+02 1.491042315900004e-19
1.27933333e+02 1.490673200331555e-19
1.27996667e+02 1.490304358757103e-19
1.28060000e+02 1.489935790837838e-19
1.28123333e+02 1.489567496235539e-19
1.28186667e+02 1.489199474612569e-19
1.28250000e+02 1.488831725631876e-19
1.28313333e+02 1.488464248956987e-19
1.28376667e+02 1.488097044252015e-19
1.28440000e+02 1.487730111181647e-19
1.28503333e+02 1.487363449411154e-19
1.28566667e+02 1.486997058606381e-19
1.28630000e+02 1.486630938433749e-19
1.28693333e+02 1.486265088560254e-19
1.28756667e+02 1.485899508653467e-19
1.28820000e+02 1.485534198381529e-19
1.28883333e+02 1.485169157413152e-19
1.28946667e+02 1.484804385417618e-19
1.29010000e+02 1.484439882064779e-19
1.29073333e+02 1.484075647025051e-19
1.29136667e+02 1.483711679969418e-19
1.29200000e+02 1.483347980569428e-19
1.29263333e+02 1.482984548497192e-19
1.29326667e+02 1.482621383425383e-19
1.29390000e+02 1.482258485027234e-19
1.29453333e+02 1.481895852976540e-19
1.29516667e+02 1.481533486947654e-19
1.29580000e+02 1.481171386615484e-19
1.29643333e+02 1.480809551655494e-19
1.29706667e+02 1.480447981743706e-19
1.29770000e+02 1.480086676556692e-19
1.29833333e+02 1.479725635771577e-19
1.29896667e+02 1.479364859066039e-19
1.29960000e+02 1.479004346118303e-19
1.30023333e+02 1.478644096607146e-19
1.30086667e+02 1.478284110211888e-19
1.30150000e+02 1.477924386612400e-19
1.30213333e+02 1.477564925489094e-19
1.30276667e+02 1.477205726522928e-19
1.30340000e+02 1.476846789395403e-19
1.30403333e+02 1.476488113788561e-19
1.30466667e+02 1.476129699384982e-19
1.30530000e+02 1.475771545867788e-19
1.30593333e+02 1.475413652920640e-19
1.30656667e+02 1.475056020227731e-19
1.30720000e+02 1.474698647473794e-19
1.30783333e+02 1.474341534344093e-19
1.30846667e+02 1.473984680524430e-19
1.30910000e+02 1.473628085701134e-19
1.30973333e+02 1.473271749561067e-19
1.31036667e+02 1.472915671791622e-19
1.31100000e+02 1.472559852080719e-19
1.31163333e+02 1.472204290116806e-19
1.31226667e+02 1.471848985588857e-19
1.31290000e+02 1.471493938186371e-19
1.31353333e+02 1.471139147599373e-19
1.31416667e+02 1.470784613518409e-19
1.31480000e+02 1.470430335634546e-19
1.31543333e+02 1.470076313639374e-19
1.31606667e+02 1.469722547225002e-19
1.31670000e+02 1.469369036084056e-19
1.31733333e+02 1.469015779909679e-19
1.31796667e+02 1.468662778395533e-19
1.31860000e+02 1.468310031235793e-19
1.31923333e+02 1.467957538125147e-19
1.31986667e+02 1.467605298758798e-19
1.32050000e+02 1.467253312832461e-19
1.32113333e+02 1.466901580042358e-19
1.32176667e+02 1.466550100085224e-19
1.32240000e+02 1.466198872658301e-19
1.32303333e+02 1.465847897459338e-19
1.32366667e+02 1.465497174186593e-19
1.32430000e+02 1.465146702538824e-19
1.32493333e+02 1.464796482215299e-19
1.32556667e+02 1.464446512915783e-19
1.32620000e+02 1.464096794340548e-19
1.32683333e+02 1.463747326190364e-19
1.32746667e+02 1.463398108166501e-19
1.32810000e+02 1.463049139970728e-19
1.32873333e+02 1.462700421305312e-19
1.32936667e+02 1.462351951873016e-19
1.33000000e+02 1.462003731377099e-19
1.33063333e+02 1.461655759521313e-19
1.33126667e+02 1.461308036009905e-19
1.33190000e+02 1.460960560547613e-19
1.33253333e+02 1.460613332839667e-19
1.33316667e+02 1.460266352591788e-19
1.33380000e+02 1.459919619510183e-19
1.33443333e+02 1.459573133301551e-19
1.33506667e+02 1.459226893673076e-19
1.33570000e+02 1.458880900332428e-19
1.33633333e+02 1.458535152987761e-19
1.33696667e+02 1.458189651347716e-19
1.33760000e+02 1.457844395121414e-19
1.33823333e+02 1.457499384018459e-19
1.33886667e+02 1.457154617748936e-19
1.33950000e+02 1.456810096023409e-19
1.34013333e+02 1.456465818552922e-19
1.34076667e+02 1.456121785048996e-19
1.34140000e+02 1.455777995223628e-19
1.34203333e+02 1.455434448789293e-19
1.34266667e+02 1.455091145458939e-19
1.34330000e+02 1.454748084945988e-19
1.34393333e+02 1.454405266964335e-19
1.34456667e+02 1.454062691228346e-19
1.34520000e+02 1.453720357452860e-19
1.34583333e+02 1.453378265353182e-19
1.34646667e+02 1.453036414645089e-19
1.34710000e+02 1.452694805044824e-19
1.34773333e+02 1.452353436269099e-19
1.34836667e+02 1.452012308035087e-19
1.34900000e+02 1.451671420060432e-19
1.34963333e+02 1.451330772063237e-19
1.35026667e+02 1.450990363762070e-19
1.35090000e+02 1.450650194875960e-19
1.35153333e+02 1.450310265124398e-19
1.35216667e+02 1.449970574227333e-19
1.35280000e+02 1.449631121905175e-19
1.35343333e+02 1.449291907878791e-19
1.35406667e+02 1.448952931869505e-19
1.35470000e+02 1.448614193599097e-19
1.35533333e+02 1.448275692789803e-19
1.35596667e+02 1.447937429164311e-19
1.35660000e+02 1.447599402445764e-19
1.35723333e+02 1.447261612357758e-19
1.35786667e+02 1.446924058624336e-19
1.35850000e+02 1.446586740969998e-19
1.35913333e+02 1.446249659119687e-19
1.35976667e+02 1.445912812798798e-19
1.36040000e+02 1.445576201733173e-19
1.36103333e+02 1.445239825649100e-19
1.36166667e+02 1.444903684273313e-19
1.36230000e+02 1.444567777332991e-19
1.36293333e+02 1.444232104555754e-19
1.36356667e+02 1.443896665669670e-19
1.36420000e+02 1.443561460403245e-19
1.36483333e+02 1.443226488485427e-19
1.36546667e+02 1.442891749645604e-19
1.36610000e+02 1.442557243613603e-19
1.36673333e+02 1.442222970119690e-19
1.36736667e+02 1.441888928894568e-19
1.36800000e+02 1.441555119669376e-19
1.36863333e+02 1.441221542175689e-19
1.36926667e+02 1.440888196145516e-19
1.36990000e+02 1.440555081311300e-19
1.37053333e+02 1.440222197405917e-19
1.37116667e+02 1.439889544162675e-19
1.37180000e+02 1.439557121315313e-19
1.37243333e+02 1.439224928597998e-19
1.37306667e+02 1.438892965745330e-19
1.37370000e+02 1.438561232492335e-19
1.37433333e+02 1.438229728574465e-19
1.37496667e+02 1.437898453727603e-19
1.37560000e+02 1.437567407688054e-19
1.37623333e+02 1.437236590192548e-19
1.37686667e+02 1.436906000978239e-19
1.37750000e+02 1.436575639782707e-19
1.37813333e+02 1.436245506343950e-19
1.37876667e+02 1.435915600400389e-19
1.37940000e+02 1.435585921690867e-19
1.38003333e+02 1.435256469954643e-19
1.38066667e+02 1.434927244931398e-19
1.38130000e+02 1.434598246361229e-19
1.38193333e+02 1.434269473984650e-19
1.38256667e+02 1.433940927542593e-19
1.38320000e+02 1.433612606776402e-19
1.38383333e+02 1.433284511427838e-19
1.38446667e+02 1.432956641239075e-19
1.38510000e+02 1.432628995952697e-19
1.38573333e+02 1.432301575311705e-19
1.38636667e+02 1.431974379059506e-19
1.38700000e+02 1.431647406939921e-19
1.38763333e+02 1.431320658697176e-19
1.38826667e+02 1.430994134075909e-19
1.38890000e+02 1.430667832821165e-19
1.38953333e+02 1.430341754678395e-19
1.39016667e+02 1.430015899393456e-19
1.39080000e+02 1.429690266712611e-19
1.39143333e+02 1.429364856382525e-19
1.39206667e+02 1.429039668150270e-19
1.39270000e+02 1.428714701763316e-19
1.39333333e+02 1.428389956969540e-19
1.39396667e+02 1.428065433517216e-19
1.39460000e+02 1.427741131155020e-19
1.39523333e+02 1.427417049632026e-19
1.39586667e+02 1.427093188697709e-19
1.39650000e+02 1.426769548101939e-19
1.39713333e+02 1.426446127594983e-19
1.39776667e+02 1.426122926927508e-19
1.39840000e+02 1.425799945850570e-19
1.39903333e+02 1.425477184115626e-19
1.39966667e+02 1.425154641474521e-19
1.40030000e+02 1.424832317679496e-19
1.40093333e+02 1.424510212483184e-19
1.40156667e+02 1.424188325638609e-19
1.40220000e+02 1.423866656899184e-19
1.40283333e+02 1.423545206018713e-19
1.40346667e+02 1.423223972751390e-19
1.40410000e+02 1.422902956851795e-19
1.40473333e+02 1.422582158074896e-19
1.40536667e+02 1.422261576176048e-19
1.40600000e+02 1.421941210910992e-19
1.40663333e+02 1.421621062035852e-19
1.40726667e+02 1.421301129307138e-19
1.40790000e+02 1.420981412481744e-19
1.40853333e+02 1.420661911316945e-19
1.40916667e+02 1.420342625570399e-19
1.40980000e+02 1.420023555000144e-19
1.41043333e+02 1.419704699364598e-19
1.41106667e+02 1.419386058422561e-19
1.41170000e+02 1.419067631933210e-19
1.41233333e+02 1.418749419656099e-19
1.41296667e+02 1.418431421351162e-19
1.41360000e+02 1.418113636778707e-19
1.41423333e+02 1.417796065699420e-19
1.41486667e+02 1.417478707874359e-19
1.41550000e+02 1.417161563064958e-19
1.41613333e+02 1.416844631033025e-19
1.41676667e+02 1.416527911540741e-19
1.41740000e+02 1.416211404350657e-19
1.41803333e+02 1.415895109225695e-19
1.41866667e+02 1.415579025929151e-19
1.41930000e+02 1.415263154224688e-19
1.41993333e+02 1.414947493876338e-19
1.42056667e+02 1.414632044648502e-19
1.42120000e+02 1.414316806305947e-19
1.42183333e+02 1.414001778613810e-19
1.42246667e+02 1.413686961337591e-19
1.42310000e+02 1.413372354243156e-19
1.42373333e+02 1.413057957096737e-19
1.42436667e+02 1.412743769664927e-19
1.42500000e+02 1.412429791714686e-19
1.42563333e+02 1.412116023013332e-19
1.42626667e+02 1.411802463328549e-19
1.42690000e+02 1.411489112428378e-19
1.42753333e+02 1.411175970081224e-19
1.42816667e+02 1.410863036055848e-19
1.42880000e+02 1.410550310121373e-19
1.42943333e+02 1.410237792047276e-19
1.43006667e+02 1.409925481603397e-19
1.43070000e+02 1.409613378559926e-19
1.43133333e+02 1.409301482687415e-19
1.43196667e+02 1.408989793756767e-19
1.43260000e+02 1.408678311539242e-19
1.43323333e+02 1.408367035806454e-19
1.43386667e+02 1.408055966330366e-19
1.43450000e+02 1.407745102883299e-19
1.43513333e+02 1.407434445237923e-19
1.43576667e+02 1.407123993167258e-19
1.43640000e+02 1.406813746444676e-19
1.43703333e+02 1.406503704843898e-19
1.43766667e+02 1.406193868138994e-19
1.43830000e+02 1.405884236104384e-19
1.43893333e+02 1.405574808514831e-19
1.43956667e+02 1.405265585145449e-19
1.44020000e+02 1.404956565771698e-19
1.44083333e+02 1.404647750169380e-19
1.44146667e+02 1.404339138114646e-19
1.44210000e+02 1.404030729383989e-19
1.44273333e+02 1.403722523754245e-19
1.44336667e+02 1.403414521002593e-19
1.44400000e+02 1.403106720906556e-19
1.44463333e+02 1.402799123243996e-19
1.44526667e+02 1.402491727793117e-19
1.44590000e+02 1.402184534332463e-19
1.44653333e+02 1.401877542640917e-19
1.44716667e+02 1.401570752497700e-19
1.44780000e+02 1.401264163682374e-19
1.44843333e+02 1.400957775974834e-19
1.44906667e+02 1.400651589155316e-19
1.44970000e+02 1.400345603004389e-19
1.45033333e+02 1.400039817302959e-19
1.45096667e+02 1.399734231832266e-19
1.45160000e+02 1.399428846373885e-19
1.45223333e+02 1.399123660709722e-19
1.45286667e+02 1.398818674622021e-19
1.45350000e+02 1.398513887893352e-19
1.45413333e+02 1.398209300306620e-19
1.45476667e+02 1.397904911645060e-19
1.45540000e+02 1.397600721692238e-19
1.45603333e+02 1.397296730232048e-19
1.45666667e+02 1.396992937048714e-19
1.45730000e+02 1.396689341926787e-19
1.45793333e+02 1.396385944651148e-19
1.45856667e+02 1.396082745007002e-19
1.45920000e+02 1.395779742779883e-19
1.45983333e+02 1.395476937755650e-19
1.46046667e+02 1.395174329720485e-19
1.46110000e+02 1.394871918460897e-19
1.46173333e+02 1.394569703763718e-19
1.46236667e+02 1.394267685416101e-19
1.46300000e+02 1.393965863205526e-19
1.46363333e+02 1.393664236919791e-19
1.46426667e+02 1.393362806347017e-19
1.46490000e+02 1.393061571275646e-19
1.46553333e+02 1.392760531494437e-19
1.46616667e+02 1.392459686792473e-19
1.46680000e+02 1.392159036959153e-19
1.46743333e+02 1.391858581784194e-19
1.46806667e+02 1.391558321057632e-19
1.46870000e+02 1.391258254569818e-19
1.46933333e+02 1.390958382111422e-19
1.46996667e+02 1.390658703473427e-19
1.47060000e+02 1.390359218447132e-19
1.47123333e+02 1.390059926824152e-19
1.47186667e+02 1.389760828396413e-19
1.47250000e+02 1.389461922956157e-19
1.47313333e+02 1.389163210295938e-19
1.47376667e+02 1.388864690208619e-19
1.47440000e+02 1.388566362487380e-19
1.47503333e+02 1.388268226925707e-19
1.47566667e+02 1.387970283317398e-19
1.47630000e+02 1.387672531456562e-19
1.47693333e+02 1.387374971137615e-19
1.47756667e+02 1.387077602155283e-19
1.47820000e+02 1.386780424304597e-19
1.47883333e+02 1.386483437380899e-19
1.47946667e+02 1.386186641179836e-19
1.48010000e+02 1.385890035497361e-19
1.48073333e+02 1.385593620129732e-19
1.48136667e+02 1.385297394873513e-19
1.48200000e+02 1.385001359525572e-19
1.48263333e+02 1.384705513883080e-19
1.48326667e+02 1.384409857743512e-19
1.48390000e+02 1.384114390904645e-19
1.48453333e+02 1.383819113164559e-19
1.48516667e+02 1.383524024321634e-19
1.48580000e+02 1.383229124174551e-19
1.48643333e+02 1.382934412522293e-19
1.48706667e+02 1.382639889164141e-19
1.48770000e+02 1.382345553899674e-19
1.48833333e+02 1.382051406528773e-19
1.48896667e+02 1.381757446851615e-19
1.48960000e+02 1.381463674668673e-19
1.49023333e+02 1.381170089780718e-19
1.49086667e+02 1.380876691988820e-19
1.49150000e+02 1.380583481094339e-19
1.49213333e+02 1.380290456898936e-19
1.49276667e+02 1.379997619204561e-19
1.49340000e+02 1.379704967813464e-19
1.49403333e+02 1.379412502528182e-19
1.49466667e+02 1.379120223151551e-19
1.49530000e+02 1.378828129486694e-19
1.49593333e+02 1.378536221337030e-19
1.49656667e+02 1.378244498506267e-19
1.49720000e+02 1.377952960798404e-19
1.49783333e+02 1.377661608017729e-19
1.49846667e+02 1.377370439968822e-19
1.49910000e+02 1.377079456456550e-19
1.49973333e+02 1.376788657286070e-19
1.50036667e+02 1.376498042262824e-19
1.50100000e+02 1.376207611192546e-19
1.50163333e+02 1.375917363881253e-19
1.50226667e+02 1.375627300135249e-19
1.50290000e+02 1.375337419761124e-19
1.50353333e+02 1.375047722565754e-19
1.50416667e+02 1.374758208356299e-19
1.50480000e+02 1.374468876940203e-19
1.50543333e+02 1.374179728125193e-19
1.50606667e+02 1.373890761719281e-19
1.50670000e+02 1.373601977530758e-19
1.50733333e+02 1.373313375368201e-19
1.50796667e+02 1.373024955040465e-19
1.50860000e+02 1.372736716356689e-19
1.50923333e+02 1.372448659126289e-19
1.50986667e+02 1.372160783158964e-19
1.51050000e+02 1.371873088264689e-19
1.51113333e+02 1.371585574253722e-19
1.51176667e+02 1.371298240936595e-19
1.51240000e+02 1.371011088124121e-19
1.51303333e+02 1.370724115627388e-19
1.51366667e+02 1.370437323257761e-19
1.51430000e+02 1.370150710826883e-19
1.51493333e+02 1.369864278146670e-19
1.51556667e+02 1.369578025029315e-19
1.51620000e+02 1.369291951287285e-19
1.51683333e+02 1.369006056733321e-19
1.51746667e+02 1.368720341180437e-19
1.51810000e+02 1.368434804441922e-19
1.51873333e+02 1.368149446331335e-19
1.51936667e+02 1.367864266662509e-19
1.52000000e+02 1.367579265249547e-19
1.52063333e+02 1.367294441906825e-19
-----------------------------
