SPECIES: e / A
PROCESS: E + A -> E + A, Elastic
PARAM.:  m/M = 0.0000195921, complete set
COMMENT: [e + A(gnd) -> e + A(gnd), Elastic]
UPDATED: 2018-06-05 11:00:00
COLUMNS: Energy (eV) | Cross section (m2)
-----------------------------
0.00000000e+00 7.035603278489131e-18
1.92000000e-01 3.847899204331573e-18
3.84000000e-01 2.720875620705176e-18
5.76000000e-01 2.221585641435380e-18
7.68000000e-01 1.923949602165786e-18
9.60000000e-01 1.720832838290550e-18
1.15200000e+00 1.570898272045624e-18
1.34400000e+00 1.454369194957807e-18
1.53600000e+00 1.360437810352588e-18
1.72800000e+00 1.282633068110524e-18
1.92000000e+00 1.216812569243741e-18
2.11200000e+00 1.160185262897719e-18
2.30400000e+00 1.110792820717690e-18
2.49600000e+00 1.067215221848813e-18
2.68800000e+00 1.028394320103486e-18
2.88000000e+00 9.935233024173968e-19
3.07200000e+00 9.619748010828932e-19
3.26400000e+00 9.332526385993662e-19
3.45600000e+00 9.069585402350584e-19
3.64800000e+00 8.827686198216783e-19
3.84000000e+00 8.604164191452750e-19
4.03200000e+00 8.396804462099896e-19
4.22400000e+00 8.203748668276747e-19
4.41600000e+00 8.023424479418820e-19
4.60800000e+00 7.854491360228118e-19
4.80000000e+00 7.695798408663145e-19
4.99200000e+00 7.546351203548015e-19
5.18400000e+00 7.405285471451267e-19
5.37600000e+00 7.271845974789037e-19
5.56800000e+00 7.145369440195602e-19
5.76000000e+00 7.025270644061943e-19
5.95200000e+00 6.911030987625589e-19
6.14400000e+00 6.802189051762940e-19
6.33600000e+00 6.698332738438350e-19
6.52800000e+00 6.599092693138502e-19
6.72000000e+00 6.504136768614604e-19
6.91200000e+00 6.413165340552622e-19
7.10400000e+00 6.325907324452007e-19
7.29600000e+00 6.242116772945981e-19
7.48800000e+00 6.161569956176784e-19
7.68000000e+00 6.084062846218707e-19
7.87200000e+00 6.009408941086359e-19
8.06400000e+00 5.937437375448296e-19
8.25600000e+00 5.867991274445318e-19
8.44800000e+00 5.800926314488596e-19
8.64000000e+00 5.736109460968500e-19
8.83200000e+00 5.673417857735193e-19
9.02400000e+00 5.612737847245801e-19
9.21600000e+00 5.553964103588451e-19
9.40800000e+00 5.496998863330818e-19
9.60000000e+00 5.441751241410352e-19
9.79200000e+00 5.388136621172727e-19
9.98400000e+00 5.336076109244066e-19
1.01760000e+01 5.285496047246967e-19
1.03680000e+01 5.236327573485411e-19
1.05600000e+01 5.188506228665530e-19
1.07520000e+01 5.141971600517429e-19
1.09440000e+01 5.096667002862004e-19
1.11360000e+01 5.052539185245435e-19
1.13280000e+01 5.009538069759062e-19
1.15200000e+01 4.967616512086984e-19
1.17120000e+01 4.926730084188875e-19
1.19040000e+01 4.886836876340418e-19
1.20960000e+01 4.847897316526026e-19
1.22880000e+01 4.809874005414466e-19
1.24800000e+01 4.772731565352929e-19
1.26720000e+01 4.736436501993614e-19
1.28640000e+01 4.700957077322572e-19
1.30560000e+01 4.666263192996831e-19
1.32480000e+01 4.632326283015090e-19
1.34400000e+01 4.599119214852145e-19
1.36320000e+01 4.566616198279433e-19
1.38240000e+01 4.534792701175292e-19
1.40160000e+01 4.503625371700453e-19
1.42080000e+01 4.473091966277663e-19
1.44000000e+01 4.443171282870761e-19
1.45920000e+01 4.413843099108392e-19
1.47840000e+01 4.385088114842083e-19
1.49760000e+01 4.356887898767902e-19
1.51680000e+01 4.329224838776327e-19
1.53600000e+01 4.302082095726375e-19
1.55520000e+01 4.275443560368414e-19
1.57440000e+01 4.249293813165233e-19
1.59360000e+01 4.223618086783734e-19
1.61280000e+01 4.198402231049948e-19
1.63200000e+01 4.173632680178454e-19
1.65120000e+01 4.149296422103776e-19
1.67040000e+01 4.125380969756256e-19
1.68960000e+01 4.101874334138374e-19
1.70880000e+01 4.078764999069627e-19
1.72800000e+01 4.056041897479138e-19
1.74720000e+01 4.033694389135122e-19
1.76640000e+01 4.011712239709410e-19
1.78560000e+01 3.990085601083479e-19
1.80480000e+01 3.968804992809890e-19
1.82400000e+01 3.947861284649883e-19
1.84320000e+01 3.927245680114059e-19
1.86240000e+01 3.906949700938766e-19
1.88160000e+01 3.886965172435965e-19
1.90080000e+01 3.867284209659065e-19
1.92000000e+01 3.847899204331573e-19
1.93920000e+01 3.828802812489341e-19
1.95840000e+01 3.809987942790807e-19
1.97760000e+01 3.791447745452987e-19
1.99680000e+01 3.773175601774008e-19
2.01600000e+01 3.755165114205785e-19
2.03520000e+01 3.737410096943022e-19
2.05440000e+01 3.719904566997107e-19
2.07360000e+01 3.702642735725634e-19
2.09280000e+01 3.685619000790334e-19
2.11200000e+01 3.668827938518036e-19
2.13120000e+01 3.652264296640991e-19
2.15040000e+01 3.635922987394519e-19
2.16960000e+01 3.619799080951350e-19
2.18880000e+01 3.603887799173440e-19
2.20800000e+01 3.588184509663269e-19
2.22720000e+01 3.572684720097801e-19
2.24640000e+01 3.557384072829378e-19
2.26560000e+01 3.542278339738800e-19
2.28480000e+01 3.527363417326803e-19
2.30400000e+01 3.512635322030971e-19
2.32320000e+01 3.498090185755975e-19
2.34240000e+01 3.483724251605723e-19
2.36160000e+01 3.469533869806753e-19
2.38080000e+01 3.455515493812795e-19
2.40000000e+01 3.441665676581099e-19
2.41920000e+01 3.427981067011619e-19
2.43840000e+01 3.414458406540705e-19
2.45760000e+01 3.401094525881470e-19
2.47680000e+01 3.387886341903380e-19
2.49600000e+01 3.374830854644143e-19
2.51520000e+01 3.361925144447275e-19
2.53440000e+01 3.349166369219175e-19
2.55360000e+01 3.336551761799835e-19
2.57280000e+01 3.324078627441684e-19
2.59200000e+01 3.311744341391322e-19
2.61120000e+01 3.299546346569251e-19
2.63040000e+01 3.287482151342911e-19
2.64960000e+01 3.275549327388644e-19
2.66880000e+01 3.263745507638408e-19
2.68800000e+01 3.252068384307302e-19
2.70720000e+01 3.240515706998163e-19
2.72640000e+01 3.229085280879719e-19
2.74560000e+01 3.217774964934919e-19
2.76480000e+01 3.206582670276311e-19
2.78400000e+01 3.195506358525396e-19
2.80320000e+01 3.184544040253176e-19
2.82240000e+01 3.173693773479115e-19
2.84160000e+01 3.162953662226003e-19
2.86080000e+01 3.152321855128242e-19
2.88000000e+01 3.141796544091247e-19
2.89920000e+01 3.131375962999761e-19
2.91840000e+01 3.121058386472991e-19
2.93760000e+01 3.110842128664555e-19
2.95680000e+01 3.100725542105370e-19
2.97600000e+01 3.090707016587666e-19
2.99520000e+01 3.080784978088392e-19
3.01440000e+01 3.070957887730427e-19
3.03360000e+01 3.061224240779978e-19
3.05280000e+01 3.051582565678739e-19
3.07200000e+01 3.042031423109354e-19
3.09120000e+01 3.032569405092868e-19
3.11040000e+01 3.023195134116862e-19
3.12960000e+01 3.013907262293051e-19
3.14880000e+01 3.004704470543179e-19
3.16800000e+01 2.995585467812093e-19
3.18720000e+01 2.986548990306930e-19
3.20640000e+01 2.977593800761391e-19
3.22560000e+01 2.968718687724148e-19
3.24480000e+01 2.959922464870440e-19
3.26400000e+01 2.951203970335970e-19
3.28320000e+01 2.942562066072261e-19
3.30240000e+01 2.933995637222659e-19
3.32160000e+01 2.925503591518196e-19
3.34080000e+01 2.917084858692584e-19
3.36000000e+01 2.908738389915615e-19
3.37920000e+01 2.900463157244298e-19
3.39840000e+01 2.892258153091072e-19
3.41760000e+01 2.884122389708475e-19
3.43680000e+01 2.876054898689669e-19
3.45600000e+01 2.868054730484250e-19
3.47520000e+01 2.860120953928787e-19
3.49440000e+01 2.852252655791573e-19
3.51360000e+01 2.844448940331075e-19
3.53280000e+01 2.836708928867597e-19
3.55200000e+01 2.829031759367700e-19
3.57120000e+01 2.821416586040930e-19
3.59040000e+01 2.813862578948406e-19
3.60960000e+01 2.806368923622901e-19
3.62880000e+01 2.798934820699966e-19
3.64800000e+01 2.791559485559767e-19
3.66720000e+01 2.784242147979241e-19
3.68640000e+01 2.776982051794226e-19
3.70560000e+01 2.769778454571236e-19
3.72480000e+01 2.762630627288556e-19
3.74400000e+01 2.755537854026338e-19
3.76320000e+01 2.748499431665409e-19
3.78240000e+01 2.741514669594493e-19
3.80160000e+01 2.734582889425582e-19
3.82080000e+01 2.727703424717183e-19
3.84000000e+01 2.720875620705176e-19
3.85920000e+01 2.714098834041064e-19
3.87840000e+01 2.707372432537339e-19
3.89760000e+01 2.700695794919768e-19
3.91680000e+01 2.694068310586363e-19
3.93600000e+01 2.687489379372825e-19
3.95520000e+01 2.680958411324254e-19
3.97440000e+01 2.674474826472941e-19
3.99360000e+01 2.668038054622033e-19
4.01280000e+01 2.661647535134909e-19
4.03200000e+01 2.655302716730066e-19
4.05120000e+01 2.649003057281370e-19
4.07040000e+01 2.642748023623483e-19
4.08960000e+01 2.636537091362336e-19
4.10880000e+01 2.630369744690462e-19
4.12800000e+01 2.624245476207071e-19
4.14720000e+01 2.618163786742705e-19
4.16640000e+01 2.612124185188345e-19
4.18560000e+01 2.606126188328833e-19
4.20480000e+01 2.600169320680485e-19
4.22400000e+01 2.594253114332765e-19
4.24320000e+01 2.588377108793907e-19
4.26240000e+01 2.582540850840361e-19
4.28160000e+01 2.576743894369965e-19
4.30080000e+01 2.570985800258714e-19
4.32000000e+01 2.565266136221048e-19
4.33920000e+01 2.559584476673532e-19
4.35840000e+01 2.553940402601848e-19
4.37760000e+01 2.548333501431002e-19
4.39680000e+01 2.542763366898643e-19
4.41600000e+01 2.537229598931425e-19
4.43520000e+01 2.531731803524305e-19
4.45440000e+01 2.526269592622718e-19
4.47360000e+01 2.520842584007524e-19
4.49280000e+01 2.515450401182672e-19
4.51200000e+01 2.510092673265488e-19
4.53120000e+01 2.504769034879531e-19
4.55040000e+01 2.499479126049926e-19
4.56960000e+01 2.494222592101136e-19
4.58880000e+01 2.488999083557069e-19
4.60800000e+01 2.483808256043492e-19
4.62720000e+01 2.478649770192667e-19
4.64640000e+01 2.473523291550160e-19
4.66560000e+01 2.468428490483756e-19
4.68480000e+01 2.463365042094438e-19
4.70400000e+01 2.458332626129357e-19
4.72320000e+01 2.453330926896759e-19
4.74240000e+01 2.448359633182798e-19
4.76160000e+01 2.443418438170209e-19
4.78080000e+01 2.438507039358761e-19
4.80000000e+01 2.433625138487483e-19
4.81920000e+01 2.428772441458579e-19
4.83840000e+01 2.423948658263013e-19
4.85760000e+01 2.419153502907712e-19
4.87680000e+01 2.414386693344346e-19
4.89600000e+01 2.409647951399650e-19
4.91520000e+01 2.404937002707233e-19
4.93440000e+01 2.400253576640863e-19
4.95360000e+01 2.395597406249166e-19
4.97280000e+01 2.390968228191713e-19
4.99200000e+01 2.386365782676465e-19
5.01120000e+01 2.381789813398534e-19
5.03040000e+01 2.377240067480231e-19
5.04960000e+01 2.372716295412374e-19
5.06880000e+01 2.368218250996807e-19
5.08800000e+01 2.363745691290131e-19
5.10720000e+01 2.359298376548586e-19
5.12640000e+01 2.354876070174073e-19
5.14560000e+01 2.350478538661286e-19
5.16480000e+01 2.346105551545929e-19
5.18400000e+01 2.341756881353981e-19
5.20320000e+01 2.337432303551997e-19
5.22240000e+01 2.333131596498416e-19
5.24160000e+01 2.328854541395846e-19
5.26080000e+01 2.324600922244312e-19
5.28000000e+01 2.320370525795439e-19
5.29920000e+01 2.316163141507545e-19
5.31840000e+01 2.311978561501633e-19
5.33760000e+01 2.307816580518250e-19
5.35680000e+01 2.303676995875197e-19
5.37600000e+01 2.299559607426072e-19
5.39520000e+01 2.295464217519630e-19
5.41440000e+01 2.291390630959921e-19
5.43360000e+01 2.287338654967222e-19
5.45280000e+01 2.283308099139716e-19
5.47200000e+01 2.279298775415912e-19
5.49120000e+01 2.275310498037787e-19
5.51040000e+01 2.271343083514644e-19
5.52960000e+01 2.267396350587646e-19
5.54880000e+01 2.263470120195043e-19
5.56800000e+01 2.259564215438039e-19
5.58720000e+01 2.255678461547325e-19
5.60640000e+01 2.251812685850226e-19
5.62560000e+01 2.247966717738480e-19
5.64480000e+01 2.244140388636605e-19
5.66400000e+01 2.240333531970869e-19
5.68320000e+01 2.236545983138832e-19
5.70240000e+01 2.232777579479450e-19
5.72160000e+01 2.229028160243738e-19
5.74080000e+01 2.225297566565963e-19
5.76000000e+01 2.221585641435380e-19
5.77920000e+01 2.217892229668468e-19
5.79840000e+01 2.214217177881687e-19
5.81760000e+01 2.210560334464717e-19
5.83680000e+01 2.206921549554196e-19
5.85600000e+01 2.203300675007917e-19
5.87520000e+01 2.199697564379501e-19
5.89440000e+01 2.196112072893514e-19
5.91360000e+01 2.192544057421041e-19
5.93280000e+01 2.188993376455681e-19
5.95200000e+01 2.185459890089981e-19
5.97120000e+01 2.181943459992277e-19
5.99040000e+01 2.178443949383951e-19
6.00960000e+01 2.174961223017085e-19
6.02880000e+01 2.171495147152502e-19
6.04800000e+01 2.168045589538202e-19
6.06720000e+01 2.164612419388163e-19
6.08640000e+01 2.161195507361517e-19
6.10560000e+01 2.157794725542079e-19
6.12480000e+01 2.154409947418238e-19
6.14400000e+01 2.151041047863188e-19
6.16320000e+01 2.147687903115498e-19
6.18240000e+01 2.144350390760021e-19
6.20160000e+01 2.141028389709118e-19
6.22080000e+01 2.137721780184207e-19
6.24000000e+01 2.134430443697626e-19
6.25920000e+01 2.131154263034799e-19
6.27840000e+01 2.127893122236699e-19
6.29760000e+01 2.124646906582617e-19
6.31680000e+01 2.121415502573204e-19
6.33600000e+01 2.118198797913808e-19
6.35520000e+01 2.114996681498082e-19
6.37440000e+01 2.111809043391867e-19
6.39360000e+01 2.108635774817336e-19
6.41280000e+01 2.105476768137405e-19
6.43200000e+01 2.102331916840401e-19
6.45120000e+01 2.099201115524974e-19
6.47040000e+01 2.096084259885260e-19
6.48960000e+01 2.092981246696289e-19
6.50880000e+01 2.089891973799622e-19
6.52800000e+01 2.086816340089227e-19
6.54720000e+01 2.083754245497581e-19
6.56640000e+01 2.080705590981994e-19
6.58560000e+01 2.077670278511154e-19
6.60480000e+01 2.074648211051888e-19
6.62400000e+01 2.071639292556134e-19
6.64320000e+01 2.068643427948116e-19
6.66240000e+01 2.065660523111732e-19
6.68160000e+01 2.062690484878128e-19
6.70080000e+01 2.059733221013483e-19
6.72000000e+01 2.056788640206971e-19
6.73920000e+01 2.053856652058928e-19
6.75840000e+01 2.050937167069187e-19
6.77760000e+01 2.048030096625607e-19
6.79680000e+01 2.045135352992777e-19
6.81600000e+01 2.042252849300894e-19
6.83520000e+01 2.039382499534813e-19
6.85440000e+01 2.036524218523268e-19
6.87360000e+01 2.033677921928254e-19
6.89280000e+01 2.030843526234579e-19
6.91200000e+01 2.028020948739569e-19
6.93120000e+01 2.025210107542933e-19
6.95040000e+01 2.022410921536782e-19
6.96960000e+01 2.019623310395800e-19
6.98880000e+01 2.016847194567561e-19
7.00800000e+01 2.014082495262994e-19
7.02720000e+01 2.011329134446992e-19
7.04640000e+01 2.008587034829161e-19
7.06560000e+01 2.005856119854705e-19
7.08480000e+01 2.003136313695453e-19
7.10400000e+01 2.000427541241010e-19
7.12320000e+01 1.997729728090053e-19
7.14240000e+01 1.995042800541740e-19
7.16160000e+01 1.992366685587256e-19
7.18080000e+01 1.989701310901485e-19
7.20000000e+01 1.987046604834794e-19
7.21920000e+01 1.984402496404945e-19
7.23840000e+01 1.981768915289128e-19
7.25760000e+01 1.979145791816099e-19
7.27680000e+01 1.976533056958443e-19
7.29600000e+01 1.973930642324942e-19
7.31520000e+01 1.971338480153057e-19
7.33440000e+01 1.968756503301520e-19
7.35360000e+01 1.966184645243025e-19
7.37280000e+01 1.963622840057029e-19
7.39200000e+01 1.961071022422660e-19
7.41120000e+01 1.958529127611716e-19
7.43040000e+01 1.955997091481773e-19
7.44960000e+01 1.953474850469383e-19
7.46880000e+01 1.950962341583376e-19
7.48800000e+01 1.948459502398251e-19
7.50720000e+01 1.945966271047658e-19
7.52640000e+01 1.943482586217983e-19
7.54560000e+01 1.941008387142006e-19
7.56480000e+01 1.938543613592663e-19
7.58400000e+01 1.936088205876887e-19
7.60320000e+01 1.933642104829532e-19
7.62240000e+01 1.931205251807392e-19
7.64160000e+01 1.928777588683289e-19
7.66080000e+01 1.926359057840255e-19
7.68000000e+01 1.923949602165786e-19
7.69920000e+01 1.921549165046178e-19
7.71840000e+01 1.919157690360938e-19
7.73760000e+01 1.916775122477277e-19
7.75680000e+01 1.914401406244671e-19
7.77600000e+01 1.912036486989500e-19
7.79520000e+01 1.909680310509761e-19
7.81440000e+01 1.907332823069848e-19
7.83360000e+01 1.904993971395403e-19
7.85280000e+01 1.902663702668245e-19
7.87200000e+01 1.900341964521351e-19
7.89120000e+01 1.898028705033919e-19
7.91040000e+01 1.895723872726493e-19
7.92960000e+01 1.893427416556145e-19
7.94880000e+01 1.891139285911731e-19
7.96800000e+01 1.888859430609207e-19
7.98720000e+01 1.886587800887004e-19
8.00640000e+01 1.884324347401467e-19
8.02560000e+01 1.882069021222354e-19
8.04480000e+01 1.879821773828391e-19
8.06400000e+01 1.877582557102892e-19
8.08320000e+01 1.875351323329427e-19
8.10240000e+01 1.873128025187553e-19
8.12160000e+01 1.870912615748600e-19
8.14080000e+01 1.868705048471511e-19
8.16000000e+01 1.866505277198733e-19
8.17920000e+01 1.864313256152164e-19
8.19840000e+01 1.862128939929154e-19
8.21760000e+01 1.859952283498554e-19
8.23680000e+01 1.857783242196815e-19
8.25600000e+01 1.855621771724141e-19
8.27520000e+01 1.853467828140689e-19
8.29440000e+01 1.851321367862817e-19
8.31360000e+01 1.849182347659377e-19
8.33280000e+01 1.847050724648064e-19
8.35200000e+01 1.844926456291799e-19
8.37120000e+01 1.842809500395167e-19
8.39040000e+01 1.840699815100899e-19
8.40960000e+01 1.838597358886390e-19
8.42880000e+01 1.836502090560270e-19
8.44800000e+01 1.834413969259018e-19
8.46720000e+01 1.832332954443606e-19
8.48640000e+01 1.830259005896202e-19
8.50560000e+01 1.828192083716899e-19
8.52480000e+01 1.826132148320495e-19
8.54400000e+01 1.824079160433310e-19
8.56320000e+01 1.822033081090035e-19
8.58240000e+01 1.819993871630631e-19
8.60160000e+01 1.817961493697259e-19
8.62080000e+01 1.815935909231252e-19
8.64000000e+01 1.813917080470117e-19
8.65920000e+01 1.811904969944582e-19
8.67840000e+01 1.809899540475675e-19
8.69760000e+01 1.807900755171836e-19
8.71680000e+01 1.805908577426068e-19
8.73600000e+01 1.803922970913124e-19
8.75520000e+01 1.801943899586720e-19
8.77440000e+01 1.799971327676790e-19
8.79360000e+01 1.798005219686768e-19
8.81280000e+01 1.796045540390909e-19
8.83200000e+01 1.794092254831635e-19
8.85120000e+01 1.792145328316916e-19
8.87040000e+01 1.790204726417684e-19
8.88960000e+01 1.788270414965275e-19
8.90880000e+01 1.786342360048901e-19
8.92800000e+01 1.784420528013153e-19
8.94720000e+01 1.782504885455539e-19
8.96640000e+01 1.780595399224036e-19
8.98560000e+01 1.778692036414689e-19
9.00480000e+01 1.776794764369223e-19
9.02400000e+01 1.774903550672696e-19
9.04320000e+01 1.773018363151166e-19
9.06240000e+01 1.771139169869400e-19
9.08160000e+01 1.769265939128593e-19
9.10080000e+01 1.767398639464128e-19
9.12000000e+01 1.765537239643357e-19
9.13920000e+01 1.763681708663401e-19
9.15840000e+01 1.761832015748989e-19
9.17760000e+01 1.759988130350306e-19
9.19680000e+01 1.758150022140880e-19
9.21600000e+01 1.756317661015486e-19
9.23520000e+01 1.754491017088071e-19
9.25440000e+01 1.752670060689713e-19
9.27360000e+01 1.750854762366591e-19
9.29280000e+01 1.749045092877988e-19
9.31200000e+01 1.747241023194311e-19
9.33120000e+01 1.745442524495137e-19
9.35040000e+01 1.743649568167276e-19
9.36960000e+01 1.741862125802862e-19
9.38880000e+01 1.740080169197461e-19
9.40800000e+01 1.738303670348202e-19
9.42720000e+01 1.736532601451930e-19
9.44640000e+01 1.734766934903376e-19
9.46560000e+01 1.733006643293353e-19
9.48480000e+01 1.731251699406965e-19
9.50400000e+01 1.729502076221843e-19
9.52320000e+01 1.727757746906397e-19
9.54240000e+01 1.726018684818086e-19
9.56160000e+01 1.724284863501711e-19
9.58080000e+01 1.722556256687722e-19
9.60000000e+01 1.720832838290550e-19
9.61920000e+01 1.719114582406950e-19
9.63840000e+01 1.717401463314368e-19
9.65760000e+01 1.715693455469324e-19
9.67680000e+01 1.713990533505810e-19
9.69600000e+01 1.712292672233710e-19
9.71520000e+01 1.710599846637233e-19
9.73440000e+01 1.708912031873369e-19
9.75360000e+01 1.707229203270353e-19
9.77280000e+01 1.705551336326151e-19
9.79200000e+01 1.703878406706965e-19
9.81120000e+01 1.702210390245747e-19
9.83040000e+01 1.700547262940735e-19
9.84960000e+01 1.698889000954001e-19
9.86880000e+01 1.697235580610019e-19
9.88800000e+01 1.695586978394239e-19
9.90720000e+01 1.693943170951690e-19
9.92640000e+01 1.692304135085584e-19
9.94560000e+01 1.690669847755945e-19
9.96480000e+01 1.689040286078248e-19
9.98400000e+01 1.687415427322071e-19
1.00032000e+02 1.685795248909768e-19
1.00224000e+02 1.684179728415145e-19
1.00416000e+02 1.682568843562161e-19
1.00608000e+02 1.680962572223637e-19
1.00800000e+02 1.679360892419979e-19
1.00992000e+02 1.677763782317913e-19
1.01184000e+02 1.676171220229238e-19
1.01376000e+02 1.674583184609588e-19
1.01568000e+02 1.672999654057205e-19
1.01760000e+02 1.671420607311735e-19
1.01952000e+02 1.669846023253020e-19
1.02144000e+02 1.668275880899918e-19
1.02336000e+02 1.666710159409125e-19
1.02528000e+02 1.665148838074015e-19
1.02720000e+02 1.663591896323490e-19
1.02912000e+02 1.662039313720842e-19
1.03104000e+02 1.660491069962623e-19
1.03296000e+02 1.658947144877532e-19
1.03488000e+02 1.657407518425313e-19
1.03680000e+02 1.655872170695661e-19
1.03872000e+02 1.654341081907139e-19
1.04064000e+02 1.652814232406110e-19
1.04256000e+02 1.651291602665674e-19
1.04448000e+02 1.649773173284626e-19
1.04640000e+02 1.648258924986408e-19
1.04832000e+02 1.646748838618090e-19
1.05024000e+02 1.645242895149347e-19
1.05216000e+02 1.643741075671455e-19
1.05408000e+02 1.642243361396292e-19
1.05600000e+02 1.640749733655349e-19
1.05792000e+02 1.639260173898759e-19
1.05984000e+02 1.637774663694322e-19
1.06176000e+02 1.636293184726551e-19
1.06368000e+02 1.634815718795724e-19
1.06560000e+02 1.633342247816942e-19
1.06752000e+02 1.631872753819204e-19
1.06944000e+02 1.630407218944480e-19
1.07136000e+02 1.628945625446806e-19
1.07328000e+02 1.627487955691375e-19
1.07520000e+02 1.626034192153651e-19
1.07712000e+02 1.624584317418477e-19
1.07904000e+02 1.623138314179203e-19
1.08096000e+02 1.621696165236815e-19
1.08288000e+02 1.620257853499082e-19
1.08480000e+02 1.618823361979697e-19
1.08672000e+02 1.617392673797440e-19
1.08864000e+02 1.615965772175342e-19
1.09056000e+02 1.614542640439859e-19
1.09248000e+02 1.613123262020054e-19
1.09440000e+02 1.611707620446785e-19
1.09632000e+02 1.610295699351903e-19
1.09824000e+02 1.608887482467460e-19
1.10016000e+02 1.607482953624917e-19
1.10208000e+02 1.606082096754367e-19
1.10400000e+02 1.604684895883764e-19
1.10592000e+02 1.603291335138155e-19
1.10784000e+02 1.601901398738925e-19
1.10976000e+02 1.600515071003045e-19
1.11168000e+02 1.599132336342328e-19
1.11360000e+02 1.597753179262698e-19
1.11552000e+02 1.596377584363454e-19
1.11744000e+02 1.595005536336552e-19
1.11936000e+02 1.593637019965888e-19
1.12128000e+02 1.592272020126588e-19
1.12320000e+02 1.590910521784310e-19
1.12512000e+02 1.589552509994545e-19
1.12704000e+02 1.588197969901928e-19
1.12896000e+02 1.586846886739557e-19
1.13088000e+02 1.585499245828318e-19
1.13280000e+02 1.584155032576210e-19
1.13472000e+02 1.582814232477688e-19
1.13664000e+02 1.581476831113002e-19
1.13856000e+02 1.580142814147543e-19
1.14048000e+02 1.578812167331205e-19
1.14240000e+02 1.577484876497738e-19
1.14432000e+02 1.576160927564121e-19
1.14624000e+02 1.574840306529929e-19
1.14816000e+02 1.573522999476715e-19
1.15008000e+02 1.572208992567392e-19
1.15200000e+02 1.570898272045623e-19
1.15392000e+02 1.569590824235217e-19
1.15584000e+02 1.568286635539526e-19
1.15776000e+02 1.566985692440857e-19
1.15968000e+02 1.565687981499881e-19
1.16160000e+02 1.564393489355045e-19
1.16352000e+02 1.563102202722004e-19
1.16544000e+02 1.561814108393039e-19
1.16736000e+02 1.560529193236495e-19
1.16928000e+02 1.559247444196218e-19
1.17120000e+02 1.557968848290996e-19
1.17312000e+02 1.556693392614008e-19
1.17504000e+02 1.555421064332277e-19
1.17696000e+02 1.554151850686129e-19
1.17888000e+02 1.552885738988649e-19
1.18080000e+02 1.551622716625161e-19
1.18272000e+02 1.550362771052685e-19
1.18464000e+02 1.549105889799426e-19
1.18656000e+02 1.547852060464249e-19
1.18848000e+02 1.546601270716168e-19
1.19040000e+02 1.545353508293833e-19
1.19232000e+02 1.544108761005030e-19
1.19424000e+02 1.542867016726177e-19
1.19616000e+02 1.541628263401833e-19
1.19808000e+02 1.540392489044196e-19
1.20000000e+02 1.539159681732629e-19
1.20192000e+02 1.537929829613167e-19
1.20384000e+02 1.536702920898044e-19
1.20576000e+02 1.535478943865214e-19
1.20768000e+02 1.534257886857884e-19
1.20960000e+02 1.533039738284049e-19
1.21152000e+02 1.531824486616023e-19
1.21344000e+02 1.530612120389989e-19
1.21536000e+02 1.529402628205540e-19
1.21728000e+02 1.528195998725230e-19
1.21920000e+02 1.526992220674126e-19
1.22112000e+02 1.525791282839369e-19
1.22304000e+02 1.524593174069733e-19
1.22496000e+02 1.523397883275190e-19
1.22688000e+02 1.522205399426477e-19
1.22880000e+02 1.521015711554677e-19
1.23072000e+02 1.519828808750782e-19
1.23264000e+02 1.518644680165286e-19
1.23456000e+02 1.517463315007757e-19
1.23648000e+02 1.516284702546434e-19
1.23840000e+02 1.515108832107810e-19
1.24032000e+02 1.513935693076231e-19
1.24224000e+02 1.512765274893491e-19
1.24416000e+02 1.511597567058431e-19
1.24608000e+02 1.510432559126549e-19
1.24800000e+02 1.509270240709603e-19
1.24992000e+02 1.508110601475223e-19
1.25184000e+02 1.506953631146525e-19
1.25376000e+02 1.505799319501731e-19
1.25568000e+02 1.504647656373785e-19
1.25760000e+02 1.503498631649982e-19
1.25952000e+02 1.502352235271590e-19
1.26144000e+02 1.501208457233484e-19
1.26336000e+02 1.500067287583780e-19
1.26528000e+02 1.498928716423466e-19
1.26720000e+02 1.497792733906047e-19
1.26912000e+02 1.496659330237183e-19
1.27104000e+02 1.495528495674339e-19
1.27296000e+02 1.494400220526427e-19
1.27488000e+02 1.493274495153465e-19
1.27680000e+02 1.492151309966223e-19
1.27872000e+02 1.491030655425888e-19
1.28064000e+02 1.489912522043714e-19
1.28256000e+02 1.488796900380695e-19
1.28448000e+02 1.487683781047224e-19
1.28640000e+02 1.486573154702761e-19
1.28832000e+02 1.485465012055506e-19
1.29024000e+02 1.484359343862074e-19
1.29216000e+02 1.483256140927166e-19
1.29408000e+02 1.482155394103253e-19
1.29600000e+02 1.481057094290254e-19
1.29792000e+02 1.479961232435220e-19
1.29984000e+02 1.478867799532026e-19
1.30176000e+02 1.477776786621051e-19
1.30368000e+02 1.476688184788879e-19
1.30560000e+02 1.475601985167985e-19
1.30752000e+02 1.474518178936439e-19
1.30944000e+02 1.473436757317598e-19
1.31136000e+02 1.472357711579813e-19
1.31328000e+02 1.471281033036131e-19
1.31520000e+02 1.470206713044000e-19
1.31712000e+02 1.469134743004980e-19
1.31904000e+02 1.468065114364451e-19
1.32096000e+02 1.466997818611330e-19
1.32288000e+02 1.465932847277782e-19
1.32480000e+02 1.464870191938944e-19
1.32672000e+02 1.463809844212638e-19
1.32864000e+02 1.462751795759098e-19
1.33056000e+02 1.461696038280694e-19
1.33248000e+02 1.460642563521657e-19
1.33440000e+02 1.459591363267808e-19
1.33632000e+02 1.458542429346292e-19
1.33824000e+02 1.457495753625308e-19
1.34016000e+02 1.456451328013843e-19
1.34208000e+02 1.455409144461416e-19
1.34400000e+02 1.454369194957807e-19
1.34592000e+02 1.453331471532811e-19
1.34784000e+02 1.452295966255968e-19
1.34976000e+02 1.451262671236319e-19
1.35168000e+02 1.450231578622149e-19
1.35360000e+02 1.449202680600737e-19
1.35552000e+02 1.448175969398107e-19
1.35744000e+02 1.447151437278781e-19
1.35936000e+02 1.446129076545536e-19
1.36128000e+02 1.445108879539160e-19
1.36320000e+02 1.444090838638210e-19
1.36512000e+02 1.443074946258775e-19
1.36704000e+02 1.442061194854238e-19
1.36896000e+02 1.441049576915036e-19
1.37088000e+02 1.440040084968437e-19
1.37280000e+02 1.439032711578297e-19
1.37472000e+02 1.438027449344835e-19
1.37664000e+02 1.437024290904406e-19
1.37856000e+02 1.436023228929271e-19
1.38048000e+02 1.435024256127376e-19
1.38240000e+02 1.434027365242125e-19
1.38432000e+02 1.433032549052161e-19
1.38624000e+02 1.432039800371145e-19
1.38816000e+02 1.431049112047540e-19
1.39008000e+02 1.430060476964393e-19
1.39200000e+02 1.429073888039121e-19
1.39392000e+02 1.428089338223294e-19
1.39584000e+02 1.427106820502432e-19
1.39776000e+02 1.426126327895786e-19
1.39968000e+02 1.425147853456138e-19
1.40160000e+02 1.424171390269586e-19
1.40352000e+02 1.423196931455343e-19
1.40544000e+02 1.422224470165537e-19
1.40736000e+02 1.421253999585002e-19
1.40928000e+02 1.420285512931080e-19
1.41120000e+02 1.419319003453424e-19
1.41312000e+02 1.418354464433798e-19
1.41504000e+02 1.417391889185883e-19
1.41696000e+02 1.416431271055078e-19
1.41888000e+02 1.415472603418312e-19
1.42080000e+02 1.414515879683850e-19
1.42272000e+02 1.413561093291102e-19
1.42464000e+02 1.412608237710434e-19
1.42656000e+02 1.411657306442982e-19
1.42848000e+02 1.410708293020465e-19
1.43040000e+02 1.409761191004999e-19
1.43232000e+02 1.408815993988915e-19
1.43424000e+02 1.407872695594578e-19
1.43616000e+02 1.406931289474203e-19
1.43808000e+02 1.405991769309679e-19
1.44000000e+02 1.405054128812388e-19
1.44192000e+02 1.404118361723031e-19
1.44384000e+02 1.403184461811450e-19
1.44576000e+02 1.402252422876455e-19
1.44768000e+02 1.401322238745651e-19
1.44960000e+02 1.400393903275266e-19
1.45152000e+02 1.399467410349983e-19
1.45344000e+02 1.398542753882764e-19
1.45536000e+02 1.397619927814691e-19
1.45728000e+02 1.396698926114793e-19
1.45920000e+02 1.395779742779883e-19
1.46112000e+02 1.394862371834393e-19
1.46304000e+02 1.393946807330209e-19
1.46496000e+02 1.393033043346513e-19
1.46688000e+02 1.392121073989621e-19
1.46880000e+02 1.391210893392818e-19
1.47072000e+02 1.390302495716209e-19
1.47264000e+02 1.389395875146553e-19
1.47456000e+02 1.388491025897113e-19
1.47648000e+02 1.387587942207495e-19
1.47840000e+02 1.386686618343499e-19
1.48032000e+02 1.385787048596965e-19
1.48224000e+02 1.384889227285618e-19
1.48416000e+02 1.383993148752921e-19
1.48608000e+02 1.383098807367925e-19
1.48800000e+02 1.382206197525118e-19
1.48992000e+02 1.381315313644278e-19
1.49184000e+02 1.380426150170328e-19
1.49376000e+02 1.379538701573191e-19
1.49568000e+02 1.378652962347642e-19
1.49760000e+02 1.377768927013169e-19
1.49952000e+02 1.376886590113827e-19
1.50144000e+02 1.376005946218098e-19
1.50336000e+02 1.375126989918752e-19
1.50528000e+02 1.374249715832705e-19
1.50720000e+02 1.373374118600880e-19
1.50912000e+02 1.372500192888076e-19
1.51104000e+02 1.371627933382821e-19
1.51296000e+02 1.370757334797247e-19
1.51488000e+02 1.369888391866946e-19
1.51680000e+02 1.369021099350843e-19
1.51872000e+02 1.368155452031062e-19
1.52064000e+02 1.367291444712791e-19
1.52256000e+02 1.366429072224154e-19
1.52448000e+02 1.365568329416081e-19
1.52640000e+02 1.364709211162175e-19
1.52832000e+02 1.363851712358591e-19
1.53024000e+02 1.362995827923901e-19
1.53216000e+02 1.362141552798973e-19
1.53408000e+02 1.361288881946842e-19
1.53600000e+02 1.360437810352588e-19
1.53792000e+02 1.359588333023209e-19
1.53984000e+02 1.358740444987501e-19
1.54176000e+02 1.357894141295934e-19
1.54368000e+02 1.357049417020532e-19
1.54560000e+02 1.356206267254750e-19
1.54752000e+02 1.355364687113358e-19
1.54944000e+02 1.354524671732318e-19
1.55136000e+02 1.353686216268669e-19
1.55328000e+02 1.352849315900410e-19
1.55520000e+02 1.352013965826379e-19
1.55712000e+02 1.351180161266145e-19
1.55904000e+02 1.350347897459884e-19
1.56096000e+02 1.349517169668273e-19
1.56288000e+02 1.348687973172371e-19
1.56480000e+02 1.347860303273510e-19
1.56672000e+02 1.347034155293182e-19
1.56864000e+02 1.346209524572926e-19
1.57056000e+02 1.345386406474221e-19
1.57248000e+02 1.344564796378374e-19
1.57440000e+02 1.343744689686412e-19
1.57632000e+02 1.342926081818975e-19
1.57824000e+02 1.342108968216206e-19
1.58016000e+02 1.341293344337646e-19
1.58208000e+02 1.340479205662127e-19
1.58400000e+02 1.339666547687670e-19
1.58592000e+02 1.338855365931376e-19
1.58784000e+02 1.338045655929324e-19
1.58976000e+02 1.337237413236470e-19
1.59168000e+02 1.336430633426540e-19
1.59360000e+02 1.335625312091931e-19
1.59552000e+02 1.334821444843612e-19
1.59744000e+02 1.334019027311017e-19
1.59936000e+02 1.333218055141952e-19
1.60128000e+02 1.332418524002493e-19
1.60320000e+02 1.331620429576887e-19
1.60512000e+02 1.330823767567454e-19
1.60704000e+02 1.330028533694493e-19
1.60896000e+02 1.329234723696180e-19
1.61088000e+02 1.328442333328477e-19
1.61280000e+02 1.327651358365033e-19
1.61472000e+02 1.326861794597094e-19
1.61664000e+02 1.326073637833403e-19
1.61856000e+02 1.325286883900112e-19
1.62048000e+02 1.324501528640685e-19
1.62240000e+02 1.323717567915808e-19
1.62432000e+02 1.322934997603297e-19
1.62624000e+02 1.322153813598007e-19
1.62816000e+02 1.321374011811742e-19
1.63008000e+02 1.320595588173162e-19
1.63200000e+02 1.319818538627701e-19
1.63392000e+02 1.319042859137468e-19
1.63584000e+02 1.318268545681168e-19
1.63776000e+02 1.317495594254010e-19
1.63968000e+02 1.316724000867622e-19
1.64160000e+02 1.315953761549961e-19
1.64352000e+02 1.315184872345231e-19
1.64544000e+02 1.314417329313797e-19
1.64736000e+02 1.313651128532098e-19
1.64928000e+02 1.312886266092565e-19
1.65120000e+02 1.312122738103536e-19
1.65312000e+02 1.311360540689174e-19
1.65504000e+02 1.310599669989384e-19
1.65696000e+02 1.309840122159729e-19
1.65888000e+02 1.309081893371353e-19
1.66080000e+02 1.308324979810893e-19
1.66272000e+02 1.307569377680405e-19
1.66464000e+02 1.306815083197282e-19
1.66656000e+02 1.306062092594172e-19
1.66848000e+02 1.305310402118902e-19
1.67040000e+02 1.304560008034397e-19
1.67232000e+02 1.303810906618605e-19
1.67424000e+02 1.303063094164416e-19
1.67616000e+02 1.302316566979589e-19
1.67808000e+02 1.301571321386670e-19
1.68000000e+02 1.300827353722921e-19
1.68192000e+02 1.300084660340243e-19
1.68384000e+02 1.299343237605098e-19
1.68576000e+02 1.298603081898438e-19
1.68768000e+02 1.297864189615631e-19
1.68960000e+02 1.297126557166382e-19
1.69152000e+02 1.296390180974667e-19
1.69344000e+02 1.295655057478655e-19
1.69536000e+02 1.294921183130637e-19
1.69728000e+02 1.294188554396953e-19
1.69920000e+02 1.293457167757926e-19
1.70112000e+02 1.292727019707783e-19
1.70304000e+02 1.291998106754590e-19
1.70496000e+02 1.291270425420181e-19
1.70688000e+02 1.290543972240084e-19
1.70880000e+02 1.289818743763458e-19
1.71072000e+02 1.289094736553021e-19
1.71264000e+02 1.288371947184982e-19
1.71456000e+02 1.287650372248972e-19
1.71648000e+02 1.286930008347978e-19
1.71840000e+02 1.286210852098274e-19
1.72032000e+02 1.285492900129357e-19
1.72224000e+02 1.284776149083878e-19
1.72416000e+02 1.284060595617577e-19
1.72608000e+02 1.283346236399218e-19
1.72800000e+02 1.282633068110524e-19
1.72992000e+02 1.281921087446110e-19
1.73184000e+02 1.281210291113422e-19
1.73376000e+02 1.280500675832670e-19
1.73568000e+02 1.279792238336766e-19
1.73760000e+02 1.279084975371262e-19
1.73952000e+02 1.278378883694285e-19
1.74144000e+02 1.277673960076475e-19
1.74336000e+02 1.276970201300924e-19
1.74528000e+02 1.276267604163114e-19
1.74720000e+02 1.275566165470853e-19
1.74912000e+02 1.274865882044221e-19
1.75104000e+02 1.274166750715501e-19
1.75296000e+02 1.273468768329125e-19
1.75488000e+02 1.272771931741611e-19
1.75680000e+02 1.272076237821505e-19
1.75872000e+02 1.271381683449321e-19
1.76064000e+02 1.270688265517485e-19
1.76256000e+02 1.269995980930269e-19
1.76448000e+02 1.269304826603743e-19
1.76640000e+02 1.268614799465712e-19
1.76832000e+02 1.267925896455657e-19
1.77024000e+02 1.267238114524683e-19
1.77216000e+02 1.266551450635456e-19
1.77408000e+02 1.265865901762152e-19
1.77600000e+02 1.265181464890401e-19
1.77792000e+02 1.264498137017227e-19
1.77984000e+02 1.263815915150996e-19
1.78176000e+02 1.263134796311359e-19
1.78368000e+02 1.262454777529200e-19
1.78560000e+02 1.261775855846581e-19
1.78752000e+02 1.261098028316683e-19
1.78944000e+02 1.260421292003762e-19
1.79136000e+02 1.259745643983085e-19
1.79328000e+02 1.259071081340884e-19
1.79520000e+02 1.258397601174301e-19
1.79712000e+02 1.257725200591336e-19
1.79904000e+02 1.257053876710793e-19
1.80096000e+02 1.256383626662231e-19
1.80288000e+02 1.255714447585911e-19
1.80480000e+02 1.255046336632744e-19
1.80672000e+02 1.254379290964241e-19
1.80864000e+02 1.253713307752463e-19
1.81056000e+02 1.253048384179968e-19
1.81248000e+02 1.252384517439765e-19
1.81440000e+02 1.251721704735262e-19
1.81632000e+02 1.251059943280213e-19
1.81824000e+02 1.250399230298678e-19
1.82016000e+02 1.249739563024963e-19
1.82208000e+02 1.249080938703581e-19
1.82400000e+02 1.248423354589197e-19
1.82592000e+02 1.247766807946582e-19
1.82784000e+02 1.247111296050568e-19
1.82976000e+02 1.246456816185997e-19
1.83168000e+02 1.245803365647674e-19
1.83360000e+02 1.245150941740322e-19
1.83552000e+02 1.244499541778535e-19
1.83744000e+02 1.243849163086727e-19
1.83936000e+02 1.243199802999095e-19
1.84128000e+02 1.242551458859564e-19
1.84320000e+02 1.241904128021746e-19
1.84512000e+02 1.241257807848894e-19
1.84704000e+02 1.240612495713858e-19
1.84896000e+02 1.239968188999036e-19
1.85088000e+02 1.239324885096334e-19
1.85280000e+02 1.238682581407119e-19
1.85472000e+02 1.238041275342178e-19
1.85664000e+02 1.237400964321668e-19
1.85856000e+02 1.236761645775080e-19
1.86048000e+02 1.236123317141190e-19
1.86240000e+02 1.235485975868019e-19
1.86432000e+02 1.234849619412788e-19
1.86624000e+02 1.234214245241878e-19
1.86816000e+02 1.233579850830784e-19
1.87008000e+02 1.232946433664076e-19
1.87200000e+02 1.232313991235357e-19
1.87392000e+02 1.231682521047219e-19
1.87584000e+02 1.231052020611203e-19
1.87776000e+02 1.230422487447759e-19
1.87968000e+02 1.229793919086204e-19
1.88160000e+02 1.229166313064678e-19
1.88352000e+02 1.228539666930111e-19
1.88544000e+02 1.227913978238176e-19
1.88736000e+02 1.227289244553250e-19
1.88928000e+02 1.226665463448380e-19
1.89120000e+02 1.226042632505232e-19
1.89312000e+02 1.225420749314066e-19
1.89504000e+02 1.224799811473684e-19
1.89696000e+02 1.224179816591399e-19
1.89888000e+02 1.223560762282993e-19
1.90080000e+02 1.222942646172679e-19
1.90272000e+02 1.222325465893062e-19
1.90464000e+02 1.221709219085104e-19
1.90656000e+02 1.221093903398083e-19
1.90848000e+02 1.220479516489555e-19
1.91040000e+02 1.219866056025320e-19
1.91232000e+02 1.219253519679380e-19
1.91424000e+02 1.218641905133908e-19
1.91616000e+02 1.218031210079203e-19
1.91808000e+02 1.217421432213664e-19
1.92000000e+02 1.216812569243741e-19
1.92192000e+02 1.216204618883911e-19
-----------------------------
