SPECIES: e / A
PROCESS: E + A -> E + A, Elastic
PARAM.:  m/M = 0.0000195921, complete set
COMMENT: [e + A(gnd) -> e + A(gnd), Elastic]
UPDATED: 2018-06-05 11:00:00
COLUMNS: Energy (eV) | Cross section (m2)
-----------------------------
0.00000000e+00 8.719607784995426e-18
1.25000000e-01 4.768911851603504e-18
2.50000000e-01 3.372129909149732e-18
3.75000000e-01 2.753332541264880e-18
5.00000000e-01 2.384455925801752e-18
6.25000000e-01 2.132722215777965e-18
7.50000000e-01 1.946900110789986e-18
8.75000000e-01 1.802479254818777e-18
1.00000000e+00 1.686064954574866e-18
1.12500000e+00 1.589637283867835e-18
1.25000000e+00 1.508062341163798e-18
1.37500000e+00 1.437881024549805e-18
1.50000000e+00 1.376666270632440e-18
1.62500000e+00 1.322658169932642e-18
1.75000000e+00 1.274545304030432e-18
1.87500000e+00 1.231327745386103e-18
2.00000000e+00 1.192227962900876e-18
2.12500000e+00 1.156631016671832e-18
2.25000000e+00 1.124043303049911e-18
2.37500000e+00 1.094063412199637e-18
2.50000000e+00 1.066361107888983e-18
2.62500000e+00 1.040661882978337e-18
2.75000000e+00 1.016735422998628e-18
2.87500000e+00 9.943868604269441e-19
3.00000000e+00 9.734500553949932e-19
3.12500000e+00 9.537823703207009e-19
3.25000000e+00 9.352605611511604e-19
3.37500000e+00 9.177775137549599e-19
3.50000000e+00 9.012396274093884e-19
3.62500000e+00 8.855646990200633e-19
3.75000000e+00 8.706801986256561e-19
3.87500000e+00 8.565218534463138e-19
4.00000000e+00 8.430324772874330e-19
4.12500000e+00 8.301609965864847e-19
4.25000000e+00 8.178616352193430e-19
4.37500000e+00 8.060932283615900e-19
4.50000000e+00 7.948186419339174e-19
4.62500000e+00 7.840042789521324e-19
4.75000000e+00 7.736196578144566e-19
4.87500000e+00 7.636370504564688e-19
5.00000000e+00 7.540311705818992e-19
5.12500000e+00 7.447789039800772e-19
5.25000000e+00 7.358590743763432e-19
5.37500000e+00 7.272522394117490e-19
5.50000000e+00 7.189405122749025e-19
5.62500000e+00 7.109074052593217e-19
5.75000000e+00 7.031376921306932e-19
5.87500000e+00 6.956172866883538e-19
6.00000000e+00 6.883331353162199e-19
6.12500000e+00 6.812731216576435e-19
6.25000000e+00 6.744259818299465e-19
6.37500000e+00 6.677812288285527e-19
6.50000000e+00 6.613290849663212e-19
6.62500000e+00 6.550604213578442e-19
6.75000000e+00 6.489667035966621e-19
6.87500000e+00 6.430399428900816e-19
7.00000000e+00 6.372726520152160e-19
7.12500000e+00 6.316578055439813e-19
7.25000000e+00 6.261888038565106e-19
7.37500000e+00 6.208594405238046e-19
7.50000000e+00 6.156638726930515e-19
7.62500000e+00 6.105965941543225e-19
7.75000000e+00 6.056524108063587e-19
7.87500000e+00 6.008264182729255e-19
8.00000000e+00 5.961139814504381e-19
8.12500000e+00 5.915107157929714e-19
8.25000000e+00 5.870124701628857e-19
8.37500000e+00 5.826153110945989e-19
8.50000000e+00 5.783155083359160e-19
8.62500000e+00 5.741095215461230e-19
8.75000000e+00 5.699939880430365e-19
8.87500000e+00 5.659657115026327e-19
9.00000000e+00 5.620216515249554e-19
9.12500000e+00 5.581589139888973e-19
9.25000000e+00 5.543747421263225e-19
9.37500000e+00 5.506665082529759e-19
9.50000000e+00 5.470317060998187e-19
9.62500000e+00 5.434679436939348e-19
9.75000000e+00 5.399729367430628e-19
9.87500000e+00 5.365445024821825e-19
1.00000000e+01 5.331805539444913e-19
1.01250000e+01 5.298790946226116e-19
1.02500000e+01 5.266382134889971e-19
1.03750000e+01 5.234560803473226e-19
1.05000000e+01 5.203309414891683e-19
1.06250000e+01 5.172611156325818e-19
1.07500000e+01 5.142449901211503e-19
1.08750000e+01 5.112810173640635e-19
1.10000000e+01 5.083677114993139e-19
1.11250000e+01 5.055036452636919e-19
1.12500000e+01 5.026874470545994e-19
1.13750000e+01 4.999177981699400e-19
1.15000000e+01 4.971934302134721e-19
1.16250000e+01 4.945131226540265e-19
1.17500000e+01 4.918757005279217e-19
1.18750000e+01 4.892800322747524e-19
1.20000000e+01 4.867250276974966e-19
1.21250000e+01 4.842096360385884e-19
1.22500000e+01 4.817328441642475e-19
1.23750000e+01 4.792936748499350e-19
1.25000000e+01 4.768911851603505e-19
1.26250000e+01 4.745244649178667e-19
1.27500000e+01 4.721926352537552e-19
1.28750000e+01 4.698948472369624e-19
1.30000000e+01 4.676302805755802e-19
1.31250000e+01 4.653981423864984e-19
1.32500000e+01 4.631976660290487e-19
1.33750000e+01 4.610281099987427e-19
1.35000000e+01 4.588887568774800e-19
1.36250000e+01 4.567789123368507e-19
1.37500000e+01 4.546979041913870e-19
1.38750000e+01 4.526450814988321e-19
1.40000000e+01 4.506198137046942e-19
1.41250000e+01 4.486214898285278e-19
1.42500000e+01 4.466495176895627e-19
1.43750000e+01 4.447033231694486e-19
1.45000000e+01 4.427823495100317e-19
1.46250000e+01 4.408860566442141e-19
1.47500000e+01 4.390139205580682e-19
1.48750000e+01 4.371654326824957e-19
1.50000000e+01 4.353400993128281e-19
1.51250000e+01 4.335374410548640e-19
1.52500000e+01 4.317569922959317e-19
1.53750000e+01 4.299983006996520e-19
1.55000000e+01 4.282609267231569e-19
1.56250000e+01 4.265444431555930e-19
1.57500000e+01 4.248484346768106e-19
1.58750000e+01 4.231724974352022e-19
1.60000000e+01 4.215162386437165e-19
1.61250000e+01 4.198792761931314e-19
1.62500000e+01 4.182612382817187e-19
1.63750000e+01 4.166617630604884e-19
1.65000000e+01 4.150804982932424e-19
1.66250000e+01 4.135171010307129e-19
1.67500000e+01 4.119712372981008e-19
1.68750000e+01 4.104425817953678e-19
1.70000000e+01 4.089308176096715e-19
1.71250000e+01 4.074356359393671e-19
1.72500000e+01 4.059567358290279e-19
1.73750000e+01 4.044938239149705e-19
1.75000000e+01 4.030466141807950e-19
1.76250000e+01 4.016148277224781e-19
1.77500000e+01 4.001981925225808e-19
1.78750000e+01 3.987964432331552e-19
1.80000000e+01 3.974093209669587e-19
1.81250000e+01 3.960365730966006e-19
1.82500000e+01 3.946779530612682e-19
1.83750000e+01 3.933332201806971e-19
1.85000000e+01 3.920021394760662e-19
1.86250000e+01 3.906844814975152e-19
1.87500000e+01 3.893800221579973e-19
1.88750000e+01 3.880885425731932e-19
1.90000000e+01 3.868098289072283e-19
1.91250000e+01 3.855436722239440e-19
1.92500000e+01 3.842898683434901e-19
1.93750000e+01 3.830482177040140e-19
1.95000000e+01 3.818185252282344e-19
1.96250000e+01 3.806006001946960e-19
1.97500000e+01 3.793942561135136e-19
1.98750000e+01 3.781993106064210e-19
2.00000000e+01 3.770155852909496e-19
2.01250000e+01 3.758429056685699e-19
2.02500000e+01 3.746811010166369e-19
2.03750000e+01 3.735300042839864e-19
2.05000000e+01 3.723894519900386e-19
2.06250000e+01 3.712592841272702e-19
2.07500000e+01 3.701393440669221e-19
2.08750000e+01 3.690294784678180e-19
2.10000000e+01 3.679295371881716e-19
2.11250000e+01 3.668393732002696e-19
2.12500000e+01 3.657588425079175e-19
2.13750000e+01 3.646878040665458e-19
2.15000000e+01 3.636261197058745e-19
2.16250000e+01 3.625736540550388e-19
2.17500000e+01 3.615302744700862e-19
2.18750000e+01 3.604958509637554e-19
2.20000000e+01 3.594702561374513e-19
2.21250000e+01 3.584533651153390e-19
2.22500000e+01 3.574450554804755e-19
2.23750000e+01 3.564452072129072e-19
2.25000000e+01 3.554537026296608e-19
2.26250000e+01 3.544704263265620e-19
2.27500000e+01 3.534952651218124e-19
2.28750000e+01 3.525281080012668e-19
2.30000000e+01 3.515688460653466e-19
2.31250000e+01 3.506173724775351e-19
2.32500000e+01 3.496735824143970e-19
2.33750000e+01 3.487373730170698e-19
2.35000000e+01 3.478086433441769e-19
2.36250000e+01 3.468872943261122e-19
2.37500000e+01 3.459732287206503e-19
2.38750000e+01 3.450663510698357e-19
2.40000000e+01 3.441665676581099e-19
2.41250000e+01 3.432737864716323e-19
2.42500000e+01 3.423879171587560e-19
2.43750000e+01 3.415088709916202e-19
2.45000000e+01 3.406365608288218e-19
2.46250000e+01 3.397709010791296e-19
2.47500000e+01 3.389118076662093e-19
2.48750000e+01 3.380591979943226e-19
2.50000000e+01 3.372129909149733e-19
2.51250000e+01 3.363731066944642e-19
2.52500000e+01 3.355394669823415e-19
2.53750000e+01 3.347119947806932e-19
2.55000000e+01 3.338906144142763e-19
2.56250000e+01 3.330752515014483e-19
2.57500000e+01 3.322658329258729e-19
2.58750000e+01 3.314622868089814e-19
2.60000000e+01 3.306645424831606e-19
2.61250000e+01 3.298725304656487e-19
2.62500000e+01 3.290861824331154e-19
2.63750000e+01 3.283054311969048e-19
2.65000000e+01 3.275302106789221e-19
2.66250000e+01 3.267604558881430e-19
2.67500000e+01 3.259961028977285e-19
2.68750000e+01 3.252370888227245e-19
2.70000000e+01 3.244833517983310e-19
2.71250000e+01 3.237348309587225e-19
2.72500000e+01 3.229914664164027e-19
2.73750000e+01 3.222531992420791e-19
2.75000000e+01 3.215199714450408e-19
2.76250000e+01 3.207917259540257e-19
2.77500000e+01 3.200684065985617e-19
2.78750000e+01 3.193499580907685e-19
2.80000000e+01 3.186363260076080e-19
2.81250000e+01 3.179274567735670e-19
2.82500000e+01 3.172232976437637e-19
2.83750000e+01 3.165237966874632e-19
2.85000000e+01 3.158289027719906e-19
2.86250000e+01 3.151385655470318e-19
2.87500000e+01 3.144527354293098e-19
2.88750000e+01 3.137713635876256e-19
2.90000000e+01 3.130944019282553e-19
2.91250000e+01 3.124218030806915e-19
2.92500000e+01 3.117535203837201e-19
2.93750000e+01 3.110895078718237e-19
2.95000000e+01 3.104297202619023e-19
2.96250000e+01 3.097741129403019e-19
2.97500000e+01 3.091226419501439e-19
2.98750000e+01 3.084752639789456e-19
3.00000000e+01 3.078319363465258e-19
3.01250000e+01 3.071926169931853e-19
3.02500000e+01 3.065572644681575e-19
3.03750000e+01 3.059258379183200e-19
3.05000000e+01 3.052982970771613e-19
3.06250000e+01 3.046746022539950e-19
3.07500000e+01 3.040547143234161e-19
3.08750000e+01 3.034385947149913e-19
3.10000000e+01 3.028262054031793e-19
3.11250000e+01 3.022175088974731e-19
3.12500000e+01 3.016124682327596e-19
3.13750000e+01 3.010110469598913e-19
3.15000000e+01 3.004132091364628e-19
3.16250000e+01 2.998189193177889e-19
3.17500000e+01 2.992281425480783e-19
3.18750000e+01 2.986408443517972e-19
3.20000000e+01 2.980569907252190e-19
3.21250000e+01 2.974765481281553e-19
3.22500000e+01 2.968994834758625e-19
3.23750000e+01 2.963257641311219e-19
3.25000000e+01 2.957553578964857e-19
3.26250000e+01 2.951882330066878e-19
3.27500000e+01 2.946243581212139e-19
3.28750000e+01 2.940637023170266e-19
3.30000000e+01 2.935062350814428e-19
3.31250000e+01 2.929519263051589e-19
3.32500000e+01 2.924007462754198e-19
3.33750000e+01 2.918526656693297e-19
3.35000000e+01 2.913076555472994e-19
3.36250000e+01 2.907656873466288e-19
3.37500000e+01 2.902267328752187e-19
3.38750000e+01 2.896907643054120e-19
3.40000000e+01 2.891577541679580e-19
3.41250000e+01 2.886276753460999e-19
3.42500000e+01 2.881005010697800e-19
3.43750000e+01 2.875762049099610e-19
3.45000000e+01 2.870547607730615e-19
3.46250000e+01 2.865361428955009e-19
3.47500000e+01 2.860203258383529e-19
3.48750000e+01 2.855072844821046e-19
3.50000000e+01 2.849969940215182e-19
3.51250000e+01 2.844894299605941e-19
3.52500000e+01 2.839845681076313e-19
3.53750000e+01 2.834823845703848e-19
3.55000000e+01 2.829828557513164e-19
3.56250000e+01 2.824859583429371e-19
3.57500000e+01 2.819916693232401e-19
3.58750000e+01 2.814999659512197e-19
3.60000000e+01 2.810108257624777e-19
3.61250000e+01 2.805242265649120e-19
3.62500000e+01 2.800401464344881e-19
3.63750000e+01 2.795585637110898e-19
3.65000000e+01 2.790794569944486e-19
3.66250000e+01 2.786028051401498e-19
3.67500000e+01 2.781285872557123e-19
3.68750000e+01 2.776567826967429e-19
3.70000000e+01 2.771873710631613e-19
3.71250000e+01 2.767203321954949e-19
3.72500000e+01 2.762556461712433e-19
3.73750000e+01 2.757932933013077e-19
3.75000000e+01 2.753332541264880e-19
3.76250000e+01 2.748755094140421e-19
3.77500000e+01 2.744200401543090e-19
3.78750000e+01 2.739668275573935e-19
3.80000000e+01 2.735158530499094e-19
3.81250000e+01 2.730670982717832e-19
3.82500000e+01 2.726205450731144e-19
3.83750000e+01 2.721761755110922e-19
3.85000000e+01 2.717339718469674e-19
3.86250000e+01 2.712939165430783e-19
3.87500000e+01 2.708559922599293e-19
3.88750000e+01 2.704201818533209e-19
3.90000000e+01 2.699864683715314e-19
3.91250000e+01 2.695548350525466e-19
3.92500000e+01 2.691252653213396e-19
3.93750000e+01 2.686977427871966e-19
3.95000000e+01 2.682722512410912e-19
3.96250000e+01 2.678487746531022e-19
3.97500000e+01 2.674272971698777e-19
3.98750000e+01 2.670078031121418e-19
4.00000000e+01 2.665902769722457e-19
4.01250000e+01 2.661747034117585e-19
4.02500000e+01 2.657610672591017e-19
4.03750000e+01 2.653493535072223e-19
4.05000000e+01 2.649395473113058e-19
4.06250000e+01 2.645316339865284e-19
4.07500000e+01 2.641255990058469e-19
4.08750000e+01 2.637214279978252e-19
4.10000000e+01 2.633191067444985e-19
4.11250000e+01 2.629186211792722e-19
4.12500000e+01 2.625199573848559e-19
4.13750000e+01 2.621231015912328e-19
4.15000000e+01 2.617280401736613e-19
4.16250000e+01 2.613347596507108e-19
4.17500000e+01 2.609432466823291e-19
4.18750000e+01 2.605534880679421e-19
4.20000000e+01 2.601654707445842e-19
4.21250000e+01 2.597791817850596e-19
4.22500000e+01 2.593946083961333e-19
4.23750000e+01 2.590117379167515e-19
4.25000000e+01 2.586305578162909e-19
4.26250000e+01 2.582510556928363e-19
4.27500000e+01 2.578732192714856e-19
4.28750000e+01 2.574970364026824e-19
4.30000000e+01 2.571224950605751e-19
4.31250000e+01 2.567495833414023e-19
4.32500000e+01 2.563782894619033e-19
4.33750000e+01 2.560086017577548e-19
4.35000000e+01 2.556405086820317e-19
4.36250000e+01 2.552739988036921e-19
4.37500000e+01 2.549090608060864e-19
4.38750000e+01 2.545456834854896e-19
4.40000000e+01 2.541838557496569e-19
4.41250000e+01 2.538235666164013e-19
4.42500000e+01 2.534648052121937e-19
4.43750000e+01 2.531075607707842e-19
4.45000000e+01 2.527518226318460e-19
4.46250000e+01 2.523975802396381e-19
4.47500000e+01 2.520448231416907e-19
4.48750000e+01 2.516935409875094e-19
4.50000000e+01 2.513437235272997e-19
4.51250000e+01 2.509953606107108e-19
4.52500000e+01 2.506484421855985e-19
4.53750000e+01 2.503029582968072e-19
4.55000000e+01 2.499588990849700e-19
4.56250000e+01 2.496162547853265e-19
4.57500000e+01 2.492750157265593e-19
4.58750000e+01 2.489351723296473e-19
4.60000000e+01 2.485967151067360e-19
4.61250000e+01 2.482596346600257e-19
4.62500000e+01 2.479239216806747e-19
4.63750000e+01 2.475895669477199e-19
4.65000000e+01 2.472565613270132e-19
4.66250000e+01 2.469248957701732e-19
4.67500000e+01 2.465945613135525e-19
4.68750000e+01 2.462655490772207e-19
4.70000000e+01 2.459378502639609e-19
4.71250000e+01 2.456114561582825e-19
4.72500000e+01 2.452863581254477e-19
4.73750000e+01 2.449625476105115e-19
4.75000000e+01 2.446400161373762e-19
4.76250000e+01 2.443187553078602e-19
4.77500000e+01 2.439987568007787e-19
4.78750000e+01 2.436800123710391e-19
4.80000000e+01 2.433625138487483e-19
4.81250000e+01 2.430462531383333e-19
4.82500000e+01 2.427312222176742e-19
4.83750000e+01 2.424174131372496e-19
4.85000000e+01 2.421048180192942e-19
4.86250000e+01 2.417934290569678e-19
4.87500000e+01 2.414832385135365e-19
4.88750000e+01 2.411742387215657e-19
4.90000000e+01 2.408664220821238e-19
4.91250000e+01 2.405597810639970e-19
4.92500000e+01 2.402543082029162e-19
4.93750000e+01 2.399499961007930e-19
4.95000000e+01 2.396468374249675e-19
4.96250000e+01 2.393448249074665e-19
4.97500000e+01 2.390439513442713e-19
4.98750000e+01 2.387442095945958e-19
5.00000000e+01 2.384455925801752e-19
5.01250000e+01 2.381480932845637e-19
5.02500000e+01 2.378517047524417e-19
5.03750000e+01 2.375564200889336e-19
5.05000000e+01 2.372622324589334e-19
5.06250000e+01 2.369691350864406e-19
5.07500000e+01 2.366771212539044e-19
5.08750000e+01 2.363861843015775e-19
5.10000000e+01 2.360963176268776e-19
5.11250000e+01 2.358075146837585e-19
5.12500000e+01 2.355197689820888e-19
5.13750000e+01 2.352330740870400e-19
5.15000000e+01 2.349474236184812e-19
5.16250000e+01 2.346628112503835e-19
5.17500000e+01 2.343792307102310e-19
5.18750000e+01 2.340966757784410e-19
5.20000000e+01 2.338151402877901e-19
5.21250000e+01 2.335346181228493e-19
5.22500000e+01 2.332551032194262e-19
5.23750000e+01 2.329765895640142e-19
5.25000000e+01 2.326990711932492e-19
5.26250000e+01 2.324225421933732e-19
5.27500000e+01 2.321469966997049e-19
5.28750000e+01 2.318724288961179e-19
5.30000000e+01 2.315988330145244e-19
5.31250000e+01 2.313262033343664e-19
5.32500000e+01 2.310545341821137e-19
5.33750000e+01 2.307838199307675e-19
5.35000000e+01 2.305140549993713e-19
5.36250000e+01 2.302452338525274e-19
5.37500000e+01 2.299773509999199e-19
5.38750000e+01 2.297104009958438e-19
5.40000000e+01 2.294443784387400e-19
5.41250000e+01 2.291792779707360e-19
5.42500000e+01 2.289150942771934e-19
5.43750000e+01 2.286518220862593e-19
5.45000000e+01 2.283894561684254e-19
5.46250000e+01 2.281279913360913e-19
5.47500000e+01 2.278674224431337e-19
5.48750000e+01 2.276077443844810e-19
5.50000000e+01 2.273489520956935e-19
5.51250000e+01 2.270910405525478e-19
5.52500000e+01 2.268340047706282e-19
5.53750000e+01 2.265778398049211e-19
5.55000000e+01 2.263225407494161e-19
5.56250000e+01 2.260681027367110e-19
5.57500000e+01 2.258145209376222e-19
5.58750000e+01 2.255617905607998e-19
5.60000000e+01 2.253099068523471e-19
5.61250000e+01 2.250588650954452e-19
5.62500000e+01 2.248086606099822e-19
5.63750000e+01 2.245592887521862e-19
5.65000000e+01 2.243107449142639e-19
5.66250000e+01 2.240630245240426e-19
5.67500000e+01 2.238161230446173e-19
5.68750000e+01 2.235700359740012e-19
5.70000000e+01 2.233247588447814e-19
5.71250000e+01 2.230802872237779e-19
5.72500000e+01 2.228366167117075e-19
5.73750000e+01 2.225937429428509e-19
5.75000000e+01 2.223516615847243e-19
5.76250000e+01 2.221103683377548e-19
5.77500000e+01 2.218698589349598e-19
5.78750000e+01 2.216301291416299e-19
5.80000000e+01 2.213911747550158e-19
5.81250000e+01 2.211529916040189e-19
5.82500000e+01 2.209155755488852e-19
5.83750000e+01 2.206789224809036e-19
5.85000000e+01 2.204430283221071e-19
5.86250000e+01 2.202078890249770e-19
5.87500000e+01 2.199735005721524e-19
5.88750000e+01 2.197398589761409e-19
5.90000000e+01 2.195069602790341e-19
5.91250000e+01 2.192748005522261e-19
5.92500000e+01 2.190433758961349e-19
5.93750000e+01 2.188126824399275e-19
5.95000000e+01 2.185827163412478e-19
5.96250000e+01 2.183534737859480e-19
5.97500000e+01 2.181249509878228e-19
5.98750000e+01 2.178971441883466e-19
6.00000000e+01 2.176700496564140e-19
6.01250000e+01 2.174436636880836e-19
6.02500000e+01 2.172179826063232e-19
6.03750000e+01 2.169930027607600e-19
6.05000000e+01 2.167687205274320e-19
6.06250000e+01 2.165451323085432e-19
6.07500000e+01 2.163222345322207e-19
6.08750000e+01 2.161000236522756e-19
6.10000000e+01 2.158784961479659e-19
6.11250000e+01 2.156576485237616e-19
6.12500000e+01 2.154374773091141e-19
6.13750000e+01 2.152179790582261e-19
6.15000000e+01 2.149991503498260e-19
6.16250000e+01 2.147809877869432e-19
6.17500000e+01 2.145634879966869e-19
6.18750000e+01 2.143466476300272e-19
6.20000000e+01 2.141304633615784e-19
6.21250000e+01 2.139149318893849e-19
6.22500000e+01 2.137000499347090e-19
6.23750000e+01 2.134858142418220e-19
6.25000000e+01 2.132722215777965e-19
6.26250000e+01 2.130592687323019e-19
6.27500000e+01 2.128469525174015e-19
6.28750000e+01 2.126352697673519e-19
6.30000000e+01 2.124242173384053e-19
6.31250000e+01 2.122137921086129e-19
6.32500000e+01 2.120039909776309e-19
6.33750000e+01 2.117948108665292e-19
6.35000000e+01 2.115862487176011e-19
6.36250000e+01 2.113783014941756e-19
6.37500000e+01 2.111709661804321e-19
6.38750000e+01 2.109642397812162e-19
6.40000000e+01 2.107581193218583e-19
6.41250000e+01 2.105526018479937e-19
6.42500000e+01 2.103476844253850e-19
6.43750000e+01 2.101433641397454e-19
6.45000000e+01 2.099396380965657e-19
6.46250000e+01 2.097365034209412e-19
6.47500000e+01 2.095339572574017e-19
6.48750000e+01 2.093319967697429e-19
6.50000000e+01 2.091306191408594e-19
6.51250000e+01 2.089298215725798e-19
6.52500000e+01 2.087296012855036e-19
6.53750000e+01 2.085299555188392e-19
6.55000000e+01 2.083308815302442e-19
6.56250000e+01 2.081323765956673e-19
6.57500000e+01 2.079344380091917e-19
6.58750000e+01 2.077370630828801e-19
6.60000000e+01 2.075402491466212e-19
6.61250000e+01 2.073439935479784e-19
6.62500000e+01 2.071482936520396e-19
6.63750000e+01 2.069531468412682e-19
6.65000000e+01 2.067585505153565e-19
6.66250000e+01 2.065645020910799e-19
6.67500000e+01 2.063709990021533e-19
6.68750000e+01 2.061780386990878e-19
6.70000000e+01 2.059856186490504e-19
6.71250000e+01 2.057937363357239e-19
6.72500000e+01 2.056023892591687e-19
6.73750000e+01 2.054115749356864e-19
6.75000000e+01 2.052212908976839e-19
6.76250000e+01 2.050315346935395e-19
6.77500000e+01 2.048423038874707e-19
6.78750000e+01 2.046535960594020e-19
6.80000000e+01 2.044654088048358e-19
6.81250000e+01 2.042777397347231e-19
6.82500000e+01 2.040905864753365e-19
6.83750000e+01 2.039039466681439e-19
6.85000000e+01 2.037178179696836e-19
6.86250000e+01 2.035321980514408e-19
6.87500000e+01 2.033470845997255e-19
6.88750000e+01 2.031624753155510e-19
6.90000000e+01 2.029783679145140e-19
6.91250000e+01 2.027947601266761e-19
6.92500000e+01 2.026116496964463e-19
6.93750000e+01 2.024290343824642e-19
6.95000000e+01 2.022469119574852e-19
6.96250000e+01 2.020652802082663e-19
6.97500000e+01 2.018841369354529e-19
6.98750000e+01 2.017034799534672e-19
7.00000000e+01 2.015233070903975e-19
7.01250000e+01 2.013436161878882e-19
7.02500000e+01 2.011644051010315e-19
7.03750000e+01 2.009856716982598e-19
7.05000000e+01 2.008074138612390e-19
7.06250000e+01 2.006296294847637e-19
7.07500000e+01 2.004523164766518e-19
7.08750000e+01 2.002754727576419e-19
7.10000000e+01 2.000990962612904e-19
7.11250000e+01 1.999231849338705e-19
7.12500000e+01 1.997477367342714e-19
7.13750000e+01 1.995727496338991e-19
7.15000000e+01 1.993982216165776e-19
7.16250000e+01 1.992241506784516e-19
7.17500000e+01 1.990505348278897e-19
7.18750000e+01 1.988773720853888e-19
7.20000000e+01 1.987046604834794e-19
7.21250000e+01 1.985323980666311e-19
7.22500000e+01 1.983605828911608e-19
7.23750000e+01 1.981892130251390e-19
7.25000000e+01 1.980182865483003e-19
7.26250000e+01 1.978478015519515e-19
7.27500000e+01 1.976777561388831e-19
7.28750000e+01 1.975081484232800e-19
7.30000000e+01 1.973389765306341e-19
7.31250000e+01 1.971702385976571e-19
7.32500000e+01 1.970019327721942e-19
7.33750000e+01 1.968340572131390e-19
7.35000000e+01 1.966666100903486e-19
7.36250000e+01 1.964995895845598e-19
7.37500000e+01 1.963329938873066e-19
7.38750000e+01 1.961668212008372e-19
7.40000000e+01 1.960010697380331e-19
7.41250000e+01 1.958357377223281e-19
7.42500000e+01 1.956708233876286e-19
7.43750000e+01 1.955063249782337e-19
7.45000000e+01 1.953422407487576e-19
7.46250000e+01 1.951785689640512e-19
7.47500000e+01 1.950153078991251e-19
7.48750000e+01 1.948524558390736e-19
7.50000000e+01 1.946900110789986e-19
7.51250000e+01 1.945279719239349e-19
7.52500000e+01 1.943663366887758e-19
7.53750000e+01 1.942051036981996e-19
7.55000000e+01 1.940442712865966e-19
7.56250000e+01 1.938838377979968e-19
7.57500000e+01 1.937238015859984e-19
7.58750000e+01 1.935641610136968e-19
7.60000000e+01 1.934049144536142e-19
7.61250000e+01 1.932460602876298e-19
7.62500000e+01 1.930875969069112e-19
7.63750000e+01 1.929295227118457e-19
7.65000000e+01 1.927718361119720e-19
7.66250000e+01 1.926145355259140e-19
7.67500000e+01 1.924576193813132e-19
7.68750000e+01 1.923010861147635e-19
7.70000000e+01 1.921449341717450e-19
7.71250000e+01 1.919891620065600e-19
7.72500000e+01 1.918337680822680e-19
7.73750000e+01 1.916787508706223e-19
7.75000000e+01 1.915241088520070e-19
7.76250000e+01 1.913698405153744e-19
7.77500000e+01 1.912159443581826e-19
7.78750000e+01 1.910624188863347e-19
7.80000000e+01 1.909092626141172e-19
7.81250000e+01 1.907564740641402e-19
7.82500000e+01 1.906040517672770e-19
7.83750000e+01 1.904519942626053e-19
7.85000000e+01 1.903003000973480e-19
7.86250000e+01 1.901489678268150e-19
7.87500000e+01 1.899979960143455e-19
7.88750000e+01 1.898473832312507e-19
7.90000000e+01 1.896971280567568e-19
7.91250000e+01 1.895472290779492e-19
7.92500000e+01 1.893976848897161e-19
7.93750000e+01 1.892484940946935e-19
7.95000000e+01 1.890996553032105e-19
7.96250000e+01 1.889511671332346e-19
7.97500000e+01 1.888030282103180e-19
7.98750000e+01 1.886552371675442e-19
8.00000000e+01 1.885077926454748e-19
8.01250000e+01 1.883606932920972e-19
8.02500000e+01 1.882139377627725e-19
8.03750000e+01 1.880675247201838e-19
8.05000000e+01 1.879214528342850e-19
8.06250000e+01 1.877757207822502e-19
8.07500000e+01 1.876303272484233e-19
8.08750000e+01 1.874852709242680e-19
8.10000000e+01 1.873405505083185e-19
8.11250000e+01 1.871961647061304e-19
8.12500000e+01 1.870521122302320e-19
8.13750000e+01 1.869083918000764e-19
8.15000000e+01 1.867650021419932e-19
8.16250000e+01 1.866219419891413e-19
8.17500000e+01 1.864792100814620e-19
8.18750000e+01 1.863368051656326e-19
8.20000000e+01 1.861947259950193e-19
8.21250000e+01 1.860529713296325e-19
8.22500000e+01 1.859115399360804e-19
8.23750000e+01 1.857704305875246e-19
8.25000000e+01 1.856296420636351e-19
8.26250000e+01 1.854891731505458e-19
8.27500000e+01 1.853490226408110e-19
8.28750000e+01 1.852091893333614e-19
8.30000000e+01 1.850696720334611e-19
8.31250000e+01 1.849304695526645e-19
8.32500000e+01 1.847915807087742e-19
8.33750000e+01 1.846530043257983e-19
8.35000000e+01 1.845147392339090e-19
8.36250000e+01 1.843767842694009e-19
8.37500000e+01 1.842391382746501e-19
8.38750000e+01 1.841018000980728e-19
8.40000000e+01 1.839647685940858e-19
8.41250000e+01 1.838280426230655e-19
8.42500000e+01 1.836916210513085e-19
8.43750000e+01 1.835555027509920e-19
8.45000000e+01 1.834196866001348e-19
8.46250000e+01 1.832841714825582e-19
8.47500000e+01 1.831489562878478e-19
8.48750000e+01 1.830140399113148e-19
8.50000000e+01 1.828794212539587e-19
8.51250000e+01 1.827450992224293e-19
8.52500000e+01 1.826110727289893e-19
8.53750000e+01 1.824773406914777e-19
8.55000000e+01 1.823439020332729e-19
8.56250000e+01 1.822107556832563e-19
8.57500000e+01 1.820779005757760e-19
8.58750000e+01 1.819453356506114e-19
8.60000000e+01 1.818130598529372e-19
8.61250000e+01 1.816810721332887e-19
8.62500000e+01 1.815493714475262e-19
8.63750000e+01 1.814179567568007e-19
8.65000000e+01 1.812868270275194e-19
8.66250000e+01 1.811559812313116e-19
8.67500000e+01 1.810254183449947e-19
8.68750000e+01 1.808951373505408e-19
8.70000000e+01 1.807651372350431e-19
8.71250000e+01 1.806354169906830e-19
8.72500000e+01 1.805059756146973e-19
8.73750000e+01 1.803768121093455e-19
8.75000000e+01 1.802479254818777e-19
8.76250000e+01 1.801193147445022e-19
8.77500000e+01 1.799909789143543e-19
8.78750000e+01 1.798629170134641e-19
8.80000000e+01 1.797351280687256e-19
8.81250000e+01 1.796076111118656e-19
8.82500000e+01 1.794803651794128e-19
8.83750000e+01 1.793533893126671e-19
8.85000000e+01 1.792266825576695e-19
8.86250000e+01 1.791002439651721e-19
8.87500000e+01 1.789740725906077e-19
8.88750000e+01 1.788481674940608e-19
8.90000000e+01 1.787225277402378e-19
8.91250000e+01 1.785971523984378e-19
8.92500000e+01 1.784720405425239e-19
8.93750000e+01 1.783471912508942e-19
8.95000000e+01 1.782226036064536e-19
8.96250000e+01 1.780982766965851e-19
8.97500000e+01 1.779742096131222e-19
8.98750000e+01 1.778504014523205e-19
9.00000000e+01 1.777268513148304e-19
9.01250000e+01 1.776035583056698e-19
9.02500000e+01 1.774805215341964e-19
9.03750000e+01 1.773577401140811e-19
9.05000000e+01 1.772352131632810e-19
9.06250000e+01 1.771129398040127e-19
9.07500000e+01 1.769909191627260e-19
9.08750000e+01 1.768691503700779e-19
9.10000000e+01 1.767476325609062e-19
9.11250000e+01 1.766263648742038e-19
9.12500000e+01 1.765053464530934e-19
9.13750000e+01 1.763845764448014e-19
9.15000000e+01 1.762640540006334e-19
9.16250000e+01 1.761437782759486e-19
9.17500000e+01 1.760237484301354e-19
9.18750000e+01 1.759039636265862e-19
9.20000000e+01 1.757844230326733e-19
9.21250000e+01 1.756651258197245e-19
9.22500000e+01 1.755460711629990e-19
9.23750000e+01 1.754272582416633e-19
9.25000000e+01 1.753086862387676e-19
9.26250000e+01 1.751903543412220e-19
9.27500000e+01 1.750722617397734e-19
9.28750000e+01 1.749544076289821e-19
9.30000000e+01 1.748367912071985e-19
9.31250000e+01 1.747194116765406e-19
9.32500000e+01 1.746022682428709e-19
9.33750000e+01 1.744853601157742e-19
9.35000000e+01 1.743686865085349e-19
9.36250000e+01 1.742522466381148e-19
9.37500000e+01 1.741360397251312e-19
9.38750000e+01 1.740200649938350e-19
9.40000000e+01 1.739043216720884e-19
9.41250000e+01 1.737888089913443e-19
9.42500000e+01 1.736735261866240e-19
9.43750000e+01 1.735584724964962e-19
9.45000000e+01 1.734436471630561e-19
9.46250000e+01 1.733290494319041e-19
9.47500000e+01 1.732146785521252e-19
9.48750000e+01 1.731005337762681e-19
9.50000000e+01 1.729866143603251e-19
9.51250000e+01 1.728729195637114e-19
9.52500000e+01 1.727594486492447e-19
9.53750000e+01 1.726462008831258e-19
9.55000000e+01 1.725331755349179e-19
9.56250000e+01 1.724203718775273e-19
9.57500000e+01 1.723077891871836e-19
9.58750000e+01 1.721954267434202e-19
9.60000000e+01 1.720832838290550e-19
9.61250000e+01 1.719713597301711e-19
9.62500000e+01 1.718596537360976e-19
9.63750000e+01 1.717481651393911e-19
9.65000000e+01 1.716368932358162e-19
9.66250000e+01 1.715258373243273e-19
9.67500000e+01 1.714149967070501e-19
9.68750000e+01 1.713043706892628e-19
9.70000000e+01 1.711939585793780e-19
9.71250000e+01 1.710837596889248e-19
9.72500000e+01 1.709737733325303e-19
9.73750000e+01 1.708639988279020e-19
9.75000000e+01 1.707544354958101e-19
9.76250000e+01 1.706450826600694e-19
9.77500000e+01 1.705359396475223e-19
9.78750000e+01 1.704270057880212e-19
9.80000000e+01 1.703182804144109e-19
9.81250000e+01 1.702097628625120e-19
9.82500000e+01 1.701014524711035e-19
9.83750000e+01 1.699933485819060e-19
9.85000000e+01 1.698854505395648e-19
9.86250000e+01 1.697777576916333e-19
9.87500000e+01 1.696702693885563e-19
9.88750000e+01 1.695629849836539e-19
9.90000000e+01 1.694559038331046e-19
9.91250000e+01 1.693490252959296e-19
9.92500000e+01 1.692423487339765e-19
9.93750000e+01 1.691358735119029e-19
9.95000000e+01 1.690295989971613e-19
9.96250000e+01 1.689235245599827e-19
9.97500000e+01 1.688176495733611e-19
9.98750000e+01 1.687119734130379e-19
1.00000000e+02 1.686064954574866e-19
1.00125000e+02 1.685012150878973e-19
1.00250000e+02 1.683961316881615e-19
1.00375000e+02 1.682912446448568e-19
1.00500000e+02 1.681865533472321e-19
1.00625000e+02 1.680820571871927e-19
1.00750000e+02 1.679777555592851e-19
1.00875000e+02 1.678736478606827e-19
1.01000000e+02 1.677697334911708e-19
1.01125000e+02 1.676660118531323e-19
1.01250000e+02 1.675624823515332e-19
1.01375000e+02 1.674591443939081e-19
1.01500000e+02 1.673559973903466e-19
1.01625000e+02 1.672530407534780e-19
1.01750000e+02 1.671502738984585e-19
1.01875000e+02 1.670476962429563e-19
1.02000000e+02 1.669453072071382e-19
1.02125000e+02 1.668431062136559e-19
1.02250000e+02 1.667410926876320e-19
1.02375000e+02 1.666392660566467e-19
1.02500000e+02 1.665376257507241e-19
1.02625000e+02 1.664361712023190e-19
1.02750000e+02 1.663349018463035e-19
1.02875000e+02 1.662338171199536e-19
1.03000000e+02 1.661329164629365e-19
1.03125000e+02 1.660321993172969e-19
1.03250000e+02 1.659316651274450e-19
1.03375000e+02 1.658313133401425e-19
1.03500000e+02 1.657311434044907e-19
1.03625000e+02 1.656311547719174e-19
1.03750000e+02 1.655313468961643e-19
1.03875000e+02 1.654317192332745e-19
1.04000000e+02 1.653322712415803e-19
1.04125000e+02 1.652330023816903e-19
1.04250000e+02 1.651339121164775e-19
1.04375000e+02 1.650349999110672e-19
1.04500000e+02 1.649362652328244e-19
1.04625000e+02 1.648377075513421e-19
1.04750000e+02 1.647393263384295e-19
1.04875000e+02 1.646411210680996e-19
1.05000000e+02 1.645430912165577e-19
1.05125000e+02 1.644452362621898e-19
1.05250000e+02 1.643475556855506e-19
1.05375000e+02 1.642500489693522e-19
1.05500000e+02 1.641527155984524e-19
1.05625000e+02 1.640555550598435e-19
1.05750000e+02 1.639585668426406e-19
1.05875000e+02 1.638617504380706e-19
1.06000000e+02 1.637651053394611e-19
1.06125000e+02 1.636686310422287e-19
1.06250000e+02 1.635723270438686e-19
1.06375000e+02 1.634761928439433e-19
1.06500000e+02 1.633802279440715e-19
1.06625000e+02 1.632844318479177e-19
1.06750000e+02 1.631888040611808e-19
1.06875000e+02 1.630933440915841e-19
1.07000000e+02 1.629980514488642e-19
1.07125000e+02 1.629029256447605e-19
1.07250000e+02 1.628079661930046e-19
1.07375000e+02 1.627131726093101e-19
1.07500000e+02 1.626185444113622e-19
1.07625000e+02 1.625240811188072e-19
1.07750000e+02 1.624297822532422e-19
1.07875000e+02 1.623356473382055e-19
1.08000000e+02 1.622416758991655e-19
1.08125000e+02 1.621478674635118e-19
1.08250000e+02 1.620542215605442e-19
1.08375000e+02 1.619607377214635e-19
1.08500000e+02 1.618674154793613e-19
1.08625000e+02 1.617742543692101e-19
1.08750000e+02 1.616812539278539e-19
1.08875000e+02 1.615884136939984e-19
1.09000000e+02 1.614957332082013e-19
1.09125000e+02 1.614032120128628e-19
1.09250000e+02 1.613108496522161e-19
1.09375000e+02 1.612186456723180e-19
1.09500000e+02 1.611265996210395e-19
1.09625000e+02 1.610347110480566e-19
1.09750000e+02 1.609429795048409e-19
1.09875000e+02 1.608514045446504e-19
1.10000000e+02 1.607599857225204e-19
1.10125000e+02 1.606687225952546e-19
1.10250000e+02 1.605776147214158e-19
1.10375000e+02 1.604866616613171e-19
1.10500000e+02 1.603958629770129e-19
1.10625000e+02 1.603052182322900e-19
1.10750000e+02 1.602147269926590e-19
1.10875000e+02 1.601243888253453e-19
1.11000000e+02 1.600342032992808e-19
1.11125000e+02 1.599441699850948e-19
1.11250000e+02 1.598542884551054e-19
1.11375000e+02 1.597645582833117e-19
1.11500000e+02 1.596749790453843e-19
1.11625000e+02 1.595855503186576e-19
1.11750000e+02 1.594962716821213e-19
1.11875000e+02 1.594071427164118e-19
1.12000000e+02 1.593181630038040e-19
1.12125000e+02 1.592293321282035e-19
1.12250000e+02 1.591406496751377e-19
1.12375000e+02 1.590521152317485e-19
1.12500000e+02 1.589637283867835e-19
1.12625000e+02 1.588754887305884e-19
1.12750000e+02 1.587873958550989e-19
1.12875000e+02 1.586994493538327e-19
1.13000000e+02 1.586116488218819e-19
1.13125000e+02 1.585239938559047e-19
1.13250000e+02 1.584364840541182e-19
1.13375000e+02 1.583491190162902e-19
1.13500000e+02 1.582618983437316e-19
1.13625000e+02 1.581748216392889e-19
1.13750000e+02 1.580878885073366e-19
1.13875000e+02 1.580010985537695e-19
1.14000000e+02 1.579144513859953e-19
1.14125000e+02 1.578279466129271e-19
1.14250000e+02 1.577415838449761e-19
1.14375000e+02 1.576553626940440e-19
1.14500000e+02 1.575692827735159e-19
1.14625000e+02 1.574833436982530e-19
1.14750000e+02 1.573975450845851e-19
1.14875000e+02 1.573118865503037e-19
1.15000000e+02 1.572263677146549e-19
1.15125000e+02 1.571409881983319e-19
1.15250000e+02 1.570557476234683e-19
1.15375000e+02 1.569706456136309e-19
1.15500000e+02 1.568856817938128e-19
1.15625000e+02 1.568008557904265e-19
1.15750000e+02 1.567161672312968e-19
1.15875000e+02 1.566316157456541e-19
1.16000000e+02 1.565472009641277e-19
1.16125000e+02 1.564629225187386e-19
1.16250000e+02 1.563787800428933e-19
1.16375000e+02 1.562947731713768e-19
1.16500000e+02 1.562109015403458e-19
1.16625000e+02 1.561271647873224e-19
1.16750000e+02 1.560435625511874e-19
1.16875000e+02 1.559600944721738e-19
1.17000000e+02 1.558767601918601e-19
1.17125000e+02 1.557935593531640e-19
1.17250000e+02 1.557104916003360e-19
1.17375000e+02 1.556275565789530e-19
1.17500000e+02 1.555447539359119e-19
1.17625000e+02 1.554620833194231e-19
1.17750000e+02 1.553795443790049e-19
1.17875000e+02 1.552971367654761e-19
1.18000000e+02 1.552148601309512e-19
1.18125000e+02 1.551327141288328e-19
1.18250000e+02 1.550506984138068e-19
1.18375000e+02 1.549688126418353e-19
1.18500000e+02 1.548870564701510e-19
1.18625000e+02 1.548054295572511e-19
1.18750000e+02 1.547239315628913e-19
1.18875000e+02 1.546425621480800e-19
1.19000000e+02 1.545613209750719e-19
1.19125000e+02 1.544802077073627e-19
1.19250000e+02 1.543992220096829e-19
1.19375000e+02 1.543183635479920e-19
1.19500000e+02 1.542376319894728e-19
1.19625000e+02 1.541570270025257e-19
1.19750000e+02 1.540765482567628e-19
1.19875000e+02 1.539961954230023e-19
1.20000000e+02 1.539159681732629e-19
1.20125000e+02 1.538358661807582e-19
1.20250000e+02 1.537558891198909e-19
1.20375000e+02 1.536760366662475e-19
1.20500000e+02 1.535963084965926e-19
1.20625000e+02 1.535167042888635e-19
1.20750000e+02 1.534372237221646e-19
1.20875000e+02 1.533578664767622e-19
1.21000000e+02 1.532786322340787e-19
1.21125000e+02 1.531995206766880e-19
1.21250000e+02 1.531205314883090e-19
1.21375000e+02 1.530416643538015e-19
1.21500000e+02 1.529629189591600e-19
1.21625000e+02 1.528842949915090e-19
1.21750000e+02 1.528057921390974e-19
1.21875000e+02 1.527274100912938e-19
1.22000000e+02 1.526491485385806e-19
1.22125000e+02 1.525710071725498e-19
1.22250000e+02 1.524929856858969e-19
1.22375000e+02 1.524150837724166e-19
1.22500000e+02 1.523373011269975e-19
1.22625000e+02 1.522596374456169e-19
1.22750000e+02 1.521820924253360e-19
1.22875000e+02 1.521046657642951e-19
1.23000000e+02 1.520273571617080e-19
1.23125000e+02 1.519501663178581e-19
1.23250000e+02 1.518730929340925e-19
1.23375000e+02 1.517961367128180e-19
1.23500000e+02 1.517192973574956e-19
1.23625000e+02 1.516425745726363e-19
1.23750000e+02 1.515659680637956e-19
1.23875000e+02 1.514894775375696e-19
1.24000000e+02 1.514131027015897e-19
1.24125000e+02 1.513368432645179e-19
1.24250000e+02 1.512606989360425e-19
1.24375000e+02 1.511846694268732e-19
1.24500000e+02 1.511087544487365e-19
1.24625000e+02 1.510329537143713e-19
1.24750000e+02 1.509572669375239e-19
1.24875000e+02 1.508816938329440e-19
1.25000000e+02 1.508062341163798e-19
1.25125000e+02 1.507308875045737e-19
-----------------------------
