SPECIES: e / A
PROCESS: E + A -> E + A, Elastic
PARAM.:  m/M = 0.0000195921, complete set
COMMENT: [e + A(gnd) -> e + A(gnd), Elastic]
UPDATED: 2018-06-05 11:00:00
COLUMNS: Energy (eV) | Cross section (m2)
-----------------------------
0.00000000e+00 6.542978146101080e-17
2.22000000e-03 3.578473573022130e-17
4.44000000e-03 2.530362929780802e-17
6.66000000e-03 2.066032680672289e-17
8.88000000e-03 1.789236786511065e-17
1.11000000e-02 1.600342032992808e-17
1.33200000e-02 1.460905718656396e-17
1.55400000e-02 1.352535878204756e-17
1.77600000e-02 1.265181464890401e-17
1.99800000e-02 1.192824524340710e-17
2.22000000e-02 1.131612703747080e-17
2.44200000e-02 1.078950378537897e-17
2.66400000e-02 1.033016340336144e-17
2.88600000e-02 9.924899965710864e-18
3.10800000e-02 9.563872912766853e-18
3.33000000e-02 9.239579035438708e-18
3.55200000e-02 8.946183932555326e-18
3.77400000e-02 8.679073247089220e-18
3.99600000e-02 8.434543099269343e-18
4.21800000e-02 8.209581408912832e-18
4.44000000e-02 8.001710164964039e-18
4.66200000e-02 7.808869533701428e-18
4.88400000e-02 7.629331292279390e-18
5.10600000e-02 7.461633202974362e-18
5.32800000e-02 7.304528593281981e-18
5.55000000e-02 7.156947146044261e-18
5.77200000e-02 7.017964068352283e-18
5.99400000e-02 6.886775602240963e-18
6.21600000e-02 6.762679391023780e-18
6.43800000e-02 6.645058602999876e-18
6.66000000e-02 6.533368991267770e-18
6.88200000e-02 6.427128268774720e-18
7.10400000e-02 6.325907324452006e-18
7.32600000e-02 6.229322914911031e-18
7.54800000e-02 6.137031547431536e-18
7.77000000e-02 6.048724331346421e-18
7.99200000e-02 5.964122621703550e-18
8.21400000e-02 5.882974315038217e-18
8.43600000e-02 5.805050684945275e-18
8.65800000e-02 5.730143666883275e-18
8.88000000e-02 5.658063518735401e-18
9.10200000e-02 5.588636797178275e-18
9.32400000e-02 5.521704600681313e-18
9.54600000e-02 5.457121038588824e-18
9.76800000e-02 5.394751892689483e-18
9.99000000e-02 5.334473443309361e-18
1.02120000e-01 5.276171436549870e-18
1.04340000e-01 5.219740173043134e-18
1.06560000e-01 5.165081701680722e-18
1.08780000e-01 5.112105104317329e-18
1.11000000e-01 5.060725859561605e-18
1.13220000e-01 5.010865275523441e-18
1.15440000e-01 4.962449982855432e-18
1.17660000e-01 4.915411480658000e-18
1.19880000e-01 4.869685728854654e-18
1.22100000e-01 4.825212781519734e-18
1.24320000e-01 4.781936456383427e-18
1.26540000e-01 4.739804036369972e-18
1.28760000e-01 4.698765999563219e-18
1.30980000e-01 4.658775774454088e-18
1.33200000e-01 4.619789517719354e-18
1.35420000e-01 4.581765912120758e-18
1.37640000e-01 4.544665982406360e-18
1.39860000e-01 4.508452927349186e-18
1.42080000e-01 4.473091966277663e-18
1.44300000e-01 4.438550198642964e-18
1.46520000e-01 4.404796475334342e-18
1.48740000e-01 4.371801280598359e-18
1.50960000e-01 4.339536623544610e-18
1.53180000e-01 4.307975938331498e-18
1.55400000e-01 4.277093992223120e-18
1.57620000e-01 4.246866800794087e-18
1.59840000e-01 4.217271549634671e-18
1.62060000e-01 4.188286521975464e-18
1.64280000e-01 4.159891031709808e-18
1.66500000e-01 4.132065361344578e-18
1.68720000e-01 4.104790704456416e-18
1.70940000e-01 4.078049112271823e-18
1.73160000e-01 4.051823444026312e-18
1.75380000e-01 4.026097320790717e-18
1.77600000e-01 4.000855082482019e-18
1.79820000e-01 3.976081747802367e-18
1.82040000e-01 3.951762976873427e-18
1.84260000e-01 3.927885036354373e-18
1.86480000e-01 3.904434766850714e-18
1.88700000e-01 3.881399552438266e-18
1.90920000e-01 3.858767292141933e-18
1.93140000e-01 3.836526373222818e-18
1.95360000e-01 3.814665646139695e-18
1.97580000e-01 3.793174401062242e-18
1.99800000e-01 3.772042345823601e-18
2.02020000e-01 3.751259585209204e-18
2.04240000e-01 3.730816601487181e-18
2.06460000e-01 3.710704236093338e-18
2.08680000e-01 3.690913672390643e-18
2.10900000e-01 3.671436419429519e-18
2.13120000e-01 3.652264296640991e-18
2.15340000e-01 3.633389419400020e-18
2.17560000e-01 3.614804185401146e-18
2.19780000e-01 3.596501261792988e-18
2.22000000e-01 3.578473573022130e-18
2.24220000e-01 3.560714289340641e-18
2.26440000e-01 3.543216815934823e-18
2.28660000e-01 3.525974782635894e-18
2.30880000e-01 3.508982034176141e-18
2.33100000e-01 3.492232620956694e-18
2.35320000e-01 3.475720790295480e-18
2.37540000e-01 3.459440978126105e-18
2.39760000e-01 3.443387801120482e-18
2.41980000e-01 3.427556049209848e-18
2.44200000e-01 3.411940678480607e-18
2.46420000e-01 3.396536804422969e-18
2.48640000e-01 3.381339695511890e-18
2.50860000e-01 3.366344767101132e-18
2.53080000e-01 3.351547575612576e-18
2.55300000e-01 3.336943813004032e-18
2.57520000e-01 3.322529301499938e-18
2.59740000e-01 3.308299988570288e-18
2.61960000e-01 3.294251942144096e-18
2.64180000e-01 3.280381346044560e-18
2.66400000e-01 3.266684495633885e-18
2.68620000e-01 3.253157793656482e-18
2.70840000e-01 3.239797746269955e-18
2.73060000e-01 3.226600959253925e-18
2.75280000e-01 3.213564134387360e-18
2.77500000e-01 3.200684065985617e-18
2.79720000e-01 3.187957637588950e-18
2.81940000e-01 3.175381818794727e-18
2.84160000e-01 3.162953662226003e-18
2.86380000e-01 3.150670300629628e-18
2.88600000e-01 3.138528944097338e-18
2.90820000e-01 3.126526877403754e-18
2.93040000e-01 3.114661457455516e-18
2.95260000e-01 3.102930110846088e-18
2.97480000e-01 3.091330331511132e-18
2.99700000e-01 3.079859678479569e-18
3.01920000e-01 3.068515773715768e-18
3.04140000e-01 3.057296300048516e-18
3.06360000e-01 3.046198999182682e-18
3.08580000e-01 3.035221669789702e-18
3.10800000e-01 3.024362165673210e-18
3.13020000e-01 3.013618394006357e-18
3.15240000e-01 3.002988313637517e-18
3.17460000e-01 2.992469933461283e-18
3.19680000e-01 2.982061310851775e-18
3.21900000e-01 2.971760550155502e-18
3.24120000e-01 2.961565801241071e-18
3.26340000e-01 2.951475258103270e-18
3.28560000e-01 2.941487157519109e-18
3.30780000e-01 2.931599777753553e-18
3.33000000e-01 2.921811437312793e-18
3.35220000e-01 2.912120493743003e-18
3.37440000e-01 2.902525342472637e-18
3.39660000e-01 2.893024415696407e-18
3.41880000e-01 2.883616181299186e-18
3.44100000e-01 2.874299141818163e-18
3.46320000e-01 2.865071833441637e-18
3.48540000e-01 2.855932825042952e-18
3.50760000e-01 2.846880717248106e-18
3.52980000e-01 2.837914141535673e-18
3.55200000e-01 2.829031759367701e-18
3.57420000e-01 2.820232261350357e-18
3.59640000e-01 2.811514366423114e-18
3.61860000e-01 2.802876821075327e-18
3.64080000e-01 2.794318398589138e-18
3.66300000e-01 2.785837898307641e-18
3.68520000e-01 2.777434144927346e-18
3.70740000e-01 2.769105987813968e-18
3.72960000e-01 2.760852300340657e-18
3.75180000e-01 2.752671979247793e-18
3.77400000e-01 2.744563944023529e-18
3.79620000e-01 2.736527136304278e-18
3.81840000e-01 2.728560519294412e-18
3.84060000e-01 2.720663077204425e-18
3.86280000e-01 2.712833814706885e-18
3.88500000e-01 2.705071756409512e-18
3.90720000e-01 2.697375946344742e-18
3.92940000e-01 2.689745447475176e-18
3.95160000e-01 2.682179341214332e-18
3.97380000e-01 2.674676726962147e-18
3.99600000e-01 2.667236721654680e-18
4.01820000e-01 2.659858459327531e-18
4.04040000e-01 2.652541090692464e-18
4.06260000e-01 2.645283782726771e-18
4.08480000e-01 2.638085718274935e-18
4.10700000e-01 2.630946095662144e-18
4.12920000e-01 2.623864128319247e-18
4.15140000e-01 2.616839044418768e-18
4.17360000e-01 2.609870086521567e-18
4.19580000e-01 2.602956511233809e-18
4.21800000e-01 2.596097588873870e-18
4.24020000e-01 2.589292603148850e-18
4.26240000e-01 2.582540850840361e-18
4.28460000e-01 2.575841641499288e-18
4.30680000e-01 2.569194297149207e-18
4.32900000e-01 2.562598151998182e-18
4.35120000e-01 2.556052552158664e-18
4.37340000e-01 2.549556855375213e-18
4.39560000e-01 2.543110430759797e-18
4.41780000e-01 2.536712658534413e-18
4.44000000e-01 2.530362929780803e-18
4.46220000e-01 2.524060646197013e-18
4.48440000e-01 2.517805219860606e-18
4.50660000e-01 2.511596072998280e-18
4.52880000e-01 2.505432637761720e-18
4.55100000e-01 2.499314356009466e-18
4.57320000e-01 2.493240679094604e-18
4.59540000e-01 2.487211067658121e-18
4.61760000e-01 2.481224991427716e-18
4.63980000e-01 2.475281929021919e-18
4.66200000e-01 2.469381367759349e-18
4.68420000e-01 2.463522803472940e-18
4.70640000e-01 2.457705740329000e-18
4.72860000e-01 2.451929690650951e-18
4.75080000e-01 2.446194174747592e-18
4.77300000e-01 2.440498720745773e-18
4.79520000e-01 2.434842864427327e-18
4.81740000e-01 2.429226149070144e-18
4.83960000e-01 2.423648125293255e-18
4.86180000e-01 2.418108350905815e-18
4.88400000e-01 2.412606390759867e-18
4.90620000e-01 2.407141816606764e-18
4.92840000e-01 2.401714206957168e-18
4.95060000e-01 2.396323146944494e-18
4.97280000e-01 2.390968228191713e-18
4.99500000e-01 2.385649048681420e-18
5.01720000e-01 2.380365212629060e-18
5.03940000e-01 2.375116330359232e-18
5.06160000e-01 2.369902018184986e-18
5.08380000e-01 2.364721898290009e-18
5.10600000e-01 2.359575598613646e-18
5.12820000e-01 2.354462752738651e-18
5.15040000e-01 2.349382999781609e-18
5.17260000e-01 2.344335984285940e-18
5.19480000e-01 2.339321356117428e-18
5.21700000e-01 2.334338770362192e-18
5.23920000e-01 2.329387887227044e-18
5.26140000e-01 2.324468371942152e-18
5.28360000e-01 2.319579894665963e-18
5.30580000e-01 2.314722130392315e-18
5.32800000e-01 2.309894758859677e-18
5.35020000e-01 2.305097464462463e-18
5.37240000e-01 2.300329936164366e-18
5.39460000e-01 2.295591867413654e-18
5.41680000e-01 2.290882956060379e-18
5.43900000e-01 2.286202904275440e-18
5.46120000e-01 2.281551418471470e-18
5.48340000e-01 2.276928209225471e-18
5.50560000e-01 2.272332991203180e-18
5.52780000e-01 2.267765483085100e-18
5.55000000e-01 2.263225407494160e-18
5.57220000e-01 2.258712490924967e-18
5.59440000e-01 2.254226463674593e-18
5.61660000e-01 2.249767059774885e-18
5.63880000e-01 2.245334016926224e-18
5.66100000e-01 2.240927076432725e-18
5.68320000e-01 2.236545983138831e-18
5.70540000e-01 2.232190485367258e-18
5.72760000e-01 2.227860334858268e-18
5.74980000e-01 2.223555286710240e-18
5.77200000e-01 2.219275099321482e-18
5.79420000e-01 2.215019534333292e-18
5.81640000e-01 2.210788356574196e-18
5.83860000e-01 2.206581334005366e-18
5.86080000e-01 2.202398237667171e-18
5.88300000e-01 2.198238841626836e-18
5.90520000e-01 2.194102922927195e-18
5.92740000e-01 2.189990261536483e-18
5.94960000e-01 2.185900640299180e-18
5.97180000e-01 2.181833844887840e-18
5.99400000e-01 2.177789663755923e-18
6.01620000e-01 2.173767888091567e-18
6.03840000e-01 2.169768311772305e-18
6.06060000e-01 2.165790731320698e-18
6.08280000e-01 2.161834945860848e-18
6.10500000e-01 2.157900757075793e-18
6.12720000e-01 2.153987969165749e-18
6.14940000e-01 2.150096388807174e-18
6.17160000e-01 2.146225825112654e-18
6.19380000e-01 2.142376089591573e-18
6.21600000e-01 2.138546996111560e-18
6.23820000e-01 2.134738360860686e-18
6.26040000e-01 2.130950002310408e-18
6.28260000e-01 2.127181741179225e-18
6.30480000e-01 2.123433400397044e-18
6.32700000e-01 2.119704805070228e-18
6.34920000e-01 2.115995782447329e-18
6.37140000e-01 2.112306161885462e-18
6.39360000e-01 2.108635774817336e-18
6.41580000e-01 2.104984454718900e-18
6.43800000e-01 2.101352037077621e-18
6.46020000e-01 2.097738359361339e-18
6.48240000e-01 2.094143260987732e-18
6.50460000e-01 2.090566583294336e-18
6.52680000e-01 2.087008169509138e-18
6.54900000e-01 2.083467864721714e-18
6.57120000e-01 2.079945515854904e-18
6.59340000e-01 2.076440971637010e-18
6.61560000e-01 2.072954082574513e-18
6.63780000e-01 2.069484700925282e-18
6.66000000e-01 2.066032680672289e-18
6.68220000e-01 2.062597877497791e-18
6.70440000e-01 2.059180148757995e-18
6.72660000e-01 2.055779353458166e-18
6.74880000e-01 2.052395352228208e-18
6.77100000e-01 2.049028007298668e-18
6.79320000e-01 2.045677182477179e-18
6.81540000e-01 2.042342743125323e-18
6.83760000e-01 2.039024556135911e-18
6.85980000e-01 2.035722489910666e-18
6.88200000e-01 2.032436414338297e-18
6.90420000e-01 2.029166200772971e-18
6.92640000e-01 2.025911722013156e-18
6.94860000e-01 2.022672852280843e-18
6.97080000e-01 2.019449467201125e-18
6.99300000e-01 2.016241443782140e-18
7.01520000e-01 2.013048660395358e-18
7.03740000e-01 2.009870996756215e-18
7.05960000e-01 2.006708333905074e-18
7.08180000e-01 2.003560554188528e-18
7.10400000e-01 2.000427541241010e-18
7.12620000e-01 1.997309179966729e-18
7.14840000e-01 1.994205356521909e-18
7.17060000e-01 1.991115958297334e-18
7.19280000e-01 1.988040873901183e-18
7.21500000e-01 1.984979993142173e-18
7.23720000e-01 1.981933207012958e-18
7.25940000e-01 1.978900407673836e-18
7.28160000e-01 1.975881488436713e-18
7.30380000e-01 1.972876343749341e-18
7.32600000e-01 1.969884869179812e-18
7.34820000e-01 1.966906961401326e-18
7.37040000e-01 1.963942518177186e-18
7.39260000e-01 1.960991438346072e-18
7.41480000e-01 1.958053621807530e-18
7.43700000e-01 1.955128969507713e-18
7.45920000e-01 1.952217383425357e-18
7.48140000e-01 1.949318766557980e-18
7.50360000e-01 1.946433022908310e-18
7.52580000e-01 1.943560057470927e-18
7.54800000e-01 1.940699776219133e-18
7.57020000e-01 1.937852086092020e-18
7.59240000e-01 1.935016894981758e-18
7.61460000e-01 1.932194111721080e-18
7.63680000e-01 1.929383646070966e-18
7.65900000e-01 1.926585408708534e-18
7.68120000e-01 1.923799311215108e-18
7.70340000e-01 1.921025266064491e-18
7.72560000e-01 1.918263186611409e-18
7.74780000e-01 1.915512987080149e-18
7.77000000e-01 1.912774582553371e-18
7.79220000e-01 1.910047888961091e-18
7.81440000e-01 1.907332823069848e-18
7.83660000e-01 1.904629302472022e-18
7.85880000e-01 1.901937245575341e-18
7.88100000e-01 1.899256571592527e-18
7.90320000e-01 1.896587200531121e-18
7.92540000e-01 1.893929053183453e-18
7.94760000e-01 1.891282051116774e-18
7.96980000e-01 1.888646116663531e-18
7.99200000e-01 1.886021172911800e-18
8.01420000e-01 1.883407143695858e-18
8.03640000e-01 1.880803953586900e-18
8.05860000e-01 1.878211527883899e-18
8.08080000e-01 1.875629792604602e-18
8.10300000e-01 1.873058674476661e-18
8.12520000e-01 1.870498100928901e-18
8.14740000e-01 1.867948000082716e-18
8.16960000e-01 1.865408300743591e-18
8.19180000e-01 1.862878932392759e-18
8.21400000e-01 1.860359825178973e-18
8.23620000e-01 1.857850909910406e-18
8.25840000e-01 1.855352118046669e-18
8.28060000e-01 1.852863381690944e-18
8.30280000e-01 1.850384633582236e-18
8.32500000e-01 1.847915807087741e-18
8.34720000e-01 1.845456836195322e-18
8.36940000e-01 1.843007655506089e-18
8.39160000e-01 1.840568200227104e-18
8.41380000e-01 1.838138406164174e-18
8.43600000e-01 1.835718209714760e-18
8.45820000e-01 1.833307547860979e-18
8.48040000e-01 1.830906358162720e-18
8.50260000e-01 1.828514578750845e-18
8.52480000e-01 1.826132148320495e-18
8.54700000e-01 1.823759006124494e-18
8.56920000e-01 1.821395091966834e-18
8.59140000e-01 1.819040346196275e-18
8.61360000e-01 1.816694709700010e-18
8.63580000e-01 1.814358123897441e-18
8.65800000e-01 1.812030530734030e-18
8.68020000e-01 1.809711872675242e-18
8.70240000e-01 1.807402092700573e-18
8.72460000e-01 1.805101134297658e-18
8.74680000e-01 1.802808941456463e-18
8.76900000e-01 1.800525458663564e-18
8.79120000e-01 1.798250630896494e-18
8.81340000e-01 1.795984403618178e-18
8.83560000e-01 1.793726722771439e-18
8.85780000e-01 1.791477534773584e-18
8.88000000e-01 1.789236786511065e-18
8.90220000e-01 1.787004425334205e-18
8.92440000e-01 1.784780399052007e-18
8.94660000e-01 1.782564655927027e-18
8.96880000e-01 1.780357144670321e-18
8.99100000e-01 1.778157814436454e-18
9.01320000e-01 1.775966614818587e-18
9.03540000e-01 1.773783495843621e-18
9.05760000e-01 1.771608407967411e-18
9.07980000e-01 1.769441302070045e-18
9.10200000e-01 1.767282129451182e-18
9.12420000e-01 1.765130841825457e-18
9.14640000e-01 1.762987391317947e-18
9.16860000e-01 1.760851730459694e-18
9.19080000e-01 1.758723812183290e-18
9.21300000e-01 1.756603589818522e-18
9.23520000e-01 1.754491017088071e-18
9.25740000e-01 1.752386048103270e-18
9.27960000e-01 1.750288637359918e-18
9.30180000e-01 1.748198739734147e-18
9.32400000e-01 1.746116310478347e-18
9.34620000e-01 1.744041305217141e-18
9.36840000e-01 1.741973679943410e-18
9.39060000e-01 1.739913391014378e-18
9.41280000e-01 1.737860395147740e-18
9.43500000e-01 1.735814649417844e-18
9.45720000e-01 1.733776111251921e-18
9.47940000e-01 1.731744738426364e-18
9.50160000e-01 1.729720489063053e-18
9.52380000e-01 1.727703321625733e-18
9.54600000e-01 1.725693194916430e-18
9.56820000e-01 1.723690068071921e-18
9.59040000e-01 1.721693900560241e-18
9.61260000e-01 1.719704652177239e-18
9.63480000e-01 1.717722283043182e-18
9.65700000e-01 1.715746753599389e-18
9.67920000e-01 1.713778024604924e-18
9.70140000e-01 1.711816057133314e-18
9.72360000e-01 1.709860812569322e-18
9.74580000e-01 1.707912252605754e-18
9.76800000e-01 1.705970339240303e-18
9.79020000e-01 1.704035034772443e-18
9.81240000e-01 1.702106301800347e-18
9.83460000e-01 1.700184103217858e-18
9.85680000e-01 1.698268402211485e-18
9.87900000e-01 1.696359162257445e-18
9.90120000e-01 1.694456347118739e-18
9.92340000e-01 1.692559920842261e-18
9.94560000e-01 1.690669847755945e-18
9.96780000e-01 1.688786092465949e-18
9.99000000e-01 1.686908619853868e-18
1.00122000e+00 1.685037395073988e-18
1.00344000e+00 1.683172383550566e-18
1.00566000e+00 1.681313550975149e-18
1.00788000e+00 1.679460863303921e-18
1.01010000e+00 1.677614286755089e-18
1.01232000e+00 1.675773787806288e-18
1.01454000e+00 1.673939333192034e-18
1.01676000e+00 1.672110889901191e-18
1.01898000e+00 1.670288425174480e-18
1.02120000e+00 1.668471906502016e-18
1.02342000e+00 1.666661301620866e-18
1.02564000e+00 1.664856578512646e-18
1.02786000e+00 1.663057705401144e-18
1.03008000e+00 1.661264650749969e-18
1.03230000e+00 1.659477383260226e-18
1.03452000e+00 1.657695871868228e-18
1.03674000e+00 1.655920085743219e-18
1.03896000e+00 1.654149994285144e-18
1.04118000e+00 1.652385567122423e-18
1.04340000e+00 1.650626774109773e-18
1.04562000e+00 1.648873585326036e-18
1.04784000e+00 1.647125971072048e-18
1.05006000e+00 1.645383901868518e-18
1.05228000e+00 1.643647348453949e-18
1.05450000e+00 1.641916281782567e-18
1.05672000e+00 1.640190673022280e-18
1.05894000e+00 1.638470493552667e-18
1.06116000e+00 1.636755714962978e-18
1.06338000e+00 1.635046309050167e-18
1.06560000e+00 1.633342247816942e-18
1.06782000e+00 1.631643503469841e-18
1.07004000e+00 1.629950048417324e-18
1.07226000e+00 1.628261855267896e-18
1.07448000e+00 1.626578896828241e-18
1.07670000e+00 1.624901146101387e-18
1.07892000e+00 1.623228576284885e-18
1.08114000e+00 1.621561160769008e-18
1.08336000e+00 1.619898873134977e-18
1.08558000e+00 1.618241687153203e-18
1.08780000e+00 1.616589576781543e-18
1.09002000e+00 1.614942516163589e-18
1.09224000e+00 1.613300479626963e-18
1.09446000e+00 1.611663441681637e-18
1.09668000e+00 1.610031377018273e-18
1.09890000e+00 1.608404260506578e-18
1.10112000e+00 1.606782067193680e-18
1.10334000e+00 1.605164772302520e-18
1.10556000e+00 1.603552351230261e-18
1.10778000e+00 1.601944779546720e-18
1.11000000e+00 1.600342032992808e-18
1.11222000e+00 1.598744087478999e-18
1.11444000e+00 1.597150919083802e-18
1.11666000e+00 1.595562504052264e-18
1.11888000e+00 1.593978818794475e-18
1.12110000e+00 1.592399839884106e-18
1.12332000e+00 1.590825544056942e-18
1.12554000e+00 1.589255908209453e-18
1.12776000e+00 1.587690909397363e-18
1.12998000e+00 1.586130524834245e-18
1.13220000e+00 1.584574731890125e-18
1.13442000e+00 1.583023508090106e-18
1.13664000e+00 1.581476831113002e-18
1.13886000e+00 1.579934678789990e-18
1.14108000e+00 1.578397029103279e-18
1.14330000e+00 1.576863860184781e-18
1.14552000e+00 1.575335150314814e-18
1.14774000e+00 1.573810877920804e-18
1.14996000e+00 1.572291021576008e-18
1.15218000e+00 1.570775559998251e-18
1.15440000e+00 1.569264472048669e-18
1.15662000e+00 1.567757736730477e-18
1.15884000e+00 1.566255333187740e-18
1.16106000e+00 1.564757240704159e-18
1.16328000e+00 1.563263438701877e-18
1.16550000e+00 1.561773906740286e-18
1.16772000e+00 1.560288624514853e-18
1.16994000e+00 1.558807571855962e-18
1.17216000e+00 1.557330728727758e-18
1.17438000e+00 1.555858075227013e-18
1.17660000e+00 1.554389591581997e-18
1.17882000e+00 1.552925258151363e-18
1.18104000e+00 1.551465055423044e-18
1.18326000e+00 1.550008964013163e-18
1.18548000e+00 1.548556964664948e-18
1.18770000e+00 1.547109038247667e-18
1.18992000e+00 1.545665165755566e-18
1.19214000e+00 1.544225328306823e-18
1.19436000e+00 1.542789507142510e-18
1.19658000e+00 1.541357683625566e-18
1.19880000e+00 1.539929839239785e-18
1.20102000e+00 1.538505955588802e-18
1.20324000e+00 1.537086014395107e-18
1.20546000e+00 1.535669997499053e-18
1.20768000e+00 1.534257886857884e-18
1.20990000e+00 1.532849664544767e-18
1.21212000e+00 1.531445312747837e-18
1.21434000e+00 1.530044813769253e-18
1.21656000e+00 1.528648150024258e-18
1.21878000e+00 1.527255304040252e-18
1.22100000e+00 1.525866258455878e-18
1.22322000e+00 1.524480996020106e-18
1.22544000e+00 1.523099499591341e-18
1.22766000e+00 1.521721752136525e-18
1.22988000e+00 1.520347736730261e-18
1.23210000e+00 1.518977436553933e-18
1.23432000e+00 1.517610834894851e-18
1.23654000e+00 1.516247915145384e-18
1.23876000e+00 1.514888660802120e-18
1.24098000e+00 1.513533055465024e-18
1.24320000e+00 1.512181082836605e-18
1.24542000e+00 1.510832726721099e-18
1.24764000e+00 1.509487971023646e-18
1.24986000e+00 1.508146799749491e-18
1.25208000e+00 1.506809197003179e-18
1.25430000e+00 1.505475146987766e-18
1.25652000e+00 1.504144634004037e-18
1.25874000e+00 1.502817642449729e-18
1.26096000e+00 1.501494156818759e-18
1.26318000e+00 1.500174161700468e-18
1.26540000e+00 1.498857641778867e-18
1.26762000e+00 1.497544581831887e-18
1.26984000e+00 1.496234966730641e-18
1.27206000e+00 1.494928781438695e-18
1.27428000e+00 1.493626011011340e-18
1.27650000e+00 1.492326640594873e-18
1.27872000e+00 1.491030655425888e-18
1.28094000e+00 1.489738040830571e-18
1.28316000e+00 1.488448782224001e-18
1.28538000e+00 1.487162865109461e-18
1.28760000e+00 1.485880275077751e-18
1.28982000e+00 1.484600997806510e-18
1.29204000e+00 1.483325019059546e-18
1.29426000e+00 1.482052324686170e-18
1.29648000e+00 1.480782900620535e-18
1.29870000e+00 1.479516732880988e-18
1.30092000e+00 1.478253807569416e-18
1.30314000e+00 1.476994110870612e-18
1.30536000e+00 1.475737629051635e-18
1.30758000e+00 1.474484348461186e-18
1.30980000e+00 1.473234255528981e-18
1.31202000e+00 1.471987336765135e-18
1.31424000e+00 1.470743578759554e-18
1.31646000e+00 1.469502968181324e-18
1.31868000e+00 1.468265491778114e-18
1.32090000e+00 1.467031136375579e-18
1.32312000e+00 1.465799888876776e-18
1.32534000e+00 1.464571736261575e-18
1.32756000e+00 1.463346665586081e-18
1.32978000e+00 1.462124663982066e-18
1.33200000e+00 1.460905718656396e-18
1.33422000e+00 1.459689816890472e-18
1.33644000e+00 1.458476946039668e-18
1.33866000e+00 1.457267093532786e-18
1.34088000e+00 1.456060246871502e-18
1.34310000e+00 1.454856393629826e-18
1.34532000e+00 1.453655521453566e-18
1.34754000e+00 1.452457618059794e-18
1.34976000e+00 1.451262671236319e-18
1.35198000e+00 1.450070668841164e-18
1.35420000e+00 1.448881598802047e-18
1.35642000e+00 1.447695449115869e-18
1.35864000e+00 1.446512207848204e-18
1.36086000e+00 1.445331863132794e-18
1.36308000e+00 1.444154403171051e-18
1.36530000e+00 1.442979816231561e-18
1.36752000e+00 1.441808090649593e-18
1.36974000e+00 1.440639214826612e-18
1.37196000e+00 1.439473177229795e-18
1.37418000e+00 1.438309966391559e-18
1.37640000e+00 1.437149570909081e-18
1.37862000e+00 1.435991979443832e-18
1.38084000e+00 1.434837180721111e-18
1.38306000e+00 1.433685163529582e-18
1.38528000e+00 1.432535916720819e-18
1.38750000e+00 1.431389429208852e-18
1.38972000e+00 1.430245689969720e-18
1.39194000e+00 1.429104688041021e-18
1.39416000e+00 1.427966412521476e-18
1.39638000e+00 1.426830852570487e-18
1.39860000e+00 1.425697997407706e-18
1.40082000e+00 1.424567836312607e-18
1.40304000e+00 1.423440358624053e-18
1.40526000e+00 1.422315553739883e-18
1.40748000e+00 1.421193411116485e-18
1.40970000e+00 1.420073920268386e-18
1.41192000e+00 1.418957070767837e-18
1.41414000e+00 1.417842852244409e-18
1.41636000e+00 1.416731254384585e-18
1.41858000e+00 1.415622266931362e-18
1.42080000e+00 1.414515879683850e-18
1.42302000e+00 1.413412082496881e-18
1.42524000e+00 1.412310865280617e-18
1.42746000e+00 1.411212218000162e-18
1.42968000e+00 1.410116130675179e-18
1.43190000e+00 1.409022593379509e-18
1.43412000e+00 1.407931596240795e-18
1.43634000e+00 1.406843129440104e-18
1.43856000e+00 1.405757183211557e-18
1.44078000e+00 1.404673747841964e-18
1.44300000e+00 1.403592813670457e-18
1.44522000e+00 1.402514371088126e-18
1.44744000e+00 1.401438410537664e-18
1.44966000e+00 1.400364922513009e-18
1.45188000e+00 1.399293897558993e-18
1.45410000e+00 1.398225326270989e-18
1.45632000e+00 1.397159199294569e-18
1.45854000e+00 1.396095507325155e-18
1.46076000e+00 1.395034241107681e-18
1.46298000e+00 1.393975391436255e-18
1.46520000e+00 1.392918949153820e-18
1.46742000e+00 1.391864905151829e-18
1.46964000e+00 1.390813250369904e-18
1.47186000e+00 1.389763975795520e-18
1.47408000e+00 1.388717072463673e-18
1.47630000e+00 1.387672531456562e-18
1.47852000e+00 1.386630343903269e-18
1.48074000e+00 1.385590500979443e-18
1.48296000e+00 1.384552993906984e-18
1.48518000e+00 1.383517813953734e-18
1.48740000e+00 1.382484952433170e-18
1.48962000e+00 1.381454400704093e-18
1.49184000e+00 1.380426150170328e-18
1.49406000e+00 1.379400192280422e-18
1.49628000e+00 1.378376518527344e-18
1.49850000e+00 1.377355120448193e-18
1.50072000e+00 1.376335989623896e-18
1.50294000e+00 1.375319117678927e-18
1.50516000e+00 1.374304496281009e-18
1.50738000e+00 1.373292117140831e-18
1.50960000e+00 1.372281972011764e-18
1.51182000e+00 1.371274052689579e-18
1.51404000e+00 1.370268351012165e-18
1.51626000e+00 1.369264858859252e-18
1.51848000e+00 1.368263568152139e-18
1.52070000e+00 1.367264470853415e-18
1.52292000e+00 1.366267558966693e-18
1.52514000e+00 1.365272824536339e-18
1.52736000e+00 1.364280259647206e-18
1.52958000e+00 1.363289856424368e-18
1.53180000e+00 1.362301607032861e-18
1.53402000e+00 1.361315503677417e-18
1.53624000e+00 1.360331538602213e-18
1.53846000e+00 1.359349704090608e-18
1.54068000e+00 1.358369992464893e-18
1.54290000e+00 1.357392396086039e-18
1.54512000e+00 1.356416907353443e-18
1.54734000e+00 1.355443518704683e-18
1.54956000e+00 1.354472222615273e-18
1.55178000e+00 1.353503011598414e-18
1.55400000e+00 1.352535878204756e-18
1.55622000e+00 1.351570815022156e-18
1.55844000e+00 1.350607814675438e-18
1.56066000e+00 1.349646869826158e-18
1.56288000e+00 1.348687973172371e-18
1.56510000e+00 1.347731117448392e-18
1.56732000e+00 1.346776295424571e-18
1.56954000e+00 1.345823499907060e-18
1.57176000e+00 1.344872723737588e-18
1.57398000e+00 1.343923959793230e-18
1.57620000e+00 1.342977200986190e-18
1.57842000e+00 1.342032440263572e-18
1.58064000e+00 1.341089670607166e-18
1.58286000e+00 1.340148885033222e-18
1.58508000e+00 1.339210076592238e-18
1.58730000e+00 1.338273238368740e-18
1.58952000e+00 1.337338363481074e-18
1.59174000e+00 1.336405445081187e-18
1.59396000e+00 1.335474476354422e-18
1.59618000e+00 1.334545450519305e-18
1.59840000e+00 1.333618360827340e-18
1.60062000e+00 1.332693200562800e-18
1.60284000e+00 1.331769963042528e-18
1.60506000e+00 1.330848641615727e-18
1.60728000e+00 1.329929229663766e-18
1.60950000e+00 1.329011720599975e-18
1.61172000e+00 1.328096107869451e-18
1.61394000e+00 1.327182384948858e-18
1.61616000e+00 1.326270545346232e-18
1.61838000e+00 1.325360582600789e-18
1.62060000e+00 1.324452490282733e-18
1.62282000e+00 1.323546261993063e-18
1.62504000e+00 1.322641891363385e-18
1.62726000e+00 1.321739372055724e-18
1.62948000e+00 1.320838697762338e-18
1.63170000e+00 1.319939862205530e-18
1.63392000e+00 1.319042859137468e-18
1.63614000e+00 1.318147682340000e-18
1.63836000e+00 1.317254325624476e-18
1.64058000e+00 1.316362782831563e-18
1.64280000e+00 1.315473047831072e-18
1.64502000e+00 1.314585114521778e-18
1.64724000e+00 1.313698976831246e-18
1.64946000e+00 1.312814628715654e-18
1.65168000e+00 1.311932064159623e-18
1.65390000e+00 1.311051277176044e-18
1.65612000e+00 1.310172261805904e-18
1.65834000e+00 1.309295012118124e-18
1.66056000e+00 1.308419522209384e-18
1.66278000e+00 1.307545786203959e-18
1.66500000e+00 1.306673798253554e-18
1.66722000e+00 1.305803552537139e-18
1.66944000e+00 1.304935043260784e-18
1.67166000e+00 1.304068264657500e-18
1.67388000e+00 1.303203210987076e-18
1.67610000e+00 1.302339876535921e-18
1.67832000e+00 1.301478255616904e-18
1.68054000e+00 1.300618342569198e-18
1.68276000e+00 1.299760131758120e-18
1.68498000e+00 1.298903617574983e-18
1.68720000e+00 1.298048794436935e-18
1.68942000e+00 1.297195656786811e-18
1.69164000e+00 1.296344199092979e-18
1.69386000e+00 1.295494415849189e-18
1.69608000e+00 1.294646301574425e-18
1.69830000e+00 1.293799850812755e-18
1.70052000e+00 1.292955058133186e-18
1.70274000e+00 1.292111918129513e-18
1.70496000e+00 1.291270425420181e-18
1.70718000e+00 1.290430574648131e-18
1.70940000e+00 1.289592360480668e-18
1.71162000e+00 1.288755777609308e-18
1.71384000e+00 1.287920820749644e-18
1.71606000e+00 1.287087484641204e-18
1.71828000e+00 1.286255764047311e-18
1.72050000e+00 1.285425653754944e-18
1.72272000e+00 1.284597148574603e-18
1.72494000e+00 1.283770243340172e-18
1.72716000e+00 1.282944932908782e-18
1.72938000e+00 1.282121212160680e-18
1.73160000e+00 1.281299075999091e-18
1.73382000e+00 1.280478519350090e-18
1.73604000e+00 1.279659537162470e-18
1.73826000e+00 1.278842124407606e-18
1.74048000e+00 1.278026276079332e-18
1.74270000e+00 1.277211987193811e-18
1.74492000e+00 1.276399252789403e-18
1.74714000e+00 1.275588067926541e-18
1.74936000e+00 1.274778427687607e-18
1.75158000e+00 1.273970327176802e-18
1.75380000e+00 1.273163761520025e-18
1.75602000e+00 1.272358725864749e-18
1.75824000e+00 1.271555215379898e-18
1.76046000e+00 1.270753225255725e-18
1.76268000e+00 1.269952750703691e-18
1.76490000e+00 1.269153786956345e-18
1.76712000e+00 1.268356329267207e-18
1.76934000e+00 1.267560372910644e-18
1.77156000e+00 1.266765913181760e-18
1.77378000e+00 1.265972945396273e-18
1.77600000e+00 1.265181464890401e-18
1.77822000e+00 1.264391467020747e-18
1.78044000e+00 1.263602947164186e-18
1.78266000e+00 1.262815900717747e-18
1.78488000e+00 1.262030323098507e-18
1.78710000e+00 1.261246209743470e-18
1.78932000e+00 1.260463556109466e-18
1.79154000e+00 1.259682357673031e-18
1.79376000e+00 1.258902609930303e-18
1.79598000e+00 1.258124308396911e-18
1.79820000e+00 1.257347448607867e-18
1.80042000e+00 1.256572026117458e-18
1.80264000e+00 1.255798036499140e-18
1.80486000e+00 1.255025475345430e-18
1.80708000e+00 1.254254338267805e-18
1.80930000e+00 1.253484620896589e-18
1.81152000e+00 1.252716318880860e-18
1.81374000e+00 1.251949427888338e-18
1.81596000e+00 1.251183943605283e-18
1.81818000e+00 1.250419861736401e-18
1.82040000e+00 1.249657178004733e-18
1.82262000e+00 1.248895888151560e-18
1.82484000e+00 1.248135987936300e-18
1.82706000e+00 1.247377473136414e-18
1.82928000e+00 1.246620339547302e-18
1.83150000e+00 1.245864582982206e-18
1.83372000e+00 1.245110199272116e-18
1.83594000e+00 1.244357184265671e-18
1.83816000e+00 1.243605533829060e-18
1.84038000e+00 1.242855243845936e-18
1.84260000e+00 1.242106310217310e-18
1.84482000e+00 1.241358728861464e-18
1.84704000e+00 1.240612495713858e-18
1.84926000e+00 1.239867606727032e-18
1.85148000e+00 1.239124057870518e-18
1.85370000e+00 1.238381845130747e-18
1.85592000e+00 1.237640964510960e-18
1.85814000e+00 1.236901412031113e-18
1.86036000e+00 1.236163183727792e-18
1.86258000e+00 1.235426275654121e-18
1.86480000e+00 1.234690683879675e-18
1.86702000e+00 1.233956404490390e-18
1.86924000e+00 1.233223433588478e-18
1.87146000e+00 1.232491767292338e-18
1.87368000e+00 1.231761401736470e-18
1.87590000e+00 1.231032333071391e-18
1.87812000e+00 1.230304557463548e-18
1.88034000e+00 1.229578071095233e-18
1.88256000e+00 1.228852870164500e-18
1.88478000e+00 1.228128950885083e-18
1.88700000e+00 1.227406309486307e-18
1.88922000e+00 1.226684942213015e-18
1.89144000e+00 1.225964845325476e-18
1.89366000e+00 1.225246015099310e-18
1.89588000e+00 1.224528447825406e-18
1.89810000e+00 1.223812139809840e-18
1.90032000e+00 1.223097087373796e-18
1.90254000e+00 1.222383286853488e-18
1.90476000e+00 1.221670734600078e-18
1.90698000e+00 1.220959426979602e-18
1.90920000e+00 1.220249360372886e-18
1.91142000e+00 1.219540531175477e-18
1.91364000e+00 1.218832935797557e-18
1.91586000e+00 1.218126570663875e-18
1.91808000e+00 1.217421432213664e-18
1.92030000e+00 1.216717516900571e-18
1.92252000e+00 1.216014821192579e-18
1.92474000e+00 1.215313341571935e-18
1.92696000e+00 1.214613074535072e-18
1.92918000e+00 1.213914016592541e-18
1.93140000e+00 1.213216164268933e-18
1.93362000e+00 1.212519514102809e-18
1.93584000e+00 1.211824062646627e-18
1.93806000e+00 1.211129806466673e-18
1.94028000e+00 1.210436742142985e-18
1.94250000e+00 1.209744866269284e-18
1.94472000e+00 1.209054175452908e-18
1.94694000e+00 1.208364666314735e-18
1.94916000e+00 1.207676335489120e-18
1.95138000e+00 1.206989179623821e-18
1.95360000e+00 1.206303195379933e-18
1.95582000e+00 1.205618379431821e-18
1.95804000e+00 1.204934728467049e-18
1.96026000e+00 1.204252239186314e-18
1.96248000e+00 1.203570908303382e-18
1.96470000e+00 1.202890732545016e-18
1.96692000e+00 1.202211708650916e-18
1.96914000e+00 1.201533833373649e-18
1.97136000e+00 1.200857103478584e-18
1.97358000e+00 1.200181515743830e-18
1.97580000e+00 1.199507066960170e-18
1.97802000e+00 1.198833753930996e-18
1.98024000e+00 1.198161573472247e-18
1.98246000e+00 1.197490522412344e-18
1.98468000e+00 1.196820597592129e-18
1.98690000e+00 1.196151795864801e-18
1.98912000e+00 1.195484114095857e-18
1.99134000e+00 1.194817549163024e-18
1.99356000e+00 1.194152097956204e-18
1.99578000e+00 1.193487757377412e-18
1.99800000e+00 1.192824524340710e-18
2.00022000e+00 1.192162395772155e-18
2.00244000e+00 1.191501368609733e-18
2.00466000e+00 1.190841439803301e-18
2.00688000e+00 1.190182606314530e-18
2.00910000e+00 1.189524865116844e-18
2.01132000e+00 1.188868213195362e-18
2.01354000e+00 1.188212647546841e-18
2.01576000e+00 1.187558165179616e-18
2.01798000e+00 1.186904763113547e-18
2.02020000e+00 1.186252438379957e-18
2.02242000e+00 1.185601188021577e-18
2.02464000e+00 1.184951009092493e-18
2.02686000e+00 1.184301898658085e-18
2.02908000e+00 1.183653853794975e-18
2.03130000e+00 1.183006871590969e-18
2.03352000e+00 1.182360949145004e-18
2.03574000e+00 1.181716083567095e-18
2.03796000e+00 1.181072271978274e-18
2.04018000e+00 1.180429511510545e-18
2.04240000e+00 1.179787799306823e-18
2.04462000e+00 1.179147132520884e-18
2.04684000e+00 1.178507508317312e-18
2.04906000e+00 1.177868923871445e-18
2.05128000e+00 1.177231376369326e-18
2.05350000e+00 1.176594863007643e-18
2.05572000e+00 1.175959380993689e-18
2.05794000e+00 1.175324927545298e-18
2.06016000e+00 1.174691499890805e-18
2.06238000e+00 1.174059095268986e-18
2.06460000e+00 1.173427710929013e-18
2.06682000e+00 1.172797344130405e-18
2.06904000e+00 1.172167992142970e-18
2.07126000e+00 1.171539652246765e-18
2.07348000e+00 1.170912321732040e-18
2.07570000e+00 1.170285997899191e-18
2.07792000e+00 1.169660678058714e-18
2.08014000e+00 1.169036359531150e-18
2.08236000e+00 1.168413039647045e-18
2.08458000e+00 1.167790715746893e-18
2.08680000e+00 1.167169385181096e-18
2.08902000e+00 1.166549045309914e-18
2.09124000e+00 1.165929693503416e-18
2.09346000e+00 1.165311327141435e-18
2.09568000e+00 1.164693943613522e-18
2.09790000e+00 1.164077540318898e-18
2.10012000e+00 1.163462114666410e-18
2.10234000e+00 1.162847664074483e-18
2.10456000e+00 1.162234185971076e-18
2.10678000e+00 1.161621677793636e-18
2.10900000e+00 1.161010136989055e-18
2.11122000e+00 1.160399561013622e-18
2.11344000e+00 1.159789947332981e-18
2.11566000e+00 1.159181293422087e-18
2.11788000e+00 1.158573596765160e-18
2.12010000e+00 1.157966854855643e-18
2.12232000e+00 1.157361065196158e-18
2.12454000e+00 1.156756225298462e-18
2.12676000e+00 1.156152332683409e-18
2.12898000e+00 1.155549384880898e-18
2.13120000e+00 1.154947379429838e-18
2.13342000e+00 1.154346313878107e-18
2.13564000e+00 1.153746185782501e-18
2.13786000e+00 1.153146992708702e-18
2.14008000e+00 1.152548732231231e-18
2.14230000e+00 1.151951401933410e-18
2.14452000e+00 1.151354999407318e-18
2.14674000e+00 1.150759522253751e-18
2.14896000e+00 1.150164968082183e-18
2.15118000e+00 1.149571334510725e-18
2.15340000e+00 1.148978619166084e-18
2.15562000e+00 1.148386819683524e-18
2.15784000e+00 1.147795933706827e-18
2.16006000e+00 1.147205958888251e-18
2.16228000e+00 1.146616892888495e-18
2.16450000e+00 1.146028733376655e-18
2.16672000e+00 1.145441478030190e-18
2.16894000e+00 1.144855124534879e-18
2.17116000e+00 1.144269670584789e-18
2.17338000e+00 1.143685113882230e-18
2.17560000e+00 1.143101452137720e-18
2.17782000e+00 1.142518683069949e-18
2.18004000e+00 1.141936804405739e-18
2.18226000e+00 1.141355813880009e-18
2.18448000e+00 1.140775709235735e-18
2.18670000e+00 1.140196488223915e-18
2.18892000e+00 1.139618148603535e-18
2.19114000e+00 1.139040688141526e-18
2.19336000e+00 1.138464104612736e-18
2.19558000e+00 1.137888395799884e-18
2.19780000e+00 1.137313559493535e-18
2.20002000e+00 1.136739593492058e-18
2.20224000e+00 1.136166495601590e-18
2.20446000e+00 1.135594263636004e-18
2.20668000e+00 1.135022895416872e-18
2.20890000e+00 1.134452388773432e-18
2.21112000e+00 1.133882741542550e-18
2.21334000e+00 1.133313951568690e-18
2.21556000e+00 1.132746016703875e-18
2.21778000e+00 1.132178934807656e-18
2.22000000e+00 1.131612703747080e-18
2.22222000e+00 1.131047321396651e-18
-----------------------------
