Energy (eV)          EEDF (eV^-(3/2))     First Anisotropy
1.16500000000000e-01 2.43713945845321e-01 4.38293473040304e-04
3.49500000000000e-01 2.23535289016938e-01 6.96125481546969e-04
5.82500000000000e-01 2.05027353943867e-01 8.48583034359643e-04
8.15500000000000e-01 1.88051810745811e-01 9.27946033950564e-04
1.04850000000000e+00 1.72481782769631e-01 9.68049208759692e-04
1.28150000000000e+00 1.58200898302453e-01 9.83128769607743e-04
1.51450000000000e+00 1.45102420799593e-01 9.81152902443004e-04
1.74750000000000e+00 1.33088451126549e-01 9.67202832324664e-04
1.98050000000000e+00 1.22069195852545e-01 9.44763455628168e-04
2.21350000000000e+00 1.11962296126793e-01 9.16334236333809e-04
2.44650000000000e+00 1.02692212121444e-01 8.83760395988534e-04
2.67950000000000e+00 9.41896584404908e-02 8.48430145546740e-04
2.91250000000000e+00 8.63910862748250e-02 8.11400493929653e-04
3.14550000000000e+00 7.92382084330378e-02 7.73481787844879e-04
3.37850000000000e+00 7.26775636979947e-02 7.35296866104543e-04
3.61150000000000e+00 6.66601172531529e-02 6.97323796828166e-04
3.84450000000000e+00 6.11408941921742e-02 6.59927554894410e-04
4.07750000000000e+00 5.60786433726507e-02 6.23383992733241e-04
4.31050000000000e+00 5.14355291015594e-02 5.87898287165309e-04
4.54350000000000e+00 4.71768483480757e-02 5.53619331513730e-04
4.77650000000000e+00 4.32707713701707e-02 5.20651090881030e-04
5.00950000000000e+00 3.96881038164125e-02 4.89061643652224e-04
5.24250000000000e+00 3.64020685249025e-02 4.58890434174262e-04
5.47550000000000e+00 3.33881053884895e-02 4.30154125079580e-04
5.70850000000000e+00 3.06236877904418e-02 4.02851341585973e-04
5.94150000000000e+00 2.80881542385979e-02 3.76966531032941e-04
6.17450000000000e+00 2.57625539396175e-02 3.52473110397047e-04
6.40750000000000e+00 2.36295051591412e-02 3.29336036986020e-04
6.64050000000000e+00 2.16730653092296e-02 3.07513909206144e-04
6.87350000000000e+00 1.98786117921059e-02 2.86960682677846e-04
7.10650000000000e+00 1.82327327096168e-02 2.67627070266372e-04
7.33950000000000e+00 1.67231266215655e-02 2.49461681544704e-04
7.57250000000000e+00 1.53385106037014e-02 2.32411946915231e-04
7.80550000000000e+00 1.40685359181857e-02 2.16424863431598e-04
8.03850000000000e+00 1.29037106662441e-02 2.01447592800533e-04
8.27150000000000e+00 1.18353288449090e-02 1.87427936746371e-04
8.50450000000000e+00 1.08554052776129e-02 1.74314710617391e-04
8.73750000000000e+00 9.95661593229956e-03 1.62058032596734e-04
8.97050000000000e+00 9.13224318098616e-03 1.50609542992743e-04
9.20350000000000e+00 8.37612559164033e-03 1.39922565700910e-04
9.43650000000000e+00 7.68261187711339e-03 1.29952221955641e-04
9.66950000000000e+00 7.04651865693970e-03 1.20655504848869e-04
9.90250000000000e+00 6.46309171631038e-03 1.11991321723392e-04
1.01355000000000e+01 5.92797047266760e-03 1.03920510403605e-04
1.03685000000000e+01 5.43715538433980e-03 9.64058342658112e-05
1.06015000000000e+01 4.98697805762720e-03 8.94119603431492e-05
1.08345000000000e+01 4.57407382891541e-03 8.29054239805976e-05
1.10675000000000e+01 4.19535661689348e-03 7.68545829824686e-05
1.13005000000000e+01 3.84799585691982e-03 7.12295637110403e-05
1.15335000000000e+01 3.52939534514143e-03 6.60022011861632e-05
1.17665000000000e+01 3.23717383424551e-03 6.11459748899991e-05
1.19995000000000e+01 2.96914723581465e-03 5.66359416886428e-05
1.22325000000000e+01 2.72331229626428e-03 5.24486670350035e-05
1.24655000000000e+01 2.49783162435506e-03 4.85621554081002e-05
1.26985000000000e+01 2.29101995837452e-03 4.49557807670394e-05
1.29315000000000e+01 2.10133157034780e-03 4.16102176485319e-05
1.31645000000000e+01 1.92734871313526e-03 3.85073734107431e-05
1.33975000000000e+01 1.76777102406991e-03 3.56303220200637e-05
1.36305000000000e+01 1.62140580593619e-03 3.29632396880851e-05
1.38635000000000e+01 1.48715911264967e-03 3.04913425911537e-05
1.40965000000000e+01 1.36402757301091e-03 2.82008268422242e-05
1.43295000000000e+01 1.25109089142390e-03 2.60788108325146e-05
1.45625000000000e+01 1.14750496952844e-03 2.41132800171286e-05
1.47955000000000e+01 1.05249559733731e-03 2.22930341830357e-05
1.50285000000000e+01 9.65352666724958e-04 2.06076372084498e-05
1.52615000000000e+01 8.85424864019004e-04 1.90473692987537e-05
1.54945000000000e+01 8.12114802026479e-04 1.76031816648539e-05
1.57275000000000e+01 7.44874555111150e-04 1.62666535945074e-05
1.59605000000000e+01 6.83201563950738e-04 1.50299518551297e-05
1.61935000000000e+01 6.26634879365807e-04 1.38857923573594e-05
1.64265000000000e+01 5.74751717146409e-04 1.28274040017625e-05
1.66595000000000e+01 5.27164298126957e-04 1.18484946261402e-05
1.68925000000000e+01 4.83516949891767e-04 1.09432189676227e-05
1.71255000000000e+01 4.43483448449185e-04 1.01061485518176e-05
1.73585000000000e+01 4.06764580005740e-04 9.33224342048851e-06
1.75915000000000e+01 3.73085904616809e-04 8.61682560937382e-06
1.78245000000000e+01 3.42195704999138e-04 7.95555428863692e-06
1.80575000000000e+01 3.13863105174468e-04 7.34440247992651e-06
1.82905000000000e+01 2.87876344882843e-04 6.77963526598917e-06
1.85235000000000e+01 2.64041196868420e-04 6.25778941111370e-06
1.87565000000000e+01 2.42179515208452e-04 5.77565431330856e-06
1.89895000000000e+01 2.22127903835507e-04 5.33025421194305e-06
1.92225000000000e+01 2.03736495301376e-04 4.91883157755840e-06
1.94555000000000e+01 1.86867830655018e-04 4.53883161362353e-06
1.96885000000000e+01 1.71395832062674e-04 4.18788780312829e-06
1.99215000000000e+01 1.57204860491420e-04 3.86380843603783e-06
2.01545000000000e+01 1.44188851413200e-04 3.56456405674696e-06
2.03875000000000e+01 1.32250522069531e-04 3.28827577374856e-06
2.06205000000000e+01 1.21300644371887e-04 3.03320437674476e-06
2.08535000000000e+01 1.11257378003386e-04 2.79774020937130e-06
2.10865000000000e+01 1.02045658737301e-04 2.58039374855945e-06
2.13195000000000e+01 9.35966374006484e-05 2.37978684431940e-06
2.15525000000000e+01 8.58471652896120e-05 2.19464457638652e-06
2.17855000000000e+01 7.87393221907661e-05 2.02378768672348e-06
2.20185000000000e+01 7.22199834804737e-05 1.86612554931419e-06
2.22515000000000e+01 6.62404230669330e-05 1.72064964101813e-06
2.24845000000000e+01 6.07559492072247e-05 1.58642747947648e-06
2.27175000000000e+01 5.57255704774258e-05 1.46259699617487e-06
2.29505000000000e+01 5.11116893992214e-05 1.34836131477368e-06
2.31835000000000e+01 4.68798214331563e-05 1.24298390671711e-06
2.34165000000000e+01 4.29983372382541e-05 1.14578409793051e-06
2.36495000000000e+01 3.94382262716343e-05 1.05613290211390e-06
2.38825000000000e+01 3.61728799612480e-05 9.73449157742178e-07
2.41155000000000e+01 3.31778928311482e-05 8.97195947392752e-07
2.43485000000000e+01 3.04308800928876e-05 8.26877279442565e-07
2.45815000000000e+01 2.79113103397066e-05 7.62035013513426e-07
2.48145000000000e+01 2.56003520930534e-05 7.02246012299950e-07
2.50475000000000e+01 2.34807330545125e-05 6.47119503593106e-07
2.52805000000000e+01 2.15366110111774e-05 5.96294637417502e-07
2.55135000000000e+01 1.97534554296052e-05 5.49438224236251e-07
2.57465000000000e+01 1.81179388533733e-05 5.06242641147029e-07
2.59795000000000e+01 1.66178372925377e-05 4.66423893900360e-07
2.62125000000000e+01 1.52419388604924e-05 4.29719823419822e-07
2.64455000000000e+01 1.39799599753761e-05 3.95888446296847e-07
2.66785000000000e+01 1.28224684997066e-05 3.64706419473577e-07
2.69115000000000e+01 1.17608132437836e-05 3.35967620018738e-07
2.71445000000000e+01 1.07870593059613e-05 3.09481831546667e-07
2.73775000000000e+01 9.89392876651882e-06 2.85073529431341e-07
2.76105000000000e+01 9.07474629186951e-06 2.62580757528116e-07
2.78435000000000e+01 8.32338924255006e-06 2.41854089638506e-07
2.80765000000000e+01 7.63424191209271e-06 2.22755669440034e-07
2.83095000000000e+01 7.00215355475758e-06 2.05158323056342e-07
2.85425000000000e+01 6.42239988842114e-06 1.88944738864428e-07
2.87755000000000e+01 5.89064778488993e-06 1.74006709528216e-07
2.90085000000000e+01 5.40292288373203e-06 1.60244431612484e-07
2.92415000000000e+01 4.95557988756931e-06 1.47565858470389e-07
2.94745000000000e+01 4.54527531681488e-06 1.35886102413023e-07
2.97075000000000e+01 4.16894252022239e-06 1.25126882462357e-07
2.99405000000000e+01 3.82376875447390e-06 1.15216014260950e-07
3.01735000000000e+01 3.50717416149718e-06 1.06086938964401e-07
3.04065000000000e+01 3.21679248638712e-06 9.76782881770578e-08
3.06395000000000e+01 2.95045339181537e-06 8.99334822091071e-08
3.08725000000000e+01 2.70616623674470e-06 8.28003591351350e-08
3.11055000000000e+01 2.48210519820854e-06 7.62308323215748e-08
3.13385000000000e+01 2.27659562495498e-06 7.01805742641942e-08
3.15715000000000e+01 2.08810152096088e-06 6.46087247378693e-08
3.18045000000000e+01 1.91521406526702e-06 5.94776214102453e-08
3.20375000000000e+01 1.75664108233047e-06 5.47525512092890e-08
3.22705000000000e+01 1.61119738419472e-06 5.04015208630173e-08
3.25035000000000e+01 1.47779591229414e-06 4.63950451485188e-08
3.27365000000000e+01 1.35543961268580e-06 4.27059514974698e-08
3.29695000000000e+01 1.24321398398356e-06 3.93091997073048e-08
3.32025000000000e+01 1.14028024229698e-06 3.61817156016098e-08
3.34355000000000e+01 1.04586905208915e-06 3.33022375707174e-08
3.36685000000000e+01 9.59274776097509e-07 3.06511750044010e-08
3.39015000000000e+01 8.79850201340971e-07 2.82104777034538e-08
3.41345000000000e+01 8.07001701795042e-07 2.59635154262505e-08
3.43675000000000e+01 7.40184801580459e-07 2.38949667905162e-08
3.46005000000000e+01 6.78900105504176e-07 2.19907168098552e-08
3.48335000000000e+01 6.22689566537229e-07 2.02377623994777e-08
3.50665000000000e+01 5.71133062332302e-07 1.86241252363193e-08
3.52995000000000e+01 5.23845255193577e-07 1.71387714056932e-08
3.55325000000000e+01 4.80472712030041e-07 1.57715373100205e-08
3.57655000000000e+01 4.40691262766512e-07 1.45130613553165e-08
3.59985000000000e+01 4.04203577468933e-07 1.33547209682123e-08
3.62315000000000e+01 3.70736944075168e-07 1.22885745305827e-08
3.64645000000000e+01 3.40041230121865e-07 1.13073078505484e-08
3.66975000000000e+01 3.11887013233153e-07 1.04041848179118e-08
3.69305000000000e+01 2.86063866398308e-07 9.57300191915216e-09
3.71635000000000e+01 2.62378785222373e-07 8.80804631211320e-09
3.73965000000000e+01 2.40654745394909e-07 8.10405718362199e-09
3.76295000000000e+01 2.20729379595245e-07 7.45619013461965e-09
3.78625000000000e+01 2.02453763945319e-07 6.85998435709880e-09
3.80955000000000e+01 1.85691304939952e-07 6.31133238535020e-09
3.83285000000000e+01 1.70316718535375e-07 5.80645222083690e-09
3.85615000000000e+01 1.56215093765638e-07 5.34186164554089e-09
3.87945000000000e+01 1.43281033888276e-07 4.91435455296549e-09
3.90275000000000e+01 1.31417868640098e-07 4.52097913921389e-09
3.92605000000000e+01 1.20536931715422e-07 4.15901780878500e-09
3.94935000000000e+01 1.10556898066562e-07 3.82596866100930e-09
3.97265000000000e+01 1.01403176073516e-07 3.51952843346070e-09
3.99595000000000e+01 9.30073500398472e-08 3.23757678829151e-09
4.01925000000000e+01 8.53066688479587e-08 2.97816183630834e-09
4.04255000000000e+01 7.82435769519022e-08 2.73948680179260e-09
4.06585000000000e+01 7.17652842023350e-08 2.51989773862351e-09
4.08915000000000e+01 6.58233712884558e-08 2.31787221523142e-09
4.11245000000000e+01 6.03734278479584e-08 2.13200889234042e-09
4.13575000000000e+01 5.53747205402088e-08 1.96101792339263e-09
4.15905000000000e+01 5.07898886017934e-08 1.80371211302003e-09
4.18235000000000e+01 4.65846646089974e-08 1.65899877397919e-09
4.20565000000000e+01 4.27276183601660e-08 1.52587222762166e-09
4.22895000000000e+01 3.91899219637053e-08 1.40340689726889e-09
4.25225000000000e+01 3.59451343759696e-08 1.29075094782270e-09
4.27555000000000e+01 3.29690037786529e-08 1.18712042859650e-09
4.29885000000000e+01 3.02392863186370e-08 1.09179387972231e-09
4.32215000000000e+01 2.77355798555425e-08 1.00410736559618e-09
4.34545000000000e+01 2.54391714743963e-08 9.23449901689911e-10
4.36875000000000e+01 2.33328976237148e-08 8.49259243699272e-10
4.39205000000000e+01 2.14010158336603e-08 7.81018010434660e-10
4.41535000000000e+01 1.96290870554834e-08 7.18250114106122e-10
4.43865000000000e+01 1.80038677428447e-08 6.60517473725093e-10
4.46195000000000e+01 1.65132108684237e-08 6.07416989253864e-10
4.48525000000000e+01 1.51459751360039e-08 5.58577755893227e-10
4.50855000000000e+01 1.38919417094772e-08 5.13658499520539e-10
4.53185000000000e+01 1.27417378363945e-08 4.72345215785324e-10
4.55515000000000e+01 1.16867667952170e-08 4.34348996747223e-10
4.57845000000000e+01 1.07191436426881e-08 3.99404030211006e-10
4.60175000000000e+01 9.83163628109747e-09 3.67265758083536e-10
4.62505000000000e+01 9.01761140496777e-09 3.37709181156084e-10
4.64835000000000e+01 8.27098492316558e-09 3.10527298709204e-10
4.67165000000000e+01 7.58617648588693e-09 2.85529672253121e-10
4.69495000000000e+01 6.95806777664848e-09 2.62541103560494e-10
4.71825000000000e+01 6.38196425755491e-09 2.41400417925877e-10
4.74155000000000e+01 5.85356008192359e-09 2.21959344302598e-10
4.76485000000000e+01 5.36890591202038e-09 2.04081484627827e-10
4.78815000000000e+01 4.92437940137362e-09 1.87641365254626e-10
4.81145000000000e+01 4.51665812104862e-09 1.72523563970010e-10
4.83475000000000e+01 4.14269472753135e-09 1.58621906594104e-10
4.85805000000000e+01 3.79969418662389e-09 1.45838727630851e-10
4.88135000000000e+01 3.48509288312124e-09 1.34084189878678e-10
4.90465000000000e+01 3.19653946013329e-09 1.23275658312873e-10
4.92795000000000e+01 2.93187724484350e-09 1.13337123922970e-10
4.95125000000000e+01 2.68912812935295e-09 1.04198673530661e-10
4.97455000000000e+01 2.46647778613368e-09 9.57960019289456e-11
4.99785000000000e+01 2.26226210759050e-09 8.80699629734913e-11
5.02115000000000e+01 2.07495476837934e-09 8.09661565245638e-11
5.04445000000000e+01 1.90315581752188e-09 7.44345483840568e-11
5.06775000000000e+01 1.74558121505288e-09 6.84291205989079e-11
5.09105000000000e+01 1.60105323499633e-09 6.29075497109773e-11
5.11435000000000e+01 1.46849166294136e-09 5.78309107257365e-11
5.13765000000000e+01 1.34690572242792e-09 5.31634047491584e-11
5.16095000000000e+01 1.23538666979924e-09 4.88721084052274e-11
5.18425000000000e+01 1.13310100217451e-09 4.49267432965917e-11
5.20755000000000e+01 1.03928422777746e-09 4.12994639090916e-11
5.23085000000000e+01 9.53235152059859e-10 3.79646624881468e-11
5.25415000000000e+01 8.74310636913803e-10 3.48987895321467e-11
5.27745000000000e+01 8.01920793802848e-10 3.20801886558488e-11
5.30075000000000e+01 7.35524574884920e-10 2.94889446760969e-11
5.32405000000000e+01 6.74625729174753e-10 2.71067438635870e-11
5.34735000000000e+01 6.18769093521825e-10 2.49167453885712e-11
5.37065000000000e+01 5.67537190682274e-10 2.29034630658641e-11
5.39395000000000e+01 5.20547109058490e-10 2.10526565758331e-11
5.41725000000000e+01 4.77447640785270e-10 1.93512314037064e-11
5.44055000000000e+01 4.37916656772377e-10 1.77871467999582e-11
5.46385000000000e+01 4.01658699084334e-10 1.63493311201597e-11
5.48715000000000e+01 3.68402772662690e-10 1.50276039538796e-11
5.51045000000000e+01 3.37900319885918e-10 1.38126044993438e-11
5.53375000000000e+01 3.09923362828612e-10 1.26957256839374e-11
5.55705000000000e+01 2.84262799335096e-10 1.16690535705540e-11
5.58035000000000e+01 2.60726840172132e-10 1.07253116265349e-11
5.60365000000000e+01 2.39139575579883e-10 9.85780946575889e-12
5.62695000000000e+01 2.19339660507416e-10 9.06039570556009e-12
5.65025000000000e+01 2.01179108706068e-10 8.32741460879201e-12
5.67355000000000e+01 1.84522186667649e-10 7.65366620771238e-12
5.69685000000000e+01 1.69244399140653e-10 7.03436963061664e-12
5.72015000000000e+01 1.55231558642170e-10 6.46512937446880e-12
5.74345000000000e+01 1.42378932010929e-10 5.94190428731662e-12
5.76675000000000e+01 1.30590457622744e-10 5.46097904317881e-12
5.79005000000000e+01 1.19778027417768e-10 5.01893790948258e-12
5.81335000000000e+01 1.09860828373366e-10 4.61264062313287e-12
5.83665000000000e+01 1.00764738500709e-10 4.23920020601957e-12
5.85995000000000e+01 9.24217728507305e-11 3.89596256431776e-12
5.88325000000000e+01 8.47695753888342e-11 3.58048772840168e-12
5.90655000000000e+01 7.77509529405922e-11 3.29053260166346e-12
5.92985000000000e+01 7.13134477250956e-11 3.02403509708082e-12
5.95315000000000e+01 6.54089452810404e-11 2.77909955008714e-12
5.97645000000000e+01 5.99933148551528e-11 2.55398330523035e-12
5.99975000000000e+01 5.50260795651871e-11 2.34708438232563e-12
6.02305000000000e+01 5.04701138722666e-11 2.15693013536806e-12
6.04635000000000e+01 4.62913661014493e-11 1.98216682442696e-12
6.06965000000000e+01 4.24586039366147e-11 1.82155002714350e-12
6.09295000000000e+01 3.89431809874773e-11 1.67393582233970e-12
6.11625000000000e+01 3.57188226840303e-11 1.53827268366291e-12
6.13955000000000e+01 3.27614298981755e-11 1.41359402617186e-12
6.16285000000000e+01 3.00488988247907e-11 1.29901135335294e-12
6.18615000000000e+01 2.75609557760113e-11 1.19370795627171e-12
6.20945000000000e+01 2.52790056539632e-11 1.09693312044220e-12
6.23275000000000e+01 2.31859929694203e-11 1.00799679956381e-12
6.25605000000000e+01 2.12662743676283e-11 9.26264718557098e-13
6.27935000000000e+01 1.95055017085408e-11 8.51153871347583e-13
6.30265000000000e+01 1.78905148276012e-11 7.82128381623070e-13
6.32595000000000e+01 1.64092431755534e-11 7.18695697343473e-13
6.34925000000000e+01 1.50506156021307e-11 6.60403092130629e-13
6.37255000000000e+01 1.38044776093375e-11 6.06834448825996e-13
6.39585000000000e+01 1.26615154558676e-11 5.57607302490917e-13
6.41915000000000e+01 1.16131865454102e-11 5.12370121951509e-13
6.44245000000000e+01 1.06516555785584e-11 4.70799810671033e-13
6.46575000000000e+01 9.76973599111570e-12 4.32599409278319e-13
6.48905000000000e+01 8.96083624110379e-12 3.97495983502501e-13
6.51235000000000e+01 8.21891054301759e-12 3.65238682571758e-13
6.53565000000000e+01 7.53841368111028e-12 3.35596954336232e-13
6.55895000000000e+01 6.91425956397942e-12 3.08358904481129e-13
6.58225000000000e+01 6.34178321068733e-12 2.83329788212984e-13
6.60555000000000e+01 5.81670588429697e-12 2.60330623737327e-13
6.62885000000000e+01 5.33510311222828e-12 2.39196917706079e-13
6.65215000000000e+01 4.89337535441644e-12 2.19777493603917e-13
6.67545000000000e+01 4.48822110004340e-12 2.01933414770209e-13
6.69875000000000e+01 4.11661219176536e-12 1.85536994421982e-13
6.72205000000000e+01 3.77577119300724e-12 1.70470885658413e-13
6.74535000000000e+01 3.46315062916569e-12 1.56627244992935e-13
6.76865000000000e+01 3.17641394756722e-12 1.43906963479141e-13
6.79195000000000e+01 2.91341805387490e-12 1.32218959974872e-13
6.81525000000000e+01 2.67219729441910e-12 1.21479531528654e-13
6.83855000000000e+01 2.45094876473481e-12 1.11611756276979e-13
6.86185000000000e+01 2.24801883450037e-12 1.02544944612740e-13
6.88515000000000e+01 2.06189078816391e-12 9.42141347269968e-14
6.90845000000000e+01 1.89117348888229e-12 8.65596289405932e-14
6.93175000000000e+01 1.73459098104614e-12 7.95265675311670e-14
6.95505000000000e+01 1.59097295367907e-12 7.30645370268524e-14
6.97835000000000e+01 1.45924599343398e-12 6.71272101823072e-14
7.00165000000000e+01 1.33842556181044e-12 6.16720150773579e-14
7.02495000000000e+01 1.22760863663022e-12 5.66598309851101e-14
7.04825000000000e+01 1.12596696277274e-12 5.20547088462743e-14
7.07155000000000e+01 1.03274086172591e-12 4.78236143610687e-14
7.09485000000000e+01 9.47233553684342e-13 4.39361918705840e-14
7.11815000000000e+01 8.68805949757794e-13 4.03645473470823e-14
7.14145000000000e+01 7.96871875366529e-13 3.70830489483918e-14
7.16475000000000e+01 7.30893689122635e-13 3.40681437163059e-14
7.18805000000000e+01 6.70378264452590e-13 3.12981891135765e-14
7.21135000000000e+01 6.14873303927327e-13 2.87532981995310e-14
7.23465000000000e+01 5.63963958752790e-13 2.64151973412736e-14
7.25795000000000e+01 5.17269728154777e-13 2.42670954465350e-14
7.28125000000000e+01 4.74441615483808e-13 2.22935637861632e-14
7.30455000000000e+01 4.35159519784487e-13 2.04804255495510e-14
7.32785000000000e+01 3.99129843333755e-13 1.88146543455318e-14
7.35115000000000e+01 3.66083297266536e-13 1.72842809249161e-14
7.37445000000000e+01 3.35772888887873e-13 1.58783074593474e-14
7.39775000000000e+01 3.07972075628521e-13 1.45866287649415e-14
7.42105000000000e+01 2.82473071846525e-13 1.33999599086082e-14
7.44435000000000e+01 2.59085295819667e-13 1.23097696804072e-14
7.46765000000000e+01 2.37633945321468e-13 1.13082194570637e-14
7.49095000000000e+01 2.17958691134489e-13 1.03881070201738e-14
7.51425000000000e+01 1.99912478736125e-13 9.54281492792920e-15
7.53755000000000e+01 1.83360429200603e-13 8.76626307164128e-15
7.56085000000000e+01 1.68178831102423e-13 8.05286507817034e-15
7.58415000000000e+01 1.54254215886643e-13 7.39748824678340e-15
7.60745000000000e+01 1.41482509795254e-13 6.79541673416521e-15
7.63075000000000e+01 1.29768256011067e-13 6.24231772447134e-15
7.65405000000000e+01 1.19023901205339e-13 5.73421034260466e-15
7.67735000000000e+01 1.09169141156757e-13 5.26743708846723e-15
7.70065000000000e+01 1.00130320550856e-13 4.83863758792823e-15
7.72395000000000e+01 9.18398824739359e-14 4.44472447278279e-15
7.74725000000000e+01 8.42358634869494e-14 4.08286121717367e-15
7.77055000000000e+01 7.72614305054856e-14 3.75044177191598e-15
7.79385000000000e+01 7.08644560244677e-14 3.44507185100343e-15
7.81715000000000e+01 6.49971285127469e-14 3.16455173637468e-15
7.84045000000000e+01 5.96155950656543e-14 2.90686047786376e-15
7.86375000000000e+01 5.46796336446628e-14 2.67014137522619e-15
7.88705000000000e+01 5.01523524544513e-14 2.45268863829442e-15
7.91035000000000e+01 4.59999142104899e-14 2.25293512973595e-15
7.93365000000000e+01 4.21912832362986e-14 2.06944110262631e-15
7.95695000000000e+01 3.86979935001625e-14 1.90088385216157e-15
7.98025000000000e+01 3.54939358575906e-14 1.74604820737168e-15
8.00355000000000e+01 3.25551629093499e-14 1.60381779470363e-15
8.02685000000000e+01 2.98597100165678e-14 1.47316701086446e-15
8.05015000000000e+01 2.73874311351534e-14 1.35315364738875e-15
8.07345000000000e+01 2.51198482425512e-14 1.24291211405808e-15
8.09675000000000e+01 2.30400132314296e-14 1.14164721258615e-15
8.12005000000000e+01 2.11323812380858e-14 1.04862841592168e-15
8.14335000000000e+01 1.93826944588127e-14 9.63184612140838e-16
8.16665000000000e+01 1.77778755858617e-14 8.84699275227592e-16
8.18995000000000e+01 1.63059300665331e-14 8.12606028097233e-16
8.21325000000000e+01 1.49558564548690e-14 7.46384566027769e-16
8.23655000000000e+01 1.37175641859112e-14 6.85556911245574e-16
8.25985000000000e+01 1.25817981579605e-14 6.29683971784273e-16
8.28315000000000e+01 1.15400695591602e-14 5.78362379916151e-16
8.30645000000000e+01 1.05845924213938e-14 5.31221587458922e-16
8.32975000000000e+01 9.70822542729798e-15 4.87921197101985e-16
8.35305000000000e+01 8.90441853544933e-15 4.48148510588272e-16
8.37635000000000e+01 8.16716402479763e-15 4.11616276142582e-16
8.39965000000000e+01 7.49095159244810e-15 3.78060618966147e-16
8.42295000000000e+01 6.87072716918909e-15 3.47239139930110e-16
8.44625000000000e+01 6.30185514494902e-15 3.18929168807073e-16
8.46955000000000e+01 5.78008372185263e-15 2.92926159488597e-16
8.49285000000000e+01 5.30151313592214e-15 2.69042215655268e-16
8.51615000000000e+01 4.86256650990973e-15 2.47104736302115e-16
8.53945000000000e+01 4.45996311941289e-15 2.26955171382370e-16
8.56275000000000e+01 4.09069387246128e-15 2.08447878623028e-16
8.58605000000000e+01 3.75199881930752e-15 1.91449073292007e-16
8.60935000000000e+01 3.44134652432813e-15 1.75835863364091e-16
8.63265000000000e+01 3.15641514585846e-15 1.61495363146123e-16
8.65595000000000e+01 2.89507508255065e-15 1.48323878985432e-16
8.67925000000000e+01 2.65537305655215e-15 1.36226161203236e-16
8.70255000000000e+01 2.43551751454092e-15 1.25114716870551e-16
8.72585000000000e+01 2.23386523750362e-15 1.14909178481306e-16
8.74915000000000e+01 2.04890905917698e-15 1.05535723979006e-16
8.77245000000000e+01 1.87926660135903e-15 9.69265439624035e-17
8.79575000000000e+01 1.72366994189685e-15 8.90193522347356e-17
8.81905000000000e+01 1.58095613812863e-15 8.17569361726801e-17
8.84235000000000e+01 1.45005853495133e-15 7.50867436774870e-17
8.86565000000000e+01 1.32999879254975e-15 6.89605037337882e-17
8.88895000000000e+01 1.21987957420159e-15 6.33338778432848e-17
8.91225000000000e+01 1.11887783950644e-15 5.81661398225845e-17
8.93555000000000e+01 1.02623869291193e-15 5.34198816584952e-17
8.95885000000000e+01 9.41269741560135e-16 4.90607433015506e-17
8.98215000000000e+01 8.63335920284498e-16 4.50571644507860e-17
9.00545000000000e+01 7.91854745078792e-16 4.13801565410345e-17
9.02875000000000e+01 7.26291959562126e-16 3.80030932894149e-17
9.05205000000000e+01 6.66157541901330e-16 3.49015182912675e-17
9.07535000000000e+01 6.11002042346116e-16 3.20529682785331e-17
9.09865000000000e+01 5.60413224003432e-16 2.94368107663353e-17
9.12195000000000e+01 5.14012981743868e-16 2.70340949171253e-17
9.14525000000000e+01 4.71454516211780e-16 2.48274145469393e-17
9.16855000000000e+01 4.32419741817417e-16 2.28007822857649e-17
9.19185000000000e+01 3.96616909338176e-16 2.09395139843598e-17
9.21515000000000e+01 3.63778425360114e-16 1.92301225336799e-17
9.23845000000000e+01 3.33658852262017e-16 1.76602203308911e-17
9.26175000000000e+01 3.06033073793751e-16 1.62184296882413e-17
9.28505000000000e+01 2.80694612538273e-16 1.48943005383108e-17
9.30835000000000e+01 2.57454086681855e-16 1.42689440099938e-17
