Energy (eV)          EEDF (eV^-(3/2))     First Anisotropy
1.13181818181818e-01 5.73398340342344e-02 6.40389142414147e-05
3.39545454545455e-01 5.55678788504686e-02 1.04463710885724e-04
5.65909090909091e-01 5.38506818472711e-02 1.34546974823586e-04
7.92272727272727e-01 5.21865508546729e-02 1.55454746626671e-04
1.01863636363636e+00 5.05738459887730e-02 1.71348527342372e-04
1.24500000000000e+00 4.90109780448379e-02 1.83863287899134e-04
1.47136363636364e+00 4.74964069219579e-02 1.93875523881728e-04
1.69772727272727e+00 4.60286401288223e-02 2.01932176173049e-04
1.92409090909091e+00 4.46062312765749e-02 2.08407203998257e-04
2.15045454545455e+00 4.32277786832505e-02 2.13572449568449e-04
2.37681818181818e+00 4.18919239887064e-02 2.17634391699525e-04
2.60318181818182e+00 4.05973507973347e-02 2.20755105429462e-04
2.82954545454545e+00 3.93427833997912e-02 2.23065089886155e-04
3.05590909090909e+00 3.81269855139446e-02 2.24671563158986e-04
3.28227272727273e+00 3.69487590533467e-02 2.25664063666732e-04
3.50863636363636e+00 3.58069429600120e-02 2.26118372162646e-04
3.73500000000000e+00 3.47004120589320e-02 2.26099343428250e-04
3.96136363636364e+00 3.36280759395658e-02 2.25663001162663e-04
4.18772727272727e+00 3.25888778937858e-02 2.24858123957180e-04
4.41409090909091e+00 3.15817938634333e-02 2.23727468998569e-04
4.64045454545455e+00 3.06058314390968e-02 2.22308731348081e-04
4.86681818181818e+00 2.96600288814806e-02 2.20635309063461e-04
5.09318181818182e+00 2.87434541675661e-02 2.18736919612216e-04
5.31954545454545e+00 2.78552040783808e-02 2.16640103180164e-04
5.54590909090909e+00 2.69944033084625e-02 2.14368639031993e-04
5.77227272727273e+00 2.61602035983868e-02 2.11943891624788e-04
5.99863636363636e+00 2.53517829038670e-02 2.09385101557388e-04
6.22500000000000e+00 2.45683445852940e-02 2.06709632956178e-04
6.45136363636364e+00 2.38091166187227e-02 2.03933183815897e-04
6.67772727272727e+00 2.30733508402700e-02 2.01069967094712e-04
6.90409090909091e+00 2.23603222040786e-02 1.98132867380556e-04
7.13045454545454e+00 2.16693280712966e-02 1.95133576681668e-04
7.35681818181818e+00 2.09996875174227e-02 1.92082713821492e-04
7.58318181818182e+00 2.03507406584872e-02 1.88989928691500e-04
7.80954545454545e+00 1.97218480036493e-02 1.85863994194223e-04
8.03590909090909e+00 1.91123898248300e-02 1.82712888229078e-04
8.26227272727273e+00 1.85217655436510e-02 1.79543866051808e-04
8.48863636363636e+00 1.79493931420115e-02 1.76363524816931e-04
8.71500000000000e+00 1.73947085883830e-02 1.73177861832504e-04
8.94136363636364e+00 1.68571652800128e-02 1.69992326346656e-04
9.16772727272727e+00 1.63362335068777e-02 1.66811866378326e-04
9.39409090909091e+00 1.58313999272670e-02 1.63640971032004e-04
9.62045454545454e+00 1.53421670636935e-02 1.60483708523678e-04
9.84681818181818e+00 1.48680528125457e-02 1.57343761099588e-04
1.00731818181818e+01 1.44085899675302e-02 1.54224456255839e-04
1.02995454545455e+01 1.39633257624723e-02 1.51128795952914e-04
1.05259090909091e+01 1.35318214169909e-02 1.48059481844051e-04
1.07522727272727e+01 1.31136517185274e-02 1.45018939517820e-04
1.09786363636364e+01 1.27084045904231e-02 1.42009341556580e-04
1.12050000000000e+01 1.23156806869048e-02 1.39032625516728e-04
1.14313636363636e+01 1.19350930101415e-02 1.36090513606415e-04
1.16577272727273e+01 1.15662665147961e-02 1.33184529371662e-04
1.18840909090909e+01 1.12088377519190e-02 1.30316012816496e-04
1.21104545454545e+01 1.08624545007684e-02 1.27486135901384e-04
1.23368181818182e+01 1.05267754225146e-02 1.24695914050934e-04
1.25631818181818e+01 1.02014697321564e-02 1.21946219161306e-04
1.27895454545455e+01 9.88621686397288e-03 1.19237791582983e-04
1.30159090909091e+01 9.58070615631166e-03 1.16571249027064e-04
1.32422727272727e+01 9.28463655255230e-03 1.13947096911611e-04
1.34686363636364e+01 8.99771629708310e-03 1.11365737911627e-04
1.36950000000000e+01 8.71966264835587e-03 1.08827478887512e-04
1.39213636363636e+01 8.45020160638976e-03 1.06332539343535e-04
1.41477272727273e+01 8.18906763461392e-03 1.03881058373936e-04
1.43740909090909e+01 7.93600340601299e-03 1.01473100959900e-04
1.46004545454545e+01 7.69075954373359e-03 9.91086648246619e-05
1.48268181818182e+01 7.45309437577164e-03 9.67876850068738e-05
1.50531818181818e+01 7.22277370169043e-03 9.45100396475386e-05
1.52795454545455e+01 6.99957055679970e-03 9.22755553477668e-05
1.55059090909091e+01 6.78326498887408e-03 9.00840107418508e-05
1.57322727272727e+01 6.57364384562045e-03 8.79351411827823e-05
1.59586363636364e+01 6.37050056027588e-03 8.58286430816985e-05
1.61850000000000e+01 6.17363494836401e-03 8.37641766946830e-05
1.64113636363636e+01 5.98285301409511e-03 8.17413700387308e-05
1.66377272727273e+01 5.79796675431934e-03 7.97598219482447e-05
1.68640909090909e+01 5.61879397794681e-03 7.78191048208968e-05
1.70904545454545e+01 5.44515812292372e-03 7.59187678295754e-05
1.73168181818182e+01 5.27688808248871e-03 7.40583387383259e-05
1.75431818181818e+01 5.11381803950619e-03 7.22373265947071e-05
1.77695454545455e+01 4.95578730002441e-03 7.04552242215048e-05
1.79959090909091e+01 4.80264013513954e-03 6.87115096099068e-05
1.82222727272727e+01 4.65422563010510e-03 6.70056481065987e-05
1.84486363636364e+01 4.51039753296555e-03 6.53370944357616e-05
1.86750000000000e+01 4.37101411061800e-03 6.37052937551104e-05
1.89013636363636e+01 4.23593801139383e-03 6.21096835055801e-05
1.91277272727273e+01 4.10503612671750e-03 6.05496947425919e-05
1.93540909090909e+01 3.97817946281305e-03 5.90247533060917e-05
1.95804545454545e+01 3.85524301144846e-03 5.75342813383446e-05
1.98068181818182e+01 3.73610562689412e-03 5.60776979174402e-05
2.00331818181818e+01 3.62064990836436e-03 5.46544203036202e-05
2.02595454545455e+01 3.50876208244965e-03 5.32638650860923e-05
2.04859090909091e+01 3.40033189112970e-03 5.19054486320339e-05
2.07122727272727e+01 3.29525248471907e-03 5.05785880887368e-05
2.09386363636364e+01 3.19342031492882e-03 4.92827023030330e-05
2.11650000000000e+01 3.09473503293666e-03 4.80172121232720e-05
2.13913636363636e+01 2.99909939190506e-03 4.67815412506713e-05
2.16177272727273e+01 2.90641914928404e-03 4.55751167672965e-05
2.18440909090909e+01 2.81660297573891e-03 4.43973695763853e-05
2.20704545454545e+01 2.72956236381325e-03 4.32477350924382e-05
2.22968181818182e+01 2.64521154079904e-03 4.21256533596535e-05
2.25231818181818e+01 2.56346738535875e-03 4.10305695943450e-05
2.27495454545455e+01 2.48424934443647e-03 3.99619346766492e-05
2.29759090909091e+01 2.40747935395695e-03 3.89192051905316e-05
2.32022727272727e+01 2.33308176290673e-03 3.79018438461222e-05
2.34286363636364e+01 2.26098325774815e-03 3.69093198597627e-05
2.36550000000000e+01 2.19111279024124e-03 3.59411089327495e-05
2.38813636363636e+01 2.12340150832043e-03 3.49966936085749e-05
2.41077272727273e+01 2.05778268706323e-03 3.40755634242518e-05
2.43340909090909e+01 1.99419166407639e-03 3.31772150127545e-05
2.45604545454545e+01 1.93256577492744e-03 3.23011523820934e-05
2.47868181818182e+01 1.87284429144770e-03 3.14468868199274e-05
2.50131818181818e+01 1.81496836261771e-03 3.06139370905907e-05
2.52395454545455e+01 1.75888095582415e-03 2.98018296061964e-05
2.54659090909091e+01 1.70452680070687e-03 2.90100983017004e-05
2.56922727272727e+01 1.65185233533736e-03 2.82382847736518e-05
2.59186363636364e+01 1.60080565277539e-03 2.74859383973941e-05
2.61450000000000e+01 1.55133644996037e-03 2.67526161805085e-05
2.63713636363636e+01 1.50339597871101e-03 2.60378828768227e-05
2.65977272727273e+01 1.45693699693022e-03 2.53413109674951e-05
2.68240909090909e+01 1.41191372278111e-03 2.46624806145157e-05
2.70504545454545e+01 1.36828178902865e-03 2.40009797382835e-05
2.72768181818182e+01 1.32599819935306e-03 2.33564038476215e-05
2.75031818181818e+01 1.28502128644849e-03 2.27283560714084e-05
2.77295454545455e+01 1.24531067048130e-03 2.21164471772388e-05
2.79559090909091e+01 1.20682721932905e-03 2.15202953943507e-05
2.81822727272727e+01 1.16953301043358e-03 2.09395264184347e-05
2.84086363636364e+01 1.13339129300452e-03 2.03737734057738e-05
2.86350000000000e+01 1.09836645183044e-03 1.98226767926290e-05
2.88613636363636e+01 1.06442397255094e-03 1.92858842941455e-05
2.90877272727273e+01 1.03153040715579e-03 1.87630508166258e-05
2.93140909090909e+01 9.99653341496096e-04 1.82538383542197e-05
2.95404545454545e+01 9.68761362991000e-04 1.77579159725241e-05
2.97668181818182e+01 9.38824029694479e-04 1.72749596273948e-05
2.99931818181818e+01 9.09811840600805e-04 1.68046521228961e-05
3.02195454545455e+01 8.81696206261256e-04 1.63466830631096e-05
3.04459090909091e+01 8.54449420630683e-04 1.59007486736836e-05
3.06722727272727e+01 8.28044634034850e-04 1.54665517489700e-05
3.08986363636364e+01 8.02455826434951e-04 1.50438015942278e-05
3.11250000000000e+01 7.77657781803637e-04 1.46322138513428e-05
3.13513636363636e+01 7.53626063516257e-04 1.42315104483973e-05
3.15777272727273e+01 7.30336989951615e-04 1.38414194923856e-05
3.18040909090909e+01 7.07767611462795e-04 1.34616751531975e-05
3.20304545454545e+01 6.85895687532923e-04 1.30920176084172e-05
3.22568181818182e+01 6.64699664872620e-04 1.27321928778508e-05
3.24831818181818e+01 6.44158656379196e-04 1.23819527542095e-05
3.27095454545455e+01 6.24252420350135e-04 1.20410547312259e-05
3.29359090909091e+01 6.04961340548829e-04 1.17092618446470e-05
3.31622727272727e+01 5.86266407050628e-04 1.13863426000648e-05
3.33886363636364e+01 5.68149197328719e-04 1.10720708988031e-05
3.36150000000000e+01 5.50591858110949e-04 1.07662258857945e-05
3.38413636363636e+01 5.33577087943910e-04 1.04685918830367e-05
3.40677272727273e+01 5.17088119934698e-04 1.01789582855368e-05
3.42940909090909e+01 5.01108705429882e-04 9.89711945246088e-06
3.45204545454545e+01 4.85623097853456e-04 9.62287464083252e-06
3.47468181818182e+01 4.70616037198706e-04 9.35602786513055e-06
3.49731818181818e+01 4.56072735120928e-04 9.09638782343938e-06
3.51995454545455e+01 4.41978860230749e-04 8.84376782285645e-06
3.54259090909091e+01 4.28320523979646e-04 8.59798564639182e-06
3.56522727272727e+01 4.15084267089909e-04 8.35886348000238e-06
3.58786363636364e+01 4.02257046172272e-04 8.12622783919067e-06
3.61050000000000e+01 3.89826220879676e-04 7.89990944316094e-06
3.63313636363636e+01 3.77779541554724e-04 7.67974314820448e-06
3.65577272727273e+01 3.66105137020846e-04 7.46556785623475e-06
3.67840909090909e+01 3.54791503016968e-04 7.25722642077993e-06
3.70104545454545e+01 3.43827490761896e-04 7.05456558275577e-06
3.72368181818182e+01 3.33202295973835e-04 6.85743585627373e-06
3.74631818181818e+01 3.22905448309652e-04 6.66569146058131e-06
3.76895454545455e+01 3.12926800958741e-04 6.47919025213886e-06
3.79159090909091e+01 3.03256520649340e-04 6.29779361727636e-06
3.81422727272727e+01 2.93885078035353e-04 6.12136640655548e-06
3.83686363636364e+01 2.84803238227045e-04 5.94977686940557e-06
3.85950000000000e+01 2.76002051695348e-04 5.78289655339507e-06
3.88213636363636e+01 2.67472845521366e-04 5.62060024455901e-06
3.90477272727273e+01 2.59207214758655e-04 5.46276589121001e-06
3.92740909090909e+01 2.51197014238767e-04 5.30927452648389e-06
3.95004545454545e+01 2.43434350479188e-04 5.16001021174111e-06
3.97268181818182e+01 2.35911573908712e-04 5.01485994618089e-06
3.99531818181818e+01 2.28621271386468e-04 4.87371360847973e-06
4.01795454545455e+01 2.21556258838187e-04 4.73646389894254e-06
4.04059090909091e+01 2.14709574180277e-04 4.60300625502132e-06
4.06322727272727e+01 2.08074470510208e-04 4.47323879579818e-06
4.08586363636364e+01 2.01644409405580e-04 4.34706226703008e-06
4.10850000000000e+01 1.95413054484021e-04 4.22437996228353e-06
4.13113636363636e+01 1.89374265204775e-04 4.10509767256821e-06
4.15377272727273e+01 1.83522090757001e-04 3.98912362496560e-06
4.17640909090909e+01 1.77850764254221e-04 3.87636842070216e-06
4.19904545454545e+01 1.72354697007845e-04 3.76674498783706e-06
4.22168181818182e+01 1.67028473022446e-04 3.66016851104804e-06
4.24431818181818e+01 1.61866843696733e-04 3.55655638367818e-06
4.26695454545454e+01 1.56864722612410e-04 3.45582816041044e-06
4.28959090909091e+01 1.52017180524148e-04 3.35790549190725e-06
4.31222727272727e+01 1.47319440536200e-04 3.26271207959289e-06
4.33486363636364e+01 1.42766873360208e-04 3.17017363106851e-06
4.35750000000000e+01 1.38354992755391e-04 3.08021779932542e-06
4.38013636363636e+01 1.34079451138133e-04 2.99277414176777e-06
4.40277272727273e+01 1.29936035257282e-04 2.90777407188742e-06
4.42540909090909e+01 1.25920662081376e-04 2.82515081076385e-06
4.44804545454545e+01 1.22029374745986e-04 2.74483934881371e-06
4.47068181818182e+01 1.18258338656178e-04 2.66677639198427e-06
4.49331818181818e+01 1.14603837733239e-04 2.59090032344005e-06
4.51595454545455e+01 1.11062270726655e-04 2.51715116586502e-06
4.53859090909091e+01 1.07630147666858e-04 2.44547053152801e-06
4.56122727272727e+01 1.04304086448872e-04 2.37580158637263e-06
4.58386363636364e+01 1.01080809476144e-04 2.30808901470725e-06
4.60650000000000e+01 9.79571404320530e-05 2.24227897289591e-06
4.62913636363636e+01 9.49300011702670e-05 2.17831905683509e-06
4.65177272727273e+01 9.19964086543546e-05 2.11615826451643e-06
4.67440909090909e+01 8.91534720443919e-05 2.05574695860785e-06
4.69704545454545e+01 8.63983898287403e-05 1.99703683622795e-06
4.71968181818182e+01 8.37284470644697e-05 1.93998088813469e-06
4.74231818181818e+01 8.11410127190319e-05 1.88453336871013e-06
4.76495454545455e+01 7.86335370600820e-05 1.83064976649212e-06
4.78759090909091e+01 7.62035491439055e-05 1.77828676638885e-06
4.81022727272727e+01 7.38486543957577e-05 1.72740222166959e-06
4.83286363636364e+01 7.15665322345200e-05 1.67795512647905e-06
4.85550000000000e+01 6.93549337868225e-05 1.62990558087256e-06
4.87813636363636e+01 6.72116796846429e-05 1.58321476545614e-06
4.90077272727273e+01 6.51346578994920e-05 1.53784491273571e-06
4.92340909090909e+01 6.31218216787458e-05 1.49375927857267e-06
4.94604545454545e+01 6.11711875156139e-05 1.45092211869092e-06
4.96868181818182e+01 5.92808331952772e-05 1.40929865796969e-06
4.99131818181818e+01 5.74488959121514e-05 1.36885506726710e-06
5.01395454545454e+01 5.56735704224706e-05 1.32955844070384e-06
5.03659090909091e+01 5.39531072660205e-05 1.29137676728561e-06
5.05922727272727e+01 5.22858110524515e-05 1.25427890934714e-06
5.08186363636364e+01 5.06700387800548e-05 1.21823458143207e-06
5.10450000000000e+01 4.91041982172972e-05 1.18321432407983e-06
5.12713636363636e+01 4.75867463430180e-05 1.14918948431140e-06
5.14977272727273e+01 4.61161878136337e-05 1.11613219390872e-06
5.17240909090909e+01 4.46910735014279e-05 1.08401534783121e-06
5.19504545454545e+01 4.33099990577140e-05 1.05281258618199e-06
5.21768181818182e+01 4.19716035294468e-05 1.02249827125076e-06
5.24031818181818e+01 4.06745680258315e-05 9.93047469814825e-07
5.26295454545455e+01 3.94176144107288e-05 9.64435935814161e-07
5.28559090909091e+01 3.81995040435926e-05 9.36640089167958e-07
5.30822727272727e+01 3.70190365658142e-05 9.09636999355595e-07
5.33086363636364e+01 3.58750487107473e-05 8.83404369349443e-07
5.35350000000000e+01 3.47664131577905e-05 8.57920516075018e-07
5.37613636363636e+01 3.36920374277227e-05 8.33164355547751e-07
5.39877272727273e+01 3.26508627978681e-05 8.09115386529432e-07
5.42140909090909e+01 3.16418632667971e-05 7.85753674322533e-07
5.44404545454545e+01 3.06640445373165e-05 7.63059837060722e-07
5.46668181818182e+01 2.97164430369943e-05 7.41015028635133e-07
5.48931818181818e+01 2.87981249738519e-05 7.19600925295482e-07
5.51195454545455e+01 2.79081854108262e-05 6.98799712548040e-07
5.53459090909091e+01 2.70457473743210e-05 6.78594069420667e-07
5.55722727272727e+01 2.62099609947020e-05 6.58967156058517e-07
5.57986363636364e+01 2.54000026640056e-05 6.39902601597536e-07
5.60250000000000e+01 2.46150742246009e-05 6.21384489667656e-07
5.62513636363636e+01 2.38544021868761e-05 6.03397347163491e-07
5.64777272727273e+01 2.31172369614221e-05 5.85926132021328e-07
5.67040909090909e+01 2.24028521257759e-05 5.68956221120997e-07
5.69304545454545e+01 2.17105437045514e-05 5.52473399943972e-07
5.71568181818182e+01 2.10396294759467e-05 5.36463849930296e-07
5.73831818181818e+01 2.03894483030004e-05 5.20914138405753e-07
5.76095454545455e+01 1.97593594784644e-05 5.05811208740726e-07
5.78359090909091e+01 1.91487420936365e-05 4.91142368710594e-07
5.80622727272727e+01 1.85569944296765e-05 4.76895281186325e-07
5.82886363636364e+01 1.79835333613997e-05 4.63057955040965e-07
5.85150000000000e+01 1.74277937828304e-05 4.49618734436628e-07
5.87413636363636e+01 1.68892280531865e-05 4.36566290396394e-07
5.89677272727273e+01 1.63673054534241e-05 4.23889611708770e-07
5.91940909090909e+01 1.58615116669197e-05 4.11577995938868e-07
5.94204545454545e+01 1.53713482699144e-05 3.99621041675930e-07
5.96468181818182e+01 1.48963322405052e-05 3.88008639205218e-07
5.98731818181818e+01 1.44359954850598e-05 3.76730962979026e-07
6.00995454545454e+01 1.39898843744868e-05 3.65778464266099e-07
6.03259090909091e+01 1.35575592973537e-05 3.55141862571536e-07
6.05522727272727e+01 1.31385942288375e-05 3.44812138688105e-07
6.07786363636364e+01 1.27325763086989e-05 3.34780527913369e-07
6.10050000000000e+01 1.23391054345604e-05 3.25038512159316e-07
6.12313636363636e+01 1.19577938695736e-05 3.15577813660935e-07
6.14577272727273e+01 1.15882658577554e-05 3.06390388236430e-07
6.16840909090909e+01 1.12301572561987e-05 2.97468418635308e-07
6.19104545454545e+01 1.08831151743786e-05 2.88804308757206e-07
6.21368181818182e+01 1.05467976265075e-05 2.80390676790984e-07
6.23631818181818e+01 1.02208731961618e-05 2.72220349614039e-07
6.25895454545455e+01 9.90502070802608e-06 2.64286357327624e-07
6.28159090909091e+01 9.59892891148943e-06 2.56581926950910e-07
6.30422727272727e+01 9.30229617539710e-06 2.49100477258051e-07
6.32686363636364e+01 9.01483018931262e-06 2.41835613741336e-07
6.34950000000000e+01 8.73624767554951e-06 2.34781122816425e-07
6.37213636363636e+01 8.46627411134088e-06 2.27930967147270e-07
6.39477272727273e+01 8.20464345656411e-06 2.21279280669791e-07
6.41740909090909e+01 7.95109789327181e-06 2.14820363686076e-07
6.44004545454545e+01 7.70538757036792e-06 2.08548678572161e-07
6.46268181818182e+01 7.46727035746675e-06 2.02458844745297e-07
6.48531818181818e+01 7.23651160740055e-06 1.96545634514522e-07
6.50795454545455e+01 7.01288392385498e-06 1.90803969034090e-07
6.53059090909091e+01 6.79616693734922e-06 1.85228913680890e-07
6.55322727272727e+01 6.58614708907594e-06 1.79815674233164e-07
6.57586363636364e+01 6.38261741943194e-06 1.74559593144401e-07
6.59850000000000e+01 6.18537736413034e-06 1.69456145298183e-07
6.62113636363636e+01 5.99423255745770e-06 1.64500934547588e-07
6.64377272727273e+01 5.80899463954646e-06 1.59689690052227e-07
6.66640909090909e+01 5.62948107191425e-06 1.55018262670832e-07
6.68904545454545e+01 5.45551495672490e-06 1.50482621786381e-07
6.71168181818182e+01 5.28692486251537e-06 1.46078851623017e-07
6.73431818181818e+01 5.12354465601889e-06 1.41803148182466e-07
6.75695454545454e+01 4.96521333767772e-06 1.37651816257716e-07
6.77959090909091e+01 4.81177488303238e-06 1.33621266052050e-07
6.80222727272727e+01 4.66307808965154e-06 1.29708010360164e-07
6.82486363636364e+01 4.51897642743562e-06 1.25908661820690e-07
6.84750000000000e+01 4.37932789425994e-06 1.22219929812994e-07
6.87013636363636e+01 4.24399487665508e-06 1.18638617904080e-07
6.89277272727273e+01 4.11284401338397e-06 1.15161621159547e-07
6.91540909090909e+01 3.98574606481169e-06 1.11785923497707e-07
6.93804545454545e+01 3.86257578496195e-06 1.08508595348735e-07
6.96068181818182e+01 3.74321179812823e-06 1.05326790964820e-07
6.98331818181818e+01 3.62753647978310e-06 1.02237746165037e-07
7.00595454545455e+01 3.51543584013887e-06 9.92387761379391e-08
7.02859090909091e+01 3.40679941184787e-06 9.63272729736153e-08
7.05122727272727e+01 3.30152014160974e-06 9.35007035902419e-08
7.07386363636364e+01 3.19949428420194e-06 9.07566077139050e-08
7.09650000000000e+01 3.10062130027221e-06 8.80925956145420e-08
7.11913636363636e+01 3.00480375768318e-06 8.55063462277616e-08
7.14177272727273e+01 2.91194723494345e-06 8.29956051853907e-08
7.16440909090909e+01 2.82196022870008e-06 8.05581828791779e-08
7.18704545454545e+01 2.73475406316758e-06 7.81919527396961e-08
7.20968181818182e+01 2.65024280276605e-06 7.58948492754369e-08
7.23231818181818e+01 2.56834316779077e-06 7.36648664171166e-08
7.25495454545455e+01 2.48897445198465e-06 7.15000559049174e-08
7.27759090909091e+01 2.41205844302772e-06 6.93985254901649e-08
7.30022727272727e+01 2.33751934578248e-06 6.73584374140301e-08
7.32286363636364e+01 2.26528370727760e-06 6.53780069257986e-08
7.34550000000000e+01 2.19528034434305e-06 6.34555006338373e-08
7.36813636363636e+01 2.12744027375067e-06 6.15892351274038e-08
7.39077272727273e+01 2.06169664385549e-06 5.97775755371908e-08
7.41340909090909e+01 1.99798466908635e-06 5.80189341211190e-08
7.43604545454545e+01 1.93624156583002e-06 5.63117690020067e-08
7.45868181818182e+01 1.87640649057727e-06 5.46545827403738e-08
7.48131818181818e+01 1.81842048020753e-06 5.30459211216357e-08
7.50395454545454e+01 1.76222639363765e-06 5.14843719751059e-08
7.52659090909091e+01 1.70776885552696e-06 4.99685638656639e-08
7.54922727272727e+01 1.65499420192642e-06 4.84971649800382e-08
7.57186363636364e+01 1.60385042717388e-06 4.70688820423795e-08
7.59450000000000e+01 1.55428713265824e-06 4.56824591150155e-08
7.61713636363636e+01 1.50625547735147e-06 4.43366765893835e-08
7.63977272727273e+01 1.45970812941863e-06 4.30303501358729e-08
7.66240909090909e+01 1.41459921982777e-06 4.17623296727570e-08
7.68504545454545e+01 1.37088429696146e-06 4.05314984423424e-08
7.70768181818182e+01 1.32852028282304e-06 3.93367719737255e-08
7.73031818181818e+01 1.28746543075179e-06 3.81770971962059e-08
7.75295454545455e+01 1.24767928411521e-06 3.70514515761883e-08
7.77559090909091e+01 1.20912263645112e-06 3.59588421666712e-08
7.79822727272727e+01 1.17175749298162e-06 3.48983047935194e-08
7.82086363636364e+01 1.13554703301927e-06 3.38689032633434e-08
7.84350000000000e+01 1.10045557369120e-06 3.28697284925502e-08
7.86613636363636e+01 1.06644853491070e-06 3.18998977699919e-08
7.88877272727273e+01 1.03349240512233e-06 3.09585539920759e-08
7.91140909090909e+01 1.00155470845149e-06 3.00448649122211e-08
7.93404545454545e+01 9.70603972572995e-07 2.91580224660250e-08
7.95668181818182e+01 9.40609697704260e-07 2.82972420184082e-08
7.97931818181818e+01 9.11542326663470e-07 2.74617617166768e-08
8.00195454545455e+01 8.83373215626898e-07 2.66508418608744e-08
8.02459090909091e+01 8.56074605908771e-07 2.58637642141070e-08
8.04722727272727e+01 8.29619596709391e-07 2.50998314090420e-08
8.06986363636364e+01 8.03982118501583e-07 2.43583663703035e-08
8.09250000000000e+01 7.79136907346677e-07 2.36387116827303e-08
8.11513636363636e+01 7.55059480091014e-07 2.29402290535215e-08
8.13777272727273e+01 7.31726110116935e-07 2.22622987559418e-08
8.16040909090909e+01 7.09113804080492e-07 2.16043190837548e-08
8.18304545454545e+01 6.87200279164762e-07 2.09657058591363e-08
8.20568181818182e+01 6.65963941126484e-07 2.03458918868788e-08
8.22831818181818e+01 6.45383863094377e-07 1.97443264830879e-08
8.25095454545454e+01 6.25439764867468e-07 1.91604750165777e-08
8.27359090909091e+01 6.06111992934712e-07 1.85938184090286e-08
8.29622727272727e+01 5.87381501178128e-07 1.80438527027938e-08
8.31886363636364e+01 5.69229832032290e-07 1.75100886403720e-08
8.34150000000000e+01 5.51639098299582e-07 1.69920512066856e-08
8.36413636363636e+01 5.34591965587046e-07 1.64892792373692e-08
8.38677272727273e+01 5.18071635140358e-07 1.60013250147209e-08
8.40940909090909e+01 5.02061827371323e-07 1.55277538716419e-08
8.43204545454545e+01 4.86546765754789e-07 1.50681438333613e-08
8.45468181818182e+01 4.71511161285267e-07 1.46220852221778e-08
8.47731818181818e+01 4.56940197464244e-07 1.41891803146116e-08
8.49995454545455e+01 4.42819515644791e-07 1.37690430078592e-08
8.52259090909091e+01 4.29135200885098e-07 1.33612984579127e-08
8.54522727272727e+01 4.15873768284590e-07 1.29655827652801e-08
8.56786363636364e+01 4.03022149646087e-07 1.25815426692475e-08
8.59050000000000e+01 3.90567680600688e-07 1.22088352165814e-08
8.61313636363636e+01 3.78498088171523e-07 1.18471274766571e-08
8.63577272727273e+01 3.66801478621714e-07 1.14960962483445e-08
8.65840909090909e+01 3.55466325789958e-07 1.11554277728181e-08
8.68104545454545e+01 3.44481459690578e-07 1.08248174730719e-08
8.70368181818182e+01 3.33836055508530e-07 1.05039696679580e-08
8.72631818181818e+01 3.23519622969142e-07 1.01925973231132e-08
8.74895454545454e+01 3.13521995963020e-07 9.89042180868779e-09
8.77159090909091e+01 3.03833322530099e-07 9.59717263759781e-09
8.79422727272727e+01 2.94444055184464e-07 9.31258723728426e-09
8.81686363636364e+01 2.85344941471980e-07 9.03641072771394e-09
8.83950000000000e+01 2.76527014854489e-07 8.76839568181170e-09
8.86213636363636e+01 2.67981585903906e-07 8.50830191855573e-09
8.88477272727273e+01 2.59700233699584e-07 8.25589629057392e-09
8.90740909090909e+01 2.51674797568628e-07 8.01095247611953e-09
8.93004545454545e+01 2.43897369015417e-07 7.77325078992400e-09
8.95268181818182e+01 2.36360283929881e-07 7.54257797649700e-09
8.97531818181818e+01 2.29056115060408e-07 7.31872702939631e-09
8.99795454545454e+01 2.21977664668886e-07 7.10149701546214e-09
9.02059090909091e+01 2.15117957439239e-07 6.89069288566270e-09
9.04322727272727e+01 2.08470233626622e-07 6.68612530953185e-09
9.06586363636364e+01 2.02027942372772e-07 6.48761051416058e-09
9.08850000000000e+01 1.95784735251853e-07 6.29497011110993e-09
9.11113636363636e+01 1.89734460035188e-07 6.10803094631138e-09
9.13377272727273e+01 1.83871154601246e-07 5.92662494630411e-09
9.15640909090909e+01 1.78189041086937e-07 5.75058896770142e-09
9.17904545454545e+01 1.72682520174162e-07 5.57976466000307e-09
9.20168181818182e+01 1.67346165573137e-07 5.41399831631082e-09
9.22431818181818e+01 1.62174718692629e-07 5.25314074233327e-09
9.24695454545455e+01 1.57163083440130e-07 5.09704712900783e-09
9.26959090909091e+01 1.52306321200977e-07 4.94557691591748e-09
9.29222727272727e+01 1.47599645987456e-07 4.79859367132309e-09
9.31486363636364e+01 1.43038419706433e-07 4.65596497551322e-09
9.33750000000000e+01 1.38618147589699e-07 4.51756229584817e-09
9.36013636363636e+01 1.34334473778932e-07 4.38326087798704e-09
9.38277272727273e+01 1.30183177014404e-07 4.25293963467933e-09
9.40540909090909e+01 1.26160166493524e-07 4.12648103693097e-09
9.42804545454545e+01 1.22261477826008e-07 4.00377101460817e-09
9.45068181818182e+01 1.18483269127987e-07 3.88469884870249e-09
9.47331818181818e+01 1.14821817248132e-07 3.76915707647958e-09
9.49595454545454e+01 1.11273514086446e-07 3.65704139925995e-09
9.51859090909091e+01 1.07834863039398e-07 3.54825058386969e-09
9.54122727272727e+01 1.04502475565128e-07 3.44268637579679e-09
9.56386363636364e+01 1.01273067833174e-07 3.34025341476029e-09
9.58650000000000e+01 9.81434574890748e-08 3.24085914456794e-09
9.60913636363636e+01 9.51105605282053e-08 3.14441373436922e-09
9.63177272727273e+01 9.21713882436733e-08 3.05082999829278e-09
9.65440909090909e+01 8.93230442937749e-08 2.96002331682587e-09
9.67704545454545e+01 8.65627218384573e-08 2.87191156486903e-09
9.69968181818182e+01 8.38877007738773e-08 2.78641503404147e-09
9.72231818181818e+01 8.12953450602330e-08 2.70345636406470e-09
9.74495454545454e+01 7.87831001156426e-08 2.62296047605889e-09
9.76759090909091e+01 7.63484902992403e-08 2.54485450148532e-09
9.79022727272727e+01 7.39891164791037e-08 2.46906771933811e-09
9.81286363636364e+01 7.17026536604122e-08 2.39553149508845e-09
9.83550000000000e+01 6.94868486947369e-08 2.32417921570044e-09
9.85813636363636e+01 6.73395180664971e-08 2.25494623267384e-09
9.88077272727273e+01 6.52585457322653e-08 2.18776980401721e-09
9.90340909090909e+01 6.32418810442624e-08 2.12258903749656e-09
9.92604545454545e+01 6.12875367231029e-08 2.05934483860634e-09
9.94868181818182e+01 5.93935868998180e-08 1.99797985457563e-09
9.97131818181818e+01 5.75581652237775e-08 1.93843842477286e-09
9.99395454545455e+01 5.57794630176731e-08 1.88066653118681e-09
1.00165909090909e+02 5.40557275005722e-08 1.82461175293723e-09
1.00392272727273e+02 5.23852600438006e-08 1.77022321463450e-09
1.00618636363636e+02 5.07664145213218e-08 1.71745153506230e-09
1.00845000000000e+02 4.91975956921147e-08 1.66624880190509e-09
1.01071363636364e+02 4.76772575812931e-08 1.61656851400454e-09
1.01297727272727e+02 4.62039020188234e-08 1.56836554241272e-09
1.01524090909091e+02 4.47760771031201e-08 1.52159609558908e-09
1.01750454545455e+02 4.33923758149919e-08 1.47621766413090e-09
1.01976818181818e+02 4.20514346288395e-08 1.43218900545346e-09
1.02203181818182e+02 4.07519321294104e-08 1.38947009567795e-09
1.02429545454545e+02 3.94925877500545e-08 1.34802208327796e-09
1.02655909090909e+02 3.82721605087626e-08 1.30780727490282e-09
1.02882272727273e+02 3.70894477494502e-08 1.26878909145010e-09
1.03108636363636e+02 3.59432839933908e-08 1.23093202574156e-09
1.03335000000000e+02 3.48325397888521e-08 1.19420162940932e-09
1.03561363636364e+02 3.37561205657084e-08 1.15856447018134e-09
1.03787727272727e+02 3.27129655997725e-08 1.12398810373651e-09
1.04014090909091e+02 3.17020469260239e-08 1.09044104848485e-09
1.04240454545455e+02 3.07223683565047e-08 1.05789274606059e-09
1.04466818181818e+02 2.97729644970696e-08 1.02631354978524e-09
1.04693181818182e+02 2.88528997686995e-08 9.95674690218370e-10
1.04919545454545e+02 2.79612675134871e-08 9.65948241963401e-10
1.05145909090909e+02 2.70971890997711e-08 9.37107113005675e-10
1.05372272727273e+02 2.62598130315504e-08 9.09125013261939e-10
1.05598636363636e+02 2.54483141346703e-08 8.81976424274069e-10
1.05825000000000e+02 2.46618927423816e-08 8.55636589359024e-10
1.06051363636364e+02 2.38997738849326e-08 8.30081483071629e-10
1.06277727272727e+02 2.31612065555859e-08 8.05287790881182e-10
1.06504090909091e+02 2.24454629418604e-08 7.81232890913479e-10
1.06730454545455e+02 2.17518377296756e-08 7.57894825716365e-10
1.06956818181818e+02 2.10796474072252e-08 7.35252293613596e-10
1.07183181818182e+02 2.04282295725055e-08 7.13284624045033e-10
1.07409545454545e+02 1.97969422998812e-08 6.91971753802280e-10
1.07635909090909e+02 1.91851635065320e-08 6.71294219047474e-10
1.07862272727273e+02 1.85922903223133e-08 6.51233132801650e-10
1.08088636363636e+02 1.80177385131505e-08 6.31770163249566e-10
1.08315000000000e+02 1.74609419044254e-08 6.12887526374339e-10
1.08541363636364e+02 1.69213518075631e-08 5.94567964130161e-10
1.08767727272727e+02 1.63984364998779e-08 5.76794729777331e-10
1.08994090909091e+02 1.58916806807488e-08 5.59551574675848e-10
1.09220454545455e+02 1.54005849785984e-08 5.42822728110731e-10
1.09446818181818e+02 1.49246654580445e-08 5.26592890839423e-10
1.09673181818182e+02 1.44634531299264e-08 5.10847217443984e-10
1.09899545454545e+02 1.40164935025136e-08 4.95571299322103e-10
1.10125909090909e+02 1.35833461329580e-08 4.80751158736634e-10
1.10352272727273e+02 1.31635841814220e-08 4.66373232706277e-10
1.10578636363636e+02 1.27567940025530e-08 4.52424357478698e-10
1.10805000000000e+02 1.23625747372493e-08 4.38891763044472e-10
1.11031363636364e+02 1.19805379069222e-08 4.25763057538410e-10
1.11257727272727e+02 1.16103070448934e-08 4.13026216664604e-10
1.11484090909091e+02 1.12515173116754e-08 4.00669574151715e-10
1.11710454545455e+02 1.09038151456720e-08 3.88681807339841e-10
1.11936818181818e+02 1.05668579142470e-08 3.77051932382505e-10
1.12163181818182e+02 1.02403135670238e-08 3.65769291620020e-10
1.12389545454545e+02 9.92386031792334e-09 3.54823541408536e-10
1.12615909090909e+02 9.61718632759865e-09 3.44204647699262e-10
1.12842272727273e+02 9.31998938793654e-09 3.33902874513347e-10
1.13068636363636e+02 9.03197663262725e-09 3.23908772832233e-10
1.13295000000000e+02 8.75286424813881e-09 3.14213176525345e-10
1.13521363636364e+02 8.48237718661688e-09 3.04807191204623e-10
1.13747727272727e+02 8.22024890468763e-09 2.95682186603629e-10
1.13974090909091e+02 7.96622109128479e-09 2.86829789684467e-10
1.14200454545455e+02 7.72004342018239e-09 2.78241874342525e-10
1.14426818181818e+02 7.48147330295535e-09 2.69910557850221e-10
1.14653181818182e+02 7.25027564365040e-09 2.61828191824973e-10
1.14879545454545e+02 7.02622261352283e-09 2.53987353522186e-10
1.15105909090909e+02 6.80909342620269e-09 2.46380842561123e-10
1.15332272727273e+02 6.59867411444424e-09 2.39001672681346e-10
1.15558636363636e+02 6.39475732507677e-09 2.31843063795452e-10
1.15785000000000e+02 6.19714211437750e-09 2.24898438975298e-10
1.16011363636364e+02 6.00563374491415e-09 2.18161416489791e-10
1.16237727272727e+02 5.82004350046397e-09 2.11625804316037e-10
1.16464090909091e+02 5.64018849345634e-09 2.05285595164757e-10
1.16690454545455e+02 5.46589148965525e-09 1.99134959127572e-10
1.16916818181818e+02 5.29698073325784e-09 1.93168241048649e-10
1.17143181818182e+02 5.13328977329292e-09 1.87379954065347e-10
1.17369545454545e+02 4.97465730403497e-09 1.81764773380654e-10
1.17595909090909e+02 4.82092700582387e-09 1.76317533845019e-10
1.17822272727273e+02 4.67194738708595e-09 1.71033224061230e-10
1.18048636363636e+02 4.52757163906939e-09 1.65906980700605e-10
1.18275000000000e+02 4.38765749097011e-09 1.60934086278594e-10
1.18501363636364e+02 4.25206706617050e-09 1.56109963467585e-10
1.18727727272727e+02 4.12066675109787e-09 1.51430171145778e-10
1.18954090909091e+02 3.99332705898946e-09 1.46890400809501e-10
1.19180454545455e+02 3.86992250569240e-09 1.42486471322832e-10
1.19406818181818e+02 3.75033148583507e-09 1.38214326979952e-10
1.19633181818182e+02 3.63443614997920e-09 1.34070032886640e-10
1.19859545454545e+02 3.52212229156533e-09 1.30049770507052e-10
1.20085909090909e+02 3.41327923421450e-09 1.26149835882118e-10
1.20312272727273e+02 3.30779971993498e-09 1.22366635414714e-10
1.20538636363636e+02 3.20557980621394e-09 1.18696681805512e-10
1.20765000000000e+02 3.10651876344780e-09 1.15136592415121e-10
1.20991363636364e+02 3.01051897320948e-09 1.11683085202532e-10
1.21217727272727e+02 2.91748583532941e-09 1.08332975882373e-10
1.21444090909091e+02 2.82732767150598e-09 1.05083175339050e-10
1.21670454545455e+02 2.73995563732084e-09 1.01930685878149e-10
1.21896818181818e+02 2.65528363456909e-09 9.88725998012395e-11
1.22123181818182e+02 2.57322822432515e-09 9.59060961042471e-11
1.22349545454545e+02 2.49370854685400e-09 9.30284372936773e-11
1.22575909090909e+02 2.41664624182168e-09 9.02369680769286e-11
1.22802272727273e+02 2.34196536918349e-09 8.75291123494044e-11
1.23028636363636e+02 2.26959233628346e-09 8.49023702890629e-11
1.23255000000000e+02 2.19945582523571e-09 8.23543171530441e-11
1.23481363636364e+02 2.13148672093182e-09 7.98826003775152e-11
1.23707727272727e+02 2.06561804520603e-09 7.74849375333704e-11
1.23934090909091e+02 2.00178488863545e-09 7.51591144635227e-11
1.24160454545455e+02 1.93992434821205e-09 7.29029826069049e-11
1.24386818181818e+02 1.87997546527312e-09 7.07144579523509e-11
1.24613181818182e+02 1.82187916398041e-09 6.85915186788150e-11
1.24839545454545e+02 1.76557819458596e-09 6.65322028796126e-11
1.25065909090909e+02 1.71101707694165e-09 6.45346076015647e-11
1.25292272727273e+02 1.65814204451380e-09 6.25968866917039e-11
1.25518636363636e+02 1.60690099274125e-09 6.07172487205774e-11
1.25745000000000e+02 1.55724342762194e-09 5.88939560998198e-11
1.25971363636364e+02 1.50912041476525e-09 5.71253230116003e-11
1.26197727272727e+02 1.46248453274815e-09 5.54097139391760e-11
1.26424090909091e+02 1.41728982485965e-09 5.37455423258329e-11
1.26650454545455e+02 1.37349175494893e-09 5.21312686648391e-11
1.26876818181818e+02 1.33104716348044e-09 5.05653997330020e-11
1.27103181818182e+02 1.28991422399650e-09 4.90464869043661e-11
1.27329545454545e+02 1.25005240292822e-09 4.75731245238036e-11
1.27555909090909e+02 1.21142241960054e-09 4.61439492033631e-11
1.27782272727273e+02 1.17398620661206e-09 4.47576382835982e-11
1.28008636363636e+02 1.13770687325330e-09 4.34129083494996e-11
1.28235000000000e+02 1.10254866910630e-09 4.21085145845638e-11
1.28461363636364e+02 1.06847694798940e-09 4.08432492927392e-11
1.28687727272727e+02 1.03545813491106e-09 3.96159408426403e-11
1.28914090909091e+02 1.00345969192529e-09 3.84254527025397e-11
1.29140454545455e+02 9.72450086855921e-10 3.72706820772193e-11
1.29366818181818e+02 9.42398762183885e-10 3.61505593473811e-11
1.29593181818182e+02 9.13276104235922e-10 3.50640468648248e-11
1.29819545454545e+02 8.85053414716124e-10 3.40101377903170e-11
1.30045909090909e+02 8.57702882389745e-10 3.29878555791405e-11
1.30272272727273e+02 8.31197555043949e-10 3.19962528818063e-11
1.30498636363636e+02 8.05511313574862e-10 3.10344104836834e-11
1.30725000000000e+02 7.80618846216247e-10 3.01014368329400e-11
1.30951363636364e+02 7.56495623023084e-10 2.91964669855907e-11
1.31177727272727e+02 7.33117872459703e-10 2.83186618472263e-11
1.31404090909091e+02 7.10462557239188e-10 2.74672074789431e-11
1.31630454545455e+02 6.88507352169191e-10 2.66413141246261e-11
1.31856818181818e+02 6.67230622124266e-10 2.58402158015560e-11
1.32083181818182e+02 6.46611400240419e-10 2.50631694397376e-11
1.32309545454545e+02 6.26629367749524e-10 2.43094540516573e-11
1.32535909090909e+02 6.07264833931584e-10 2.35783703567281e-11
1.32762272727273e+02 5.88498716271009e-10 2.28692399960431e-11
1.32988636363636e+02 5.70312522101304e-10 2.21814047748689e-11
1.33215000000000e+02 5.52688330359075e-10 2.15142263181645e-11
1.33441363636364e+02 5.35608773525682e-10 2.08670853177123e-11
1.33667727272727e+02 5.19057021041250e-10 2.02393809877363e-11
1.33894090909091e+02 5.03016762208376e-10 1.96305305659270e-11
1.34120454545455e+02 4.87472190499449e-10 1.90399686194141e-11
1.34346818181818e+02 4.72407987961151e-10 1.84671467462140e-11
1.34573181818182e+02 4.57809309782291e-10 1.79115329605044e-11
1.34799545454545e+02 4.43661770009802e-10 1.73726110995846e-11
1.35025909090909e+02 4.29951427355010e-10 1.68498805500955e-11
1.35252272727273e+02 4.16664771149779e-10 1.63428556871910e-11
1.35478636363636e+02 4.03788708344831e-10 1.58510653334778e-11
1.35705000000000e+02 3.91310550591657e-10 1.53740525079741e-11
1.35931363636364e+02 3.79218001462149e-10 1.49113738888921e-11
1.36157727272727e+02 3.67499144698642e-10 1.44625994229544e-11
1.36384090909091e+02 3.56142432116135e-10 1.40273119668291e-11
1.36610454545455e+02 3.45136672486746e-10 1.36051067920059e-11
1.36836818181818e+02 3.34471020498150e-10 1.31955913673568e-11
1.37063181818182e+02 3.24134965831756e-10 1.27983849201445e-11
1.37289545454545e+02 3.14118323045005e-10 1.24131180124838e-11
1.37515909090909e+02 3.04411221522251e-10 1.20394323420078e-11
1.37742272727273e+02 2.95004095535453e-10 1.16769803413830e-11
1.37968636363636e+02 2.85887675034811e-10 1.13254247919110e-11
1.38195000000000e+02 2.77052976502799e-10 1.09844386408082e-11
1.38421363636364e+02 2.68491293909035e-10 1.06537046179156e-11
1.38647727272727e+02 2.60194190386465e-10 1.03329149554177e-11
1.38874090909091e+02 2.52153489670509e-10 1.00217711302803e-11
1.39100454545455e+02 2.44361268225740e-10 9.71998351106713e-12
1.39326818181818e+02 2.36809847428493e-10 9.42727119976666e-12
1.39553181818182e+02 2.29491785837041e-10 9.14336171834276e-12
1.39779545454545e+02 2.22399872025097e-10 8.86799070629709e-12
1.40005909090909e+02 2.15527117467062e-10 8.60090177571015e-12
1.40232272727273e+02 2.08866749503549e-10 8.34184622529836e-12
1.40458636363636e+02 2.02412204818294e-10 8.09058276450906e-12
1.40685000000000e+02 1.96157122962833e-10 7.84687738068145e-12
1.40911363636364e+02 1.90095339954852e-10 7.61050306561211e-12
1.41137727272727e+02 1.84220882381612e-10 7.38123961454327e-12
1.41364090909091e+02 1.78527961341844e-10 7.15887344122478e-12
1.41590454545455e+02 1.73010966869036e-10 6.94319732600776e-12
1.41816818181818e+02 1.67664462396738e-10 6.73401030091143e-12
1.42043181818182e+02 1.62483179287776e-10 6.53111742584643e-12
1.42269545454545e+02 1.57462011758207e-10 6.33432957268407e-12
1.42495909090909e+02 1.52596011840084e-10 6.14346331995348e-12
1.42722272727273e+02 1.47880384402792e-10 5.95834074871066e-12
1.42948636363636e+02 1.43310482532742e-10 5.77878924555925e-12
1.43175000000000e+02 1.38881802948858e-10 5.60464140617834e-12
1.43401363636364e+02 1.34589981471775e-10 5.43573484027979e-12
1.43627727272727e+02 1.30430788846800e-10 5.27191202749260e-12
1.43854090909091e+02 1.26400126456803e-10 5.11302018461991e-12
1.44080454545455e+02 1.22494022372265e-10 4.95891108598758e-12
1.44306818181818e+02 1.18708627432721e-10 4.80944098001624e-12
1.44533181818182e+02 1.15040211374763e-10 4.66447042948572e-12
1.44759545454545e+02 1.11485159236709e-10 4.52386415738923e-12
1.44985909090909e+02 1.08039967792259e-10 4.38749097051552e-12
1.45212272727273e+02 1.04701242026780e-10 4.25522361374249e-12
1.45438636363636e+02 1.01465691864793e-10 4.12693862942568e-12
1.45665000000000e+02 9.83301289241465e-11 4.00251628740610e-12
1.45891363636364e+02 9.52914633092756e-11 3.88184044590126e-12
1.46117727272727e+02 9.23467006523083e-11 3.76479844821163e-12
1.46344090909091e+02 8.94929390791823e-11 3.65128102747478e-12
1.46570454545455e+02 8.67273664119516e-11 3.54118217855768e-12
1.46796818181818e+02 8.40472573944540e-11 3.43439909755536e-12
1.47023181818182e+02 8.14499709518328e-11 3.33083206778462e-12
1.47249545454545e+02 7.89329476440319e-11 3.23038434975967e-12
1.47475909090909e+02 7.64937071408229e-11 3.13296212578757e-12
1.47702272727273e+02 7.41298457278269e-11 3.03847439597866e-12
1.47928636363636e+02 7.18390339886602e-11 2.94683287788659e-12
1.48155000000000e+02 6.96190145068880e-11 2.85795195577446e-12
1.48381363636364e+02 6.74675995963867e-11 2.77174858140941e-12
1.48607727272727e+02 6.53826692053820e-11 2.68814220004934e-12
1.48834090909091e+02 6.33621687694092e-11 2.60705468212485e-12
1.49060454545455e+02 6.14041072297750e-11 2.52841023189611e-12
1.49286818181818e+02 5.95065550693314e-11 2.45213534361668e-12
1.49513181818182e+02 5.76676423728313e-11 2.37815872017574e-12
1.49739545454545e+02 5.58855570233065e-11 2.30641119457665e-12
1.49965909090909e+02 5.41585429143882e-11 2.23682568980269e-12
1.50192272727273e+02 5.24848981851239e-11 2.16933714460999e-12
1.50418636363636e+02 5.08629735783079e-11 2.10388244190600e-12
1.50645000000000e+02 4.92911708134659e-11 2.04040037200666e-12
1.50871363636364e+02 4.77679409804502e-11 1.97883156189567e-12
1.51097727272727e+02 4.62917830547706e-11 1.91911842220592e-12
1.51324090909091e+02 4.48612423781391e-11 1.86120509823164e-12
1.51550454545455e+02 4.34749092550113e-11 1.80503740480557e-12
1.51776818181818e+02 4.21314175619155e-11 1.75056279456408e-12
1.52003181818182e+02 4.08294433746031e-11 1.69773029989534e-12
1.52229545454545e+02 3.95677036906072e-11 1.64649047690792e-12
1.52455909090909e+02 3.83449551635653e-11 1.59679537638179e-12
1.52682272727273e+02 3.71599928538480e-11 1.54859849082085e-12
1.52908636363636e+02 3.60116490658263e-11 1.50185470334691e-12
1.53135000000000e+02 3.48987921959438e-11 1.45652026111080e-12
1.53361363636364e+02 3.38203255957240e-11 1.41255272485422e-12
1.53587727272727e+02 3.27751865201250e-11 1.36991093094050e-12
1.53814090909091e+02 3.17623450522084e-11 1.32855495623811e-12
1.54040454545455e+02 3.07808031091283e-11 1.28844607169601e-12
1.54266818181818e+02 2.98295934575353e-11 1.24954671938719e-12
1.54493181818182e+02 2.89077787418861e-11 1.21182047109167e-12
1.54719545454545e+02 2.80144505796874e-11 1.17523198831851e-12
1.54945909090909e+02 2.71487286653955e-11 1.13974700129634e-12
1.55172272727273e+02 2.63097598861205e-11 1.10533227119933e-12
1.55398636363636e+02 2.54967174981152e-11 1.07195555368465e-12
1.55625000000000e+02 2.47088003112101e-11 1.03958557966596e-12
1.55851363636364e+02 2.39452318840557e-11 1.00819201935465e-12
1.56077727272727e+02 2.32052597792150e-11 9.77745455074781e-13
1.56304090909091e+02 2.24881548021327e-11 9.48217356097451e-13
1.56530454545455e+02 2.17932102971259e-11 9.19580045548826e-13
1.56756818181818e+02 2.11197414502901e-11 8.91806683815931e-13
1.56983181818182e+02 2.04670846017381e-11 8.64871239001217e-13
1.57209545454545e+02 1.98345966048075e-11 8.38748458401965e-13
1.57435909090909e+02 1.92216541916216e-11 8.13413853326282e-13
1.57662272727273e+02 1.86276533471843e-11 7.88843672147303e-13
1.57888636363636e+02 1.80520087261312e-11 7.65014874291418e-13
1.58115000000000e+02 1.74941530753092e-11 7.41905116345359e-13
1.58341363636364e+02 1.69535366641672e-11 7.19492726422564e-13
1.58567727272727e+02 1.64296267571266e-11 6.97756684704081e-13
1.58794090909091e+02 1.59219070749794e-11 6.76676605408998e-13
1.59020454545455e+02 1.54298772962784e-11 6.56232713208258e-13
1.59246818181818e+02 1.49530525637936e-11 6.36405831237644e-13
1.59473181818182e+02 1.44909629977120e-11 6.17177360023565e-13
1.59699545454545e+02 1.40431532418021e-11 5.98529257138587e-13
1.59925909090909e+02 1.36091820142294e-11 5.80444026234999e-13
1.60152272727273e+02 1.31886216645377e-11 5.62904697825441e-13
1.60378636363636e+02 1.27810577605686e-11 5.45894810728694e-13
1.60605000000000e+02 1.23860886796475e-11 5.29398402037382e-13
1.60831363636364e+02 1.20033252054093e-11 5.13399988846466e-13
1.61057727272727e+02 1.16323901540752e-11 4.97884554327594e-13
1.61284090909091e+02 1.12729179932649e-11 4.82837534815452e-13
1.61510454545455e+02 1.09245544888633e-11 4.68244802998295e-13
1.61736818181818e+02 1.05869563555908e-11 4.54092659264562e-13
1.61963181818182e+02 1.02597909124407e-11 4.40367816672670e-13
1.62189545454545e+02 9.94273576125762e-12 4.27057386440465e-13
1.62415909090909e+02 9.63547846871378e-12 4.14148870029852e-13
1.62642272727273e+02 9.33771625273505e-12 4.01630145439893e-13
1.62868636363636e+02 9.04915568994396e-12 3.89489453973568e-13
1.63095000000000e+02 8.76951242621841e-12 3.77715392997801e-13
1.63321363636364e+02 8.49851089131957e-12 3.66296902920818e-13
1.63547727272727e+02 8.23588403418444e-12 3.55223257228635e-13
1.63774090909091e+02 7.98137305314253e-12 3.44484053237998e-13
1.64000454545455e+02 7.73472714581664e-12 3.34069200117610e-13
1.64226818181818e+02 7.49570326172608e-12 3.23968912645068e-13
1.64453181818182e+02 7.26406585839924e-12 3.14173700488412e-13
1.64679545454545e+02 7.03958667373385e-12 3.04674357857704e-13
1.64905909090909e+02 6.82204450083602e-12 2.95461957795283e-13
1.65132272727273e+02 6.61122496606633e-12 2.86527842401307e-13
1.65358636363636e+02 6.40692032184361e-12 2.77863613396534e-13
1.65585000000000e+02 6.20892924171994e-12 2.69461126900566e-13
1.65811363636364e+02 6.01705661838843e-12 2.61312484151053e-13
1.66037727272727e+02 5.83111337619407e-12 2.53410024376493e-13
1.66264090909091e+02 5.65091628019394e-12 2.45746318176314e-13
1.66490454545455e+02 5.47628775903138e-12 2.38314158985276e-13
1.66716818181818e+02 5.30705572977852e-12 2.31106558571920e-13
1.66943181818182e+02 5.14305342530713e-12 2.24116739395756e-13
1.67169545454545e+02 4.98411923306944e-12 2.17338127227909e-13
1.67395909090909e+02 4.83009653568360e-12 2.10764347034721e-13
1.67622272727273e+02 4.68083355382933e-12 2.04389216008253e-13
1.67848636363636e+02 4.53618319950756e-12 1.98206736836886e-13
1.68075000000000e+02 4.39600293095300e-12 1.92211093941280e-13
1.68301363636364e+02 4.26015460965891e-12 1.86396646860831e-13
1.68527727272727e+02 4.12850436758212e-12 1.80757925156419e-13
1.68754090909091e+02 4.00092247200361e-12 1.75289623672325e-13
1.68980454545455e+02 3.87728320008513e-12 1.69986596454600e-13
1.69206818181818e+02 3.75746471485726e-12 1.64843853506997e-13
1.69433181818182e+02 3.64134894302755e-12 1.59856555341797e-13
1.69659545454545e+02 3.52882146080274e-12 1.55020007718206e-13
1.69885909090909e+02 3.41977138102287e-12 1.50329658676249e-13
1.70112272727273e+02 3.31409124195808e-12 1.45781093567787e-13
1.70338636363636e+02 3.21167690338518e-12 1.41370030258503e-13
1.70565000000000e+02 3.11242744386537e-12 1.37092316416039e-13
1.70791363636364e+02 3.01624505954185e-12 1.32943924797541e-13
1.71017727272727e+02 2.92303497008486e-12 1.28920949604912e-13
1.71244090909091e+02 2.83270532304443e-12 1.25019603094373e-13
1.71470454545455e+02 2.74516710501010e-12 1.21236211243642e-13
1.71696818181818e+02 2.66033405381009e-12 1.17567211415256e-13
1.71923181818182e+02 2.57812257201983e-12 1.14009148471806e-13
1.72149545454545e+02 2.49845164610020e-12 1.10558671024705e-13
1.72375909090909e+02 2.42124276648814e-12 1.07212529298006e-13
1.72602272727273e+02 2.34641984888316e-12 1.03967571586075e-13
1.72828636363636e+02 2.27390916064797e-12 1.00820740832948e-13
1.73055000000000e+02 2.20363924808080e-12 9.77690726795134e-14
1.73281363636364e+02 2.13554086478070e-12 9.48096921059551e-14
1.73507727272727e+02 2.06954690503164e-12 9.19398108260792e-14
1.73734090909091e+02 2.00559233610594e-12 8.91567248617420e-14
1.73960454545455e+02 1.94361413534717e-12 8.64578114561838e-14
1.74186818181818e+02 1.88355122800687e-12 8.38405273917644e-14
1.74413181818182e+02 1.82534442602253e-12 8.13024062207453e-14
1.74639545454545e+02 1.76893637075105e-12 7.88410555911232e-14
1.74865909090909e+02 1.71427147639261e-12 7.64541557088939e-14
1.75092272727273e+02 1.66129587427412e-12 7.41394568130020e-14
1.75318636363636e+02 1.60995736072600e-12 7.18947767369179e-14
1.75545000000000e+02 1.56020534559075e-12 6.97179995030618e-14
1.75771363636364e+02 1.51199080151695e-12 6.76070729307814e-14
1.75997727272727e+02 1.46526621677802e-12 6.55600067738668e-14
1.76224090909091e+02 1.41998554735793e-12 6.35748709856112e-14
1.76450454545455e+02 1.37610417239333e-12 6.16497935200665e-14
1.76676818181818e+02 1.33357885016178e-12 5.97829591214711e-14
1.76903181818182e+02 1.29236767474607e-12 5.79726073504204e-14
1.77129545454545e+02 1.25243003547823e-12 5.62170306776976e-14
1.77355909090909e+02 1.21372657688342e-12 5.45145733778329e-14
1.77582272727273e+02 1.17621915924123e-12 5.28636297293568e-14
1.77808636363636e+02 1.13987082167223e-12 5.12626422767177e-14
1.78035000000000e+02 1.10464574568183e-12 4.97101008190497e-14
1.78261363636364e+02 1.07050921926826e-12 4.82045407061544e-14
1.78487727272727e+02 1.03742760350639e-12 4.67445415074662e-14
1.78714090909091e+02 1.00536829863463e-12 4.53287257713470e-14
1.78940454545455e+02 9.74299712499327e-13 4.39557574589570e-14
1.79166818181818e+02 9.44191229394268e-13 4.26243410734951e-14
1.79393181818182e+02 9.15013179385589e-13 4.13332202534316e-14
1.79619545454545e+02 8.86736809590301e-13 4.00811764138971e-14
1.79845909090909e+02 8.59334255816441e-13 3.88670279509139e-14
1.80072272727273e+02 8.32778514646396e-13 3.76896289587302e-14
1.80298636363636e+02 8.07043417295106e-13 3.65478679910440e-14
1.80525000000000e+02 7.82103603799000e-13 3.54406673337885e-14
1.80751363636364e+02 7.57934497609770e-13 3.43669817913250e-14
1.80977727272727e+02 7.34512281927598e-13 3.33257977353699e-14
1.81204090909091e+02 7.11813875697669e-13 3.23161322178998e-14
1.81430454545455e+02 6.89816911262850e-13 3.13370318557039e-14
1.81656818181818e+02 6.68499712301937e-13 3.03875722043125e-14
1.81883181818182e+02 6.47841272116206e-13 2.94668567554643e-14
1.82109545454545e+02 6.27821233289214e-13 2.85740159688538e-14
1.82335909090909e+02 6.08419867607916e-13 2.77082067000373e-14
1.82562272727273e+02 5.89618056301734e-13 2.68686112863653e-14
1.82788636363636e+02 5.71397271529285e-13 2.60544366641530e-14
1.83015000000000e+02 5.53739558104054e-13 2.52649138459261e-14
1.83241363636364e+02 5.36627515510456e-13 2.44992970558637e-14
1.83467727272727e+02 5.20044281142141e-13 2.37568630503331e-14
1.83694090909091e+02 5.03973513312341e-13 2.30369104837390e-14
1.83920454545455e+02 4.88399375427862e-13 2.23387591141223e-14
1.84146818181818e+02 4.73306520369267e-13 2.16617493531947e-14
1.84373181818182e+02 4.58680075120853e-13 2.10052415519477e-14
1.84599545454545e+02 4.44505626366070e-13 2.03686153106582e-14
1.84825909090909e+02 4.30769206271594e-13 1.97512690677585e-14
1.85052272727273e+02 4.17457278499376e-13 1.91526194484995e-14
1.85278636363636e+02 4.04556725095892e-13 1.85721006358456e-14
1.85505000000000e+02 3.92054833553834e-13 1.80091639948400e-14
1.85731363636364e+02 3.79939284082019e-13 1.74632774568514e-14
1.85957727272727e+02 3.68198137734214e-13 1.69339250342281e-14
1.86184090909091e+02 3.56819824383794e-13 1.64206063670461e-14
1.86410454545455e+02 3.45793131516076e-13 1.59228361573913e-14
1.86636818181818e+02 3.35107193169426e-13 1.54401438460850e-14
1.86863181818182e+02 3.24751479055413e-13 1.49720731036613e-14
1.87089545454545e+02 3.14715784357798e-13 1.45181813387055e-14
1.87315909090909e+02 3.04990219667591e-13 1.40780394025105e-14
1.87542272727273e+02 2.95565201081508e-13 1.36512311249912e-14
1.87768636363636e+02 2.86431440917240e-13 1.32373528664222e-14
1.87995000000000e+02 2.77579938553068e-13 1.28360132476171e-14
1.88221363636364e+02 2.69001971416696e-13 1.24468327114089e-14
1.88447727272727e+02 2.60689086577788e-13 1.20694431760166e-14
1.88674090909091e+02 2.52633092236293e-13 1.17034877111452e-14
1.88900454545455e+02 2.44826049785472e-13 1.13486201351459e-14
1.89126818181818e+02 2.37260265982142e-13 1.10045047828459e-14
1.89353181818182e+02 2.29928285245210e-13 1.06708161428860e-14
1.89579545454545e+02 2.22822882431586e-13 1.03472385074120e-14
1.89805909090909e+02 2.15937055710154e-13 1.00334657599823e-14
1.90032272727273e+02 2.09264019552805e-13 9.72920104492992e-15
1.90258636363636e+02 2.02797198159243e-13 9.43415644798193e-15
1.90485000000000e+02 1.96530218971386e-13 9.14805280251491e-15
1.90711363636364e+02 1.90456906294659e-13 8.87061937727655e-15
1.90937727272727e+02 1.84571275343655e-13 8.60159362885635e-15
1.91164090909091e+02 1.78867526217447e-13 8.34072097026057e-15
1.91390454545455e+02 1.73340038278847e-13 8.08775448407476e-15
1.91616818181818e+02 1.67983364610910e-13 7.84245475578054e-15
1.91843181818182e+02 1.62792226565297e-13 7.60458961538960e-15
1.92069545454545e+02 1.57761508646397e-13 7.37393388786934e-15
1.92295909090909e+02 1.52886253466068e-13 7.15026924088756e-15
1.92522272727273e+02 1.48161656782191e-13 6.93338394926614e-15
1.92748636363636e+02 1.43583062842329e-13 6.72307266744676e-15
1.92975000000000e+02 1.39145959791891e-13 6.51913629041803e-15
1.93201363636364e+02 1.34845975158830e-13 6.32138173135144e-15
1.93427727272727e+02 1.30678871636687e-13 6.12962174486698e-15
1.93654090909091e+02 1.26640542820199e-13 5.94367476170663e-15
1.93880454545455e+02 1.22727009224880e-13 5.76336468450882e-15
1.94106818181818e+02 1.18934414362187e-13 5.58852076817940e-15
1.94333181818182e+02 1.15259020880467e-13 5.41897743584230e-15
1.94559545454545e+02 1.11697206942062e-13 5.25457410104642e-15
1.94785909090909e+02 1.08245462651236e-13 5.09515505850093e-15
1.95012272727273e+02 1.04900386542106e-13 4.94056931628548e-15
1.95238636363636e+02 1.01658682281180e-13 4.79067043376127e-15
1.95465000000000e+02 9.85171554163164e-14 4.64531642177501e-15
1.95691363636364e+02 9.54727101804525e-14 4.50436958433003e-15
1.95917727272727e+02 9.25223465051218e-14 4.36769639241659e-15
1.96144090909091e+02 8.96631570020045e-14 4.23516736592356e-15
1.96370454545455e+02 8.68923241441432e-14 4.10665692824020e-15
1.96596818181818e+02 8.42071174871449e-14 3.98204332042537e-15
1.96823181818182e+02 8.16048909374419e-14 3.86120847010859e-15
1.97049545454545e+02 7.90830801867005e-14 3.74403786484189e-15
1.97275909090909e+02 7.66392001827742e-14 3.63042047371136e-15
1.97502272727273e+02 7.42708426435881e-14 3.52024862782243e-15
1.97728636363636e+02 7.19756737220067e-14 3.41341790484094e-15
1.97955000000000e+02 6.97514317040793e-14 3.30982705740330e-15
1.98181363636364e+02 6.75959247464702e-14 3.20937790038965e-15
1.98407727272727e+02 6.55070287614173e-14 3.11197522086386e-15
1.98634090909091e+02 6.34826852801833e-14 3.01752669373858e-15
1.98860454545455e+02 6.15208994569085e-14 2.92594277826567e-15
1.99086818181818e+02 5.96197381012066e-14 2.83713665647328e-15
1.99313181818182e+02 5.77773277444218e-14 2.75102413979012e-15
1.99539545454545e+02 5.59918528227852e-14 2.66752357883682e-15
1.99765909090909e+02 5.42615538868350e-14 2.58655580720528e-15
1.99992272727273e+02 5.25847258415444e-14 2.50804405633553e-15
2.00218636363636e+02 5.09597162926805e-14 2.43191387327862e-15
2.00445000000000e+02 4.93849239171497e-14 2.35809306935588e-15
2.00671363636364e+02 4.78587968613663e-14 2.28651163990472e-15
2.00897727272727e+02 4.63798312433810e-14 2.21710170000194e-15
2.01124090909091e+02 4.49465696405575e-14 2.14979742424324e-15
2.01350454545455e+02 4.35575996759909e-14 2.08453497305858e-15
2.01576818181818e+02 4.22115526255742e-14 2.02125244856833e-15
2.01803181818182e+02 4.09071020491342e-14 1.95988982808100e-15
2.02029545454545e+02 3.96429625038262e-14 1.90038889984398e-15
2.02255909090909e+02 3.84178882763933e-14 1.84269322273338e-15
2.02482272727273e+02 3.72306721373810e-14 1.78674806563048e-15
2.02708636363636e+02 3.60801441701056e-14 1.73250034885123e-15
2.02935000000000e+02 3.49651706168499e-14 1.67989860733759e-15
2.03161363636364e+02 3.38846527450923e-14 1.62889293352527e-15
2.03387727272727e+02 3.28375257867216e-14 1.57943493147462e-15
2.03614090909091e+02 3.18227578675562e-14 1.53147767387522e-15
2.03840454545455e+02 3.08393490063135e-14 1.48497564959572e-15
2.04066818181818e+02 2.98863301284046e-14 1.43988473203907e-15
2.04293181818182e+02 2.89627620969351e-14 1.39616213178274e-15
2.04519545454545e+02 2.80677348015937e-14 1.35376635082192e-15
2.04745909090909e+02 2.72003662610845e-14 1.31265715367505e-15
2.04972272727273e+02 2.63598017412518e-14 1.27279552421134e-15
2.05198636363636e+02 2.55452129258142e-14 1.23414362393906e-15
2.05425000000000e+02 2.47557970994642e-14 1.19666476562284e-15
2.05651363636364e+02 2.39907763452854e-14 1.16032337261401e-15
2.05877727272727e+02 2.32493967935149e-14 1.12508494612147e-15
2.06104090909091e+02 2.25309278638103e-14 1.09091603451858e-15
2.06330454545455e+02 2.18346615563722e-14 1.05778419601025e-15
2.06556818181818e+02 2.11599117537045e-14 1.02565797595420e-15
2.06783181818182e+02 2.05060135346701e-14 9.94506873135908e-16
2.07009545454545e+02 1.98723225292902e-14 9.64301307183915e-16
2.07235909090909e+02 1.92582142832606e-14 9.35012597863528e-16
2.07462272727273e+02 1.86630836336811e-14 9.06612934334164e-16
2.07688636363636e+02 1.80863441218135e-14 8.79075345445820e-16
2.07915000000000e+02 1.75274274147113e-14 8.52373680834038e-16
2.08141363636364e+02 1.69857827370787e-14 8.26482581970945e-16
2.08367727272727e+02 1.64608763392543e-14 8.01377458814654e-16
2.08594090909091e+02 1.59521909608525e-14 7.77034467901254e-16
2.08820454545455e+02 1.54592253287744e-14 7.53430485773493e-16
2.09046818181818e+02 1.49814936628509e-14 7.30543092731836e-16
2.09273181818182e+02 1.45185251902675e-14 7.08350548820362e-16
2.09499545454545e+02 1.40698636886689e-14 6.86831770623849e-16
2.09725909090909e+02 1.36350670362333e-14 6.65966316433015e-16
2.09952272727273e+02 1.32137067697549e-14 6.45734364354446e-16
2.10178636363636e+02 1.28053676687929e-14 6.26116691159695e-16
2.10405000000000e+02 1.24096473461814e-14 6.07094658741874e-16
2.10631363636364e+02 1.20261558458459e-14 5.88650193510757e-16
2.10857727272727e+02 1.16545152660393e-14 5.70765769735206e-16
2.11084090909091e+02 1.12943593796794e-14 5.53424393907688e-16
2.11310454545455e+02 1.09453332788698e-14 5.36609585833483e-16
2.11536818181818e+02 1.06070930248918e-14 5.20305366991463e-16
2.11763181818182e+02 1.02793053044683e-14 5.04496243435800e-16
2.11989545454545e+02 9.96164710621746e-15 4.89167189274705e-16
2.12215909090909e+02 9.65380540210192e-15 4.74303636044855e-16
2.12442272727273e+02 9.35547683459796e-15 4.59891457125734e-16
2.12668636363636e+02 9.06636742221421e-15 4.45916952679738e-16
2.12895000000000e+02 8.78619226957001e-15 4.32366839952168e-16
2.13121363636364e+02 8.51467528269152e-15 4.19228238606152e-16
2.13347727272727e+02 8.25154890219517e-15 4.06488658840950e-16
2.13574090909091e+02 7.99655383454212e-15 3.94135990234515e-16
2.13800454545455e+02 7.74943880030968e-15 3.82158488285376e-16
2.14026818181818e+02 7.50996028638310e-15 3.70544766077358e-16
2.14253181818182e+02 7.27788230262566e-15 3.59283782106208e-16
2.14479545454545e+02 7.05297615276321e-15 3.48364828516642e-16
2.14705909090909e+02 6.83502020884813e-15 3.37777523493432e-16
2.14932272727273e+02 6.62379968980676e-15 3.27511800165174e-16
2.15158636363636e+02 6.41910645290631e-15 3.17557895882000e-16
2.15385000000000e+02 6.22073878848834e-15 3.07906345269866e-16
2.15611363636364e+02 6.02850121842720e-15 2.98547969793586e-16
2.15837727272727e+02 5.84220430717736e-15 2.89473869282653e-16
2.16064090909091e+02 5.66166447153966e-15 2.80675413970246e-16
2.16290454545455e+02 5.48670380240324e-15 2.72144234916101e-16
2.16516818181818e+02 5.31714988929569e-15 2.63872218038649e-16
2.16743181818182e+02 5.15283564812969e-15 2.55851495448553e-16
2.16969545454545e+02 4.99359915895831e-15 2.48074437074144e-16
2.17195909090909e+02 4.83928350629394e-15 2.40533645213937e-16
2.17422272727273e+02 4.68973662234185e-15 2.33221946637134e-16
2.17648636363636e+02 4.54481113933061e-15 2.26132384950105e-16
2.17875000000000e+02 4.40436424418213e-15 2.19258215623994e-16
2.18101363636364e+02 4.26825753583994e-15 2.12592898567237e-16
2.18327727272727e+02 4.13635689145855e-15 2.06130092082305e-16
2.18554090909091e+02 4.00853233174419e-15 1.99863647186082e-16
2.18780454545455e+02 3.88465789472438e-15 1.93787600794891e-16
2.19006818181818e+02 3.76461151152824e-15 1.87896171452582e-16
2.19233181818182e+02 3.64827488444785e-15 1.82183753161069e-16
2.19459545454545e+02 3.53553337204747e-15 1.76644909418488e-16
2.19685909090909e+02 3.42627587610830e-15 1.71274369320002e-16
2.19912272727273e+02 3.32039473065290e-15 1.66067021934421e-16
2.20138636363636e+02 3.21778559737574e-15 1.61017910869985e-16
2.20365000000000e+02 3.11834736274853e-15 1.56122230715434e-16
2.20591363636364e+02 3.02198203702236e-15 1.51375321754513e-16
2.20817727272727e+02 2.92859465946738e-15 1.46772665656725e-16
2.21044090909091e+02 2.83809320305220e-15 1.42309881425763e-16
2.21270454545455e+02 2.75038848505632e-15 1.37982720550302e-16
2.21496818181818e+02 2.66539407912170e-15 1.33787063946726e-16
2.21723181818182e+02 2.58302622893171e-15 1.29718917567481e-16
2.21949545454545e+02 2.50320376685362e-15 1.25774408157106e-16
2.22175909090909e+02 2.42584803389464e-15 1.21949780461846e-16
2.22402272727273e+02 2.35088280114167e-15 1.18241393226794e-16
2.22628636363636e+02 2.27823419571263e-15 1.14645715327584e-16
2.22855000000000e+02 2.20783062790631e-15 1.11159323223639e-16
2.23081363636364e+02 2.13960271970530e-15 1.07778897197139e-16
2.23307727272727e+02 2.07348323767020e-15 1.04501218280539e-16
2.23534090909091e+02 2.00940702546520e-15 1.01323165366695e-16
2.23760454545455e+02 1.94731094056022e-15 9.82417117585727e-17
2.23986818181818e+02 1.88713379196279e-15 9.52539229816891e-17
2.24213181818182e+02 1.82881627911078e-15 9.23569536581750e-17
2.24439545454545e+02 1.77230093426084e-15 8.95480444858479e-17
2.24665909090909e+02 1.71753206581679e-15 8.68245202417280e-17
2.24892272727273e+02 1.66445570271611e-15 8.41837869328794e-17
2.25118636363636e+02 1.61301954199413e-15 8.16233290429297e-17
2.25345000000000e+02 1.56317289720563e-15 7.91407077099992e-17
2.25571363636364e+02 1.51486664781137e-15 7.67335580505739e-17
2.25797727272727e+02 1.46805319165651e-15 7.43995869690470e-17
2.26024090909091e+02 1.42268639720732e-15 7.21365710966634e-17
2.26250454545455e+02 1.37872155872840e-15 6.99423543367005e-17
2.26476818181818e+02 1.33611535219640e-15 6.78148462995254e-17
2.26703181818182e+02 1.29482579204156e-15 6.57520200776971e-17
2.26929545454545e+02 1.25481219035155e-15 6.37519100957478e-17
2.27155909090909e+02 1.21603511674756e-15 6.18126106820033e-17
2.27382272727273e+02 1.17845635901491e-15 5.99322740407162e-17
2.27608636363636e+02 1.14203888597198e-15 5.81091082922426e-17
2.27835000000000e+02 1.10674681095234e-15 5.63413761696921e-17
2.28061363636364e+02 1.07254535597492e-15 5.46273931148460e-17
2.28287727272727e+02 1.03940081809124e-15 5.29655257166661e-17
2.28514090909091e+02 1.00728053557501e-15 5.13541902415032e-17
2.28740454545455e+02 9.76152856182079e-16 4.97918508866207e-17
2.28966818181818e+02 9.45987105937073e-16 4.82770186608705e-17
2.29193181818182e+02 9.16753558510133e-16 4.68082498012021e-17
2.29419545454545e+02 8.88423406328302e-16 4.53841442422818e-17
2.29645909090909e+02 8.60968732167469e-16 4.40033445950354e-17
2.29872272727273e+02 8.34362481282288e-16 4.26645347034118e-17
2.30098636363636e+02 8.08578435112873e-16 4.13664382495311e-17
2.30325000000000e+02 7.83591185429847e-16 4.01078178215541e-17
2.30551363636364e+02 7.59376108969953e-16 3.88874735589840e-17
2.30777727272727e+02 7.35909343604705e-16 3.77042420396405e-17
2.31004090909091e+02 7.13167764406770e-16 3.65569952316194e-17
2.31230454545455e+02 6.91128961174191e-16 3.54446392508221e-17
2.31456818181818e+02 6.69771216331070e-16 3.43661135605071e-17
2.31683181818182e+02 6.49073483248948e-16 3.33203898443609e-17
2.31909545454545e+02 6.29015365790195e-16 3.23064709173306e-17
2.32135909090909e+02 6.09577098194889e-16 3.13233899951981e-17
2.32362272727273e+02 5.90739525351173e-16 3.03702096674788e-17
2.32588636363636e+02 5.72484084176460e-16 2.94460209047282e-17
2.32815000000000e+02 5.54792785311932e-16 2.85499423920213e-17
2.33041363636364e+02 5.37648195166696e-16 2.76811195651680e-17
2.33267727272727e+02 5.21033419041595e-16 2.68387238174230e-17
2.33494090909091e+02 5.04932084187069e-16 2.60219517522501e-17
2.33720454545455e+02 4.89328323887649e-16 2.52300242994492e-17
2.33946818181818e+02 4.74206761815471e-16 2.44621861428417e-17
2.34173181818182e+02 4.59552496683626e-16 2.37177049183071e-17
2.34399545454545e+02 4.45351087760475e-16 2.29958704386693e-17
2.34625909090909e+02 4.31588540629406e-16 2.22959941714720e-17
2.34852272727273e+02 4.18251293221882e-16 2.16174085080662e-17
2.35078636363636e+02 4.05326202633157e-16 2.09594660571629e-17
2.35305000000000e+02 3.92800532161845e-16 2.03215391683208e-17
2.35531363636364e+02 3.80661938598657e-16 1.97030192463047e-17
2.35757727272727e+02 3.68898460275569e-16 1.91033161857296e-17
2.35984090909091e+02 3.57498505072761e-16 1.85218578383435e-17
2.36210454545455e+02 3.46450839148600e-16 1.79580893842845e-17
2.36436818181818e+02 3.35744575861804e-16 1.74114729229510e-17
2.36663181818182e+02 3.25369164907264e-16 1.68814869023229e-17
2.36889545454545e+02 3.15314382058507e-16 1.63676255673769e-17
2.37115909090909e+02 3.05570319085498e-16 1.58693985867801e-17
2.37342272727273e+02 2.96127373867167e-16 1.53863305327798e-17
2.37568636363636e+02 2.86976241055421e-16 1.49179603784907e-17
2.37795000000000e+02 2.78107902899060e-16 1.44638411572787e-17
2.38021363636364e+02 2.69513620245226e-16 1.40235394750148e-17
2.38247727272727e+02 2.61184924076479e-16 1.35966351071966e-17
2.38474090909091e+02 2.53113607021081e-16 1.31827206191996e-17
2.38700454545455e+02 2.45291715372538e-16 1.27814009190407e-17
2.38926818181818e+02 2.37711541246411e-16 1.23922929649512e-17
2.39153181818182e+02 2.30365614889334e-16 1.20150253593032e-17
2.39379545454545e+02 2.23246697415528e-16 1.16492379561113e-17
2.39605909090909e+02 2.16347773668514e-16 1.12945815942223e-17
2.39832272727273e+02 2.09662045221569e-16 1.09507177272296e-17
2.40058636363636e+02 2.03182923766800e-16 1.06173180657557e-17
2.40285000000000e+02 1.96904024618392e-16 1.02940643340180e-17
2.40511363636364e+02 1.90819160342352e-16 9.98064792287483e-18
2.40737727272727e+02 1.84922334763550e-16 9.67676960275195e-18
2.40964090909091e+02 1.79207736955946e-16 9.38213925296392e-18
2.41190454545455e+02 1.73669735591535e-16 9.09647554359907e-18
2.41416818181818e+02 1.68302873387309e-16 8.81950572654059e-18
2.41643181818182e+02 1.63101861660639e-16 8.55096534653335e-18
2.41869545454545e+02 1.58061575185914e-16 8.29059796190354e-18
2.42095909090909e+02 1.53177047140585e-16 8.03815495389396e-18
2.42322272727273e+02 1.48443464150025e-16 7.79339526334098e-18
2.42548636363636e+02 1.43856161606258e-16 7.55608513614588e-18
2.42775000000000e+02 1.39410619068213e-16 7.32599794932133e-18
2.43001363636364e+02 1.35102455752068e-16 7.10291396420029e-18
2.43227727272727e+02 1.30927426287398e-16 6.88662012189708e-18
2.43454090909091e+02 1.26881416462913e-16 6.67690985038775e-18
2.43680454545455e+02 1.22960439224889e-16 6.47358283824845e-18
2.43906818181818e+02 1.19160630745575e-16 6.27644488533392e-18
2.44133181818182e+02 1.15478246568811e-16 6.08530769720392e-18
2.44359545454545e+02 1.11909657967977e-16 5.89998868641210e-18
2.44585909090909e+02 1.08451348367741e-16 5.72031083627600e-18
2.44812272727273e+02 1.05099909836199e-16 5.54610251352742e-18
2.45038636363636e+02 1.01852039770023e-16 5.37719728721497e-18
2.45265000000000e+02 9.87045376378102e-17 5.21343380441925e-18
2.45491363636364e+02 9.56543017875766e-17 5.05465561471551e-18
2.45717727272727e+02 9.26983264415338e-17 4.90071102445181e-18
2.45944090909091e+02 8.98336986845204e-17 4.75145295926239e-18
2.46170454545455e+02 8.70575956304651e-17 4.60673880314353e-18
2.46396818181818e+02 8.43672816387816e-17 4.46643029177555e-18
2.46623181818182e+02 8.17601055857569e-17 4.33039336626563e-18
2.46849545454545e+02 7.92334982855832e-17 4.19849803176929e-18
2.47075909090909e+02 7.67849699569314e-17 4.07061826016910e-18
2.47302272727273e+02 7.44121077396404e-17 3.94663185678458e-18
2.47528636363636e+02 7.21125733474525e-17 3.82642033152740e-18
2.47755000000000e+02 6.98841007622731e-17 3.70986881011680e-18
2.47981363636364e+02 6.77244939741126e-17 3.59686590922879e-18
2.48207727272727e+02 6.56316248529839e-17 3.48730363268585e-18
2.48434090909091e+02 6.36034310170250e-17 3.38107727348327e-18
2.48660454545455e+02 6.16379138260552e-17 3.27808529934003e-18
2.48886818181818e+02 5.97331364107599e-17 3.22810788476777e-18
