SPECIES: e / A
PROCESS: E + A -> E + A, Elastic
PARAM.:  m/M = 0.0000195921, complete set
COMMENT: [e + A(gnd) -> e + A(gnd), Elastic]
UPDATED: 2018-06-05 11:00:00
COLUMNS: Energy (eV) | Cross section (m2)
-----------------------------
0.00000000e+00 9.481676135723488e-17
1.05714286e-03 5.185700872294634e-17
2.11428571e-03 3.666844252004530e-17
3.17142857e-03 2.993965794556184e-17
4.22857143e-03 2.592850436147317e-17
5.28571429e-03 2.319115932286151e-17
6.34285714e-03 2.117053515971248e-17
7.40000000e-03 1.960010697380331e-17
8.45714286e-03 1.833422126002265e-17
9.51428571e-03 1.728566957431544e-17
1.05714286e-02 1.639862602077300e-17
1.16285714e-02 1.563547642583637e-17
1.26857143e-02 1.496982897278092e-17
1.37428571e-02 1.438254645713588e-17
1.48000000e-02 1.385936855315806e-17
1.58571429e-02 1.338942207787359e-17
1.69142857e-02 1.296425218073658e-17
1.79714286e-02 1.257717202313436e-17
1.90285714e-02 1.222281417334843e-17
2.00857143e-02 1.189681371250686e-17
2.11428571e-02 1.159557966143076e-17
2.22000000e-02 1.131612703747081e-17
2.32571429e-02 1.105595140779130e-17
2.43142857e-02 1.081293378861777e-17
2.53714286e-02 1.058526757985624e-17
2.64285714e-02 1.037140174458927e-17
2.74857143e-02 1.016999613057133e-17
2.85428571e-02 9.979885981853946e-18
2.96000000e-02 9.800053486901656e-18
3.06571429e-02 9.629604771657850e-18
3.17142857e-02 9.467751147433291e-18
3.27714286e-02 9.313793713889877e-18
3.38285714e-02 9.167110630011326e-18
3.48857143e-02 9.027146523364675e-18
3.59428571e-02 8.893403625708036e-18
3.70000000e-02 8.765434311938379e-18
3.80571429e-02 8.642834787157722e-18
3.91142857e-02 8.525239718737456e-18
4.01714286e-02 8.412317650626703e-18
4.12285714e-02 8.303767068659696e-18
4.22857143e-02 8.199313010386499e-18
4.33428571e-02 8.098704132552789e-18
4.44000000e-02 8.001710164964043e-18
4.54571429e-02 7.908119691974727e-18
4.65142857e-02 7.817738212918183e-18
4.75714286e-02 7.730386440953838e-18
4.86285714e-02 7.645898806452771e-18
4.96857143e-02 7.564122136478811e-18
5.07428571e-02 7.484914486390460e-18
5.18000000e-02 7.408144103278047e-18
5.28571429e-02 7.333688504009060e-18
5.39142857e-02 7.261433653200853e-18
5.49714286e-02 7.191273228567938e-18
5.60285714e-02 7.123107962875994e-18
5.70857143e-02 7.056845053237491e-18
5.81428571e-02 6.992397629753113e-18
5.92000000e-02 6.929684276579032e-18
6.02571429e-02 6.868628599414665e-18
6.13142857e-02 6.809158834185601e-18
6.23714286e-02 6.751207492363468e-18
6.34285714e-02 6.694711038936797e-18
6.44857143e-02 6.639609599539020e-18
6.55428571e-02 6.585846693664171e-18
6.66000000e-02 6.533368991267771e-18
6.76571429e-02 6.482126090368292e-18
6.87142857e-02 6.432070313540917e-18
6.97714286e-02 6.383156521435727e-18
7.08285714e-02 6.335341941662428e-18
7.18857143e-02 6.288586011567180e-18
7.29428571e-02 6.242850233588069e-18
7.40000000e-02 6.198098042016867e-18
7.50571429e-02 6.154294680119138e-18
7.61142857e-02 6.111407086674217e-18
7.71714286e-02 6.069403791093390e-18
7.82285714e-02 6.028254816360151e-18
7.92857143e-02 5.987931589112368e-18
8.03428571e-02 5.948406856253428e-18
8.14000000e-02 5.909654607539438e-18
8.24571429e-02 5.871650003642811e-18
8.35142857e-02 5.834369309240220e-18
8.45714286e-02 5.797789830715378e-18
8.56285714e-02 5.761889858105148e-18
8.66857143e-02 5.726648610951593e-18
8.77428571e-02 5.692046187753122e-18
8.88000000e-02 5.658063518735403e-18
8.98571429e-02 5.624682321687397e-18
9.09142857e-02 5.591885060630200e-18
9.19714286e-02 5.559654907106364e-18
9.30285714e-02 5.527975703895648e-18
9.40857143e-02 5.496831930979444e-18
9.51428571e-02 5.466208673590999e-18
9.62000000e-02 5.436091592202090e-18
9.72571429e-02 5.406466894308885e-18
9.83142857e-02 5.377321307890966e-18
9.93714286e-02 5.348642056427443e-18
1.00428571e-01 5.320416835363395e-18
1.01485714e-01 5.292633789928119e-18
1.02542857e-01 5.265281494214420e-18
1.03600000e-01 5.238348931435043e-18
1.04657143e-01 5.211825475278788e-18
1.05714286e-01 5.185700872294633e-18
1.06771429e-01 5.159965225237542e-18
1.07828571e-01 5.134608977314528e-18
1.08885714e-01 5.109622897274017e-18
1.09942857e-01 5.084998065285666e-18
1.11000000e-01 5.060725859561605e-18
1.12057143e-01 5.036797943673510e-18
1.13114286e-01 5.013206254523149e-18
1.14171429e-01 4.989942990926973e-18
1.15228571e-01 4.967000602778053e-18
1.16285714e-01 4.944371780751169e-18
1.17342857e-01 4.922049446519160e-18
1.18400000e-01 4.900026743450828e-18
1.19457143e-01 4.878297027762586e-18
1.20514286e-01 4.856853860097968e-18
1.21571429e-01 4.835690997510735e-18
1.22628571e-01 4.814802385828925e-18
1.23685714e-01 4.794182152378626e-18
1.24742857e-01 4.773824599047635e-18
1.25800000e-01 4.753724195670376e-18
1.26857143e-01 4.733875573716645e-18
1.27914286e-01 4.714273520267849e-18
1.28971429e-01 4.694912972265338e-18
1.30028571e-01 4.675789011016487e-18
1.31085714e-01 4.656896856944938e-18
1.32142857e-01 4.638231864572303e-18
1.33200000e-01 4.619789517719355e-18
1.34257143e-01 4.601565424915463e-18
1.35314286e-01 4.583555315005663e-18
1.36371429e-01 4.565755032945389e-18
1.37428571e-01 4.548160535773465e-18
1.38485714e-01 4.530767888754504e-18
1.39542857e-01 4.513573261682337e-18
1.40600000e-01 4.496572925336602e-18
1.41657143e-01 4.479763248085051e-18
1.42714286e-01 4.463140692624531e-18
1.43771429e-01 4.446701812854018e-18
1.44828571e-01 4.430443250873408e-18
1.45885714e-01 4.414361734102146e-18
1.46942857e-01 4.398454072512077e-18
1.48000000e-01 4.382717155969189e-18
1.49057143e-01 4.367147951679248e-18
1.50114286e-01 4.351743501732537e-18
1.51171429e-01 4.336500920743188e-18
1.52228571e-01 4.321417393578861e-18
1.53285714e-01 4.306490173176658e-18
1.54342857e-01 4.291716578441475e-18
1.55400000e-01 4.277093992223120e-18
1.56457143e-01 4.262619859368728e-18
1.57514286e-01 4.248291684847196e-18
1.58571429e-01 4.234107031942495e-18
1.59628571e-01 4.220063520512908e-18
1.60685714e-01 4.206158825313352e-18
1.61742857e-01 4.192390674378120e-18
1.62800000e-01 4.178756847461462e-18
1.63857143e-01 4.165255174533599e-18
1.64914286e-01 4.151883534329848e-18
1.65971429e-01 4.138639852950655e-18
1.67028571e-01 4.125522102510433e-18
1.68085714e-01 4.112528299833222e-18
1.69142857e-01 4.099656505193250e-18
1.70200000e-01 4.086904821098582e-18
1.71257143e-01 4.074271391116145e-18
1.72314286e-01 4.061754398736438e-18
1.73371429e-01 4.049352066276394e-18
1.74428571e-01 4.037062653818861e-18
1.75485714e-01 4.024884458187268e-18
1.76542857e-01 4.012815811954127e-18
1.77600000e-01 4.000855082482022e-18
1.78657143e-01 3.989000670995872e-18
1.79714286e-01 3.977251011685252e-18
1.80771429e-01 3.965604570835619e-18
1.81828571e-01 3.954059845987364e-18
1.82885714e-01 3.942615365121640e-18
1.83942857e-01 3.931269685871975e-18
1.85000000e-01 3.920021394760663e-18
1.86057143e-01 3.908869106459092e-18
1.87114286e-01 3.897811463071067e-18
1.88171429e-01 3.886847133438308e-18
1.89228571e-01 3.875974812467334e-18
1.90285714e-01 3.865193220476919e-18
1.91342857e-01 3.854501102565425e-18
1.92400000e-01 3.843897227997274e-18
1.93457143e-01 3.833380389607877e-18
1.94514286e-01 3.822949403226386e-18
1.95571429e-01 3.812603107115628e-18
1.96628571e-01 3.802340361428616e-18
1.97685714e-01 3.792160047681073e-18
1.98742857e-01 3.782061068239406e-18
1.99800000e-01 3.772042345823602e-18
2.00857143e-01 3.762102823024527e-18
2.01914286e-01 3.752241461835156e-18
2.02971429e-01 3.742457243195230e-18
2.04028571e-01 3.732749166548922e-18
2.05085714e-01 3.723116249415053e-18
2.06142857e-01 3.713557526969449e-18
2.07200000e-01 3.704072051639024e-18
2.08257143e-01 3.694658892707224e-18
2.09314286e-01 3.685317135930432e-18
2.10371429e-01 3.676045883164999e-18
2.11428571e-01 3.666844252004530e-18
2.12485714e-01 3.657711375427129e-18
2.13542857e-01 3.648646401452237e-18
2.14600000e-01 3.639648492806798e-18
2.15657143e-01 3.630716826600426e-18
2.16714286e-01 3.621850594009301e-18
2.17771429e-01 3.613048999968511e-18
2.18828571e-01 3.604311262872590e-18
2.19885714e-01 3.595636614283969e-18
2.20942857e-01 3.587024298649119e-18
2.22000000e-01 3.578473573022130e-18
2.23057143e-01 3.569983706795517e-18
2.24114286e-01 3.561553981437997e-18
2.25171429e-01 3.553183690239066e-18
2.26228571e-01 3.544872138060132e-18
2.27285714e-01 3.536618641092036e-18
2.28342857e-01 3.528422526618746e-18
2.29400000e-01 3.520283132787041e-18
2.30457143e-01 3.512199808382030e-18
2.31514286e-01 3.504171912608303e-18
2.32571429e-01 3.496198814876557e-18
2.33628571e-01 3.488279894595546e-18
2.34685714e-01 3.480414540969192e-18
2.35742857e-01 3.472602152798693e-18
2.36800000e-01 3.464842138289516e-18
2.37857143e-01 3.457133914863089e-18
2.38914286e-01 3.449476908973104e-18
2.39971429e-01 3.441870555926258e-18
2.41028571e-01 3.434314299707332e-18
2.42085714e-01 3.426807592808478e-18
2.43142857e-01 3.419349896062581e-18
2.44200000e-01 3.411940678480607e-18
2.45257143e-01 3.404579417092800e-18
2.46314286e-01 3.397265596793641e-18
2.47371429e-01 3.389998710190444e-18
2.48428571e-01 3.382778257455513e-18
2.49485714e-01 3.375603746181734e-18
2.50542857e-01 3.368474691241532e-18
2.51600000e-01 3.361390614649089e-18
2.52657143e-01 3.354351045425728e-18
2.53714286e-01 3.347355519468399e-18
2.54771429e-01 3.340403579421157e-18
2.55828571e-01 3.333494774549573e-18
2.56885714e-01 3.326628660617982e-18
2.57942857e-01 3.319804799769510e-18
2.59000000e-01 3.313022760408787e-18
2.60057143e-01 3.306282117087299e-18
2.61114286e-01 3.299582450391275e-18
2.62171429e-01 3.292923346832085e-18
2.63228571e-01 3.286304398739048e-18
2.64285714e-01 3.279725204154600e-18
2.65342857e-01 3.273185366731769e-18
2.66400000e-01 3.266684495633886e-18
2.67457143e-01 3.260222205436476e-18
2.68514286e-01 3.253798116031281e-18
2.69571429e-01 3.247411852532348e-18
2.70628571e-01 3.241063045184146e-18
2.71685714e-01 3.234751329271640e-18
2.72742857e-01 3.228476345032293e-18
2.73800000e-01 3.222237737569936e-18
2.74857143e-01 3.216035156770459e-18
2.75914286e-01 3.209868257219283e-18
2.76971429e-01 3.203736698120567e-18
2.78028571e-01 3.197640143218103e-18
2.79085714e-01 3.191578260717864e-18
2.80142857e-01 3.185550723212155e-18
2.81200000e-01 3.179557207605342e-18
2.82257143e-01 3.173597395041112e-18
2.83314286e-01 3.167670970831214e-18
2.84371429e-01 3.161777624385675e-18
2.85428571e-01 3.155917049144431e-18
2.86485714e-01 3.150088942510346e-18
2.87542857e-01 3.144293005783590e-18
2.88600000e-01 3.138528944097338e-18
2.89657143e-01 3.132796466354759e-18
2.90714286e-01 3.127095285167273e-18
2.91771429e-01 3.121425116794035e-18
2.92828571e-01 3.115785681082617e-18
2.93885714e-01 3.110176701410876e-18
2.94942857e-01 3.104597904629959e-18
2.96000000e-01 3.099049021008433e-18
2.97057143e-01 3.093529784177510e-18
2.98114286e-01 3.088039931077338e-18
2.99171429e-01 3.082579201904339e-18
3.00228571e-01 3.077147340059569e-18
3.01285714e-01 3.071744092098073e-18
3.02342857e-01 3.066369207679216e-18
3.03400000e-01 3.061022439517965e-18
3.04457143e-01 3.055703543337109e-18
3.05514286e-01 3.050412277820373e-18
3.06571429e-01 3.045148404566444e-18
3.07628571e-01 3.039911688043850e-18
3.08685714e-01 3.034701895546695e-18
3.09742857e-01 3.029518797151224e-18
3.10800000e-01 3.024362165673210e-18
3.11857143e-01 3.019231776626121e-18
3.12914286e-01 3.014127408180075e-18
3.13971429e-01 3.009048841121558e-18
3.15028571e-01 3.003995858813875e-18
3.16085714e-01 2.998968247158344e-18
3.17142857e-01 2.993965794556184e-18
3.18200000e-01 2.988988291871119e-18
3.19257143e-01 2.984035532392652e-18
3.20314286e-01 2.979107311800002e-18
3.21371429e-01 2.974203428126714e-18
3.22428571e-01 2.969323681725881e-18
3.23485714e-01 2.964467875236012e-18
3.24542857e-01 2.959635813547506e-18
3.25600000e-01 2.954827303769719e-18
3.26657143e-01 2.950042155198629e-18
3.27714286e-01 2.945280179285064e-18
3.28771429e-01 2.940541189603500e-18
3.29828571e-01 2.935825001821405e-18
3.30885714e-01 2.931131433669127e-18
3.31942857e-01 2.926460304910304e-18
3.33000000e-01 2.921811437312793e-18
3.34057143e-01 2.917184654620110e-18
3.35114286e-01 2.912579782523360e-18
3.36171429e-01 2.907996648633654e-18
3.37228571e-01 2.903435082455006e-18
3.38285714e-01 2.898894915357689e-18
3.39342857e-01 2.894375980552056e-18
3.40400000e-01 2.889878113062801e-18
3.41457143e-01 2.885401149703668e-18
3.42514286e-01 2.880944929052574e-18
3.43571429e-01 2.876509291427175e-18
3.44628571e-01 2.872094078860823e-18
3.45685714e-01 2.867699135078943e-18
3.46742857e-01 2.863324305475797e-18
3.47800000e-01 2.858969437091644e-18
3.48857143e-01 2.854634378590276e-18
3.49914286e-01 2.850318980236930e-18
3.50971429e-01 2.846023093876561e-18
3.52028571e-01 2.841746572912485e-18
3.53085714e-01 2.837489272285364e-18
3.54142857e-01 2.833251048452539e-18
3.55200000e-01 2.829031759367701e-18
3.56257143e-01 2.824831264460900e-18
3.57314286e-01 2.820649424618869e-18
3.58371429e-01 2.816486102165680e-18
3.59428571e-01 2.812341160843698e-18
3.60485714e-01 2.808214465794859e-18
3.61542857e-01 2.804105883542235e-18
3.62600000e-01 2.800015281971902e-18
3.63657143e-01 2.795942530315100e-18
3.64714286e-01 2.791887499130673e-18
3.65771429e-01 2.787850060287788e-18
3.66828571e-01 2.783830086948934e-18
3.67885714e-01 2.779827453553182e-18
3.68942857e-01 2.775842035799714e-18
3.70000000e-01 2.771873710631613e-18
3.71057143e-01 2.767922356219899e-18
3.72114286e-01 2.763987851947824e-18
3.73171429e-01 2.760070078395408e-18
3.74228571e-01 2.756168917324209e-18
3.75285714e-01 2.752284251662343e-18
3.76342857e-01 2.748415965489722e-18
3.77400000e-01 2.744563944023529e-18
3.78457143e-01 2.740728073603909e-18
3.79514286e-01 2.736908241679889e-18
3.80571429e-01 2.733104336795500e-18
3.81628571e-01 2.729316248576123e-18
3.82685714e-01 2.725543867715037e-18
3.83742857e-01 2.721787085960167e-18
3.84800000e-01 2.718045796101045e-18
3.85857143e-01 2.714319891955950e-18
3.86914286e-01 2.710609268359259e-18
3.87971429e-01 2.706913821148974e-18
3.89028571e-01 2.703233447154442e-18
3.90085714e-01 2.699568044184263e-18
3.91142857e-01 2.695917511014362e-18
3.92200000e-01 2.692281747376256e-18
3.93257143e-01 2.688660653945483e-18
3.94314286e-01 2.685054132330207e-18
3.95371429e-01 2.681462085059988e-18
3.96428571e-01 2.677884415574719e-18
3.97485714e-01 2.674321028213721e-18
3.98542857e-01 2.670771828205005e-18
3.99600000e-01 2.667236721654680e-18
4.00657143e-01 2.663715615536523e-18
4.01714286e-01 2.660208417681697e-18
4.02771429e-01 2.656715036768617e-18
4.03828571e-01 2.653235382312963e-18
4.04885714e-01 2.649769364657837e-18
4.05942857e-01 2.646316894964060e-18
4.07000000e-01 2.642877885200605e-18
4.08057143e-01 2.639452248135176e-18
4.09114286e-01 2.636039897324909e-18
4.10171429e-01 2.632640747107210e-18
4.11228571e-01 2.629254712590727e-18
4.12285714e-01 2.625881709646443e-18
4.13342857e-01 2.622521654898895e-18
4.14400000e-01 2.619174465717521e-18
4.15457143e-01 2.615840060208126e-18
4.16514286e-01 2.612518357204459e-18
4.17571429e-01 2.609209276259925e-18
4.18628571e-01 2.605912737639394e-18
4.19685714e-01 2.602628662311137e-18
4.20742857e-01 2.599356971938861e-18
4.21800000e-01 2.596097588873870e-18
4.22857143e-01 2.592850436147317e-18
4.23914286e-01 2.589615437462572e-18
4.24971429e-01 2.586392517187696e-18
4.26028571e-01 2.583181600348011e-18
4.27085714e-01 2.579982612618771e-18
4.28142857e-01 2.576795480317946e-18
4.29200000e-01 2.573620130399085e-18
4.30257143e-01 2.570456490444286e-18
4.31314286e-01 2.567304488657264e-18
4.32371429e-01 2.564164053856502e-18
4.33428571e-01 2.561035115468502e-18
4.34485714e-01 2.557917603521122e-18
4.35542857e-01 2.554811448637009e-18
4.36600000e-01 2.551716582027104e-18
4.37657143e-01 2.548632935484257e-18
4.38714286e-01 2.545560441376902e-18
4.39771429e-01 2.542499032642833e-18
4.40828571e-01 2.539448642783053e-18
4.41885714e-01 2.536409205855712e-18
4.42942857e-01 2.533380656470110e-18
4.44000000e-01 2.530362929780803e-18
4.45057143e-01 2.527355961481756e-18
4.46114286e-01 2.524359687800598e-18
4.47171429e-01 2.521374045492937e-18
4.48228571e-01 2.518398971836755e-18
4.49285714e-01 2.515434404626872e-18
4.50342857e-01 2.512480282169485e-18
4.51400000e-01 2.509536543276772e-18
4.52457143e-01 2.506603127261574e-18
4.53514286e-01 2.503679973932140e-18
4.54571429e-01 2.500767023586932e-18
4.55628571e-01 2.497864217009514e-18
4.56685714e-01 2.494971495463487e-18
4.57742857e-01 2.492088800687504e-18
4.58800000e-01 2.489216074890340e-18
4.59857143e-01 2.486353260746021e-18
4.60914286e-01 2.483500301389027e-18
4.61971429e-01 2.480657140409540e-18
4.63028571e-01 2.477823721848765e-18
4.64085714e-01 2.474999990194304e-18
4.65142857e-01 2.472185890375584e-18
4.66200000e-01 2.469381367759349e-18
4.67257143e-01 2.466586368145206e-18
4.68314286e-01 2.463800837761221e-18
4.69371429e-01 2.461024723259580e-18
4.70428571e-01 2.458257971712294e-18
4.71485714e-01 2.455500530606959e-18
4.72542857e-01 2.452752347842578e-18
4.73600000e-01 2.450013371725414e-18
4.74657143e-01 2.447283550964918e-18
4.75714286e-01 2.444562834669687e-18
4.76771429e-01 2.441851172343482e-18
4.77828571e-01 2.439148513881293e-18
4.78885714e-01 2.436454809565447e-18
4.79942857e-01 2.433770010061769e-18
4.81000000e-01 2.431094066415787e-18
4.82057143e-01 2.428426930048984e-18
4.83114286e-01 2.425768552755089e-18
4.84171429e-01 2.423118886696425e-18
4.85228571e-01 2.420477884400285e-18
4.86285714e-01 2.417845498755367e-18
4.87342857e-01 2.415221683008244e-18
4.88400000e-01 2.412606390759867e-18
4.89457143e-01 2.409999575962131e-18
4.90514286e-01 2.407401192914462e-18
4.91571429e-01 2.404811196260455e-18
4.92628571e-01 2.402229540984546e-18
4.93685714e-01 2.399656182408731e-18
4.94742857e-01 2.397091076189313e-18
4.95800000e-01 2.394534178313694e-18
4.96857143e-01 2.391985445097206e-18
4.97914286e-01 2.389444833179974e-18
4.98971429e-01 2.386912299523818e-18
5.00028571e-01 2.384387801409189e-18
5.01085714e-01 2.381871296432149e-18
5.02142857e-01 2.379362742501372e-18
5.03200000e-01 2.376862097835188e-18
5.04257143e-01 2.374369320958665e-18
5.05314286e-01 2.371884370700717e-18
5.06371429e-01 2.369407206191246e-18
5.07428571e-01 2.366937786858323e-18
5.08485714e-01 2.364476072425392e-18
5.09542857e-01 2.362022022908516e-18
5.10600000e-01 2.359575598613646e-18
5.11657143e-01 2.357136760133925e-18
5.12714286e-01 2.354705468347022e-18
5.13771429e-01 2.352281684412497e-18
5.14828571e-01 2.349865369769196e-18
5.15885714e-01 2.347456486132669e-18
5.16942857e-01 2.345054995492629e-18
5.18000000e-01 2.342660860110428e-18
5.19057143e-01 2.340274042516570e-18
5.20114286e-01 2.337894505508244e-18
5.21171429e-01 2.335522212146891e-18
5.22228571e-01 2.333157125755795e-18
5.23285714e-01 2.330799209917704e-18
5.24342857e-01 2.328448428472469e-18
5.25400000e-01 2.326104745514720e-18
5.26457143e-01 2.323768125391561e-18
5.27514286e-01 2.321438532700290e-18
5.28571429e-01 2.319115932286151e-18
5.29628571e-01 2.316800289240102e-18
5.30685714e-01 2.314491568896609e-18
5.31742857e-01 2.312189736831476e-18
5.32800000e-01 2.309894758859677e-18
5.33857143e-01 2.307606601033231e-18
5.34914286e-01 2.305325229639093e-18
5.35971429e-01 2.303050611197065e-18
5.37028571e-01 2.300782712457731e-18
5.38085714e-01 2.298521500400423e-18
5.39142857e-01 2.296266942231192e-18
5.40200000e-01 2.294019005380819e-18
5.41257143e-01 2.291777657502831e-18
5.42314286e-01 2.289542866471555e-18
5.43371429e-01 2.287314600380175e-18
5.44428571e-01 2.285092827538825e-18
5.45485714e-01 2.282877516472694e-18
5.46542857e-01 2.280668635920152e-18
5.47600000e-01 2.278466154830900e-18
5.48657143e-01 2.276270042364134e-18
5.49714286e-01 2.274080267886732e-18
5.50771429e-01 2.271896800971461e-18
5.51828571e-01 2.269719611395200e-18
5.52885714e-01 2.267548669137181e-18
5.53942857e-01 2.265383944377252e-18
5.55000000e-01 2.263225407494160e-18
5.56057143e-01 2.261073029063844e-18
5.57114286e-01 2.258926779857750e-18
5.58171429e-01 2.256786630841169e-18
5.59228571e-01 2.254652553171580e-18
5.60285714e-01 2.252524518197025e-18
5.61342857e-01 2.250402497454489e-18
5.62400000e-01 2.248286462668301e-18
5.63457143e-01 2.246176385748553e-18
5.64514286e-01 2.244072238789533e-18
5.65571429e-01 2.241973994068175e-18
5.66628571e-01 2.239881624042525e-18
5.67685714e-01 2.237795101350225e-18
5.68742857e-01 2.235714398807003e-18
5.69800000e-01 2.233639489405195e-18
5.70857143e-01 2.231570346312266e-18
5.71914286e-01 2.229506942869353e-18
5.72971429e-01 2.227449252589826e-18
5.74028571e-01 2.225397249157858e-18
5.75085714e-01 2.223350906427009e-18
5.76142857e-01 2.221310198418832e-18
5.77200000e-01 2.219275099321482e-18
5.78257143e-01 2.217245583488351e-18
5.79314286e-01 2.215221625436704e-18
5.80371429e-01 2.213203199846340e-18
5.81428571e-01 2.211190281558260e-18
5.82485714e-01 2.209182845573349e-18
5.83542857e-01 2.207180867051073e-18
5.84600000e-01 2.205184321308189e-18
5.85657143e-01 2.203193183817464e-18
5.86714286e-01 2.201207430206412e-18
5.87771429e-01 2.199227036256038e-18
5.88828571e-01 2.197251977899604e-18
5.89885714e-01 2.195282231221390e-18
5.90942857e-01 2.193317772455489e-18
5.92000000e-01 2.191358577984595e-18
5.93057143e-01 2.189404624338812e-18
5.94114286e-01 2.187455888194474e-18
5.95171429e-01 2.185512346372979e-18
5.96228571e-01 2.183573975839624e-18
5.97285714e-01 2.181640753702464e-18
5.98342857e-01 2.179712657211174e-18
5.99400000e-01 2.177789663755923e-18
6.00457143e-01 2.175871750866268e-18
6.01514286e-01 2.173958896210041e-18
6.02571429e-01 2.172051077592262e-18
6.03628571e-01 2.170148272954059e-18
6.04685714e-01 2.168250460371594e-18
6.05742857e-01 2.166357618055002e-18
6.06800000e-01 2.164469724347342e-18
6.07857143e-01 2.162586757723554e-18
6.08914286e-01 2.160708696789431e-18
6.09971429e-01 2.158835520280595e-18
6.11028571e-01 2.156967207061488e-18
6.12085714e-01 2.155103736124371e-18
6.13142857e-01 2.153245086588329e-18
6.14200000e-01 2.151391237698289e-18
6.15257143e-01 2.149542168824051e-18
6.16314286e-01 2.147697859459316e-18
6.17371429e-01 2.145858289220737e-18
6.18428571e-01 2.144023437846972e-18
6.19485714e-01 2.142193285197743e-18
6.20542857e-01 2.140367811252913e-18
6.21600000e-01 2.138546996111560e-18
6.22657143e-01 2.136730819991071e-18
6.23714286e-01 2.134919263226238e-18
6.24771429e-01 2.133112306268361e-18
6.25828571e-01 2.131309929684364e-18
6.26885714e-01 2.129512114155920e-18
6.27942857e-01 2.127718840478576e-18
6.29000000e-01 2.125930089560894e-18
6.30057143e-01 2.124145842423598e-18
6.31114286e-01 2.122366080198727e-18
6.32171429e-01 2.120590784128799e-18
6.33228571e-01 2.118819935565976e-18
6.34285714e-01 2.117053515971248e-18
6.35342857e-01 2.115291506913610e-18
6.36400000e-01 2.113533890069264e-18
6.37457143e-01 2.111780647220809e-18
6.38514286e-01 2.110031760256454e-18
6.39571429e-01 2.108287211169229e-18
6.40628571e-01 2.106546982056208e-18
6.41685714e-01 2.104811055117739e-18
6.42742857e-01 2.103079412656676e-18
6.43800000e-01 2.101352037077621e-18
6.44857143e-01 2.099628910886176e-18
6.45914286e-01 2.097910016688198e-18
6.46971429e-01 2.096195337189060e-18
6.48028571e-01 2.094484855192922e-18
6.49085714e-01 2.092778553602006e-18
6.50142857e-01 2.091076415415876e-18
6.51200000e-01 2.089378423730731e-18
6.52257143e-01 2.087684561738697e-18
6.53314286e-01 2.085994812727128e-18
6.54371429e-01 2.084309160077916e-18
6.55428571e-01 2.082627587266799e-18
6.56485714e-01 2.080950077862690e-18
6.57542857e-01 2.079276615526992e-18
6.58600000e-01 2.077607184012938e-18
6.59657143e-01 2.075941767164924e-18
6.60714286e-01 2.074280348917853e-18
6.61771429e-01 2.072622913296487e-18
6.62828571e-01 2.070969444414797e-18
6.63885714e-01 2.069319926475328e-18
6.64942857e-01 2.067674343768561e-18
6.66000000e-01 2.066032680672289e-18
6.67057143e-01 2.064394921650991e-18
6.68114286e-01 2.062761051255216e-18
6.69171429e-01 2.061131054120970e-18
6.70228571e-01 2.059504914969108e-18
6.71285714e-01 2.057882618604736e-18
6.72342857e-01 2.056264149916611e-18
6.73400000e-01 2.054649493876553e-18
6.74457143e-01 2.053038635538858e-18
6.75514286e-01 2.051431560039713e-18
6.76571429e-01 2.049828252596625e-18
6.77628571e-01 2.048228698507850e-18
6.78685714e-01 2.046632883151821e-18
6.79742857e-01 2.045040791986596e-18
6.80800000e-01 2.043452410549291e-18
6.81857143e-01 2.041867724455536e-18
6.82914286e-01 2.040286719398924e-18
6.83971429e-01 2.038709381150470e-18
6.85028571e-01 2.037135695558072e-18
6.86085714e-01 2.035565648545981e-18
6.87142857e-01 2.033999226114266e-18
6.88200000e-01 2.032436414338297e-18
6.89257143e-01 2.030877199368219e-18
6.90314286e-01 2.029321567428440e-18
6.91371429e-01 2.027769504817117e-18
6.92428571e-01 2.026220997905655e-18
6.93485714e-01 2.024676033138197e-18
6.94542857e-01 2.023134597031129e-18
6.95600000e-01 2.021596676172588e-18
6.96657143e-01 2.020062257221966e-18
6.97714286e-01 2.018531326909431e-18
6.98771429e-01 2.017003872035438e-18
6.99828571e-01 2.015479879470258e-18
7.00885714e-01 2.013959336153498e-18
7.01942857e-01 2.012442229093634e-18
7.03000000e-01 2.010928545367546e-18
7.04057143e-01 2.009418272120050e-18
7.05114286e-01 2.007911396563447e-18
7.06171429e-01 2.006407905977063e-18
7.07228571e-01 2.004907787706799e-18
7.08285714e-01 2.003411029164686e-18
7.09342857e-01 2.001917617828436e-18
7.10400000e-01 2.000427541241011e-18
7.11457143e-01 1.998940787010175e-18
7.12514286e-01 1.997457342808072e-18
7.13571429e-01 1.995977196370789e-18
7.14628571e-01 1.994500335497936e-18
7.15685714e-01 1.993026748052218e-18
7.16742857e-01 1.991556421959019e-18
7.17800000e-01 1.990089345205990e-18
7.18857143e-01 1.988625505842626e-18
7.19914286e-01 1.987164891979872e-18
7.20971429e-01 1.985707491789703e-18
7.22028571e-01 1.984253293504733e-18
7.23085714e-01 1.982802285417810e-18
7.24142857e-01 1.981354455881619e-18
7.25200000e-01 1.979909793308295e-18
7.26257143e-01 1.978468286169028e-18
7.27314286e-01 1.977029922993682e-18
7.28371429e-01 1.975594692370403e-18
7.29428571e-01 1.974162582945250e-18
7.30485714e-01 1.972733583421809e-18
7.31542857e-01 1.971307682560820e-18
7.32600000e-01 1.969884869179812e-18
7.33657143e-01 1.968465132152728e-18
7.34714286e-01 1.967048460409559e-18
7.35771429e-01 1.965634842935987e-18
7.36828571e-01 1.964224268773023e-18
7.37885714e-01 1.962816727016649e-18
7.38942857e-01 1.961412206817463e-18
7.40000000e-01 1.960010697380332e-18
7.41057143e-01 1.958612187964037e-18
7.42114286e-01 1.957216667880937e-18
7.43171429e-01 1.955824126496615e-18
7.44228571e-01 1.954434553229546e-18
7.45285714e-01 1.953047937550754e-18
7.46342857e-01 1.951664268983479e-18
7.47400000e-01 1.950283537102847e-18
7.48457143e-01 1.948905731535533e-18
7.49514286e-01 1.947530841959444e-18
7.50571429e-01 1.946158858103385e-18
7.51628571e-01 1.944789769746740e-18
7.52685714e-01 1.943423566719154e-18
7.53742857e-01 1.942060238900214e-18
7.54800000e-01 1.940699776219133e-18
7.55857143e-01 1.939342168654439e-18
7.56914286e-01 1.937987406233667e-18
7.57971429e-01 1.936635479033046e-18
7.59028571e-01 1.935286377177199e-18
7.60085714e-01 1.933940090838837e-18
7.61142857e-01 1.932596610238460e-18
7.62200000e-01 1.931255925644055e-18
7.63257143e-01 1.929918027370805e-18
7.64314286e-01 1.928582905780795e-18
7.65371429e-01 1.927250551282712e-18
7.66428571e-01 1.925920954331570e-18
7.67485714e-01 1.924594105428407e-18
7.68542857e-01 1.923269995120012e-18
7.69600000e-01 1.921948613998637e-18
7.70657143e-01 1.920629952701716e-18
7.71714286e-01 1.919314001911589e-18
7.72771429e-01 1.918000752355223e-18
7.73828571e-01 1.916690194803938e-18
7.74885714e-01 1.915382320073136e-18
7.75942857e-01 1.914077119022029e-18
7.77000000e-01 1.912774582553371e-18
7.78057143e-01 1.911474701613193e-18
7.79114286e-01 1.910177467190538e-18
7.80171429e-01 1.908882870317198e-18
7.81228571e-01 1.907590902067453e-18
7.82285714e-01 1.906301553557814e-18
7.83342857e-01 1.905014815946768e-18
7.84400000e-01 1.903730680434518e-18
7.85457143e-01 1.902449138262735e-18
7.86514286e-01 1.901170180714308e-18
7.87571429e-01 1.899893799113089e-18
7.88628571e-01 1.898619984823651e-18
7.89685714e-01 1.897348729251041e-18
7.90742857e-01 1.896080023840537e-18
7.91800000e-01 1.894813860077404e-18
7.92857143e-01 1.893550229486658e-18
7.93914286e-01 1.892289123632825e-18
7.94971429e-01 1.891030534119703e-18
7.96028571e-01 1.889774452590130e-18
7.97085714e-01 1.888520870725752e-18
7.98142857e-01 1.887269780246788e-18
7.99200000e-01 1.886021172911801e-18
8.00257143e-01 1.884775040517472e-18
8.01314286e-01 1.883531374898374e-18
8.02371429e-01 1.882290167926745e-18
8.03428571e-01 1.881051411512264e-18
8.04485714e-01 1.879815097601833e-18
8.05542857e-01 1.878581218179357e-18
8.06600000e-01 1.877349765265521e-18
8.07657143e-01 1.876120730917578e-18
8.08714286e-01 1.874894107229132e-18
8.09771429e-01 1.873669886329926e-18
8.10828571e-01 1.872448060385626e-18
8.11885714e-01 1.871228621597615e-18
8.12942857e-01 1.870011562202781e-18
8.14000000e-01 1.868796874473310e-18
8.15057143e-01 1.867584550716481e-18
8.16114286e-01 1.866374583274461e-18
8.17171429e-01 1.865166964524101e-18
8.18228571e-01 1.863961686876733e-18
8.19285714e-01 1.862758742777975e-18
8.20342857e-01 1.861558124707527e-18
8.21400000e-01 1.860359825178973e-18
8.22457143e-01 1.859163836739590e-18
8.23514286e-01 1.857970151970149e-18
8.24571429e-01 1.856778763484724e-18
8.25628571e-01 1.855589663930499e-18
8.26685714e-01 1.854402845987575e-18
8.27742857e-01 1.853218302368788e-18
8.28800000e-01 1.852036025819512e-18
8.29857143e-01 1.850856009117480e-18
8.30914286e-01 1.849678245072592e-18
8.31971429e-01 1.848502726526739e-18
8.33028571e-01 1.847329446353612e-18
8.34085714e-01 1.846158397458526e-18
8.35142857e-01 1.844989572778237e-18
8.36200000e-01 1.843822965280765e-18
8.37257143e-01 1.842658567965216e-18
8.38314286e-01 1.841496373861605e-18
8.39371429e-01 1.840336376030678e-18
8.40428571e-01 1.839178567563744e-18
8.41485714e-01 1.838022941582499e-18
8.42542857e-01 1.836869491238852e-18
8.43600000e-01 1.835718209714760e-18
8.44657143e-01 1.834569090222051e-18
8.45714286e-01 1.833422126002265e-18
8.46771429e-01 1.832277310326481e-18
8.47828571e-01 1.831134636495153e-18
8.48885714e-01 1.829994097837943e-18
8.49942857e-01 1.828855687713564e-18
8.51000000e-01 1.827719399509609e-18
8.52057143e-01 1.826585226642396e-18
8.53114286e-01 1.825453162556805e-18
8.54171429e-01 1.824323200726119e-18
8.55228571e-01 1.823195334651867e-18
8.56285714e-01 1.822069557863667e-18
8.57342857e-01 1.820945863919068e-18
8.58400000e-01 1.819824246403399e-18
8.59457143e-01 1.818704698929612e-18
8.60514286e-01 1.817587215138129e-18
8.61571429e-01 1.816471788696692e-18
8.62628571e-01 1.815358413300213e-18
8.63685714e-01 1.814247082670622e-18
8.64742857e-01 1.813137790556720e-18
8.65800000e-01 1.812030530734030e-18
8.66857143e-01 1.810925297004650e-18
8.67914286e-01 1.809822083197112e-18
8.68971429e-01 1.808720883166229e-18
8.70028571e-01 1.807621690792958e-18
8.71085714e-01 1.806524499984255e-18
8.72142857e-01 1.805429304672935e-18
8.73200000e-01 1.804336098817525e-18
8.74257143e-01 1.803244876402131e-18
8.75314286e-01 1.802155631436295e-18
8.76371429e-01 1.801068357954860e-18
8.77428571e-01 1.799983050017828e-18
8.78485714e-01 1.798899701710230e-18
8.79542857e-01 1.797818307141985e-18
8.80600000e-01 1.796738860447766e-18
8.81657143e-01 1.795661355786872e-18
8.82714286e-01 1.794585787343088e-18
8.83771429e-01 1.793512149324559e-18
8.84828571e-01 1.792440435963655e-18
8.85885714e-01 1.791370641516842e-18
8.86942857e-01 1.790302760264555e-18
8.88000000e-01 1.789236786511065e-18
8.89057143e-01 1.788172714584357e-18
8.90114286e-01 1.787110538835996e-18
8.91171429e-01 1.786050253641011e-18
8.92228571e-01 1.784991853397759e-18
8.93285714e-01 1.783935332527809e-18
8.94342857e-01 1.782880685475815e-18
8.95400000e-01 1.781827906709392e-18
8.96457143e-01 1.780776990718999e-18
8.97514286e-01 1.779727932017812e-18
8.98571429e-01 1.778680725141607e-18
8.99628571e-01 1.777635364648642e-18
9.00685714e-01 1.776591845119533e-18
9.01742857e-01 1.775550161157141e-18
9.02800000e-01 1.774510307386453e-18
9.03857143e-01 1.773472278454465e-18
9.04914286e-01 1.772436069030066e-18
9.05971429e-01 1.771401673803925e-18
9.07028571e-01 1.770369087488374e-18
9.08085714e-01 1.769338304817298e-18
9.09142857e-01 1.768309320546018e-18
9.10200000e-01 1.767282129451182e-18
9.11257143e-01 1.766256726330653e-18
9.12314286e-01 1.765233106003396e-18
9.13371429e-01 1.764211263309373e-18
9.14428571e-01 1.763191193109428e-18
9.15485714e-01 1.762172890285185e-18
9.16542857e-01 1.761156349738932e-18
9.17600000e-01 1.760141566393521e-18
9.18657143e-01 1.759128535192257e-18
9.19714286e-01 1.758117251098796e-18
9.20771429e-01 1.757107709097036e-18
9.21828571e-01 1.756099904191015e-18
9.22885714e-01 1.755093831404806e-18
9.23942857e-01 1.754089485782415e-18
9.25000000e-01 1.753086862387676e-18
9.26057143e-01 1.752085956304152e-18
9.27114286e-01 1.751086762635032e-18
9.28171429e-01 1.750089276503031e-18
9.29228571e-01 1.749093493050291e-18
9.30285714e-01 1.748099407438278e-18
9.31342857e-01 1.747107014847689e-18
9.32400000e-01 1.746116310478348e-18
9.33457143e-01 1.745127289549112e-18
9.34514286e-01 1.744139947297773e-18
9.35571429e-01 1.743154278980963e-18
9.36628571e-01 1.742170279874056e-18
9.37685714e-01 1.741187945271075e-18
9.38742857e-01 1.740207270484596e-18
9.39800000e-01 1.739228250845654e-18
9.40857143e-01 1.738250881703651e-18
9.41914286e-01 1.737275158426263e-18
9.42971429e-01 1.736301076399346e-18
9.44028571e-01 1.735328631026848e-18
9.45085714e-01 1.734357817730712e-18
9.46142857e-01 1.733388631950792e-18
9.47200000e-01 1.732421069144758e-18
9.48257143e-01 1.731455124788010e-18
9.49314286e-01 1.730490794373587e-18
9.50371429e-01 1.729528073412081e-18
9.51428571e-01 1.728566957431545e-18
9.52485714e-01 1.727607441977410e-18
9.53542857e-01 1.726649522612397e-18
9.54600000e-01 1.725693194916431e-18
9.55657143e-01 1.724738454486552e-18
9.56714286e-01 1.723785296936836e-18
9.57771429e-01 1.722833717898305e-18
9.58828571e-01 1.721883713018848e-18
9.59885714e-01 1.720935277963129e-18
9.60942857e-01 1.719988408412514e-18
9.62000000e-01 1.719043100064982e-18
9.63057143e-01 1.718099348635045e-18
9.64114286e-01 1.717157149853666e-18
9.65171429e-01 1.716216499468177e-18
9.66228571e-01 1.715277393242201e-18
9.67285714e-01 1.714339826955568e-18
9.68342857e-01 1.713403796404239e-18
9.69400000e-01 1.712469297400225e-18
9.70457143e-01 1.711536325771509e-18
9.71514286e-01 1.710604877361967e-18
9.72571429e-01 1.709674948031290e-18
9.73628571e-01 1.708746533654909e-18
9.74685714e-01 1.707819630123915e-18
9.75742857e-01 1.706894233344984e-18
9.76800000e-01 1.705970339240303e-18
9.77857143e-01 1.705047943747491e-18
9.78914286e-01 1.704127042819527e-18
9.79971429e-01 1.703207632424672e-18
9.81028571e-01 1.702289708546400e-18
9.82085714e-01 1.701373267183319e-18
9.83142857e-01 1.700458304349101e-18
9.84200000e-01 1.699544816072408e-18
9.85257143e-01 1.698632798396820e-18
9.86314286e-01 1.697722247380763e-18
9.87371429e-01 1.696813159097437e-18
9.88428571e-01 1.695905529634744e-18
9.89485714e-01 1.694999355095222e-18
9.90542857e-01 1.694094631595967e-18
9.91600000e-01 1.693191355268570e-18
9.92657143e-01 1.692289522259044e-18
9.93714286e-01 1.691389128727756e-18
9.94771429e-01 1.690490170849358e-18
9.95828571e-01 1.689592644812718e-18
9.96885714e-01 1.688696546820855e-18
9.97942857e-01 1.687801873090867e-18
9.99000000e-01 1.686908619853868e-18
1.00005714e+00 1.686016783354921e-18
1.00111429e+00 1.685126359852967e-18
1.00217143e+00 1.684237345620766e-18
1.00322857e+00 1.683349736944826e-18
1.00428571e+00 1.682463530125341e-18
1.00534286e+00 1.681578721476124e-18
1.00640000e+00 1.680695307324544e-18
1.00745714e+00 1.679813284011463e-18
1.00851429e+00 1.678932647891170e-18
1.00957143e+00 1.678053395331318e-18
1.01062857e+00 1.677175522712864e-18
1.01168571e+00 1.676299026430001e-18
1.01274286e+00 1.675423902890102e-18
1.01380000e+00 1.674550148513655e-18
1.01485714e+00 1.673677759734199e-18
1.01591429e+00 1.672806732998269e-18
1.01697143e+00 1.671937064765329e-18
1.01802857e+00 1.671068751507716e-18
1.01908571e+00 1.670201789710578e-18
1.02014286e+00 1.669336175871815e-18
1.02120000e+00 1.668471906502016e-18
1.02225714e+00 1.667608978124407e-18
1.02331429e+00 1.666747387274787e-18
1.02437143e+00 1.665887130501468e-18
1.02542857e+00 1.665028204365224e-18
1.02648571e+00 1.664170605439227e-18
1.02754286e+00 1.663314330308991e-18
1.02860000e+00 1.662459375572316e-18
1.02965714e+00 1.661605737839232e-18
1.03071429e+00 1.660753413731939e-18
1.03177143e+00 1.659902399884755e-18
1.03282857e+00 1.659052692944056e-18
1.03388571e+00 1.658204289568226e-18
1.03494286e+00 1.657357186427597e-18
1.03600000e+00 1.656511380204394e-18
1.03705714e+00 1.655666867592684e-18
1.03811429e+00 1.654823645298321e-18
1.03917143e+00 1.653981710038889e-18
1.04022857e+00 1.653141058543650e-18
1.04128571e+00 1.652301687553491e-18
1.04234286e+00 1.651463593820873e-18
1.04340000e+00 1.650626774109774e-18
1.04445714e+00 1.649791225195637e-18
1.04551429e+00 1.648956943865324e-18
1.04657143e+00 1.648123926917056e-18
1.04762857e+00 1.647292171160365e-18
1.04868571e+00 1.646461673416043e-18
1.04974286e+00 1.645632430516091e-18
1.05080000e+00 1.644804439303667e-18
1.05185714e+00 1.643977696633037e-18
1.05291429e+00 1.643152199369524e-18
1.05397143e+00 1.642327944389457e-18
1.05502857e+00 1.641504928580124e-18
1.05608571e+00 1.640683148839720e-18
1.05714286e+00 1.639862602077300e-18
1.05820000e+00 1.639043285212728e-18
1.05925714e+00 1.638225195176631e-18
1.06031429e+00 1.637408328910348e-18
1.06137143e+00 1.636592683365884e-18
1.06242857e+00 1.635778255505863e-18
1.06348571e+00 1.634965042303476e-18
1.06454286e+00 1.634153040742439e-18
1.06560000e+00 1.633342247816943e-18
1.06665714e+00 1.632532660531608e-18
1.06771429e+00 1.631724275901438e-18
1.06877143e+00 1.630917090951771e-18
1.06982857e+00 1.630111102718238e-18
1.07088571e+00 1.629306308246712e-18
1.07194286e+00 1.628502704593267e-18
1.07300000e+00 1.627700288824131e-18
1.07405714e+00 1.626899058015640e-18
1.07511429e+00 1.626099009254195e-18
1.07617143e+00 1.625300139636217e-18
1.07722857e+00 1.624502446268100e-18
1.07828571e+00 1.623705926266174e-18
1.07934286e+00 1.622910576756653e-18
1.08040000e+00 1.622116394875596e-18
1.08145714e+00 1.621323377768863e-18
1.08251429e+00 1.620531522592073e-18
1.08357143e+00 1.619740826510558e-18
1.08462857e+00 1.618951286699322e-18
1.08568571e+00 1.618162900343002e-18
1.08674286e+00 1.617375664635820e-18
1.08780000e+00 1.616589576781543e-18
1.08885714e+00 1.615804633993445e-18
1.08991429e+00 1.615020833494261e-18
1.09097143e+00 1.614238172516146e-18
1.09202857e+00 1.613456648300638e-18
1.09308571e+00 1.612676258098613e-18
1.09414286e+00 1.611896999170245e-18
1.09520000e+00 1.611118868784968e-18
1.09625714e+00 1.610341864221433e-18
1.09731429e+00 1.609565982767469e-18
1.09837143e+00 1.608791221720046e-18
1.09942857e+00 1.608017578385229e-18
1.10048571e+00 1.607245050078147e-18
1.10154286e+00 1.606473634122945e-18
1.10260000e+00 1.605703327852753e-18
1.10365714e+00 1.604934128609642e-18
1.10471429e+00 1.604166033744587e-18
1.10577143e+00 1.603399040617431e-18
1.10682857e+00 1.602633146596844e-18
1.10788571e+00 1.601868349060284e-18
1.10894286e+00 1.601104645393963e-18
1.11000000e+00 1.600342032992808e-18
1.11105714e+00 1.599580509260423e-18
1.11211429e+00 1.598820071609052e-18
1.11317143e+00 1.598060717459541e-18
1.11422857e+00 1.597302444241307e-18
1.11528571e+00 1.596545249392291e-18
1.11634286e+00 1.595789130358932e-18
1.11740000e+00 1.595034084596125e-18
1.11845714e+00 1.594280109567187e-18
1.11951429e+00 1.593527202743820e-18
1.12057143e+00 1.592775361606077e-18
1.12162857e+00 1.592024583642325e-18
1.12268571e+00 1.591274866349212e-18
1.12374286e+00 1.590526207231627e-18
1.12480000e+00 1.589778603802671e-18
1.12585714e+00 1.589032053583621e-18
1.12691429e+00 1.588286554103892e-18
1.12797143e+00 1.587542102901006e-18
1.12902857e+00 1.586798697520556e-18
1.13008571e+00 1.586056335516174e-18
1.13114286e+00 1.585315014449495e-18
1.13220000e+00 1.584574731890125e-18
1.13325714e+00 1.583835485415607e-18
1.13431429e+00 1.583097272611387e-18
1.13537143e+00 1.582360091070781e-18
1.13642857e+00 1.581623938394945e-18
1.13748571e+00 1.580888812192837e-18
1.13854286e+00 1.580154710081189e-18
1.13960000e+00 1.579421629684471e-18
1.14065714e+00 1.578689568634862e-18
1.14171429e+00 1.577958524572215e-18
1.14277143e+00 1.577228495144028e-18
1.14382857e+00 1.576499478005408e-18
1.14488571e+00 1.575771470819044e-18
1.14594286e+00 1.575044471255173e-18
1.14700000e+00 1.574318476991548e-18
1.14805714e+00 1.573593485713410e-18
1.14911429e+00 1.572869495113453e-18
1.15017143e+00 1.572146502891795e-18
1.15122857e+00 1.571424506755949e-18
1.15228571e+00 1.570703504420791e-18
1.15334286e+00 1.569983493608528e-18
1.15440000e+00 1.569264472048669e-18
1.15545714e+00 1.568546437477997e-18
1.15651429e+00 1.567829387640536e-18
1.15757143e+00 1.567113320287524e-18
1.15862857e+00 1.566398233177380e-18
1.15968571e+00 1.565684124075677e-18
1.16074286e+00 1.564970990755113e-18
1.16180000e+00 1.564258830995480e-18
1.16285714e+00 1.563547642583637e-18
1.16391429e+00 1.562837423313478e-18
1.16497143e+00 1.562128170985908e-18
1.16602857e+00 1.561419883408810e-18
1.16708571e+00 1.560712558397017e-18
1.16814286e+00 1.560006193772288e-18
1.16920000e+00 1.559300787363275e-18
1.17025714e+00 1.558596337005496e-18
1.17131429e+00 1.557892840541308e-18
1.17237143e+00 1.557190295819882e-18
1.17342857e+00 1.556488700697167e-18
1.17448571e+00 1.555788053035874e-18
1.17554286e+00 1.555088350705438e-18
1.17660000e+00 1.554389591581997e-18
1.17765714e+00 1.553691773548364e-18
1.17871429e+00 1.552994894493998e-18
1.17977143e+00 1.552298952314979e-18
1.18082857e+00 1.551603944913983e-18
1.18188571e+00 1.550909870200250e-18
1.18294286e+00 1.550216726089562e-18
1.18400000e+00 1.549524510504217e-18
1.18505714e+00 1.548833221373000e-18
1.18611429e+00 1.548142856631159e-18
1.18717143e+00 1.547453414220379e-18
1.18822857e+00 1.546764892088755e-18
1.18928571e+00 1.546077288190768e-18
1.19034286e+00 1.545390600487256e-18
1.19140000e+00 1.544704826945396e-18
1.19245714e+00 1.544019965538669e-18
1.19351429e+00 1.543336014246843e-18
1.19457143e+00 1.542652971055943e-18
1.19562857e+00 1.541970833958229e-18
1.19668571e+00 1.541289600952169e-18
1.19774286e+00 1.540609270042417e-18
1.19880000e+00 1.539929839239785e-18
1.19985714e+00 1.539251306561221e-18
1.20091429e+00 1.538573670029784e-18
1.20197143e+00 1.537896927674622e-18
1.20302857e+00 1.537221077530942e-18
1.20408571e+00 1.536546117639992e-18
1.20514286e+00 1.535872046049036e-18
1.20620000e+00 1.535198860811328e-18
1.20725714e+00 1.534526559986090e-18
1.20831429e+00 1.533855141638488e-18
1.20937143e+00 1.533184603839608e-18
1.21042857e+00 1.532514944666435e-18
1.21148571e+00 1.531846162201829e-18
1.21254286e+00 1.531178254534498e-18
1.21360000e+00 1.530511219758983e-18
1.21465714e+00 1.529845055975626e-18
1.21571429e+00 1.529179761290554e-18
1.21677143e+00 1.528515333815656e-18
1.21782857e+00 1.527851771668554e-18
1.21888571e+00 1.527189072972590e-18
1.21994286e+00 1.526527235856797e-18
1.22100000e+00 1.525866258455878e-18
1.22205714e+00 1.525206138910186e-18
1.22311429e+00 1.524546875365701e-18
1.22417143e+00 1.523888465974007e-18
1.22522857e+00 1.523230908892271e-18
1.22628571e+00 1.522574202283222e-18
1.22734286e+00 1.521918344315129e-18
1.22840000e+00 1.521263333161780e-18
1.22945714e+00 1.520609167002458e-18
1.23051429e+00 1.519955844021925e-18
1.23157143e+00 1.519303362410394e-18
1.23262857e+00 1.518651720363515e-18
1.23368571e+00 1.518000916082348e-18
1.23474286e+00 1.517350947773347e-18
1.23580000e+00 1.516701813648336e-18
1.23685714e+00 1.516053511924488e-18
1.23791429e+00 1.515406040824309e-18
1.23897143e+00 1.514759398575612e-18
1.24002857e+00 1.514113583411500e-18
1.24108571e+00 1.513468593570343e-18
1.24214286e+00 1.512824427295762e-18
1.24320000e+00 1.512181082836605e-18
1.24425714e+00 1.511538558446929e-18
1.24531429e+00 1.510896852385978e-18
1.24637143e+00 1.510255962918168e-18
1.24742857e+00 1.509615888313060e-18
1.24848571e+00 1.508976626845348e-18
1.24954286e+00 1.508338176794833e-18
1.25060000e+00 1.507700536446409e-18
1.25165714e+00 1.507063704090038e-18
1.25271429e+00 1.506427678020736e-18
1.25377143e+00 1.505792456538552e-18
1.25482857e+00 1.505158037948548e-18
1.25588571e+00 1.504524420560779e-18
1.25694286e+00 1.503891602690278e-18
1.25800000e+00 1.503259582657032e-18
1.25905714e+00 1.502628358785970e-18
1.26011429e+00 1.501997929406938e-18
1.26117143e+00 1.501368292854682e-18
1.26222857e+00 1.500739447468832e-18
1.26328571e+00 1.500111391593883e-18
1.26434286e+00 1.499484123579172e-18
1.26540000e+00 1.498857641778867e-18
1.26645714e+00 1.498231944551945e-18
1.26751429e+00 1.497607030262173e-18
1.26857143e+00 1.496982897278092e-18
1.26962857e+00 1.496359543972998e-18
1.27068571e+00 1.495736968724925e-18
1.27174286e+00 1.495115169916627e-18
1.27280000e+00 1.494494145935560e-18
1.27385714e+00 1.493873895173865e-18
1.27491429e+00 1.493254416028350e-18
1.27597143e+00 1.492635706900474e-18
1.27702857e+00 1.492017766196326e-18
1.27808571e+00 1.491400592326612e-18
1.27914286e+00 1.490784183706636e-18
1.28020000e+00 1.490168538756283e-18
1.28125714e+00 1.489553655900001e-18
1.28231429e+00 1.488939533566787e-18
1.28337143e+00 1.488326170190166e-18
1.28442857e+00 1.487713564208177e-18
1.28548571e+00 1.487101714063357e-18
1.28654286e+00 1.486490618202722e-18
1.28760000e+00 1.485880275077751e-18
1.28865714e+00 1.485270683144372e-18
1.28971429e+00 1.484661840862940e-18
1.29077143e+00 1.484053746698229e-18
1.29182857e+00 1.483446399119408e-18
1.29288571e+00 1.482839796600028e-18
1.29394286e+00 1.482233937618006e-18
1.29500000e+00 1.481628820655610e-18
1.29605714e+00 1.481024444199439e-18
1.29711429e+00 1.480420806740414e-18
1.29817143e+00 1.479817906773753e-18
1.29922857e+00 1.479215742798964e-18
1.30028571e+00 1.478614313319824e-18
1.30134286e+00 1.478013616844365e-18
1.30240000e+00 1.477413651884860e-18
1.30345714e+00 1.476814416957802e-18
1.30451429e+00 1.476215910583898e-18
1.30557143e+00 1.475618131288044e-18
1.30662857e+00 1.475021077599315e-18
1.30768571e+00 1.474424748050948e-18
1.30874286e+00 1.473829141180331e-18
1.30980000e+00 1.473234255528981e-18
1.31085714e+00 1.472640089642532e-18
1.31191429e+00 1.472046642070724e-18
1.31297143e+00 1.471453911367382e-18
1.31402857e+00 1.470861896090405e-18
1.31508571e+00 1.470270594801750e-18
1.31614286e+00 1.469680006067417e-18
1.31720000e+00 1.469090128457436e-18
1.31825714e+00 1.468500960545850e-18
1.31931429e+00 1.467912500910703e-18
1.32037143e+00 1.467324748134023e-18
1.32142857e+00 1.466737700801812e-18
1.32248571e+00 1.466151357504026e-18
1.32354286e+00 1.465565716834564e-18
1.32460000e+00 1.464980777391254e-18
1.32565714e+00 1.464396537775840e-18
1.32671429e+00 1.463812996593963e-18
1.32777143e+00 1.463230152455152e-18
1.32882857e+00 1.462648003972809e-18
1.32988571e+00 1.462066549764194e-18
1.33094286e+00 1.461485788450411e-18
1.33200000e+00 1.460905718656396e-18
1.33305714e+00 1.460326339010903e-18
1.33411429e+00 1.459747648146487e-18
1.33517143e+00 1.459169644699497e-18
1.33622857e+00 1.458592327310055e-18
1.33728571e+00 1.458015694622049e-18
1.33834286e+00 1.457439745283115e-18
1.33940000e+00 1.456864477944626e-18
1.34045714e+00 1.456289891261680e-18
1.34151429e+00 1.455715983893083e-18
1.34257143e+00 1.455142754501338e-18
1.34362857e+00 1.454570201752634e-18
1.34468571e+00 1.453998324316827e-18
1.34574286e+00 1.453427120867435e-18
1.34680000e+00 1.452856590081619e-18
1.34785714e+00 1.452286730640171e-18
1.34891429e+00 1.451717541227503e-18
1.34997143e+00 1.451149020531635e-18
1.35102857e+00 1.450581167244179e-18
1.35208571e+00 1.450013980060328e-18
1.35314286e+00 1.449447457678845e-18
1.35420000e+00 1.448881598802047e-18
1.35525714e+00 1.448316402135797e-18
1.35631429e+00 1.447751866389487e-18
1.35737143e+00 1.447187990276028e-18
1.35842857e+00 1.446624772511838e-18
1.35948571e+00 1.446062211816830e-18
1.36054286e+00 1.445500306914396e-18
1.36160000e+00 1.444939056531401e-18
1.36265714e+00 1.444378459398165e-18
1.36371429e+00 1.443818514248455e-18
1.36477143e+00 1.443259219819470e-18
1.36582857e+00 1.442700574851834e-18
1.36688571e+00 1.442142578089576e-18
1.36794286e+00 1.441585228280127e-18
1.36900000e+00 1.441028524174301e-18
1.37005714e+00 1.440472464526287e-18
1.37111429e+00 1.439917048093638e-18
1.37217143e+00 1.439362273637256e-18
1.37322857e+00 1.438808139921382e-18
1.37428571e+00 1.438254645713588e-18
1.37534286e+00 1.437701789784757e-18
1.37640000e+00 1.437149570909081e-18
1.37745714e+00 1.436597987864044e-18
1.37851429e+00 1.436047039430412e-18
1.37957143e+00 1.435496724392219e-18
1.38062857e+00 1.434947041536763e-18
1.38168571e+00 1.434397989654587e-18
1.38274286e+00 1.433849567539471e-18
1.38380000e+00 1.433301773988423e-18
1.38485714e+00 1.432754607801662e-18
1.38591429e+00 1.432208067782615e-18
1.38697143e+00 1.431662152737898e-18
1.38802857e+00 1.431116861477312e-18
1.38908571e+00 1.430572192813825e-18
1.39014286e+00 1.430028145563569e-18
1.39120000e+00 1.429484718545822e-18
1.39225714e+00 1.428941910583002e-18
1.39331429e+00 1.428399720500656e-18
1.39437143e+00 1.427858147127445e-18
1.39542857e+00 1.427317189295138e-18
1.39648571e+00 1.426776845838600e-18
1.39754286e+00 1.426237115595781e-18
1.39860000e+00 1.425697997407706e-18
1.39965714e+00 1.425159490118465e-18
1.40071429e+00 1.424621592575199e-18
1.40177143e+00 1.424084303628096e-18
1.40282857e+00 1.423547622130375e-18
1.40388571e+00 1.423011546938280e-18
1.40494286e+00 1.422476076911066e-18
1.40600000e+00 1.421941210910992e-18
1.40705714e+00 1.421406947803306e-18
1.40811429e+00 1.420873286456243e-18
1.40917143e+00 1.420340225741007e-18
1.41022857e+00 1.419807764531765e-18
1.41128571e+00 1.419275901705636e-18
1.41234286e+00 1.418744636142682e-18
1.41340000e+00 1.418213966725897e-18
1.41445714e+00 1.417683892341197e-18
1.41551429e+00 1.417154411877410e-18
1.41657143e+00 1.416625524226269e-18
1.41762857e+00 1.416097228282399e-18
1.41868571e+00 1.415569522943307e-18
1.41974286e+00 1.415042407109375e-18
1.42080000e+00 1.414515879683851e-18
1.42185714e+00 1.413989939572833e-18
1.42291429e+00 1.413464585685269e-18
1.42397143e+00 1.412939816932938e-18
1.42502857e+00 1.412415632230450e-18
1.42608571e+00 1.411892030495226e-18
1.42714286e+00 1.411369010647498e-18
1.42820000e+00 1.410846571610295e-18
1.42925714e+00 1.410324712309435e-18
1.43031429e+00 1.409803431673513e-18
1.43137143e+00 1.409282728633896e-18
1.43242857e+00 1.408762602124712e-18
1.43348571e+00 1.408243051082840e-18
1.43454286e+00 1.407724074447901e-18
1.43560000e+00 1.407205671162251e-18
1.43665714e+00 1.406687840170969e-18
1.43771429e+00 1.406170580421849e-18
1.43877143e+00 1.405653890865394e-18
1.43982857e+00 1.405137770454800e-18
1.44088571e+00 1.404622218145957e-18
1.44194286e+00 1.404107232897430e-18
1.44300000e+00 1.403592813670457e-18
1.44405714e+00 1.403078959428938e-18
1.44511429e+00 1.402565669139425e-18
1.44617143e+00 1.402052941771117e-18
1.44722857e+00 1.401540776295847e-18
1.44828571e+00 1.401029171688075e-18
1.44934286e+00 1.400518126924880e-18
1.45040000e+00 1.400007640985951e-18
1.45145714e+00 1.399497712853579e-18
1.45251429e+00 1.398988341512647e-18
1.45357143e+00 1.398479525950622e-18
1.45462857e+00 1.397971265157550e-18
1.45568571e+00 1.397463558126040e-18
1.45674286e+00 1.396956403851263e-18
1.45780000e+00 1.396449801330941e-18
1.45885714e+00 1.395943749565337e-18
1.45991429e+00 1.395438247557248e-18
1.46097143e+00 1.394933294311999e-18
1.46202857e+00 1.394428888837430e-18
1.46308571e+00 1.393925030143894e-18
1.46414286e+00 1.393421717244242e-18
1.46520000e+00 1.392918949153820e-18
1.46625714e+00 1.392416724890459e-18
1.46731429e+00 1.391915043474467e-18
1.46837143e+00 1.391413903928620e-18
1.46942857e+00 1.390913305278157e-18
1.47048571e+00 1.390413246550768e-18
1.47154286e+00 1.389913726776591e-18
1.47260000e+00 1.389414744988198e-18
1.47365714e+00 1.388916300220593e-18
1.47471429e+00 1.388418391511199e-18
1.47577143e+00 1.387921017899857e-18
1.47682857e+00 1.387424178428809e-18
1.47788571e+00 1.386927872142699e-18
1.47894286e+00 1.386432098088559e-18
1.48000000e+00 1.385936855315806e-18
1.48105714e+00 1.385442142876231e-18
-----------------------------
