SPECIES: e / A
PROCESS: E + A -> E + A, Elastic
PARAM.:  m/M = 0.0000195921, complete set
COMMENT: [e + A(gnd) -> e + A(gnd), Elastic]
UPDATED: 2018-06-05 11:00:00
COLUMNS: Energy (eV) | Cross section (m2)
-----------------------------
0.00000000e+00 4.628818741492150e-17
4.43571429e-03 2.531585032208867e-17
8.87142857e-03 1.790100943425254e-17
1.33071429e-02 1.461611299822217e-17
1.77428571e-02 1.265792516104433e-17
2.21785714e-02 1.132159244568004e-17
2.66142857e-02 1.033515261563173e-17
3.10500000e-02 9.568492025768718e-18
3.54857143e-02 8.950504717126270e-18
3.99214286e-02 8.438616774029555e-18
4.43571429e-02 8.005574792170746e-18
4.87928571e-02 7.633016069742363e-18
5.32285714e-02 7.308056499111083e-18
5.76642857e-02 7.021353570635557e-18
6.21000000e-02 6.765945597150466e-18
6.65357143e-02 6.536524446168604e-18
7.09714286e-02 6.328962580522166e-18
7.54071429e-02 6.139995581194026e-18
7.98428571e-02 5.967003144750846e-18
8.42785714e-02 5.807854380199268e-18
8.87142857e-02 5.660796222840020e-18
9.31500000e-02 5.524371446816356e-18
9.75857143e-02 5.397357423820714e-18
1.02021429e-01 5.278719696266925e-18
1.06457143e-01 5.167576307815867e-18
1.10892857e-01 5.063170064417733e-18
1.15328571e-01 4.964846722904780e-18
1.19764286e-01 4.872037666074056e-18
1.24200000e-01 4.784246012884359e-18
1.28635714e-01 4.701035386799882e-18
1.33071429e-01 4.622020761277462e-18
1.37507143e-01 4.546860943163361e-18
1.41942857e-01 4.475252358563135e-18
1.46378571e-01 4.406923882594492e-18
1.50814286e-01 4.341632511917733e-18
1.55250000e-01 4.279159722356705e-18
1.59685714e-01 4.219308387014778e-18
1.64121429e-01 4.161900155725379e-18
1.68557143e-01 4.106773216382896e-18
1.72992857e-01 4.053780374081979e-18
1.77428571e-01 4.002787396085373e-18
1.81864286e-01 3.953671580209466e-18
1.86300000e-01 3.906320511837185e-18
1.90735714e-01 3.860630980872731e-18
1.95171429e-01 3.816508034871181e-18
1.99607143e-01 3.773864148560014e-18
2.04042857e-01 3.732618493213335e-18
2.08478571e-01 3.692696291993434e-18
2.12914286e-01 3.654028249555541e-18
2.17350000e-01 3.616550046012666e-18
2.21785714e-01 3.580201886850507e-18
2.26221429e-01 3.544928101625483e-18
2.30657143e-01 3.510676785317778e-18
2.35092857e-01 3.477399477082700e-18
2.39528571e-01 3.445050871877245e-18
2.43964286e-01 3.413588561058440e-18
2.48400000e-01 3.382972798575233e-18
2.52835714e-01 3.353166289822195e-18
2.57271429e-01 3.324134000604121e-18
2.61707143e-01 3.295842983986262e-18
2.66142857e-01 3.268262223084302e-18
2.70578571e-01 3.241362488088432e-18
2.75014286e-01 3.215116206023074e-18
2.79450000e-01 3.189497341922906e-18
2.83885714e-01 3.164481290261083e-18
2.88321429e-01 3.140044775600395e-18
2.92757143e-01 3.116165761555514e-18
2.97192857e-01 3.092823367256963e-18
3.01628571e-01 3.069997790597013e-18
3.06064286e-01 3.047670237616289e-18
3.10500000e-01 3.025822857458770e-18
3.14935714e-01 3.004438682383578e-18
3.19371429e-01 2.983501572375423e-18
3.23807143e-01 2.962996163942789e-18
3.28242857e-01 2.942907822734764e-18
3.32678571e-01 2.923222599644433e-18
3.37114286e-01 2.903927190099634e-18
3.41550000e-01 2.885008896271135e-18
3.45985714e-01 2.866455591954306e-18
3.50421429e-01 2.848255689903614e-18
3.54857143e-01 2.830398111420010e-18
3.59292857e-01 2.812872258009852e-18
3.63728571e-01 2.795667984950647e-18
3.68164286e-01 2.778775576613827e-18
3.72600000e-01 2.762185723408178e-18
3.77035714e-01 2.745889500219634e-18
3.81471429e-01 2.729878346233981e-18
3.85907143e-01 2.714144046038868e-18
3.90342857e-01 2.698678711910357e-18
3.94778571e-01 2.683474767197231e-18
3.99214286e-01 2.668524930723582e-18
4.03650000e-01 2.653822202136724e-18
4.08085714e-01 2.639359848133462e-18
4.12521429e-01 2.625131389503163e-18
4.16957143e-01 2.611130588930977e-18
4.21392857e-01 2.597351439509094e-18
4.25828571e-01 2.583788153907934e-18
4.30264286e-01 2.570435154162942e-18
4.34700000e-01 2.557287062036077e-18
4.39135714e-01 2.544338689914121e-18
4.43571429e-01 2.531585032208867e-18
4.48007143e-01 2.519021257226775e-18
4.52442857e-01 2.506642699478134e-18
4.56878571e-01 2.494444852397892e-18
4.61314286e-01 2.482423361452390e-18
4.65750000e-01 2.470574017608048e-18
4.70185714e-01 2.458892751139732e-18
4.74621429e-01 2.447375625758153e-18
4.79057143e-01 2.436018833037028e-18
4.83492857e-01 2.424818687122087e-18
4.87928571e-01 2.413771619705252e-18
4.92364286e-01 2.402874175248393e-18
4.96800000e-01 2.392123006442180e-18
5.01235714e-01 2.381514869886442e-18
5.05671429e-01 2.371046621979410e-18
5.10107143e-01 2.360715215003977e-18
5.14542857e-01 2.350517693399941e-18
5.18978571e-01 2.340451190211852e-18
5.23414286e-01 2.330512923702792e-18
5.27850000e-01 2.320700194124984e-18
5.32285714e-01 2.311010380638731e-18
5.36721429e-01 2.301440938371697e-18
5.41157143e-01 2.291989395611031e-18
5.45592857e-01 2.282653351121308e-18
5.50028571e-01 2.273430471581681e-18
5.54464286e-01 2.264318489136008e-18
5.58900000e-01 2.255315199050155e-18
5.63335714e-01 2.246418457470940e-18
5.67771429e-01 2.237626179281568e-18
5.72207143e-01 2.228936336048680e-18
5.76642857e-01 2.220346954056430e-18
5.81078571e-01 2.211856112423251e-18
5.85514286e-01 2.203461941297246e-18
5.89950000e-01 2.195162620126348e-18
5.94385714e-01 2.186956375999610e-18
5.98821429e-01 2.178841482056202e-18
6.03257143e-01 2.170816255958866e-18
6.07692857e-01 2.162879058428778e-18
6.12128571e-01 2.155028291838895e-18
6.16564286e-01 2.147262398863073e-18
6.21000000e-01 2.139579861178352e-18
6.25435714e-01 2.131979198217942e-18
6.29871429e-01 2.124458965972604e-18
6.34307143e-01 2.117017755838208e-18
6.38742857e-01 2.109654193507389e-18
6.43178571e-01 2.102366937903310e-18
6.47614286e-01 2.095154680153673e-18
6.52050000e-01 2.088016142603166e-18
6.56485714e-01 2.080950077862690e-18
6.60921429e-01 2.073955267893727e-18
6.65357143e-01 2.067030523126347e-18
6.69792857e-01 2.060174681609390e-18
6.74228571e-01 2.053386608191448e-18
6.78664286e-01 2.046665193731342e-18
6.83100000e-01 2.040009354336837e-18
6.87535714e-01 2.033418030630417e-18
6.91971429e-01 2.026890187040989e-18
6.96407143e-01 2.020424811120439e-18
7.00842857e-01 2.014020912884014e-18
7.05278571e-01 2.007677524173560e-18
7.09714286e-01 2.001393698042686e-18
7.14150000e-01 1.995168508162957e-18
7.18585714e-01 1.989001048250282e-18
7.23021429e-01 1.982890431510695e-18
7.27457143e-01 1.976835790104733e-18
7.31892857e-01 1.970836274629718e-18
7.36328571e-01 1.964891053619195e-18
7.40764286e-01 1.958999313058902e-18
7.45200000e-01 1.953160255918593e-18
7.49635714e-01 1.947373101699128e-18
7.54071429e-01 1.941637085994243e-18
7.58507143e-01 1.935951460066423e-18
7.62942857e-01 1.930315490436366e-18
7.67378571e-01 1.924728458485515e-18
7.71814286e-01 1.919189660071177e-18
7.76250000e-01 1.913698405153744e-18
7.80685714e-01 1.908254017435591e-18
7.85121429e-01 1.902855834011208e-18
7.89557143e-01 1.897503205028154e-18
7.93992857e-01 1.892195493358447e-18
7.98428571e-01 1.886932074280007e-18
8.02864286e-01 1.881712335167794e-18
8.07300000e-01 1.876535675194294e-18
8.11735714e-01 1.871401505039012e-18
8.16171429e-01 1.866309246606667e-18
8.20607143e-01 1.861258332753782e-18
8.25042857e-01 1.856248207023350e-18
8.29478571e-01 1.851278323387338e-18
8.33914286e-01 1.846348145996717e-18
8.38350000e-01 1.841457148938785e-18
8.42785714e-01 1.836604816001522e-18
8.47221429e-01 1.831790640444733e-18
8.51657143e-01 1.827014124777771e-18
8.56092857e-01 1.822274780543583e-18
8.60528571e-01 1.817572128108905e-18
8.64964286e-01 1.812905696460366e-18
8.69400000e-01 1.808275023006333e-18
8.73835714e-01 1.803679653384290e-18
8.78271429e-01 1.799119141273571e-18
8.82707143e-01 1.794593048213288e-18
8.87142857e-01 1.790100943425254e-18
8.91578571e-01 1.785642403641772e-18
8.96014286e-01 1.781217012938115e-18
9.00450000e-01 1.776824362569547e-18
9.04885714e-01 1.772464050812742e-18
9.09321429e-01 1.768135682811476e-18
9.13757143e-01 1.763838870426425e-18
9.18192857e-01 1.759573232088975e-18
9.22628571e-01 1.755338392658889e-18
9.27064286e-01 1.751133983285736e-18
9.31500000e-01 1.746959641273943e-18
9.35935714e-01 1.742815009951381e-18
9.40371429e-01 1.738699738541350e-18
9.44807143e-01 1.734613482037883e-18
9.49242857e-01 1.730555901084260e-18
9.53678571e-01 1.726526661854623e-18
9.58114286e-01 1.722525435938622e-18
9.62550000e-01 1.718551900228978e-18
9.66985714e-01 1.714605736811889e-18
9.71421429e-01 1.710686632860198e-18
9.75857143e-01 1.706794280529220e-18
9.80292857e-01 1.702928376855183e-18
9.84728571e-01 1.699088623656171e-18
9.89164286e-01 1.695274727435527e-18
9.93600000e-01 1.691486399287616e-18
9.98035714e-01 1.687723354805911e-18
1.00247143e+00 1.683985313993301e-18
1.00690714e+00 1.680272001174590e-18
1.01134286e+00 1.676583144911097e-18
1.01577857e+00 1.672918477917317e-18
1.02021429e+00 1.669277736979571e-18
1.02465000e+00 1.665660662876605e-18
1.02908571e+00 1.662067000302060e-18
1.03352143e+00 1.658496497788786e-18
1.03795714e+00 1.654948907634927e-18
1.04239286e+00 1.651423985831746e-18
1.04682857e+00 1.647921491993131e-18
1.05126429e+00 1.644441189286735e-18
1.05570000e+00 1.640982844366713e-18
1.06013571e+00 1.637546227308010e-18
1.06457143e+00 1.634131111542151e-18
1.06900714e+00 1.630737273794502e-18
1.07344286e+00 1.627364494022958e-18
1.07787857e+00 1.624012555358018e-18
1.08231429e+00 1.620681244044216e-18
1.08675000e+00 1.617370349382863e-18
1.09118571e+00 1.614079663676074e-18
1.09562143e+00 1.610808982172045e-18
1.10005714e+00 1.607558103011537e-18
1.10449286e+00 1.604326827175550e-18
1.10892857e+00 1.601114958434149e-18
1.11336429e+00 1.597922303296408e-18
1.11780000e+00 1.594748670961453e-18
1.12223571e+00 1.591593873270565e-18
1.12667143e+00 1.588457724660326e-18
1.13110714e+00 1.585340042116773e-18
1.13554286e+00 1.582240645130542e-18
1.13997857e+00 1.579159355652966e-18
1.14441429e+00 1.576095998053119e-18
1.14885000e+00 1.573050399075764e-18
1.15328571e+00 1.570022387800197e-18
1.15772143e+00 1.567011795599961e-18
1.16215714e+00 1.564018456103395e-18
1.16659286e+00 1.561042205155028e-18
1.17102857e+00 1.558082880777757e-18
1.17546429e+00 1.555140323135828e-18
1.17990000e+00 1.552214374498570e-18
1.18433571e+00 1.549304879204890e-18
1.18877143e+00 1.546411683628481e-18
1.19320714e+00 1.543534636143761e-18
1.19764286e+00 1.540673587092487e-18
1.20207857e+00 1.537828388751065e-18
1.20651429e+00 1.534998895298506e-18
1.21095000e+00 1.532184962785043e-18
1.21538571e+00 1.529386449101364e-18
1.21982143e+00 1.526603213948472e-18
1.22425714e+00 1.523835118808144e-18
1.22869286e+00 1.521082026913970e-18
1.23312857e+00 1.518343803222972e-18
1.23756429e+00 1.515620314387787e-18
1.24200000e+00 1.512911428729385e-18
1.24643571e+00 1.510217016210331e-18
1.25087143e+00 1.507536948408565e-18
1.25530714e+00 1.504871098491697e-18
1.25974286e+00 1.502219341191789e-18
1.26417857e+00 1.499581552780638e-18
1.26861429e+00 1.496957611045524e-18
1.27305000e+00 1.494347395265430e-18
1.27748571e+00 1.491750786187712e-18
1.28192143e+00 1.489167666005216e-18
1.28635714e+00 1.486597918333828e-18
1.29079286e+00 1.484041428190452e-18
1.29522857e+00 1.481498081971395e-18
1.29966429e+00 1.478967767431167e-18
1.30410000e+00 1.476450373661676e-18
1.30853571e+00 1.473945791071807e-18
1.31297143e+00 1.471453911367382e-18
1.31740714e+00 1.468974627531498e-18
1.32184286e+00 1.466507833805217e-18
1.32627857e+00 1.464053425668623e-18
1.33071429e+00 1.461611299822217e-18
1.33515000e+00 1.459181354168658e-18
1.33958571e+00 1.456763487794836e-18
1.34402143e+00 1.454357600954268e-18
1.34845714e+00 1.451963595049817e-18
1.35289286e+00 1.449581372616718e-18
1.35732857e+00 1.447210837305911e-18
1.36176429e+00 1.444851893867679e-18
1.36620000e+00 1.442504448135568e-18
1.37063571e+00 1.440168407010599e-18
1.37507143e+00 1.437843678445763e-18
1.37950714e+00 1.435530171430783e-18
1.38394286e+00 1.433227795977153e-18
1.38837857e+00 1.430936463103435e-18
1.39281429e+00 1.428656084820812e-18
1.39725000e+00 1.426386574118901e-18
1.40168571e+00 1.424127844951807e-18
1.40612143e+00 1.421879812224418e-18
1.41055714e+00 1.419642391778943e-18
1.41499286e+00 1.417415500381679e-18
1.41942857e+00 1.415199055710005e-18
1.42386429e+00 1.412992976339598e-18
1.42830000e+00 1.410797181731874e-18
1.43273571e+00 1.408611592221634e-18
1.43717143e+00 1.406436129004926e-18
1.44160714e+00 1.404270714127111e-18
1.44604286e+00 1.402115270471131e-18
1.45047857e+00 1.399969721745972e-18
1.45491429e+00 1.397833992475323e-18
1.45935000e+00 1.395708007986426e-18
1.46378571e+00 1.393591694399106e-18
1.46822143e+00 1.391484978614994e-18
1.47265714e+00 1.389387788306913e-18
1.47709286e+00 1.387300051908460e-18
1.48152857e+00 1.385221698603738e-18
1.48596429e+00 1.383152658317273e-18
1.49040000e+00 1.381092861704089e-18
1.49483571e+00 1.379042240139945e-18
1.49927143e+00 1.377000725711734e-18
1.50370714e+00 1.374968251208034e-18
1.50814286e+00 1.372944750109817e-18
1.51257857e+00 1.370930156581303e-18
1.51701429e+00 1.368924405460965e-18
1.52145000e+00 1.366927432252674e-18
1.52588571e+00 1.364939173116990e-18
1.53032143e+00 1.362959564862592e-18
1.53475714e+00 1.360988544937838e-18
1.53919286e+00 1.359026051422469e-18
1.54362857e+00 1.357072023019434e-18
1.54806429e+00 1.355126399046852e-18
1.55250000e+00 1.353189119430093e-18
1.55693571e+00 1.351260124693993e-18
1.56137143e+00 1.349339355955179e-18
1.56580714e+00 1.347426754914522e-18
1.57024286e+00 1.345522263849709e-18
1.57467857e+00 1.343625825607916e-18
1.57911429e+00 1.341737383598615e-18
1.58355000e+00 1.339856881786476e-18
1.58798571e+00 1.337984264684383e-18
1.59242143e+00 1.336119477346557e-18
1.59685714e+00 1.334262465361791e-18
1.60129286e+00 1.332413174846772e-18
1.60572857e+00 1.330571552439521e-18
1.61016429e+00 1.328737545292924e-18
1.61460000e+00 1.326911101068362e-18
1.61903571e+00 1.325092167929437e-18
1.62347143e+00 1.323280694535796e-18
1.62790714e+00 1.321476630037040e-18
1.63234286e+00 1.319679924066731e-18
1.63677857e+00 1.317890526736489e-18
1.64121429e+00 1.316108388630167e-18
1.64565000e+00 1.314333460798125e-18
1.65008571e+00 1.312565694751581e-18
1.65452143e+00 1.310805042457048e-18
1.65895714e+00 1.309051456330849e-18
1.66339286e+00 1.307304889233721e-18
1.66782857e+00 1.305565294465488e-18
1.67226429e+00 1.303832625759820e-18
1.67670000e+00 1.302106837279061e-18
1.68113571e+00 1.300387883609140e-18
1.68557143e+00 1.298675719754547e-18
1.69000714e+00 1.296970301133391e-18
1.69444286e+00 1.295271583572520e-18
1.69887857e+00 1.293579523302717e-18
1.70331429e+00 1.291894076953967e-18
1.70775000e+00 1.290215201550780e-18
1.71218571e+00 1.288542854507596e-18
1.71662143e+00 1.286876993624244e-18
1.72105714e+00 1.285217577081471e-18
1.72549286e+00 1.283564563436533e-18
1.72992857e+00 1.281917911618846e-18
1.73436429e+00 1.280277580925700e-18
1.73880000e+00 1.278643531018038e-18
1.74323571e+00 1.277015721916283e-18
1.74767143e+00 1.275394113996233e-18
1.75210714e+00 1.273778667985009e-18
1.75654286e+00 1.272169344957061e-18
1.76097857e+00 1.270566106330228e-18
1.76541429e+00 1.268968913861853e-18
1.76985000e+00 1.267377729644952e-18
1.77428571e+00 1.265792516104433e-18
1.77872143e+00 1.264213235993374e-18
1.78315714e+00 1.262639852389344e-18
1.78759286e+00 1.261072328690773e-18
1.79202857e+00 1.259510628613388e-18
1.79646429e+00 1.257954716186671e-18
1.80090000e+00 1.256404555750391e-18
1.80533571e+00 1.254860111951163e-18
1.80977143e+00 1.253321349739067e-18
1.81420714e+00 1.251788234364304e-18
1.81864286e+00 1.250260731373901e-18
1.82307857e+00 1.248738806608459e-18
1.82751429e+00 1.247222426198946e-18
1.83195000e+00 1.245711556563527e-18
1.83638571e+00 1.244206164404445e-18
1.84082143e+00 1.242706216704938e-18
1.84525714e+00 1.241211680726195e-18
1.84969286e+00 1.239722524004357e-18
1.85412857e+00 1.238238714347554e-18
1.85856429e+00 1.236760219832983e-18
1.86300000e+00 1.235287008804024e-18
1.86743571e+00 1.233819049867390e-18
1.87187143e+00 1.232356311890322e-18
1.87630714e+00 1.230898763997811e-18
1.88074286e+00 1.229446375569866e-18
1.88517857e+00 1.227999116238805e-18
1.88961429e+00 1.226556955886597e-18
1.89405000e+00 1.225119864642222e-18
1.89848571e+00 1.223687812879077e-18
1.90292143e+00 1.222260771212407e-18
1.90735714e+00 1.220838710496777e-18
1.91179286e+00 1.219421601823569e-18
1.91622857e+00 1.218009416518514e-18
1.92066429e+00 1.216602126139253e-18
1.92510000e+00 1.215199702472937e-18
1.92953571e+00 1.213802117533846e-18
1.93397143e+00 1.212409343561044e-18
1.93840714e+00 1.211021353016066e-18
1.94284286e+00 1.209638118580628e-18
1.94727857e+00 1.208259613154370e-18
1.95171429e+00 1.206885809852626e-18
1.95615000e+00 1.205516682004222e-18
1.96058571e+00 1.204152203149300e-18
1.96502143e+00 1.202792347037172e-18
1.96945714e+00 1.201437087624197e-18
1.97389286e+00 1.200086399071686e-18
1.97832857e+00 1.198740255743837e-18
1.98276429e+00 1.197398632205685e-18
1.98720000e+00 1.196061503221090e-18
1.99163571e+00 1.194728843750736e-18
1.99607143e+00 1.193400628950169e-18
2.00050714e+00 1.192076834167848e-18
2.00494286e+00 1.190757434943221e-18
2.00937857e+00 1.189442407004833e-18
2.01381429e+00 1.188131726268443e-18
2.01825000e+00 1.186825368835180e-18
2.02268571e+00 1.185523310989705e-18
2.02712143e+00 1.184225529198406e-18
2.03155714e+00 1.182932000107612e-18
2.03599286e+00 1.181642700541828e-18
2.04042857e+00 1.180357607501989e-18
2.04486429e+00 1.179076698163739e-18
2.04930000e+00 1.177799949875727e-18
2.05373571e+00 1.176527340157927e-18
2.05817143e+00 1.175258846699970e-18
2.06260714e+00 1.173994447359510e-18
2.06704286e+00 1.172734120160590e-18
2.07147857e+00 1.171477843292049e-18
2.07591429e+00 1.170225595105926e-18
2.08035000e+00 1.168977354115902e-18
2.08478571e+00 1.167733098995745e-18
2.08922143e+00 1.166492808577784e-18
2.09365714e+00 1.165256461851396e-18
2.09809286e+00 1.164024037961508e-18
2.10252857e+00 1.162795516207121e-18
2.10696429e+00 1.161570876039854e-18
2.11140000e+00 1.160350097062492e-18
2.11583571e+00 1.159133159027567e-18
2.12027143e+00 1.157920041835942e-18
2.12470714e+00 1.156710725535420e-18
2.12914286e+00 1.155505190319365e-18
2.13357857e+00 1.154303416525340e-18
2.13801429e+00 1.153105384633756e-18
2.14245000e+00 1.151911075266547e-18
2.14688571e+00 1.150720469185848e-18
2.15132143e+00 1.149533547292698e-18
2.15575714e+00 1.148350290625748e-18
2.16019286e+00 1.147170680359994e-18
2.16462857e+00 1.145994697805515e-18
2.16906429e+00 1.144822324406232e-18
2.17350000e+00 1.143653541738678e-18
2.17793571e+00 1.142488331510778e-18
2.18237143e+00 1.141326675560654e-18
2.18680714e+00 1.140168555855429e-18
2.19124286e+00 1.139013954490054e-18
2.19567857e+00 1.137862853686147e-18
2.20011429e+00 1.136715235790840e-18
2.20455000e+00 1.135571083275646e-18
2.20898571e+00 1.134430378735330e-18
2.21342143e+00 1.133293104886799e-18
2.21785714e+00 1.132159244568004e-18
2.22229286e+00 1.131028780736849e-18
2.22672857e+00 1.129901696470117e-18
2.23116429e+00 1.128777974962407e-18
2.23560000e+00 1.127657599525077e-18
2.24003571e+00 1.126540553585210e-18
2.24447143e+00 1.125426820684579e-18
2.24890714e+00 1.124316384478628e-18
2.25334286e+00 1.123209228735470e-18
2.25777857e+00 1.122105337334885e-18
2.26221429e+00 1.121004694267337e-18
2.26665000e+00 1.119907283632998e-18
2.27108571e+00 1.118813089640784e-18
2.27552143e+00 1.117722096607398e-18
2.27995714e+00 1.116634288956391e-18
2.28439286e+00 1.115549651217223e-18
2.28882857e+00 1.114468168024340e-18
2.29326429e+00 1.113389824116262e-18
2.29770000e+00 1.112314604334677e-18
2.30213571e+00 1.111242493623546e-18
2.30657143e+00 1.110173477028215e-18
2.31100714e+00 1.109107539694545e-18
2.31544286e+00 1.108044666868040e-18
2.31987857e+00 1.106984843892991e-18
2.32431429e+00 1.105928056211625e-18
2.32875000e+00 1.104874289363272e-18
2.33318571e+00 1.103823528983522e-18
2.33762143e+00 1.102775760803417e-18
2.34205714e+00 1.101730970648623e-18
2.34649286e+00 1.100689144438638e-18
2.35092857e+00 1.099650268185982e-18
2.35536429e+00 1.098614327995421e-18
2.35980000e+00 1.097581310063174e-18
2.36423571e+00 1.096551200676152e-18
2.36867143e+00 1.095523986211182e-18
2.37310714e+00 1.094499653134263e-18
2.37754286e+00 1.093478187999805e-18
2.38197857e+00 1.092459577449896e-18
2.38641429e+00 1.091443808213564e-18
2.39085000e+00 1.090430867106052e-18
2.39528571e+00 1.089420741028101e-18
2.39972143e+00 1.088413416965235e-18
2.40415714e+00 1.087408881987060e-18
2.40859286e+00 1.086407123246565e-18
2.41302857e+00 1.085408127979433e-18
2.41746429e+00 1.084411883503356e-18
2.42190000e+00 1.083418377217362e-18
2.42633571e+00 1.082427596601142e-18
2.43077143e+00 1.081439529214389e-18
2.43520714e+00 1.080454162696144e-18
2.43964286e+00 1.079471484764143e-18
2.44407857e+00 1.078491483214175e-18
2.44851429e+00 1.077514145919447e-18
2.45295000e+00 1.076539460829952e-18
2.45738571e+00 1.075567415971846e-18
2.46182143e+00 1.074597999446830e-18
2.46625714e+00 1.073631199431537e-18
2.47069286e+00 1.072667004176927e-18
2.47512857e+00 1.071705402007691e-18
2.47956429e+00 1.070746381321651e-18
2.48400000e+00 1.069789930589176e-18
2.48843571e+00 1.068836038352599e-18
2.49287143e+00 1.067884693225639e-18
2.49730714e+00 1.066935883892834e-18
2.50174286e+00 1.065989599108971e-18
2.50617857e+00 1.065045827698530e-18
2.51061429e+00 1.064104558555128e-18
2.51505000e+00 1.063165780640969e-18
2.51948571e+00 1.062229482986302e-18
2.52392143e+00 1.061295654688883e-18
2.52835714e+00 1.060364284913442e-18
2.53279286e+00 1.059435362891150e-18
2.53722857e+00 1.058508877919104e-18
2.54166429e+00 1.057584819359804e-18
2.54610000e+00 1.056663176640639e-18
2.55053571e+00 1.055743939253385e-18
2.55497143e+00 1.054827096753694e-18
2.55940714e+00 1.053912638760602e-18
2.56384286e+00 1.053000554956032e-18
2.56827857e+00 1.052090835084304e-18
2.57271429e+00 1.051183468951655e-18
2.57715000e+00 1.050278446425757e-18
2.58158571e+00 1.049375757435237e-18
2.58602143e+00 1.048475391969217e-18
2.59045714e+00 1.047577340076837e-18
2.59489286e+00 1.046681591866798e-18
2.59932857e+00 1.045788137506907e-18
2.60376429e+00 1.044896967223617e-18
2.60820000e+00 1.044008071301583e-18
2.61263571e+00 1.043121440083217e-18
2.61707143e+00 1.042237063968245e-18
2.62150714e+00 1.041354933413270e-18
2.62594286e+00 1.040475038931345e-18
2.63037857e+00 1.039597371091536e-18
2.63481429e+00 1.038721920518505e-18
2.63925000e+00 1.037848677892084e-18
2.64368571e+00 1.036977633946863e-18
2.64812143e+00 1.036108779471773e-18
2.65255714e+00 1.035242105309678e-18
2.65699286e+00 1.034377602356972e-18
2.66142857e+00 1.033515261563173e-18
2.66586429e+00 1.032655073930531e-18
2.67030000e+00 1.031797030513627e-18
2.67473571e+00 1.030941122418988e-18
2.67917143e+00 1.030087340804695e-18
2.68360714e+00 1.029235676880003e-18
2.68804286e+00 1.028386121904962e-18
2.69247857e+00 1.027538667190033e-18
2.69691429e+00 1.026693304095724e-18
2.70135000e+00 1.025850024032213e-18
2.70578571e+00 1.025008818458984e-18
2.71022143e+00 1.024169678884467e-18
2.71465714e+00 1.023332596865671e-18
2.71909286e+00 1.022497564007833e-18
2.72352857e+00 1.021664571964062e-18
2.72796429e+00 1.020833612434988e-18
2.73240000e+00 1.020004677168418e-18
2.73683571e+00 1.019177757958988e-18
2.74127143e+00 1.018352846647822e-18
2.74570714e+00 1.017529935122198e-18
2.75014286e+00 1.016709015315208e-18
2.75457857e+00 1.015890079205430e-18
2.75901429e+00 1.015073118816594e-18
2.76345000e+00 1.014258126217260e-18
2.76788571e+00 1.013445093520495e-18
2.77232143e+00 1.012634012883547e-18
2.77675714e+00 1.011824876507533e-18
2.78119286e+00 1.011017676637121e-18
2.78562857e+00 1.010212405560220e-18
2.79006429e+00 1.009409055607667e-18
2.79450000e+00 1.008607619152923e-18
2.79893571e+00 1.007808088611771e-18
2.80337143e+00 1.007010456442007e-18
2.80780714e+00 1.006214715143150e-18
2.81224286e+00 1.005420857256141e-18
2.81667857e+00 1.004628875363048e-18
2.82111429e+00 1.003838762086780e-18
2.82555000e+00 1.003050510090794e-18
2.82998571e+00 1.002264112078809e-18
2.83442143e+00 1.001479560794526e-18
2.83885714e+00 1.000696849021343e-18
2.84329286e+00 9.999159695820784e-19
2.84772857e+00 9.991369153386929e-19
2.85216429e+00 9.983596791920168e-19
2.85660000e+00 9.975842540814783e-19
2.86103571e+00 9.968106329848327e-19
2.86547143e+00 9.960388089178972e-19
2.86990714e+00 9.952687749342843e-19
2.87434286e+00 9.945005241251410e-19
2.87877857e+00 9.937340496188867e-19
2.88321429e+00 9.929693445809561e-19
2.88765000e+00 9.922064022135432e-19
2.89208571e+00 9.914452157553473e-19
2.89652143e+00 9.906857784813208e-19
2.90095714e+00 9.899280837024209e-19
2.90539286e+00 9.891721247653613e-19
2.90982857e+00 9.884178950523666e-19
2.91426429e+00 9.876653879809295e-19
2.91870000e+00 9.869145970035700e-19
2.92313571e+00 9.861655156075938e-19
2.92757143e+00 9.854181373148588e-19
2.93200714e+00 9.846724556815365e-19
2.93644286e+00 9.839284642978801e-19
2.94087857e+00 9.831861567879923e-19
2.94531429e+00 9.824455268095977e-19
2.94975000e+00 9.817065680538128e-19
2.95418571e+00 9.809692742449214e-19
2.95862143e+00 9.802336391401512e-19
2.96305714e+00 9.794996565294510e-19
2.96749286e+00 9.787673202352710e-19
2.97192857e+00 9.780366241123437e-19
2.97636429e+00 9.773075620474683e-19
2.98080000e+00 9.765801279592963e-19
2.98523571e+00 9.758543157981154e-19
2.98967143e+00 9.751301195456426e-19
2.99410714e+00 9.744075332148110e-19
2.99854286e+00 9.736865508495640e-19
3.00297857e+00 9.729671665246483e-19
3.00741429e+00 9.722493743454092e-19
3.01185000e+00 9.715331684475883e-19
3.01628571e+00 9.708185429971216e-19
3.02072143e+00 9.701054921899411e-19
3.02515714e+00 9.693940102517750e-19
3.02959286e+00 9.686840914379534e-19
3.03402857e+00 9.679757300332114e-19
3.03846429e+00 9.672689203514975e-19
3.04290000e+00 9.665636567357808e-19
3.04733571e+00 9.658599335578618e-19
3.05177143e+00 9.651577452181828e-19
3.05620714e+00 9.644570861456413e-19
3.06064286e+00 9.637579507974046e-19
3.06507857e+00 9.630603336587252e-19
3.06951429e+00 9.623642292427576e-19
3.07395000e+00 9.616696320903784e-19
3.07838571e+00 9.609765367700057e-19
3.08282143e+00 9.602849378774198e-19
3.08725714e+00 9.595948300355883e-19
3.09169286e+00 9.589062078944893e-19
3.09612857e+00 9.582190661309361e-19
3.10056429e+00 9.575333994484072e-19
3.10500000e+00 9.568492025768719e-19
3.10943571e+00 9.561664702726218e-19
3.11387143e+00 9.554851973181022e-19
3.11830714e+00 9.548053785217432e-19
3.12274286e+00 9.541270087177954e-19
3.12717857e+00 9.534500827661635e-19
3.13161429e+00 9.527745955522431e-19
3.13605000e+00 9.521005419867591e-19
3.14048571e+00 9.514279170056039e-19
3.14492143e+00 9.507567155696781e-19
3.14935714e+00 9.500869326647310e-19
3.15379286e+00 9.494185633012048e-19
3.15822857e+00 9.487516025140769e-19
3.16266429e+00 9.480860453627067e-19
3.16710000e+00 9.474218869306797e-19
3.17153571e+00 9.467591223256571e-19
3.17597143e+00 9.460977466792234e-19
3.18040714e+00 9.454377551467358e-19
3.18484286e+00 9.447791429071764e-19
3.18927857e+00 9.441219051630030e-19
3.19371429e+00 9.434660371400035e-19
3.19815000e+00 9.428115340871486e-19
3.20258571e+00 9.421583912764494e-19
3.20702143e+00 9.415066040028122e-19
3.21145714e+00 9.408561675838972e-19
3.21589286e+00 9.402070773599764e-19
3.22032857e+00 9.395593286937940e-19
3.22476429e+00 9.389129169704269e-19
3.22920000e+00 9.382678375971472e-19
3.23363571e+00 9.376240860032839e-19
3.23807143e+00 9.369816576400885e-19
3.24250714e+00 9.363405479805991e-19
3.24694286e+00 9.357007525195058e-19
3.25137857e+00 9.350622667730191e-19
3.25581429e+00 9.344250862787373e-19
3.26025000e+00 9.337892065955149e-19
3.26468571e+00 9.331546233033337e-19
3.26912143e+00 9.325213320031733e-19
3.27355714e+00 9.318893283168822e-19
3.27799286e+00 9.312586078870522e-19
3.28242857e+00 9.306291663768909e-19
3.28686429e+00 9.300009994700975e-19
3.29130000e+00 9.293741028707375e-19
3.29573571e+00 9.287484723031199e-19
3.30017143e+00 9.281241035116751e-19
3.30460714e+00 9.275009922608319e-19
3.30904286e+00 9.268791343348987e-19
3.31347857e+00 9.262585255379423e-19
3.31791429e+00 9.256391616936690e-19
3.32235000e+00 9.250210386453080e-19
3.32678571e+00 9.244041522554925e-19
3.33122143e+00 9.237884984061444e-19
3.33565714e+00 9.231740729983586e-19
3.34009286e+00 9.225608719522881e-19
3.34452857e+00 9.219488912070309e-19
3.34896429e+00 9.213381267205160e-19
3.35340000e+00 9.207285744693927e-19
3.35783571e+00 9.201202304489179e-19
3.36227143e+00 9.195130906728457e-19
3.36670714e+00 9.189071511733197e-19
3.37114286e+00 9.183024080007608e-19
3.37557857e+00 9.176988572237619e-19
3.38001429e+00 9.170964949289794e-19
3.38445000e+00 9.164953172210261e-19
3.38888571e+00 9.158953202223666e-19
3.39332143e+00 9.152965000732114e-19
3.39775714e+00 9.146988529314130e-19
3.40219286e+00 9.141023749723623e-19
3.40662857e+00 9.135070623888853e-19
3.41106429e+00 9.129129113911420e-19
3.41550000e+00 9.123199182065245e-19
3.41993571e+00 9.117280790795559e-19
3.42437143e+00 9.111373902717916e-19
3.42880714e+00 9.105478480617192e-19
3.43324286e+00 9.099594487446601e-19
3.43767857e+00 9.093721886326723e-19
3.44211429e+00 9.087860640544524e-19
3.44655000e+00 9.082010713552405e-19
3.45098571e+00 9.076172068967229e-19
3.45542143e+00 9.070344670569382e-19
3.45985714e+00 9.064528482301830e-19
3.46429286e+00 9.058723468269170e-19
3.46872857e+00 9.052929592736717e-19
3.47316429e+00 9.047146820129560e-19
3.47760000e+00 9.041375115031665e-19
3.48203571e+00 9.035614442184951e-19
3.48647143e+00 9.029864766488382e-19
3.49090714e+00 9.024126052997087e-19
3.49534286e+00 9.018398266921448e-19
3.49977857e+00 9.012681373626224e-19
3.50421429e+00 9.006975338629676e-19
3.50865000e+00 9.001280127602675e-19
3.51308571e+00 8.995595706367857e-19
3.51752143e+00 8.989922040898751e-19
3.52195714e+00 8.984259097318921e-19
3.52639286e+00 8.978606841901117e-19
3.53082857e+00 8.972965241066442e-19
3.53526429e+00 8.967334261383497e-19
3.53970000e+00 8.961713869567561e-19
3.54413571e+00 8.956104032479766e-19
3.54857143e+00 8.950504717126269e-19
3.55300714e+00 8.944915890657437e-19
3.55744286e+00 8.939337520367042e-19
3.56187857e+00 8.933769573691459e-19
3.56631429e+00 8.928212018208861e-19
3.57075000e+00 8.922664821638428e-19
3.57518571e+00 8.917127951839568e-19
3.57962143e+00 8.911601376811114e-19
3.58405714e+00 8.906085064690577e-19
3.58849286e+00 8.900578983753347e-19
3.59292857e+00 8.895083102411939e-19
3.59736429e+00 8.889597389215239e-19
3.60180000e+00 8.884121812847733e-19
3.60623571e+00 8.878656342128759e-19
3.61067143e+00 8.873200946011777e-19
3.61510714e+00 8.867755593583607e-19
3.61954286e+00 8.862320254063709e-19
3.62397857e+00 8.856894896803442e-19
3.62841429e+00 8.851479491285347e-19
3.63285000e+00 8.846074007122413e-19
3.63728571e+00 8.840678414057379e-19
3.64172143e+00 8.835292681962007e-19
3.64615714e+00 8.829916780836383e-19
3.65059286e+00 8.824550680808213e-19
3.65502857e+00 8.819194352132127e-19
3.65946429e+00 8.813847765188985e-19
3.66390000e+00 8.808510890485192e-19
3.66833571e+00 8.803183698652007e-19
3.67277143e+00 8.797866160444875e-19
3.67720714e+00 8.792558246742748e-19
3.68164286e+00 8.787259928547410e-19
3.68607857e+00 8.781971176982820e-19
3.69051429e+00 8.776691963294446e-19
3.69495000e+00 8.771422258848608e-19
3.69938571e+00 8.766162035131832e-19
3.70382143e+00 8.760911263750192e-19
3.70825714e+00 8.755669916428678e-19
3.71269286e+00 8.750437965010541e-19
3.71712857e+00 8.745215381456677e-19
3.72156429e+00 8.740002137844979e-19
3.72600000e+00 8.734798206369717e-19
3.73043571e+00 8.729603559340918e-19
3.73487143e+00 8.724418169183747e-19
3.73930714e+00 8.719242008437879e-19
3.74374286e+00 8.714075049756907e-19
3.74817857e+00 8.708917265907723e-19
3.75261429e+00 8.703768629769923e-19
3.75705000e+00 8.698629114335198e-19
3.76148571e+00 8.693498692706750e-19
3.76592143e+00 8.688377338098691e-19
3.77035714e+00 8.683265023835465e-19
3.77479286e+00 8.678161723351257e-19
3.77922857e+00 8.673067410189417e-19
3.78366429e+00 8.667982058001881e-19
3.78810000e+00 8.662905640548602e-19
3.79253571e+00 8.657838131696982e-19
3.79697143e+00 8.652779505421300e-19
3.80140714e+00 8.647729735802158e-19
3.80584286e+00 8.642688797025921e-19
3.81027857e+00 8.637656663384164e-19
3.81471429e+00 8.632633309273116e-19
3.81915000e+00 8.627618709193118e-19
3.82358571e+00 8.622612837748081e-19
3.82802143e+00 8.617615669644936e-19
3.83245714e+00 8.612627179693111e-19
3.83689286e+00 8.607647342803988e-19
3.84132857e+00 8.602676133990375e-19
3.84576429e+00 8.597713528365980e-19
3.85020000e+00 8.592759501144888e-19
3.85463571e+00 8.587814027641045e-19
3.85907143e+00 8.582877083267731e-19
3.86350714e+00 8.577948643537056e-19
3.86794286e+00 8.573028684059447e-19
3.87237857e+00 8.568117180543140e-19
3.87681429e+00 8.563214108793677e-19
3.88125000e+00 8.558319444713408e-19
3.88568571e+00 8.553433164300989e-19
3.89012143e+00 8.548555243650886e-19
3.89455714e+00 8.543685658952895e-19
3.89899286e+00 8.538824386491640e-19
3.90342857e+00 8.533971402646100e-19
3.90786429e+00 8.529126683889117e-19
3.91230000e+00 8.524290206786923e-19
3.91673571e+00 8.519461947998661e-19
3.92117143e+00 8.514641884275914e-19
3.92560714e+00 8.509829992462235e-19
3.93004286e+00 8.505026249492675e-19
3.93447857e+00 8.500230632393328e-19
3.93891429e+00 8.495443118280857e-19
3.94335000e+00 8.490663684362049e-19
3.94778571e+00 8.485892307933347e-19
3.95222143e+00 8.481128966380405e-19
3.95665714e+00 8.476373637177635e-19
3.96109286e+00 8.471626297887760e-19
3.96552857e+00 8.466886926161370e-19
3.96996429e+00 8.462155499736477e-19
3.97440000e+00 8.457431996438082e-19
3.97883571e+00 8.452716394177730e-19
3.98327143e+00 8.448008670953086e-19
3.98770714e+00 8.443308804847494e-19
3.99214286e+00 8.438616774029556e-19
3.99657857e+00 8.433932556752700e-19
4.00101429e+00 8.429256131354765e-19
4.00545000e+00 8.424587476257571e-19
4.00988571e+00 8.419926569966507e-19
4.01432143e+00 8.415273391070113e-19
4.01875714e+00 8.410627918239665e-19
4.02319286e+00 8.405990130228770e-19
4.02762857e+00 8.401360005872952e-19
4.03206429e+00 8.396737524089251e-19
4.03650000e+00 8.392122663875814e-19
4.04093571e+00 8.387515404311504e-19
4.04537143e+00 8.382915724555487e-19
4.04980714e+00 8.378323603846853e-19
4.05424286e+00 8.373739021504208e-19
4.05867857e+00 8.369161956925290e-19
4.06311429e+00 8.364592389586584e-19
4.06755000e+00 8.360030299042921e-19
4.07198571e+00 8.355475664927114e-19
4.07642143e+00 8.350928466949557e-19
4.08085714e+00 8.346388684897855e-19
4.08529286e+00 8.341856298636451e-19
4.08972857e+00 8.337331288106238e-19
4.09416429e+00 8.332813633324199e-19
4.09860000e+00 8.328303314383025e-19
4.10303571e+00 8.323800311450759e-19
4.10747143e+00 8.319304604770420e-19
4.11190714e+00 8.314816174659638e-19
4.11634286e+00 8.310335001510302e-19
4.12077857e+00 8.305861065788192e-19
4.12521429e+00 8.301394348032626e-19
4.12965000e+00 8.296934828856098e-19
4.13408571e+00 8.292482488943929e-19
4.13852143e+00 8.288037309053920e-19
4.14295714e+00 8.283599270015994e-19
4.14739286e+00 8.279168352731853e-19
4.15182857e+00 8.274744538174633e-19
4.15626429e+00 8.270327807388564e-19
4.16070000e+00 8.265918141488622e-19
4.16513571e+00 8.261515521660191e-19
4.16957143e+00 8.257119929158731e-19
4.17400714e+00 8.252731345309442e-19
4.17844286e+00 8.248349751506926e-19
4.18287857e+00 8.243975129214858e-19
4.18731429e+00 8.239607459965656e-19
4.19175000e+00 8.235246725360158e-19
4.19618571e+00 8.230892907067292e-19
4.20062143e+00 8.226545986823752e-19
4.20505714e+00 8.222205946433675e-19
4.20949286e+00 8.217872767768330e-19
4.21392857e+00 8.213546432765792e-19
4.21836429e+00 8.209226923430623e-19
4.22280000e+00 8.204914221833566e-19
4.22723571e+00 8.200608310111229e-19
4.23167143e+00 8.196309170465772e-19
4.23610714e+00 8.192016785164598e-19
4.24054286e+00 8.187731136540051e-19
4.24497857e+00 8.183452206989108e-19
4.24941429e+00 8.179179978973070e-19
4.25385000e+00 8.174914435017267e-19
4.25828571e+00 8.170655557710755e-19
4.26272143e+00 8.166403329706020e-19
4.26715714e+00 8.162157733718678e-19
4.27159286e+00 8.157918752527176e-19
4.27602857e+00 8.153686368972511e-19
4.28046429e+00 8.149460565957927e-19
4.28490000e+00 8.145241326448630e-19
4.28933571e+00 8.141028633471495e-19
4.29377143e+00 8.136822470114790e-19
4.29820714e+00 8.132622819527877e-19
4.30264286e+00 8.128429664920936e-19
4.30707857e+00 8.124242989564684e-19
4.31151429e+00 8.120062776790091e-19
4.31595000e+00 8.115889009988106e-19
4.32038571e+00 8.111721672609372e-19
4.32482143e+00 8.107560748163957e-19
4.32925714e+00 8.103406220221080e-19
4.33369286e+00 8.099258072408836e-19
4.33812857e+00 8.095116288413925e-19
4.34256429e+00 8.090980851981384e-19
4.34700000e+00 8.086851746914314e-19
4.35143571e+00 8.082728957073625e-19
4.35587143e+00 8.078612466377758e-19
4.36030714e+00 8.074502258802432e-19
4.36474286e+00 8.070398318380372e-19
4.36917857e+00 8.066300629201060e-19
4.37361429e+00 8.062209175410465e-19
4.37805000e+00 8.058123941210792e-19
4.38248571e+00 8.054044910860227e-19
4.38692143e+00 8.049972068672673e-19
4.39135714e+00 8.045905399017507e-19
4.39579286e+00 8.041844886319324e-19
4.40022857e+00 8.037790515057685e-19
4.40466429e+00 8.033742269766871e-19
4.40910000e+00 8.029700135035631e-19
4.41353571e+00 8.025664095506939e-19
4.41797143e+00 8.021634135877750e-19
4.42240714e+00 8.017610240898753e-19
4.42684286e+00 8.013592395374130e-19
4.43127857e+00 8.009580584161310e-19
4.43571429e+00 8.005574792170745e-19
4.44015000e+00 8.001575004365652e-19
4.44458571e+00 7.997581205761788e-19
4.44902143e+00 7.993593381427209e-19
4.45345714e+00 7.989611516482042e-19
4.45789286e+00 7.985635596098242e-19
4.46232857e+00 7.981665605499370e-19
4.46676429e+00 7.977701529960353e-19
4.47120000e+00 7.973743354807264e-19
4.47563571e+00 7.969791065417088e-19
4.48007143e+00 7.965844647217497e-19
4.48450714e+00 7.961904085686619e-19
4.48894286e+00 7.957969366352824e-19
4.49337857e+00 7.954040474794492e-19
4.49781429e+00 7.950117396639795e-19
4.50225000e+00 7.946200117566476e-19
4.50668571e+00 7.942288623301628e-19
4.51112143e+00 7.938382899621474e-19
4.51555714e+00 7.934482932351155e-19
4.51999286e+00 7.930588707364512e-19
4.52442857e+00 7.926700210583863e-19
4.52886429e+00 7.922817427979807e-19
4.53330000e+00 7.918940345570992e-19
4.53773571e+00 7.915068949423914e-19
4.54217143e+00 7.911203225652708e-19
4.54660714e+00 7.907343160418933e-19
4.55104286e+00 7.903488739931367e-19
4.55547857e+00 7.899639950445800e-19
4.55991429e+00 7.895796778264831e-19
4.56435000e+00 7.891959209737652e-19
4.56878571e+00 7.888127231259861e-19
4.57322143e+00 7.884300829273249e-19
4.57765714e+00 7.880479990265594e-19
4.58209286e+00 7.876664700770477e-19
4.58652857e+00 7.872854947367066e-19
4.59096429e+00 7.869050716679925e-19
4.59540000e+00 7.865251995378820e-19
4.59983571e+00 7.861458770178513e-19
4.60427143e+00 7.857671027838580e-19
4.60870714e+00 7.853888755163203e-19
4.61314286e+00 7.850111939000987e-19
4.61757857e+00 7.846340566244767e-19
4.62201429e+00 7.842574623831410e-19
4.62645000e+00 7.838814098741630e-19
4.63088571e+00 7.835058977999803e-19
4.63532143e+00 7.831309248673770e-19
4.63975714e+00 7.827564897874655e-19
4.64419286e+00 7.823825912756680e-19
4.64862857e+00 7.820092280516977e-19
4.65306429e+00 7.816363988395406e-19
4.65750000e+00 7.812641023674370e-19
4.66193571e+00 7.808923373678631e-19
4.66637143e+00 7.805211025775140e-19
4.67080714e+00 7.801503967372840e-19
4.67524286e+00 7.797802185922498e-19
4.67967857e+00 7.794105668916522e-19
4.68411429e+00 7.790414403888786e-19
4.68855000e+00 7.786728378414454e-19
4.69298571e+00 7.783047580109799e-19
4.69742143e+00 7.779371996632035e-19
4.70185714e+00 7.775701615679138e-19
4.70629286e+00 7.772036424989678e-19
4.71072857e+00 7.768376412342641e-19
4.71516429e+00 7.764721565557260e-19
4.71960000e+00 7.761071872492851e-19
4.72403571e+00 7.757427321048636e-19
4.72847143e+00 7.753787899163574e-19
4.73290714e+00 7.750153594816198e-19
4.73734286e+00 7.746524396024448e-19
4.74177857e+00 7.742900290845503e-19
4.74621429e+00 7.739281267375615e-19
4.75065000e+00 7.735667313749946e-19
4.75508571e+00 7.732058418142407e-19
4.75952143e+00 7.728454568765491e-19
4.76395714e+00 7.724855753870118e-19
4.76839286e+00 7.721261961745461e-19
4.77282857e+00 7.717673180718805e-19
4.77726429e+00 7.714089399155370e-19
4.78170000e+00 7.710510605458163e-19
4.78613571e+00 7.706936788067819e-19
4.79057143e+00 7.703367935462437e-19
4.79500714e+00 7.699804036157436e-19
4.79944286e+00 7.696245078705389e-19
4.80387857e+00 7.692691051695876e-19
4.80831429e+00 7.689141943755325e-19
4.81275000e+00 7.685597743546861e-19
4.81718571e+00 7.682058439770157e-19
4.82162143e+00 7.678524021161278e-19
4.82605714e+00 7.674994476492532e-19
4.83049286e+00 7.671469794572323e-19
4.83492857e+00 7.667949964244996e-19
4.83936429e+00 7.664434974390695e-19
4.84380000e+00 7.660924813925215e-19
4.84823571e+00 7.657419471799846e-19
4.85267143e+00 7.653918937001239e-19
4.85710714e+00 7.650423198551254e-19
4.86154286e+00 7.646932245506819e-19
4.86597857e+00 7.643446066959781e-19
4.87041429e+00 7.639964652036769e-19
4.87485000e+00 7.636487989899043e-19
4.87928571e+00 7.633016069742362e-19
4.88372143e+00 7.629548880796843e-19
4.88815714e+00 7.626086412326809e-19
4.89259286e+00 7.622628653630655e-19
4.89702857e+00 7.619175594040722e-19
4.90146429e+00 7.615727222923138e-19
4.90590000e+00 7.612283529677690e-19
4.91033571e+00 7.608844503737695e-19
4.91477143e+00 7.605410134569848e-19
4.91920714e+00 7.601980411674099e-19
4.92364286e+00 7.598555324583514e-19
4.92807857e+00 7.595134862864136e-19
4.93251429e+00 7.591719016114861e-19
4.93695000e+00 7.588307773967299e-19
4.94138571e+00 7.584901126085642e-19
4.94582143e+00 7.581499062166531e-19
4.95025714e+00 7.578101571938935e-19
4.95469286e+00 7.574708645164008e-19
4.95912857e+00 7.571320271634966e-19
4.96356429e+00 7.567936441176953e-19
4.96800000e+00 7.564557143646925e-19
4.97243571e+00 7.561182368933505e-19
4.97687143e+00 7.557812106956872e-19
4.98130714e+00 7.554446347668623e-19
4.98574286e+00 7.551085081051653e-19
4.99017857e+00 7.547728297120027e-19
4.99461429e+00 7.544375985918857e-19
4.99905000e+00 7.541028137524180e-19
5.00348571e+00 7.537684742042827e-19
5.00792143e+00 7.534345789612312e-19
5.01235714e+00 7.531011270400701e-19
5.01679286e+00 7.527681174606488e-19
5.02122857e+00 7.524355492458485e-19
5.02566429e+00 7.521034214215692e-19
5.03010000e+00 7.517717330167184e-19
5.03453571e+00 7.514404830631982e-19
5.03897143e+00 7.511096705958945e-19
5.04340714e+00 7.507792946526649e-19
5.04784286e+00 7.504493542743260e-19
5.05227857e+00 7.501198485046435e-19
5.05671429e+00 7.497907763903190e-19
5.06115000e+00 7.494621369809787e-19
5.06558571e+00 7.491339293291629e-19
5.07002143e+00 7.488061524903132e-19
5.07445714e+00 7.484788055227618e-19
5.07889286e+00 7.481518874877201e-19
5.08332857e+00 7.478253974492671e-19
5.08776429e+00 7.474993344743383e-19
5.09220000e+00 7.471736976327148e-19
5.09663571e+00 7.468484859970117e-19
5.10107143e+00 7.465236986426671e-19
5.10550714e+00 7.461993346479313e-19
5.10994286e+00 7.458753930938558e-19
5.11437857e+00 7.455518730642819e-19
5.11881429e+00 7.452287736458300e-19
5.12325000e+00 7.449060939278898e-19
5.12768571e+00 7.445838330026078e-19
5.13212143e+00 7.442619899648775e-19
5.13655714e+00 7.439405639123291e-19
5.14099286e+00 7.436195539453176e-19
5.14542857e+00 7.432989591669141e-19
5.14986429e+00 7.429787786828933e-19
5.15430000e+00 7.426590116017245e-19
5.15873571e+00 7.423396570345600e-19
5.16317143e+00 7.420207140952259e-19
5.16760714e+00 7.417021819002110e-19
5.17204286e+00 7.413840595686568e-19
5.17647857e+00 7.410663462223468e-19
5.18091429e+00 7.407490409856973e-19
5.18535000e+00 7.404321429857460e-19
5.18978571e+00 7.401156513521435e-19
5.19422143e+00 7.397995652171412e-19
5.19865714e+00 7.394838837155834e-19
5.20309286e+00 7.391686059848961e-19
5.20752857e+00 7.388537311650771e-19
5.21196429e+00 7.385392583986868e-19
5.21640000e+00 7.382251868308380e-19
5.22083571e+00 7.379115156091863e-19
5.22527143e+00 7.375982438839198e-19
5.22970714e+00 7.372853708077503e-19
5.23414286e+00 7.369728955359033e-19
5.23857857e+00 7.366608172261083e-19
5.24301429e+00 7.363491350385892e-19
5.24745000e+00 7.360378481360552e-19
5.25188571e+00 7.357269556836910e-19
5.25632143e+00 7.354164568491478e-19
5.26075714e+00 7.351063508025328e-19
5.26519286e+00 7.347966367164021e-19
5.26962857e+00 7.344873137657488e-19
5.27406429e+00 7.341783811279960e-19
5.27850000e+00 7.338698379829858e-19
5.28293571e+00 7.335616835129716e-19
5.28737143e+00 7.332539169026085e-19
5.29180714e+00 7.329465373389436e-19
5.29624286e+00 7.326395440114077e-19
5.30067857e+00 7.323329361118068e-19
5.30511429e+00 7.320267128343113e-19
5.30955000e+00 7.317208733754495e-19
5.31398571e+00 7.314154169340969e-19
5.31842143e+00 7.311103427114681e-19
5.32285714e+00 7.308056499111083e-19
5.32729286e+00 7.305013377388838e-19
5.33172857e+00 7.301974054029740e-19
5.33616429e+00 7.298938521138626e-19
5.34060000e+00 7.295906770843288e-19
5.34503571e+00 7.292878795294386e-19
5.34947143e+00 7.289854586665368e-19
5.35390714e+00 7.286834137152377e-19
5.35834286e+00 7.283817438974178e-19
5.36277857e+00 7.280804484372063e-19
5.36721429e+00 7.277795265609769e-19
5.37165000e+00 7.274789774973400e-19
5.37608571e+00 7.271788004771342e-19
5.38052143e+00 7.268789947334175e-19
5.38495714e+00 7.265795595014595e-19
5.38939286e+00 7.262804940187340e-19
5.39382857e+00 7.259817975249086e-19
5.39826429e+00 7.256834692618392e-19
5.40270000e+00 7.253855084735604e-19
5.40713571e+00 7.250879144062773e-19
5.41157143e+00 7.247906863083588e-19
5.41600714e+00 7.244938234303280e-19
5.42044286e+00 7.241973250248555e-19
5.42487857e+00 7.239011903467509e-19
5.42931429e+00 7.236054186529555e-19
5.43375000e+00 7.233100092025333e-19
5.43818571e+00 7.230149612566646e-19
5.44262143e+00 7.227202740786372e-19
5.44705714e+00 7.224259469338396e-19
5.45149286e+00 7.221319790897521e-19
5.45592857e+00 7.218383698159402e-19
5.46036429e+00 7.215451183840466e-19
5.46480000e+00 7.212522240677838e-19
5.46923571e+00 7.209596861429260e-19
5.47367143e+00 7.206675038873020e-19
5.47810714e+00 7.203756765807880e-19
5.48254286e+00 7.200842035052994e-19
5.48697857e+00 7.197930839447840e-19
5.49141429e+00 7.195023171852140e-19
5.49585000e+00 7.192119025145799e-19
5.50028571e+00 7.189218392228813e-19
5.50472143e+00 7.186321266021211e-19
5.50915714e+00 7.183427639462982e-19
5.51359286e+00 7.180537505513988e-19
5.51802857e+00 7.177650857153914e-19
5.52246429e+00 7.174767687382175e-19
5.52690000e+00 7.171887989217860e-19
5.53133571e+00 7.169011755699652e-19
5.53577143e+00 7.166138979885766e-19
5.54020714e+00 7.163269654853868e-19
5.54464286e+00 7.160403773701017e-19
5.54907857e+00 7.157541329543577e-19
5.55351429e+00 7.154682315517173e-19
5.55795000e+00 7.151826724776601e-19
5.56238571e+00 7.148974550495764e-19
5.56682143e+00 7.146125785867609e-19
5.57125714e+00 7.143280424104060e-19
5.57569286e+00 7.140438458435935e-19
5.58012857e+00 7.137599882112899e-19
5.58456429e+00 7.134764688403377e-19
5.58900000e+00 7.131932870594507e-19
5.59343571e+00 7.129104421992056e-19
5.59787143e+00 7.126279335920359e-19
5.60230714e+00 7.123457605722259e-19
5.60674286e+00 7.120639224759035e-19
5.61117857e+00 7.117824186410336e-19
5.61561429e+00 7.115012484074117e-19
5.62005000e+00 7.112204111166578e-19
5.62448571e+00 7.109399061122091e-19
5.62892143e+00 7.106597327393141e-19
5.63335714e+00 7.103798903450264e-19
5.63779286e+00 7.101003782781976e-19
5.64222857e+00 7.098211958894717e-19
5.64666429e+00 7.095423425312781e-19
5.65110000e+00 7.092638175578258e-19
5.65553571e+00 7.089856203250967e-19
5.65997143e+00 7.087077501908397e-19
5.66440714e+00 7.084302065145644e-19
5.66884286e+00 7.081529886575347e-19
5.67327857e+00 7.078760959827626e-19
5.67771429e+00 7.075995278550025e-19
5.68215000e+00 7.073232836407447e-19
5.68658571e+00 7.070473627082092e-19
5.69102143e+00 7.067717644273401e-19
5.69545714e+00 7.064964881697992e-19
5.69989286e+00 7.062215333089598e-19
5.70432857e+00 7.059468992199013e-19
5.70876429e+00 7.056725852794027e-19
5.71320000e+00 7.053985908659370e-19
5.71763571e+00 7.051249153596652e-19
5.72207143e+00 7.048515581424302e-19
5.72650714e+00 7.045785185977508e-19
5.73094286e+00 7.043057961108170e-19
5.73537857e+00 7.040333900684826e-19
5.73981429e+00 7.037612998592602e-19
5.74425000e+00 7.034895248733161e-19
5.74868571e+00 7.032180645024629e-19
5.75312143e+00 7.029469181401554e-19
5.75755714e+00 7.026760851814839e-19
5.76199286e+00 7.024055650231689e-19
5.76642857e+00 7.021353570635556e-19
5.77086429e+00 7.018654607026081e-19
5.77530000e+00 7.015958753419035e-19
5.77973571e+00 7.013266003846269e-19
5.78417143e+00 7.010576352355656e-19
5.78860714e+00 7.007889793011036e-19
5.79304286e+00 7.005206319892157e-19
5.79747857e+00 7.002525927094629e-19
5.80191429e+00 6.999848608729860e-19
5.80635000e+00 6.997174358925009e-19
5.81078571e+00 6.994503171822926e-19
5.81522143e+00 6.991835041582103e-19
5.81965714e+00 6.989169962376616e-19
5.82409286e+00 6.986507928396079e-19
5.82852857e+00 6.983848933845577e-19
5.83296429e+00 6.981192972945631e-19
5.83740000e+00 6.978540039932129e-19
5.84183571e+00 6.975890129056285e-19
5.84627143e+00 6.973243234584576e-19
5.85070714e+00 6.970599350798704e-19
5.85514286e+00 6.967958471995530e-19
5.85957857e+00 6.965320592487032e-19
5.86401429e+00 6.962685706600246e-19
5.86845000e+00 6.960053808677222e-19
5.87288571e+00 6.957424893074968e-19
5.87732143e+00 6.954798954165400e-19
5.88175714e+00 6.952175986335295e-19
5.88619286e+00 6.949555983986237e-19
5.89062857e+00 6.946938941534566e-19
5.89506429e+00 6.944324853411332e-19
5.89950000e+00 6.941713714062238e-19
5.90393571e+00 6.939105517947603e-19
5.90837143e+00 6.936500259542301e-19
5.91280714e+00 6.933897933335710e-19
5.91724286e+00 6.931298533831681e-19
5.92167857e+00 6.928702055548466e-19
5.92611429e+00 6.926108493018690e-19
5.93055000e+00 6.923517840789285e-19
5.93498571e+00 6.920930093421452e-19
5.93942143e+00 6.918345245490614e-19
5.94385714e+00 6.915763291586367e-19
5.94829286e+00 6.913184226312422e-19
5.95272857e+00 6.910608044286575e-19
5.95716429e+00 6.908034740140648e-19
5.96160000e+00 6.905464308520446e-19
5.96603571e+00 6.902896744085707e-19
5.97047143e+00 6.900332041510060e-19
5.97490714e+00 6.897770195480977e-19
5.97934286e+00 6.895211200699726e-19
5.98377857e+00 6.892655051881322e-19
5.98821429e+00 6.890101743754489e-19
5.99265000e+00 6.887551271061607e-19
5.99708571e+00 6.885003628558669e-19
6.00152143e+00 6.882458811015237e-19
6.00595714e+00 6.879916813214396e-19
6.01039286e+00 6.877377629952709e-19
6.01482857e+00 6.874841256040169e-19
6.01926429e+00 6.872307686300165e-19
6.02370000e+00 6.869776915569420e-19
6.02813571e+00 6.867248938697965e-19
6.03257143e+00 6.864723750549085e-19
6.03700714e+00 6.862201345999278e-19
6.04144286e+00 6.859681719938206e-19
6.04587857e+00 6.857164867268664e-19
6.05031429e+00 6.854650782906517e-19
6.05475000e+00 6.852139461780683e-19
6.05918571e+00 6.849630898833066e-19
6.06362143e+00 6.847125089018523e-19
6.06805714e+00 6.844622027304826e-19
6.07249286e+00 6.842121708672613e-19
6.07692857e+00 6.839624128115344e-19
6.08136429e+00 6.837129280639267e-19
6.08580000e+00 6.834637161263369e-19
6.09023571e+00 6.832147765019339e-19
6.09467143e+00 6.829661086951523e-19
6.09910714e+00 6.827177122116880e-19
6.10354286e+00 6.824695865584952e-19
6.10797857e+00 6.822217312437807e-19
6.11241429e+00 6.819741457770013e-19
6.11685000e+00 6.817268296688587e-19
6.12128571e+00 6.814797824312958e-19
6.12572143e+00 6.812330035774931e-19
6.13015714e+00 6.809864926218636e-19
6.13459286e+00 6.807402490800498e-19
6.13902857e+00 6.804942724689191e-19
6.14346429e+00 6.802485623065601e-19
6.14790000e+00 6.800031181122789e-19
6.15233571e+00 6.797579394065941e-19
6.15677143e+00 6.795130257112346e-19
6.16120714e+00 6.792683765491335e-19
6.16564286e+00 6.790239914444260e-19
6.17007857e+00 6.787798699224451e-19
6.17451429e+00 6.785360115097171e-19
6.17895000e+00 6.782924157339581e-19
6.18338571e+00 6.780490821240706e-19
6.18782143e+00 6.778060102101389e-19
6.19225714e+00 6.775631995234259e-19
6.19669286e+00 6.773206495963687e-19
6.20112857e+00 6.770783599625759e-19
6.20556429e+00 6.768363301568224e-19
6.21000000e+00 6.765945597150466e-19
6.21443571e+00 6.763530481743466e-19
-----------------------------
