SPECIES: e / A
PROCESS: E + A -> E + A, Elastic
PARAM.:  m/M = 0.0000195921, complete set
COMMENT: [e + A(gnd) -> e + A(gnd), Elastic]
UPDATED: 2018-06-05 11:00:00
COLUMNS: Energy (eV) | Cross section (m2)
-----------------------------
0.00000000e+00 8.348388862357821e-18
1.36363636e-01 4.565885481225667e-18
2.72727273e-01 3.228568585895872e-18
4.09090909e-01 2.636115211674642e-18
5.45454545e-01 2.282942740612833e-18
6.81818182e-01 2.041926062699986e-18
8.18181818e-01 1.864014942164151e-18
9.54545455e-01 1.725742499731941e-18
1.09090909e+00 1.614284292947936e-18
1.22727273e+00 1.521961827075222e-18
1.36363636e+00 1.443859765616708e-18
1.50000000e+00 1.376666270632440e-18
1.63636364e+00 1.318057605837321e-18
1.77272727e+00 1.266348786188901e-18
1.90909091e+00 1.220284224142279e-18
2.04545455e+00 1.178906561965150e-18
2.18181818e+00 1.141471370306417e-18
2.31818182e+00 1.107389889033385e-18
2.45454545e+00 1.076189528631957e-18
2.59090909e+00 1.047485968444329e-18
2.72727273e+00 1.020963031349993e-18
2.86363636e+00 9.963578967722136e-19
3.00000000e+00 9.734500553949932e-19
3.13636364e+00 9.520529357694746e-19
3.27272727e+00 9.320074710820753e-19
3.40909091e+00 9.131770962451332e-19
3.54545455e+00 8.954438140615253e-19
3.68181818e+00 8.787050705582143e-19
3.81818182e+00 8.628712498659705e-19
3.95454545e+00 8.478636485138913e-19
4.09090909e+00 8.336128243508761e-19
4.22727273e+00 8.200572408752022e-19
4.36363636e+00 8.071421464739680e-19
4.50000000e+00 7.948186419339174e-19
4.63636364e+00 7.830428999529249e-19
4.77272727e+00 7.717755082122064e-19
4.90909091e+00 7.609809135376110e-19
5.04545455e+00 7.506269492657335e-19
5.18181818e+00 7.406844314847432e-19
5.31818182e+00 7.311268125941178e-19
5.45454545e+00 7.219298828083539e-19
5.59090909e+00 7.130715119555807e-19
5.72727273e+00 7.045314252963984e-19
5.86363636e+00 6.962910081893108e-19
6.00000000e+00 6.883331353162199e-19
6.13636364e+00 6.806420208999952e-19
6.27272727e+00 6.732030869311560e-19
6.40909091e+00 6.660028468993420e-19
6.54545455e+00 6.590288029186606e-19
6.68181818e+00 6.522693544608095e-19
6.81818182e+00 6.457137171791743e-19
6.95454545e+00 6.393518505312947e-19
7.09090909e+00 6.331743930944505e-19
7.22727273e+00 6.271726046262889e-19
7.36363636e+00 6.213383140547170e-19
7.50000000e+00 6.156638726930515e-19
7.63636364e+00 6.101421120711395e-19
7.77272727e+00 6.047663058536895e-19
7.90909091e+00 5.995301353857401e-19
8.04545455e+00 5.944276584639244e-19
8.18181818e+00 5.894532809825748e-19
8.31818182e+00 5.846017311470435e-19
8.45454545e+00 5.798680359839855e-19
8.59090909e+00 5.752474999106470e-19
8.72727273e+00 5.707356851532083e-19
8.86363636e+00 5.663283938285459e-19
9.00000000e+00 5.620216515249554e-19
9.13636364e+00 5.578116922358609e-19
9.27272727e+00 5.536949445166925e-19
9.40909091e+00 5.496680187492797e-19
9.54545455e+00 5.457276954105452e-19
9.68181818e+00 5.418709142532236e-19
9.81818182e+00 5.380947643159786e-19
9.95454545e+00 5.343964746888086e-19
1.00909091e+01 5.307734059671708e-19
1.02272727e+01 5.272230423349286e-19
1.03636364e+01 5.237429842221647e-19
1.05000000e+01 5.203309414891683e-19
1.06363636e+01 5.169847270926068e-19
1.07727273e+01 5.137022511940793e-19
1.09090909e+01 5.104815156749966e-19
1.10454545e+01 5.073206090250740e-19
1.11818182e+01 5.042177015747354e-19
1.13181818e+01 5.011710410444065e-19
1.14545455e+01 4.981789483861068e-19
1.15909091e+01 4.952398138949196e-19
1.17272727e+01 4.923520935698795e-19
1.18636364e+01 4.895143057055934e-19
1.20000000e+01 4.867250276974966e-19
1.21363636e+01 4.839828930451026e-19
1.22727273e+01 4.812865885389025e-19
1.24090909e+01 4.786348516177626e-19
1.25454545e+01 4.760264678847373e-19
1.26818182e+01 4.734602687701998e-19
1.28181818e+01 4.709351293320707e-19
1.29545455e+01 4.684499661837440e-19
1.30909091e+01 4.660037355410377e-19
1.32272727e+01 4.635954313801749e-19
1.33636364e+01 4.612240836994102e-19
1.35000000e+01 4.588887568774800e-19
1.36363636e+01 4.565885481225666e-19
1.37727273e+01 4.543225860059371e-19
1.39090909e+01 4.520900290748464e-19
1.40454545e+01 4.498900645396912e-19
1.41818182e+01 4.477219070307626e-19
1.43181818e+01 4.455847974202776e-19
1.44545455e+01 4.434780017056783e-19
1.45909091e+01 4.414008099504670e-19
1.47272727e+01 4.393525352791071e-19
1.48636364e+01 4.373325129227569e-19
1.50000000e+01 4.353400993128281e-19
1.51363636e+01 4.333746712195588e-19
1.52727273e+01 4.314356249329853e-19
1.54090909e+01 4.295223754838668e-19
1.55454545e+01 4.276343559022814e-19
1.56818182e+01 4.257710165117573e-19
1.58181818e+01 4.239318242569456e-19
1.59545455e+01 4.221162620629669e-19
1.60909091e+01 4.203238282246821e-19
1.62272727e+01 4.185540358242500e-19
1.63636364e+01 4.168064121754380e-19
1.65000000e+01 4.150804982932424e-19
1.66363636e+01 4.133758483874694e-19
1.67727273e+01 4.116920293790080e-19
1.69090909e+01 4.100286204376011e-19
1.70454545e+01 4.083852125399972e-19
1.71818182e+01 4.067614080474263e-19
1.73181818e+01 4.051568203014120e-19
1.74545455e+01 4.035710732369840e-19
1.75909091e+01 4.020038010124145e-19
1.77272727e+01 4.004546476546505e-19
1.78636364e+01 3.989232667196600e-19
1.80000000e+01 3.974093209669587e-19
1.81363636e+01 3.959124820476209e-19
1.82727273e+01 3.944324302051207e-19
1.84090909e+01 3.929688539883832e-19
1.85454545e+01 3.915214499764625e-19
1.86818182e+01 3.900899225142926e-19
1.88181818e+01 3.886739834589900e-19
1.89545455e+01 3.872733519362117e-19
1.90909091e+01 3.858877541061032e-19
1.92272727e+01 3.845169229383922e-19
1.93636364e+01 3.831605979962087e-19
1.95000000e+01 3.818185252282344e-19
1.96363636e+01 3.804904567688055e-19
1.97727273e+01 3.791761507456099e-19
1.99090909e+01 3.778753710946418e-19
2.00454545e+01 3.765878873820918e-19
2.01818182e+01 3.753134746328668e-19
2.03181818e+01 3.740519131654506e-19
2.04545455e+01 3.728029884328302e-19
2.05909091e+01 3.715664908692249e-19
2.07272727e+01 3.703422157423716e-19
2.08636364e+01 3.691299630111283e-19
2.10000000e+01 3.679295371881716e-19
2.11363636e+01 3.667407472075743e-19
2.12727273e+01 3.655634062970589e-19
2.14090909e+01 3.643973318547342e-19
2.15454545e+01 3.632423453301287e-19
2.16818182e+01 3.620982721093466e-19
2.18181818e+01 3.609649414041769e-19
2.19545455e+01 3.598421861449972e-19
2.20909091e+01 3.587298428773190e-19
2.22272727e+01 3.576277516618297e-19
2.23636364e+01 3.565357559777904e-19
2.25000000e+01 3.554537026296608e-19
2.26363636e+01 3.543814416568214e-19
2.27727273e+01 3.533188262462728e-19
2.29090909e+01 3.522657126481992e-19
2.30454545e+01 3.512219600942820e-19
2.31818182e+01 3.501874307186614e-19
2.33181818e+01 3.491619894814431e-19
2.34545455e+01 3.481455040946554e-19
2.35909091e+01 3.471378449505628e-19
2.37272727e+01 3.461388850522498e-19
2.38636364e+01 3.451484999463881e-19
2.40000000e+01 3.441665676581099e-19
2.41363636e+01 3.431929686279057e-19
2.42727273e+01 3.422275856504755e-19
2.44090909e+01 3.412703038154623e-19
2.45454545e+01 3.403210104499976e-19
2.46818182e+01 3.393795950629963e-19
2.48181818e+01 3.384459492911369e-19
2.49545455e+01 3.375199668464669e-19
2.50909091e+01 3.366015434655780e-19
2.52272727e+01 3.356905768602932e-19
2.53636364e+01 3.347869666698137e-19
2.55000000e+01 3.338906144142763e-19
2.56363636e+01 3.330014234496710e-19
2.57727273e+01 3.321192989240712e-19
2.59090909e+01 3.312441477351342e-19
2.60454545e+01 3.303758784888260e-19
2.61818182e+01 3.295144014593303e-19
2.63181818e+01 3.286596285501017e-19
2.64545455e+01 3.278114732560245e-19
2.65909091e+01 3.269698506266393e-19
2.67272727e+01 3.261346772304047e-19
2.68636364e+01 3.253058711199559e-19
2.70000000e+01 3.244833517983310e-19
2.71363636e+01 3.236670401861316e-19
2.72727273e+01 3.228568585895872e-19
2.74090909e+01 3.220527306694950e-19
2.75454545e+01 3.212545814110066e-19
2.76818182e+01 3.204623370942336e-19
2.78181818e+01 3.196759252656473e-19
2.79545455e+01 3.188952747102465e-19
2.80909091e+01 3.181203154244691e-19
2.82272727e+01 3.173509785898249e-19
2.83636364e+01 3.165871965472253e-19
2.85000000e+01 3.158289027719906e-19
2.86363636e+01 3.150760318495123e-19
2.87727273e+01 3.143285194515500e-19
2.89090909e+01 3.135863023131445e-19
2.90454545e+01 3.128493182101273e-19
2.91818182e+01 3.121175059372098e-19
2.93181818e+01 3.113908052866323e-19
2.94545455e+01 3.106691570273585e-19
2.95909091e+01 3.099525028847967e-19
2.97272727e+01 3.092407855210349e-19
2.98636364e+01 3.085339485155707e-19
3.00000000e+01 3.078319363465258e-19
3.01363636e+01 3.071346943723267e-19
3.02727273e+01 3.064421688138405e-19
3.04090909e+01 3.057543067369523e-19
3.05454545e+01 3.050710560355698e-19
3.06818182e+01 3.043923654150444e-19
3.08181818e+01 3.037181843759967e-19
3.09545455e+01 3.030484631985331e-19
3.10909091e+01 3.023831529268447e-19
3.12272727e+01 3.017222053541759e-19
3.13636364e+01 3.010655730081531e-19
3.15000000e+01 3.004132091364628e-19
3.16363636e+01 2.997650676928700e-19
3.17727273e+01 2.991211033235667e-19
3.19090909e+01 2.984812713538417e-19
3.20454545e+01 2.978455277750627e-19
3.21818182e+01 2.972138292319622e-19
3.23181818e+01 2.965861330102185e-19
3.24545455e+01 2.959623970243243e-19
3.25909091e+01 2.953425798057348e-19
3.27272727e+01 2.947266404912874e-19
3.28636364e+01 2.941145388118859e-19
3.30000000e+01 2.935062350814428e-19
3.31363636e+01 2.929016901860714e-19
3.32727273e+01 2.923008655735218e-19
3.34090909e+01 2.917037232428551e-19
3.35454545e+01 2.911102257343479e-19
3.36818182e+01 2.905203361196219e-19
3.38181818e+01 2.899340179919928e-19
3.39545455e+01 2.893512354570331e-19
3.40909091e+01 2.887719531233415e-19
3.42272727e+01 2.881961360935160e-19
3.43636364e+01 2.876237499553235e-19
3.45000000e+01 2.870547607730615e-19
3.46363636e+01 2.864891350791079e-19
3.47727273e+01 2.859268398656520e-19
3.49090909e+01 2.853678425766042e-19
3.50454545e+01 2.848121110996788e-19
3.51818182e+01 2.842596137586458e-19
3.53181818e+01 2.837103193057469e-19
3.54545455e+01 2.831641969142729e-19
3.55909091e+01 2.826212161712971e-19
3.57272727e+01 2.820813470705614e-19
3.58636364e+01 2.815445600055115e-19
3.60000000e+01 2.810108257624777e-19
3.61363636e+01 2.804801155139962e-19
3.62727273e+01 2.799524008122701e-19
3.64090909e+01 2.794276535827638e-19
3.65454545e+01 2.789058461179304e-19
3.66818182e+01 2.783869510710665e-19
3.68181818e+01 2.778709414502920e-19
3.69545455e+01 2.773577906126536e-19
3.70909091e+01 2.768474722583462e-19
3.72272727e+01 2.763399604250518e-19
3.73636364e+01 2.758352294823911e-19
3.75000000e+01 2.753332541264880e-19
3.76363636e+01 2.748340093746398e-19
3.77727273e+01 2.743374705600963e-19
3.79090909e+01 2.738436133269397e-19
3.80454545e+01 2.733524136250674e-19
3.81818182e+01 2.728638477052726e-19
3.83181818e+01 2.723778921144209e-19
3.84545455e+01 2.718945236907223e-19
3.85909091e+01 2.714137195590935e-19
3.87272727e+01 2.709354571266118e-19
3.88636364e+01 2.704597140780556e-19
3.90000000e+01 2.699864683715314e-19
3.91363636e+01 2.695156982341840e-19
3.92727273e+01 2.690473821579893e-19
3.94090909e+01 2.685814988956275e-19
3.95454545e+01 2.681180274564334e-19
3.96818182e+01 2.676569471024247e-19
3.98181818e+01 2.671982373444043e-19
3.99545455e+01 2.667418779381362e-19
4.00909091e+01 2.662878488805929e-19
4.02272727e+01 2.658361304062726e-19
4.03636364e+01 2.653867029835854e-19
4.05000000e+01 2.649395473113058e-19
4.06363636e+01 2.644946443150918e-19
4.07727273e+01 2.640519751440665e-19
4.09090909e+01 2.636115211674643e-19
4.10454545e+01 2.631732639713364e-19
4.11818182e+01 2.627371853553183e-19
4.13181818e+01 2.623032673294547e-19
4.14545455e+01 2.618714921110823e-19
4.15909091e+01 2.614418421217691e-19
4.17272727e+01 2.610142999843083e-19
4.18636364e+01 2.605888485197664e-19
4.20000000e+01 2.601654707445842e-19
4.21363636e+01 2.597441498677289e-19
4.22727273e+01 2.593248692878972e-19
4.24090909e+01 2.589076125907680e-19
4.25454545e+01 2.584923635463034e-19
4.26818182e+01 2.580791061060966e-19
4.28181818e+01 2.576678244007672e-19
4.29545455e+01 2.572585027374021e-19
4.30909091e+01 2.568511255970397e-19
4.32272727e+01 2.564456776321989e-19
4.33636364e+01 2.560421436644507e-19
4.35000000e+01 2.556405086820317e-19
4.36363636e+01 2.552407578374983e-19
4.37727273e+01 2.548428764454210e-19
4.39090909e+01 2.544468499801194e-19
4.40454545e+01 2.540526640734340e-19
4.41818182e+01 2.536603045125370e-19
4.43181818e+01 2.532697572377802e-19
4.44545455e+01 2.528810083405783e-19
4.45909091e+01 2.524940440613292e-19
4.47272727e+01 2.521088507873677e-19
4.48636364e+01 2.517254150509549e-19
4.50000000e+01 2.513437235272997e-19
4.51363636e+01 2.509637630326148e-19
4.52727273e+01 2.505855205222032e-19
4.54090909e+01 2.502089830885779e-19
4.55454545e+01 2.498341379596110e-19
4.56818182e+01 2.494609724967154e-19
4.58181818e+01 2.490894741930534e-19
4.59545455e+01 2.487196306717776e-19
4.60909091e+01 2.483514296842978e-19
4.62272727e+01 2.479848591085780e-19
4.63636364e+01 2.476199069474598e-19
4.65000000e+01 2.472565613270132e-19
4.66363636e+01 2.468948104949144e-19
4.67727273e+01 2.465346428188487e-19
4.69090909e+01 2.461760467849398e-19
4.70454545e+01 2.458190109962036e-19
4.71818182e+01 2.454635241710273e-19
4.73181818e+01 2.451095751416714e-19
4.74545455e+01 2.447571528527967e-19
4.75909091e+01 2.444062463600139e-19
4.77272727e+01 2.440568448284558e-19
4.78636364e+01 2.437089375313726e-19
4.80000000e+01 2.433625138487483e-19
4.81363636e+01 2.430175632659393e-19
4.82727273e+01 2.426740753723342e-19
4.84090909e+01 2.423320398600335e-19
4.85454545e+01 2.419914465225513e-19
4.86818182e+01 2.416522852535350e-19
4.88181818e+01 2.413145460455067e-19
4.89545455e+01 2.409782189886225e-19
4.90909091e+01 2.406432942694512e-19
4.92272727e+01 2.403097621697719e-19
4.93636364e+01 2.399776130653893e-19
4.95000000e+01 2.396468374249675e-19
4.96363636e+01 2.393174258088813e-19
4.97727273e+01 2.389893688680844e-19
4.99090909e+01 2.386626573429954e-19
5.00454545e+01 2.383372820623998e-19
5.01818182e+01 2.380132339423687e-19
5.03181818e+01 2.376905039851936e-19
5.04545455e+01 2.373690832783373e-19
5.05909091e+01 2.370489629933997e-19
5.07272727e+01 2.367301343850999e-19
5.08636364e+01 2.364125887902721e-19
5.10000000e+01 2.360963176268776e-19
5.11363636e+01 2.357813123930299e-19
5.12727273e+01 2.354675646660354e-19
5.14090909e+01 2.351550661014471e-19
5.15454545e+01 2.348438084321328e-19
5.16818182e+01 2.345337834673563e-19
5.18181818e+01 2.342249830918720e-19
5.19545455e+01 2.339173992650331e-19
5.20909091e+01 2.336110240199117e-19
5.22272727e+01 2.333058494624327e-19
5.23636364e+01 2.330018677705188e-19
5.25000000e+01 2.326990711932492e-19
5.26363636e+01 2.323974520500288e-19
5.27727273e+01 2.320970027297703e-19
5.29090909e+01 2.317977156900875e-19
5.30454545e+01 2.314995834565000e-19
5.31818182e+01 2.312025986216492e-19
5.33181818e+01 2.309067538445253e-19
5.34545455e+01 2.306120418497051e-19
5.35909091e+01 2.303184554266006e-19
5.37272727e+01 2.300259874287179e-19
5.38636364e+01 2.297346307729268e-19
5.40000000e+01 2.294443784387400e-19
5.41363636e+01 2.291552234676029e-19
5.42727273e+01 2.288671589621924e-19
5.44090909e+01 2.285801780857269e-19
5.45454545e+01 2.282942740612833e-19
5.46818182e+01 2.280094401711264e-19
5.48181818e+01 2.277256697560447e-19
5.49545455e+01 2.274429562146973e-19
5.50909091e+01 2.271612930029685e-19
5.52272727e+01 2.268806736333318e-19
5.53636364e+01 2.266010916742218e-19
5.55000000e+01 2.263225407494161e-19
5.56363636e+01 2.260450145374232e-19
5.57727273e+01 2.257685067708811e-19
5.59090909e+01 2.254930112359622e-19
5.60454545e+01 2.252185217717871e-19
5.61818182e+01 2.249450322698456e-19
5.63181818e+01 2.246725366734261e-19
5.64545455e+01 2.244010289770521e-19
5.65909091e+01 2.241305032259260e-19
5.67272727e+01 2.238609535153813e-19
5.68636364e+01 2.235923739903405e-19
5.70000000e+01 2.233247588447814e-19
5.71363636e+01 2.230581023212096e-19
5.72727273e+01 2.227923987101388e-19
5.74090909e+01 2.225276423495767e-19
5.75454545e+01 2.222638276245187e-19
5.76818182e+01 2.220009489664473e-19
5.78181818e+01 2.217390008528392e-19
5.79545455e+01 2.214779778066770e-19
5.80909091e+01 2.212178743959690e-19
5.82272727e+01 2.209586852332743e-19
5.83636364e+01 2.207004049752335e-19
5.85000000e+01 2.204430283221071e-19
5.86363636e+01 2.201865500173176e-19
5.87727273e+01 2.199309648469994e-19
5.89090909e+01 2.196762676395536e-19
5.90454545e+01 2.194224532652077e-19
5.91818182e+01 2.191695166355827e-19
5.93181818e+01 2.189174527032640e-19
5.94545455e+01 2.186662564613784e-19
5.95909091e+01 2.184159229431768e-19
5.97272727e+01 2.181664472216211e-19
5.98636364e+01 2.179178244089776e-19
6.00000000e+01 2.176700496564140e-19
6.01363636e+01 2.174231181536031e-19
6.02727273e+01 2.171770251283299e-19
6.04090909e+01 2.169317658461045e-19
6.05454545e+01 2.166873356097794e-19
6.06818182e+01 2.164437297591719e-19
6.08181818e+01 2.162009436706907e-19
6.09545455e+01 2.159589727569674e-19
6.10909091e+01 2.157178124664926e-19
6.12272727e+01 2.154774582832560e-19
6.13636364e+01 2.152379057263914e-19
6.15000000e+01 2.149991503498260e-19
6.16363636e+01 2.147611877419334e-19
6.17727273e+01 2.145240135251916e-19
6.19090909e+01 2.142876233558446e-19
6.20454545e+01 2.140520129235684e-19
6.21818182e+01 2.138171779511407e-19
6.23181818e+01 2.135831141941148e-19
6.24545455e+01 2.133498174404978e-19
6.25909091e+01 2.131172835104315e-19
6.27272727e+01 2.128855082558787e-19
6.28636364e+01 2.126544875603115e-19
6.30000000e+01 2.124242173384053e-19
6.31363636e+01 2.121946935357345e-19
6.32727273e+01 2.119659121284728e-19
6.34090909e+01 2.117378691230975e-19
6.35454545e+01 2.115105605560960e-19
6.36818182e+01 2.112839824936768e-19
6.38181818e+01 2.110581310314835e-19
6.39545455e+01 2.108330022943124e-19
6.40909091e+01 2.106085924358331e-19
6.42272727e+01 2.103848976383122e-19
6.43636364e+01 2.101619141123410e-19
6.45000000e+01 2.099396380965657e-19
6.46363636e+01 2.097180658574208e-19
6.47727273e+01 2.094971936888659e-19
6.49090909e+01 2.092770179121250e-19
6.50454545e+01 2.090575348754296e-19
6.51818182e+01 2.088387409537642e-19
6.53181818e+01 2.086206325486144e-19
6.54545455e+01 2.084032060877190e-19
6.55909091e+01 2.081864580248237e-19
6.57272727e+01 2.079703848394386e-19
6.58636364e+01 2.077549830365975e-19
6.60000000e+01 2.075402491466212e-19
6.61363636e+01 2.073261797248820e-19
6.62727273e+01 2.071127713515723e-19
6.64090909e+01 2.069000206314745e-19
6.65454545e+01 2.066879241937347e-19
6.66818182e+01 2.064764786916380e-19
6.68181818e+01 2.062656808023868e-19
6.69545455e+01 2.060555272268816e-19
6.70909091e+01 2.058460146895040e-19
6.72272727e+01 2.056371399379024e-19
6.73636364e+01 2.054288997427797e-19
6.75000000e+01 2.052212908976839e-19
6.76363636e+01 2.050143102188006e-19
6.77727273e+01 2.048079545447478e-19
6.79090909e+01 2.046022207363735e-19
6.80454545e+01 2.043971056765545e-19
6.81818182e+01 2.041926062699986e-19
6.83181818e+01 2.039887194430482e-19
6.84545455e+01 2.037854421434863e-19
6.85909091e+01 2.035827713403445e-19
6.87272727e+01 2.033807040237132e-19
6.88636364e+01 2.031792372045540e-19
6.90000000e+01 2.029783679145140e-19
6.91363636e+01 2.027780932057417e-19
6.92727273e+01 2.025784101507060e-19
6.94090909e+01 2.023793158420158e-19
6.95454545e+01 2.021808073922426e-19
6.96818182e+01 2.019828819337444e-19
6.98181818e+01 2.017855366184920e-19
6.99545455e+01 2.015887686178965e-19
7.00909091e+01 2.013925751226392e-19
7.02272727e+01 2.011969533425034e-19
7.03636364e+01 2.010019005062073e-19
7.05000000e+01 2.008074138612390e-19
7.06363636e+01 2.006134906736943e-19
7.07727273e+01 2.004201282281140e-19
7.09090909e+01 2.002273238273253e-19
7.10454545e+01 2.000350747922828e-19
7.11818182e+01 1.998433784619133e-19
7.13181818e+01 1.996522321929600e-19
7.14545455e+01 1.994616333598300e-19
7.15909091e+01 1.992715793544427e-19
7.17272727e+01 1.990820675860801e-19
7.18636364e+01 1.988930954812379e-19
7.20000000e+01 1.987046604834794e-19
7.21363636e+01 1.985167600532898e-19
7.22727273e+01 1.983293916679329e-19
7.24090909e+01 1.981425528213082e-19
7.25454545e+01 1.979562410238105e-19
7.26818182e+01 1.977704538021907e-19
7.28181818e+01 1.975851886994178e-19
7.29545455e+01 1.974004432745420e-19
7.30909091e+01 1.972162151025604e-19
7.32272727e+01 1.970325017742825e-19
7.33636364e+01 1.968493008961988e-19
7.35000000e+01 1.966666100903486e-19
7.36363636e+01 1.964844269941916e-19
7.37727273e+01 1.963027492604789e-19
7.39090909e+01 1.961215745571259e-19
7.40454545e+01 1.959409005670871e-19
7.41818182e+01 1.957607249882312e-19
7.43181818e+01 1.955810455332179e-19
7.44545455e+01 1.954018599293763e-19
7.45909091e+01 1.952231659185836e-19
7.47272727e+01 1.950449612571463e-19
7.48636364e+01 1.948672437156812e-19
7.50000000e+01 1.946900110789986e-19
7.51363636e+01 1.945132611459864e-19
7.52727273e+01 1.943369917294950e-19
7.54090909e+01 1.941612006562239e-19
7.55454545e+01 1.939858857666089e-19
7.56818182e+01 1.938110449147110e-19
7.58181818e+01 1.936366759681058e-19
7.59545455e+01 1.934627768077744e-19
7.60909091e+01 1.932893453279952e-19
7.62272727e+01 1.931163794362367e-19
7.63636364e+01 1.929438770530516e-19
7.65000000e+01 1.927718361119720e-19
7.66363636e+01 1.926002545594049e-19
7.67727273e+01 1.924291303545297e-19
7.69090909e+01 1.922584614691961e-19
7.70454545e+01 1.920882458878230e-19
7.71818182e+01 1.919184816072989e-19
7.73181818e+01 1.917491666368823e-19
7.74545455e+01 1.915802989981043e-19
7.75909091e+01 1.914118767246711e-19
7.77272727e+01 1.912438978623679e-19
7.78636364e+01 1.910763604689638e-19
7.80000000e+01 1.909092626141172e-19
7.81363636e+01 1.907426023792828e-19
7.82727273e+01 1.905763778576187e-19
7.84090909e+01 1.904105871538949e-19
7.85454545e+01 1.902452283844028e-19
7.86818182e+01 1.900802996768647e-19
7.88181818e+01 1.899157991703454e-19
7.89545455e+01 1.897517250151637e-19
7.90909091e+01 1.895880753728049e-19
7.92272727e+01 1.894248484158349e-19
7.93636364e+01 1.892620423278135e-19
7.95000000e+01 1.890996553032105e-19
7.96363636e+01 1.889376855473209e-19
7.97727273e+01 1.887761312761820e-19
7.99090909e+01 1.886149907164905e-19
8.00454545e+01 1.884542621055213e-19
8.01818182e+01 1.882939436910459e-19
8.03181818e+01 1.881340337312526e-19
8.04545455e+01 1.879745304946668e-19
8.05909091e+01 1.878154322600723e-19
8.07272727e+01 1.876567373164334e-19
8.08636364e+01 1.874984439628175e-19
8.10000000e+01 1.873405505083185e-19
8.11363636e+01 1.871830552719810e-19
8.12727273e+01 1.870259565827253e-19
8.14090909e+01 1.868692527792725e-19
8.15454545e+01 1.867129422100712e-19
8.16818182e+01 1.865570232332238e-19
8.18181818e+01 1.864014942164151e-19
8.19545455e+01 1.862463535368391e-19
8.20909091e+01 1.860915995811293e-19
8.22272727e+01 1.859372307452870e-19
8.23636364e+01 1.857832454346125e-19
8.25000000e+01 1.856296420636351e-19
8.26363636e+01 1.854764190560452e-19
8.27727273e+01 1.853235748446259e-19
8.29090909e+01 1.851711078711858e-19
8.30454545e+01 1.850190165864924e-19
8.31818182e+01 1.848672994502057e-19
8.33181818e+01 1.847159549308131e-19
8.34545455e+01 1.845649815055642e-19
8.35909091e+01 1.844143776604062e-19
8.37272727e+01 1.842641418899208e-19
8.38636364e+01 1.841142726972605e-19
8.40000000e+01 1.839647685940858e-19
8.41363636e+01 1.838156281005038e-19
8.42727273e+01 1.836668497450060e-19
8.44090909e+01 1.835184320644075e-19
8.45454545e+01 1.833703736037871e-19
8.46818182e+01 1.832226729164265e-19
8.48181818e+01 1.830753285637516e-19
8.49545455e+01 1.829283391152734e-19
8.50909091e+01 1.827817031485294e-19
8.52272727e+01 1.826354192490266e-19
8.53636364e+01 1.824894860101834e-19
8.55000000e+01 1.823439020332729e-19
8.56363636e+01 1.821986659273671e-19
8.57727273e+01 1.820537763092805e-19
8.59090909e+01 1.819092318035150e-19
8.60454545e+01 1.817650310422054e-19
8.61818182e+01 1.816211726650644e-19
8.63181818e+01 1.814776553193290e-19
8.64545455e+01 1.813344776597071e-19
8.65909091e+01 1.811916383483248e-19
8.67272727e+01 1.810491360546733e-19
8.68636364e+01 1.809069694555573e-19
8.70000000e+01 1.807651372350431e-19
8.71363636e+01 1.806236380844079e-19
8.72727273e+01 1.804824707020885e-19
8.74090909e+01 1.803416337936313e-19
8.75454545e+01 1.802011260716427e-19
8.76818182e+01 1.800609462557392e-19
8.78181818e+01 1.799210930724986e-19
8.79545455e+01 1.797815652554115e-19
8.80909091e+01 1.796423615448331e-19
8.82272727e+01 1.795034806879353e-19
8.83636364e+01 1.793649214386595e-19
8.85000000e+01 1.792266825576695e-19
8.86363636e+01 1.790887628123051e-19
8.87727273e+01 1.789511609765356e-19
8.89090909e+01 1.788138758309149e-19
8.90454545e+01 1.786769061625347e-19
8.91818182e+01 1.785402507649808e-19
8.93181818e+01 1.784039084382879e-19
8.94545455e+01 1.782678779888952e-19
8.95909091e+01 1.781321582296029e-19
8.97272727e+01 1.779967479795284e-19
8.98636364e+01 1.778616460640633e-19
9.00000000e+01 1.777268513148304e-19
9.01363636e+01 1.775923625696417e-19
9.02727273e+01 1.774581786724557e-19
9.04090909e+01 1.773242984733362e-19
9.05454545e+01 1.771907208284107e-19
9.06818182e+01 1.770574445998291e-19
9.08181818e+01 1.769244686557236e-19
9.09545455e+01 1.767917918701677e-19
9.10909091e+01 1.766594131231364e-19
9.12272727e+01 1.765273313004668e-19
9.13636364e+01 1.763955452938183e-19
9.15000000e+01 1.762640540006334e-19
9.16363636e+01 1.761328563240996e-19
9.17727273e+01 1.760019511731104e-19
9.19090909e+01 1.758713374622275e-19
9.20454545e+01 1.757410141116428e-19
9.21818182e+01 1.756109800471410e-19
9.23181818e+01 1.754812342000624e-19
9.24545455e+01 1.753517755072661e-19
9.25909091e+01 1.752226029110932e-19
9.27272727e+01 1.750937153593307e-19
9.28636364e+01 1.749651118051755e-19
9.30000000e+01 1.748367912071985e-19
9.31363636e+01 1.747087525293094e-19
9.32727273e+01 1.745809947407216e-19
9.34090909e+01 1.744535168159168e-19
9.35454545e+01 1.743263177346113e-19
9.36818182e+01 1.741993964817210e-19
9.38181818e+01 1.740727520473277e-19
9.39545455e+01 1.739463834266453e-19
9.40909091e+01 1.738202896199861e-19
9.42272727e+01 1.736944696327281e-19
9.43636364e+01 1.735689224752814e-19
9.45000000e+01 1.734436471630561e-19
9.46363636e+01 1.733186427164295e-19
9.47727273e+01 1.731939081607139e-19
9.49090909e+01 1.730694425261249e-19
9.50454545e+01 1.729452448477498e-19
9.51818182e+01 1.728213141655157e-19
9.53181818e+01 1.726976495241591e-19
9.54545455e+01 1.725742499731941e-19
9.55909091e+01 1.724511145668823e-19
9.57272727e+01 1.723282423642023e-19
9.58636364e+01 1.722056324288192e-19
9.60000000e+01 1.720832838290550e-19
9.61363636e+01 1.719611956378587e-19
9.62727273e+01 1.718393669327765e-19
9.64090909e+01 1.717177967959233e-19
9.65454545e+01 1.715964843139528e-19
9.66818182e+01 1.714754285780293e-19
9.68181818e+01 1.713546286837985e-19
9.69545455e+01 1.712340837313598e-19
9.70909091e+01 1.711137928252378e-19
9.72272727e+01 1.709937550743542e-19
9.73636364e+01 1.708739695920005e-19
9.75000000e+01 1.707544354958101e-19
9.76363636e+01 1.706351519077311e-19
9.77727273e+01 1.705161179539995e-19
9.79090909e+01 1.703973327651118e-19
9.80454545e+01 1.702787954757988e-19
9.81818182e+01 1.701605052249988e-19
9.83181818e+01 1.700424611558316e-19
9.84545455e+01 1.699246624155722e-19
9.85909091e+01 1.698071081556250e-19
9.87272727e+01 1.696897975314982e-19
9.88636364e+01 1.695727297027783e-19
9.90000000e+01 1.694559038331046e-19
9.91363636e+01 1.693393190901446e-19
9.92727273e+01 1.692229746455684e-19
9.94090909e+01 1.691068696750247e-19
9.95454545e+01 1.689910033581156e-19
9.96818182e+01 1.688753748783729e-19
9.98181818e+01 1.687599834232334e-19
9.99545455e+01 1.686448281840152e-19
1.00090909e+02 1.685299083558938e-19
1.00227273e+02 1.684152231378785e-19
1.00363636e+02 1.683007717327890e-19
1.00500000e+02 1.681865533472321e-19
1.00636364e+02 1.680725671915785e-19
1.00772727e+02 1.679588124799400e-19
1.00909091e+02 1.678452884301466e-19
1.01045455e+02 1.677319942637242e-19
1.01181818e+02 1.676189292058719e-19
1.01318182e+02 1.675060924854398e-19
1.01454545e+02 1.673934833349068e-19
1.01590909e+02 1.672811009903592e-19
1.01727273e+02 1.671689446914682e-19
1.01863636e+02 1.670570136814688e-19
1.02000000e+02 1.669453072071382e-19
1.02136364e+02 1.668338245187743e-19
1.02272727e+02 1.667225648701752e-19
1.02409091e+02 1.666115275186174e-19
1.02545455e+02 1.665007117248355e-19
1.02681818e+02 1.663901167530015e-19
1.02818182e+02 1.662797418707041e-19
1.02954545e+02 1.661695863489284e-19
1.03090909e+02 1.660596494620356e-19
1.03227273e+02 1.659499304877433e-19
1.03363636e+02 1.658404287071050e-19
1.03500000e+02 1.657311434044907e-19
1.03636364e+02 1.656220738675671e-19
1.03772727e+02 1.655132193872783e-19
1.03909091e+02 1.654045792578260e-19
1.04045455e+02 1.652961527766509e-19
1.04181818e+02 1.651879392444130e-19
1.04318182e+02 1.650799379649732e-19
1.04454545e+02 1.649721482453740e-19
1.04590909e+02 1.648645693958212e-19
1.04727273e+02 1.647572007296652e-19
1.04863636e+02 1.646500415633825e-19
1.05000000e+02 1.645430912165577e-19
1.05136364e+02 1.644363490118652e-19
1.05272727e+02 1.643298142750509e-19
1.05409091e+02 1.642234863349149e-19
1.05545455e+02 1.641173645232932e-19
1.05681818e+02 1.640114481750405e-19
1.05818182e+02 1.639057366280122e-19
1.05954545e+02 1.638002292230477e-19
1.06090909e+02 1.636949253039522e-19
1.06227273e+02 1.635898242174806e-19
1.06363636e+02 1.634849253133197e-19
1.06500000e+02 1.633802279440715e-19
1.06636364e+02 1.632757314652367e-19
1.06772727e+02 1.631714352351978e-19
1.06909091e+02 1.630673386152024e-19
1.07045455e+02 1.629634409693470e-19
1.07181818e+02 1.628597416645608e-19
1.07318182e+02 1.627562400705893e-19
1.07454545e+02 1.626529355599780e-19
1.07590909e+02 1.625498275080568e-19
1.07727273e+02 1.624469152929242e-19
1.07863636e+02 1.623441982954311e-19
1.08000000e+02 1.622416758991655e-19
1.08136364e+02 1.621393474904368e-19
1.08272727e+02 1.620372124582606e-19
1.08409091e+02 1.619352701943430e-19
1.08545455e+02 1.618335200930658e-19
1.08681818e+02 1.617319615514710e-19
1.08818182e+02 1.616305939692461e-19
1.08954545e+02 1.615294167487091e-19
1.09090909e+02 1.614284292947936e-19
1.09227273e+02 1.613276310150341e-19
1.09363636e+02 1.612270213195519e-19
1.09500000e+02 1.611265996210395e-19
1.09636364e+02 1.610263653347475e-19
1.09772727e+02 1.609263178784693e-19
1.09909091e+02 1.608264566725275e-19
1.10045455e+02 1.607267811397594e-19
1.10181818e+02 1.606272907055033e-19
1.10318182e+02 1.605279847975843e-19
1.10454545e+02 1.604288628463008e-19
1.10590909e+02 1.603299242844105e-19
1.10727273e+02 1.602311685471168e-19
1.10863636e+02 1.601325950720554e-19
1.11000000e+02 1.600342032992808e-19
1.11136364e+02 1.599359926712529e-19
1.11272727e+02 1.598379626328237e-19
1.11409091e+02 1.597401126312241e-19
1.11545455e+02 1.596424421160510e-19
1.11681818e+02 1.595449505392542e-19
1.11818182e+02 1.594476373551233e-19
1.11954545e+02 1.593505020202751e-19
1.12090909e+02 1.592535439936408e-19
1.12227273e+02 1.591567627364532e-19
1.12363636e+02 1.590601577122346e-19
1.12500000e+02 1.589637283867835e-19
1.12636364e+02 1.588674742281629e-19
1.12772727e+02 1.587713947066877e-19
1.12909091e+02 1.586754892949125e-19
1.13045455e+02 1.585797574676193e-19
1.13181818e+02 1.584841987018056e-19
1.13318182e+02 1.583888124766726e-19
1.13454545e+02 1.582935982736126e-19
1.13590909e+02 1.581985555761978e-19
1.13727273e+02 1.581036838701684e-19
1.13863636e+02 1.580089826434206e-19
1.14000000e+02 1.579144513859953e-19
1.14136364e+02 1.578200895900666e-19
1.14272727e+02 1.577258967499301e-19
1.14409091e+02 1.576318723619917e-19
1.14545455e+02 1.575380159247562e-19
1.14681818e+02 1.574443269388161e-19
1.14818182e+02 1.573508049068405e-19
1.14954545e+02 1.572574493335638e-19
1.15090909e+02 1.571642597257750e-19
1.15227273e+02 1.570712355923066e-19
1.15363636e+02 1.569783764440236e-19
1.15500000e+02 1.568856817938128e-19
1.15636364e+02 1.567931511565722e-19
1.15772727e+02 1.567007840492002e-19
1.15909091e+02 1.566085799905850e-19
1.16045455e+02 1.565165385015940e-19
1.16181818e+02 1.564246591050636e-19
1.16318182e+02 1.563329413257887e-19
1.16454545e+02 1.562413846905121e-19
1.16590909e+02 1.561499887279147e-19
1.16727273e+02 1.560587529686049e-19
1.16863636e+02 1.559676769451088e-19
1.17000000e+02 1.558767601918601e-19
1.17136364e+02 1.557860022451896e-19
1.17272727e+02 1.556954026433162e-19
1.17409091e+02 1.556049609263360e-19
1.17545455e+02 1.555146766362135e-19
1.17681818e+02 1.554245493167709e-19
1.17818182e+02 1.553345785136792e-19
1.17954545e+02 1.552447637744481e-19
1.18090909e+02 1.551551046484167e-19
1.18227273e+02 1.550656006867437e-19
1.18363636e+02 1.549762514423984e-19
1.18500000e+02 1.548870564701510e-19
1.18636364e+02 1.547980153265633e-19
1.18772727e+02 1.547091275699796e-19
1.18909091e+02 1.546203927605174e-19
1.19045455e+02 1.545318104600583e-19
1.19181818e+02 1.544433802322387e-19
1.19318182e+02 1.543551016424413e-19
1.19454545e+02 1.542669742577854e-19
1.19590909e+02 1.541789976471185e-19
1.19727273e+02 1.540911713810074e-19
1.19863636e+02 1.540034950317293e-19
1.20000000e+02 1.539159681732629e-19
1.20136364e+02 1.538285903812800e-19
1.20272727e+02 1.537413612331367e-19
1.20409091e+02 1.536542803078648e-19
1.20545455e+02 1.535673471861633e-19
1.20681818e+02 1.534805614503900e-19
1.20818182e+02 1.533939226845528e-19
1.20954545e+02 1.533074304743017e-19
1.21090909e+02 1.532210844069203e-19
1.21227273e+02 1.531348840713174e-19
1.21363636e+02 1.530488290580190e-19
1.21500000e+02 1.529629189591600e-19
1.21636364e+02 1.528771533684762e-19
1.21772727e+02 1.527915318812959e-19
1.21909091e+02 1.527060540945325e-19
1.22045455e+02 1.526207196066759e-19
1.22181818e+02 1.525355280177849e-19
1.22318182e+02 1.524504789294792e-19
1.22454545e+02 1.523655719449317e-19
1.22590909e+02 1.522808066688608e-19
1.22727273e+02 1.521961827075222e-19
1.22863636e+02 1.521116996687019e-19
1.23000000e+02 1.520273571617080e-19
1.23136364e+02 1.519431547973635e-19
1.23272727e+02 1.518590921879984e-19
1.23409091e+02 1.517751689474424e-19
1.23545455e+02 1.516913846910176e-19
1.23681818e+02 1.516077390355309e-19
1.23818182e+02 1.515242315992665e-19
1.23954545e+02 1.514408620019790e-19
1.24090909e+02 1.513576298648857e-19
1.24227273e+02 1.512745348106597e-19
1.24363636e+02 1.511915764634224e-19
1.24500000e+02 1.511087544487365e-19
1.24636364e+02 1.510260683935994e-19
1.24772727e+02 1.509435179264350e-19
1.24909091e+02 1.508611026770880e-19
1.25045455e+02 1.507788222768157e-19
1.25181818e+02 1.506966763582821e-19
1.25318182e+02 1.506146645555505e-19
1.25454545e+02 1.505327865040765e-19
1.25590909e+02 1.504510418407018e-19
1.25727273e+02 1.503694302036466e-19
1.25863636e+02 1.502879512325037e-19
1.26000000e+02 1.502066045682314e-19
1.26136364e+02 1.501253898531467e-19
1.26272727e+02 1.500443067309191e-19
1.26409091e+02 1.499633548465637e-19
1.26545455e+02 1.498825338464350e-19
1.26681818e+02 1.498018433782200e-19
1.26818182e+02 1.497212830909320e-19
1.26954545e+02 1.496408526349042e-19
1.27090909e+02 1.495605516617834e-19
1.27227273e+02 1.494803798245233e-19
1.27363636e+02 1.494003367773786e-19
1.27500000e+02 1.493204221758986e-19
1.27636364e+02 1.492406356769209e-19
1.27772727e+02 1.491609769385652e-19
1.27909091e+02 1.490814456202273e-19
1.28045455e+02 1.490020413825728e-19
1.28181818e+02 1.489227638875314e-19
1.28318182e+02 1.488436127982902e-19
1.28454545e+02 1.487645877792882e-19
1.28590909e+02 1.486856884962103e-19
1.28727273e+02 1.486069146159811e-19
1.28863636e+02 1.485282658067592e-19
1.29000000e+02 1.484497417379313e-19
1.29136364e+02 1.483713420801062e-19
1.29272727e+02 1.482930665051092e-19
1.29409091e+02 1.482149146859764e-19
1.29545455e+02 1.481368862969486e-19
1.29681818e+02 1.480589810134660e-19
1.29818182e+02 1.479811985121622e-19
1.29954545e+02 1.479035384708587e-19
1.30090909e+02 1.478260005685594e-19
1.30227273e+02 1.477485844854451e-19
1.30363636e+02 1.476712899028674e-19
1.30500000e+02 1.475941165033439e-19
1.30636364e+02 1.475170639705522e-19
1.30772727e+02 1.474401319893249e-19
1.30909091e+02 1.473633202456437e-19
1.31045455e+02 1.472866284266344e-19
1.31181818e+02 1.472100562205614e-19
1.31318182e+02 1.471336033168224e-19
1.31454545e+02 1.470572694059430e-19
1.31590909e+02 1.469810541795716e-19
1.31727273e+02 1.469049573304743e-19
1.31863636e+02 1.468289785525291e-19
1.32000000e+02 1.467531175407214e-19
1.32136364e+02 1.466773739911387e-19
1.32272727e+02 1.466017476009650e-19
1.32409091e+02 1.465262380684764e-19
1.32545455e+02 1.464508450930357e-19
1.32681818e+02 1.463755683750872e-19
1.32818182e+02 1.463004076161523e-19
1.32954545e+02 1.462253625188236e-19
1.33090909e+02 1.461504327867609e-19
1.33227273e+02 1.460756181246858e-19
1.33363636e+02 1.460009182383769e-19
1.33500000e+02 1.459263328346648e-19
1.33636364e+02 1.458518616214276e-19
1.33772727e+02 1.457775043075856e-19
1.33909091e+02 1.457032606030972e-19
1.34045455e+02 1.456291302189536e-19
1.34181818e+02 1.455551128671740e-19
1.34318182e+02 1.454812082608014e-19
1.34454545e+02 1.454074161138978e-19
1.34590909e+02 1.453337361415390e-19
1.34727273e+02 1.452601680598109e-19
1.34863636e+02 1.451867115858040e-19
1.35000000e+02 1.451133664376094e-19
1.35136364e+02 1.450401323343141e-19
1.35272727e+02 1.449670089959964e-19
1.35409091e+02 1.448939961437216e-19
1.35545455e+02 1.448210934995374e-19
1.35681818e+02 1.447483007864693e-19
1.35818182e+02 1.446756177285165e-19
1.35954545e+02 1.446030440506474e-19
1.36090909e+02 1.445305794787950e-19
1.36227273e+02 1.444582237398529e-19
1.36363636e+02 1.443859765616707e-19
1.36500000e+02 1.443138376730500e-19
1.36636364e+02 1.442418068037395e-19
1.36772727e+02 1.441698836844318e-19
1.36909091e+02 1.440980680467580e-19
1.37045455e+02 1.440263596232844e-19
1.37181818e+02 1.439547581475079e-19
1.37318182e+02 1.438832633538518e-19
1.37454545e+02 1.438118749776618e-19
1.37590909e+02 1.437405927552018e-19
1.37727273e+02 1.436694164236502e-19
1.37863636e+02 1.435983457210951e-19
1.38000000e+02 1.435273803865308e-19
1.38136364e+02 1.434565201598535e-19
1.38272727e+02 1.433857647818578e-19
1.38409091e+02 1.433151139942318e-19
1.38545455e+02 1.432445675395539e-19
1.38681818e+02 1.431741251612889e-19
1.38818182e+02 1.431037866037834e-19
1.38954545e+02 1.430335516122626e-19
1.39090909e+02 1.429634199328260e-19
1.39227273e+02 1.428933913124436e-19
1.39363636e+02 1.428234654989524e-19
1.39500000e+02 1.427536422410523e-19
1.39636364e+02 1.426839212883021e-19
1.39772727e+02 1.426143023911161e-19
1.39909091e+02 1.425447853007605e-19
1.40045455e+02 1.424753697693489e-19
1.40181818e+02 1.424060555498394e-19
1.40318182e+02 1.423368423960305e-19
1.40454545e+02 1.422677300625576e-19
1.40590909e+02 1.421987183048890e-19
1.40727273e+02 1.421298068793229e-19
1.40863636e+02 1.420609955429830e-19
1.41000000e+02 1.419922840538157e-19
1.41136364e+02 1.419236721705857e-19
1.41272727e+02 1.418551596528735e-19
1.41409091e+02 1.417867462610705e-19
1.41545455e+02 1.417184317563768e-19
1.41681818e+02 1.416502159007969e-19
1.41818182e+02 1.415820984571365e-19
1.41954545e+02 1.415140791889988e-19
1.42090909e+02 1.414461578607814e-19
1.42227273e+02 1.413783342376728e-19
1.42363636e+02 1.413106080856485e-19
1.42500000e+02 1.412429791714686e-19
1.42636364e+02 1.411754472626731e-19
1.42772727e+02 1.411080121275800e-19
1.42909091e+02 1.410406735352807e-19
1.43045455e+02 1.409734312556374e-19
1.43181818e+02 1.409062850592797e-19
1.43318182e+02 1.408392347176010e-19
1.43454545e+02 1.407722800027558e-19
1.43590909e+02 1.407054206876556e-19
1.43727273e+02 1.406386565459668e-19
1.43863636e+02 1.405719873521062e-19
1.44000000e+02 1.405054128812388e-19
1.44136364e+02 1.404389329092744e-19
1.44272727e+02 1.403725472128640e-19
1.44409091e+02 1.403062555693970e-19
1.44545455e+02 1.402400577569981e-19
1.44681818e+02 1.401739535545241e-19
1.44818182e+02 1.401079427415607e-19
1.44954545e+02 1.400420250984195e-19
1.45090909e+02 1.399762004061350e-19
1.45227273e+02 1.399104684464615e-19
1.45363636e+02 1.398448290018699e-19
1.45500000e+02 1.397792818555449e-19
1.45636364e+02 1.397138267913819e-19
1.45772727e+02 1.396484635939840e-19
1.45909091e+02 1.395831920486591e-19
1.46045455e+02 1.395180119414167e-19
1.46181818e+02 1.394529230589652e-19
1.46318182e+02 1.393879251887091e-19
1.46454545e+02 1.393230181187456e-19
1.46590909e+02 1.392582016378622e-19
1.46727273e+02 1.391934755355333e-19
1.46863636e+02 1.391288396019178e-19
1.47000000e+02 1.390642936278562e-19
1.47136364e+02 1.389998374048673e-19
1.47272727e+02 1.389354707251460e-19
1.47409091e+02 1.388711933815600e-19
1.47545455e+02 1.388070051676471e-19
1.47681818e+02 1.387429058776128e-19
1.47818182e+02 1.386788953063268e-19
1.47954545e+02 1.386149732493210e-19
1.48090909e+02 1.385511395027864e-19
1.48227273e+02 1.384873938635700e-19
1.48363636e+02 1.384237361291731e-19
1.48500000e+02 1.383601660977475e-19
1.48636364e+02 1.382966835680933e-19
1.48772727e+02 1.382332883396565e-19
1.48909091e+02 1.381699802125259e-19
1.49045455e+02 1.381067589874305e-19
1.49181818e+02 1.380436244657370e-19
1.49318182e+02 1.379805764494473e-19
1.49454545e+02 1.379176147411956e-19
1.49590909e+02 1.378547391442460e-19
1.49727273e+02 1.377919494624898e-19
1.49863636e+02 1.377292455004431e-19
1.50000000e+02 1.376666270632440e-19
1.50136364e+02 1.376040939566503e-19
1.50272727e+02 1.375416459870368e-19
1.50409091e+02 1.374792829613929e-19
1.50545455e+02 1.374170046873199e-19
1.50681818e+02 1.373548109730289e-19
1.50818182e+02 1.372927016273378e-19
1.50954545e+02 1.372306764596693e-19
1.51090909e+02 1.371687352800481e-19
1.51227273e+02 1.371068778990987e-19
1.51363636e+02 1.370451041280427e-19
1.51500000e+02 1.369834137786968e-19
1.51636364e+02 1.369218066634698e-19
1.51772727e+02 1.368602825953609e-19
1.51909091e+02 1.367988413879568e-19
1.52045455e+02 1.367374828554295e-19
1.52181818e+02 1.366762068125337e-19
1.52318182e+02 1.366150130746051e-19
1.52454545e+02 1.365539014575573e-19
1.52590909e+02 1.364928717778799e-19
1.52727273e+02 1.364319238526363e-19
1.52863636e+02 1.363710574994609e-19
1.53000000e+02 1.363102725365572e-19
1.53136364e+02 1.362495687826955e-19
1.53272727e+02 1.361889460572105e-19
1.53409091e+02 1.361284041799991e-19
1.53545455e+02 1.360679429715181e-19
1.53681818e+02 1.360075622527821e-19
1.53818182e+02 1.359472618453611e-19
1.53954545e+02 1.358870415713785e-19
1.54090909e+02 1.358269012535086e-19
1.54227273e+02 1.357668407149747e-19
1.54363636e+02 1.357068597795467e-19
1.54500000e+02 1.356469582715392e-19
1.54636364e+02 1.355871360158088e-19
1.54772727e+02 1.355273928377527e-19
1.54909091e+02 1.354677285633059e-19
1.55045455e+02 1.354081430189396e-19
1.55181818e+02 1.353486360316584e-19
1.55318182e+02 1.352892074289991e-19
1.55454545e+02 1.352298570390278e-19
1.55590909e+02 1.351705846903382e-19
1.55727273e+02 1.351113902120494e-19
1.55863636e+02 1.350522734338040e-19
1.56000000e+02 1.349932341857657e-19
1.56136364e+02 1.349342722986177e-19
1.56272727e+02 1.348753876035602e-19
1.56409091e+02 1.348165799323087e-19
1.56545455e+02 1.347578491170920e-19
1.56681818e+02 1.346991949906498e-19
1.56818182e+02 1.346406173862312e-19
1.56954545e+02 1.345821161375924e-19
1.57090909e+02 1.345236910789946e-19
1.57227273e+02 1.344653420452026e-19
1.57363636e+02 1.344070688714821e-19
1.57500000e+02 1.343488713935983e-19
1.57636364e+02 1.342907494478137e-19
1.57772727e+02 1.342327028708862e-19
1.57909091e+02 1.341747315000673e-19
1.58045455e+02 1.341168351730998e-19
1.58181818e+02 1.340590137282167e-19
1.58318182e+02 1.340012670041382e-19
1.58454545e+02 1.339435948400707e-19
1.58590909e+02 1.338859970757046e-19
1.58727273e+02 1.338284735512123e-19
1.58863636e+02 1.337710241072467e-19
1.59000000e+02 1.337136485849388e-19
1.59136364e+02 1.336563468258965e-19
1.59272727e+02 1.335991186722022e-19
1.59409091e+02 1.335419639664112e-19
1.59545455e+02 1.334848825515502e-19
1.59681818e+02 1.334278742711147e-19
1.59818182e+02 1.333709389690681e-19
1.59954545e+02 1.333140764898393e-19
1.60090909e+02 1.332572866783211e-19
1.60227273e+02 1.332005693798684e-19
1.60363636e+02 1.331439244402965e-19
1.60500000e+02 1.330873517058792e-19
1.60636364e+02 1.330308510233474e-19
1.60772727e+02 1.329744222398867e-19
1.60909091e+02 1.329180652031363e-19
1.61045455e+02 1.328617797611871e-19
1.61181818e+02 1.328055657625797e-19
1.61318182e+02 1.327494230563031e-19
1.61454545e+02 1.326933514917927e-19
1.61590909e+02 1.326373509189286e-19
1.61727273e+02 1.325814211880341e-19
1.61863636e+02 1.325255621498741e-19
1.62000000e+02 1.324697736556529e-19
1.62136364e+02 1.324140555570132e-19
1.62272727e+02 1.323584077060341e-19
1.62409091e+02 1.323028299552293e-19
1.62545455e+02 1.322473221575459e-19
1.62681818e+02 1.321918841663622e-19
1.62818182e+02 1.321365158354867e-19
1.62954545e+02 1.320812170191559e-19
1.63090909e+02 1.320259875720333e-19
1.63227273e+02 1.319708273492070e-19
1.63363636e+02 1.319157362061889e-19
1.63500000e+02 1.318607139989126e-19
1.63636364e+02 1.318057605837321e-19
1.63772727e+02 1.317508758174200e-19
1.63909091e+02 1.316960595571661e-19
1.64045455e+02 1.316413116605757e-19
1.64181818e+02 1.315866319856682e-19
1.64318182e+02 1.315320203908754e-19
1.64454545e+02 1.314774767350402e-19
1.64590909e+02 1.314230008774148e-19
1.64727273e+02 1.313685926776591e-19
1.64863636e+02 1.313142519958398e-19
1.65000000e+02 1.312599786924280e-19
1.65136364e+02 1.312057726282983e-19
1.65272727e+02 1.311516336647274e-19
1.65409091e+02 1.310975616633919e-19
1.65545455e+02 1.310435564863677e-19
1.65681818e+02 1.309896179961277e-19
1.65818182e+02 1.309357460555412e-19
1.65954545e+02 1.308819405278714e-19
1.66090909e+02 1.308282012767751e-19
1.66227273e+02 1.307745281663001e-19
1.66363636e+02 1.307209210608846e-19
1.66500000e+02 1.306673798253554e-19
1.66636364e+02 1.306139043249267e-19
1.66772727e+02 1.305604944251981e-19
1.66909091e+02 1.305071499921541e-19
1.67045455e+02 1.304538708921619e-19
1.67181818e+02 1.304006569919702e-19
1.67318182e+02 1.303475081587081e-19
1.67454545e+02 1.302944242598832e-19
1.67590909e+02 1.302414051633808e-19
1.67727273e+02 1.301884507374621e-19
1.67863636e+02 1.301355608507628e-19
1.68000000e+02 1.300827353722921e-19
1.68136364e+02 1.300299741714309e-19
1.68272727e+02 1.299772771179307e-19
1.68409091e+02 1.299246440819124e-19
1.68545455e+02 1.298720749338644e-19
1.68681818e+02 1.298195695446420e-19
1.68818182e+02 1.297671277854653e-19
1.68954545e+02 1.297147495279186e-19
1.69090909e+02 1.296624346439486e-19
1.69227273e+02 1.296101830058631e-19
1.69363636e+02 1.295579944863300e-19
1.69500000e+02 1.295058689583757e-19
1.69636364e+02 1.294538062953840e-19
1.69772727e+02 1.294018063710947e-19
1.69909091e+02 1.293498690596022e-19
1.70045455e+02 1.292979942353545e-19
1.70181818e+02 1.292461817731517e-19
1.70318182e+02 1.291944315481449e-19
1.70454545e+02 1.291427434358348e-19
1.70590909e+02 1.290911173120706e-19
1.70727273e+02 1.290395530530483e-19
1.70863636e+02 1.289880505353101e-19
1.71000000e+02 1.289366096357428e-19
1.71136364e+02 1.288852302315765e-19
1.71272727e+02 1.288339122003836e-19
1.71409091e+02 1.287826554200775e-19
1.71545455e+02 1.287314597689110e-19
1.71681818e+02 1.286803251254760e-19
1.71818182e+02 1.286292513687011e-19
1.71954545e+02 1.285782383778514e-19
1.72090909e+02 1.285272860325268e-19
1.72227273e+02 1.284763942126609e-19
1.72363636e+02 1.284255627985198e-19
1.72500000e+02 1.283747916707011e-19
1.72636364e+02 1.283240807101324e-19
1.72772727e+02 1.282734297980704e-19
1.72909091e+02 1.282228388160994e-19
1.73045455e+02 1.281723076461307e-19
1.73181818e+02 1.281218361704010e-19
1.73318182e+02 1.280714242714711e-19
1.73454545e+02 1.280210718322254e-19
1.73590909e+02 1.279707787358700e-19
1.73727273e+02 1.279205448659322e-19
1.73863636e+02 1.278703701062589e-19
1.74000000e+02 1.278202543410159e-19
1.74136364e+02 1.277701974546862e-19
1.74272727e+02 1.277201993320695e-19
1.74409091e+02 1.276702598582808e-19
1.74545455e+02 1.276203789187491e-19
1.74681818e+02 1.275705563992167e-19
1.74818182e+02 1.275207921857377e-19
1.74954545e+02 1.274710861646773e-19
1.75090909e+02 1.274214382227105e-19
1.75227273e+02 1.273718482468208e-19
1.75363636e+02 1.273223161242996e-19
1.75500000e+02 1.272728417427448e-19
1.75636364e+02 1.272234249900597e-19
1.75772727e+02 1.271740657544521e-19
1.75909091e+02 1.271247639244333e-19
1.76045455e+02 1.270755193888166e-19
1.76181818e+02 1.270263320367170e-19
1.76318182e+02 1.269772017575493e-19
1.76454545e+02 1.269281284410276e-19
1.76590909e+02 1.268791119771642e-19
1.76727273e+02 1.268301522562685e-19
1.76863636e+02 1.267812491689459e-19
1.77000000e+02 1.267324026060968e-19
1.77136364e+02 1.266836124589157e-19
1.77272727e+02 1.266348786188901e-19
1.77409091e+02 1.265862009777993e-19
1.77545455e+02 1.265375794277138e-19
1.77681818e+02 1.264890138609940e-19
1.77818182e+02 1.264405041702892e-19
1.77954545e+02 1.263920502485366e-19
1.78090909e+02 1.263436519889607e-19
1.78227273e+02 1.262953092850716e-19
1.78363636e+02 1.262470220306646e-19
1.78500000e+02 1.261987901198190e-19
1.78636364e+02 1.261506134468973e-19
1.78772727e+02 1.261024919065437e-19
1.78909091e+02 1.260544253936839e-19
1.79045455e+02 1.260064138035234e-19
1.79181818e+02 1.259584570315473e-19
1.79318182e+02 1.259105549735185e-19
1.79454545e+02 1.258627075254774e-19
1.79590909e+02 1.258149145837408e-19
1.79727273e+02 1.257671760449007e-19
1.79863636e+02 1.257194918058237e-19
1.80000000e+02 1.256718617636499e-19
1.80136364e+02 1.256242858157917e-19
1.80272727e+02 1.255767638599336e-19
1.80409091e+02 1.255292957940306e-19
1.80545455e+02 1.254818815163074e-19
1.80681818e+02 1.254345209252578e-19
1.80818182e+02 1.253872139196434e-19
1.80954545e+02 1.253399603984930e-19
1.81090909e+02 1.252927602611016e-19
1.81227273e+02 1.252456134070293e-19
1.81363636e+02 1.251985197361006e-19
1.81500000e+02 1.251514791484036e-19
1.81636364e+02 1.251044915442889e-19
1.81772727e+02 1.250575568243688e-19
1.81909091e+02 1.250106748895163e-19
1.82045455e+02 1.249638456408645e-19
1.82181818e+02 1.249170689798055e-19
1.82318182e+02 1.248703448079896e-19
1.82454545e+02 1.248236730273244e-19
1.82590909e+02 1.247770535399739e-19
1.82727273e+02 1.247304862483577e-19
1.82863636e+02 1.246839710551502e-19
1.83000000e+02 1.246375078632797e-19
1.83136364e+02 1.245910965759273e-19
1.83272727e+02 1.245447370965267e-19
1.83409091e+02 1.244984293287625e-19
1.83545455e+02 1.244521731765700e-19
1.83681818e+02 1.244059685441342e-19
1.83818182e+02 1.243598153358888e-19
1.83954545e+02 1.243137134565155e-19
1.84090909e+02 1.242676628109434e-19
1.84227273e+02 1.242216633043476e-19
1.84363636e+02 1.241757148421489e-19
1.84500000e+02 1.241298173300129e-19
1.84636364e+02 1.240839706738488e-19
1.84772727e+02 1.240381747798093e-19
1.84909091e+02 1.239924295542890e-19
1.85045455e+02 1.239467349039242e-19
1.85181818e+02 1.239010907355917e-19
1.85318182e+02 1.238554969564083e-19
1.85454545e+02 1.238099534737299e-19
1.85590909e+02 1.237644601951506e-19
1.85727273e+02 1.237190170285020e-19
1.85863636e+02 1.236736238818526e-19
1.86000000e+02 1.236282806635066e-19
1.86136364e+02 1.235829872820035e-19
1.86272727e+02 1.235377436461171e-19
1.86409091e+02 1.234925496648549e-19
1.86545455e+02 1.234474052474572e-19
1.86681818e+02 1.234023103033964e-19
1.86818182e+02 1.233572647423762e-19
1.86954545e+02 1.233122684743308e-19
1.87090909e+02 1.232673214094243e-19
1.87227273e+02 1.232224234580499e-19
1.87363636e+02 1.231775745308289e-19
1.87500000e+02 1.231327745386103e-19
1.87636364e+02 1.230880233924699e-19
1.87772727e+02 1.230433210037094e-19
1.87909091e+02 1.229986672838561e-19
1.88045455e+02 1.229540621446617e-19
1.88181818e+02 1.229095054981018e-19
1.88318182e+02 1.228649972563752e-19
1.88454545e+02 1.228205373319029e-19
1.88590909e+02 1.227761256373278e-19
1.88727273e+02 1.227317620855137e-19
1.88863636e+02 1.226874465895445e-19
1.89000000e+02 1.226431790627239e-19
1.89136364e+02 1.225989594185741e-19
1.89272727e+02 1.225547875708357e-19
1.89409091e+02 1.225106634334664e-19
1.89545455e+02 1.224665869206409e-19
1.89681818e+02 1.224225579467496e-19
1.89818182e+02 1.223785764263984e-19
1.89954545e+02 1.223346422744076e-19
1.90090909e+02 1.222907554058117e-19
1.90227273e+02 1.222469157358581e-19
1.90363636e+02 1.222031231800069e-19
1.90500000e+02 1.221593776539301e-19
1.90636364e+02 1.221156790735107e-19
1.90772727e+02 1.220720273548421e-19
1.90909091e+02 1.220284224142279e-19
1.91045455e+02 1.219848641681804e-19
1.91181818e+02 1.219413525334207e-19
1.91318182e+02 1.218978874268774e-19
1.91454545e+02 1.218544687656863e-19
1.91590909e+02 1.218110964671898e-19
1.91727273e+02 1.217677704489361e-19
1.91863636e+02 1.217244906286783e-19
1.92000000e+02 1.216812569243741e-19
1.92136364e+02 1.216380692541853e-19
1.92272727e+02 1.215949275364764e-19
1.92409091e+02 1.215518316898148e-19
1.92545455e+02 1.215087816329697e-19
1.92681818e+02 1.214657772849114e-19
1.92818182e+02 1.214228185648110e-19
1.92954545e+02 1.213799053920394e-19
1.93090909e+02 1.213370376861671e-19
1.93227273e+02 1.212942153669629e-19
1.93363636e+02 1.212514383543940e-19
1.93500000e+02 1.212087065686248e-19
1.93636364e+02 1.211660199300168e-19
1.93772727e+02 1.211233783591273e-19
1.93909091e+02 1.210807817767096e-19
1.94045455e+02 1.210382301037116e-19
1.94181818e+02 1.209957232612756e-19
1.94318182e+02 1.209532611707379e-19
1.94454545e+02 1.209108437536275e-19
1.94590909e+02 1.208684709316661e-19
1.94727273e+02 1.208261426267675e-19
1.94863636e+02 1.207838587610363e-19
1.95000000e+02 1.207416192567682e-19
1.95136364e+02 1.206994240364489e-19
1.95272727e+02 1.206572730227534e-19
1.95409091e+02 1.206151661385457e-19
1.95545455e+02 1.205731033068783e-19
1.95681818e+02 1.205310844509911e-19
1.95818182e+02 1.204891094943113e-19
1.95954545e+02 1.204471783604525e-19
1.96090909e+02 1.204052909732145e-19
1.96227273e+02 1.203634472565823e-19
1.96363636e+02 1.203216471347256e-19
1.96500000e+02 1.202798905319985e-19
1.96636364e+02 1.202381773729386e-19
1.96772727e+02 1.201965075822667e-19
1.96909091e+02 1.201548810848860e-19
1.97045455e+02 1.201132978058815e-19
1.97181818e+02 1.200717576705199e-19
1.97318182e+02 1.200302606042485e-19
1.97454545e+02 1.199888065326946e-19
1.97590909e+02 1.199473953816657e-19
1.97727273e+02 1.199060270771480e-19
1.97863636e+02 1.198647015453064e-19
1.98000000e+02 1.198234187124837e-19
1.98136364e+02 1.197821785052005e-19
1.98272727e+02 1.197409808501538e-19
1.98409091e+02 1.196998256742174e-19
1.98545455e+02 1.196587129044406e-19
1.98681818e+02 1.196176424680483e-19
1.98818182e+02 1.195766142924397e-19
1.98954545e+02 1.195356283051886e-19
1.99090909e+02 1.194946844340422e-19
1.99227273e+02 1.194537826069209e-19
1.99363636e+02 1.194129227519178e-19
1.99500000e+02 1.193721047972979e-19
1.99636364e+02 1.193313286714977e-19
1.99772727e+02 1.192905943031248e-19
1.99909091e+02 1.192499016209573e-19
2.00045455e+02 1.192092505539432e-19
2.00181818e+02 1.191686410311999e-19
2.00318182e+02 1.191280729820137e-19
2.00454545e+02 1.190875463358394e-19
2.00590909e+02 1.190470610222996e-19
2.00727273e+02 1.190066169711843e-19
2.00863636e+02 1.189662141124503e-19
2.01000000e+02 1.189258523762209e-19
2.01136364e+02 1.188855316927849e-19
2.01272727e+02 1.188452519925968e-19
2.01409091e+02 1.188050132062757e-19
2.01545455e+02 1.187648152646053e-19
2.01681818e+02 1.187246580985327e-19
2.01818182e+02 1.186845416391686e-19
2.01954545e+02 1.186444658177866e-19
2.02090909e+02 1.186044305658225e-19
2.02227273e+02 1.185644358148739e-19
2.02363636e+02 1.185244814966998e-19
2.02500000e+02 1.184845675432203e-19
2.02636364e+02 1.184446938865154e-19
2.02772727e+02 1.184048604588255e-19
2.02909091e+02 1.183650671925499e-19
2.03045455e+02 1.183253140202474e-19
2.03181818e+02 1.182856008746347e-19
2.03318182e+02 1.182459276885868e-19
2.03454545e+02 1.182062943951361e-19
2.03590909e+02 1.181667009274720e-19
2.03727273e+02 1.181271472189405e-19
2.03863636e+02 1.180876332030435e-19
2.04000000e+02 1.180481588134388e-19
2.04136364e+02 1.180087239839391e-19
2.04272727e+02 1.179693286485118e-19
2.04409091e+02 1.179299727412787e-19
2.04545455e+02 1.178906561965150e-19
2.04681818e+02 1.178513789486494e-19
2.04818182e+02 1.178121409322634e-19
2.04954545e+02 1.177729420820909e-19
2.05090909e+02 1.177337823330177e-19
2.05227273e+02 1.176946616200809e-19
2.05363636e+02 1.176555798784687e-19
2.05500000e+02 1.176165370435200e-19
2.05636364e+02 1.175775330507235e-19
2.05772727e+02 1.175385678357179e-19
2.05909091e+02 1.174996413342908e-19
2.06045455e+02 1.174607534823787e-19
2.06181818e+02 1.174219042160664e-19
2.06318182e+02 1.173830934715866e-19
2.06454545e+02 1.173443211853195e-19
2.06590909e+02 1.173055872937921e-19
2.06727273e+02 1.172668917336781e-19
2.06863636e+02 1.172282344417974e-19
2.07000000e+02 1.171896153551155e-19
2.07136364e+02 1.171510344107432e-19
2.07272727e+02 1.171124915459360e-19
2.07409091e+02 1.170739866980940e-19
2.07545455e+02 1.170355198047612e-19
2.07681818e+02 1.169970908036252e-19
2.07818182e+02 1.169586996325165e-19
2.07954545e+02 1.169203462294087e-19
2.08090909e+02 1.168820305324174e-19
2.08227273e+02 1.168437524798001e-19
2.08363636e+02 1.168055120099559e-19
2.08500000e+02 1.167673090614246e-19
2.08636364e+02 1.167291435728871e-19
2.08772727e+02 1.166910154831641e-19
2.08909091e+02 1.166529247312163e-19
2.09045455e+02 1.166148712561437e-19
2.09181818e+02 1.165768549971853e-19
2.09318182e+02 1.165388758937186e-19
2.09454545e+02 1.165009338852594e-19
2.09590909e+02 1.164630289114611e-19
2.09727273e+02 1.164251609121147e-19
2.09863636e+02 1.163873298271477e-19
2.10000000e+02 1.163495355966246e-19
2.10136364e+02 1.163117781607459e-19
2.10272727e+02 1.162740574598477e-19
2.10409091e+02 1.162363734344017e-19
2.10545455e+02 1.161987260250144e-19
2.10681818e+02 1.161611151724269e-19
2.10818182e+02 1.161235408175146e-19
2.10954545e+02 1.160860029012865e-19
2.11090909e+02 1.160485013648851e-19
2.11227273e+02 1.160110361495860e-19
2.11363636e+02 1.159736071967971e-19
2.11500000e+02 1.159362144480590e-19
2.11636364e+02 1.158988578450437e-19
2.11772727e+02 1.158615373295551e-19
2.11909091e+02 1.158242528435279e-19
2.12045455e+02 1.157870043290276e-19
2.12181818e+02 1.157497917282500e-19
2.12318182e+02 1.157126149835210e-19
2.12454545e+02 1.156754740372958e-19
2.12590909e+02 1.156383688321593e-19
2.12727273e+02 1.156012993108246e-19
2.12863636e+02 1.155642654161338e-19
2.13000000e+02 1.155272670910568e-19
2.13136364e+02 1.154903042786914e-19
2.13272727e+02 1.154533769222627e-19
2.13409091e+02 1.154164849651226e-19
2.13545455e+02 1.153796283507499e-19
2.13681818e+02 1.153428070227496e-19
2.13818182e+02 1.153060209248526e-19
2.13954545e+02 1.152692700009151e-19
2.14090909e+02 1.152325541949189e-19
2.14227273e+02 1.151958734509703e-19
2.14363636e+02 1.151592277133003e-19
2.14500000e+02 1.151226169262637e-19
2.14636364e+02 1.150860410343394e-19
2.14772727e+02 1.150494999821294e-19
2.14909091e+02 1.150129937143590e-19
2.15045455e+02 1.149765221758759e-19
2.15181818e+02 1.149400853116506e-19
2.15318182e+02 1.149036830667751e-19
2.15454545e+02 1.148673153864634e-19
2.15590909e+02 1.148309822160506e-19
2.15727273e+02 1.147946835009929e-19
2.15863636e+02 1.147584191868670e-19
2.16000000e+02 1.147221892193700e-19
2.16136364e+02 1.146859935443188e-19
2.16272727e+02 1.146498321076499e-19
2.16409091e+02 1.146137048554192e-19
2.16545455e+02 1.145776117338014e-19
2.16681818e+02 1.145415526890897e-19
2.16818182e+02 1.145055276676958e-19
2.16954545e+02 1.144695366161489e-19
2.17090909e+02 1.144335794810962e-19
2.17227273e+02 1.143976562093019e-19
2.17363636e+02 1.143617667476471e-19
2.17500000e+02 1.143259110431296e-19
2.17636364e+02 1.142900890428634e-19
2.17772727e+02 1.142543006940784e-19
2.17909091e+02 1.142185459441201e-19
2.18045455e+02 1.141828247404493e-19
2.18181818e+02 1.141471370306416e-19
2.18318182e+02 1.141114827623876e-19
2.18454545e+02 1.140758618834919e-19
2.18590909e+02 1.140402743418729e-19
2.18727273e+02 1.140047200855632e-19
2.18863636e+02 1.139691990627083e-19
2.19000000e+02 1.139337112215668e-19
2.19136364e+02 1.138982565105103e-19
2.19272727e+02 1.138628348780223e-19
2.19409091e+02 1.138274462726989e-19
2.19545455e+02 1.137920906432476e-19
2.19681818e+02 1.137567679384874e-19
2.19818182e+02 1.137214781073487e-19
2.19954545e+02 1.136862210988723e-19
2.20090909e+02 1.136509968622100e-19
2.20227273e+02 1.136158053466234e-19
2.20363636e+02 1.135806465014843e-19
2.20500000e+02 1.135455202762739e-19
2.20636364e+02 1.135104266205829e-19
2.20772727e+02 1.134753654841108e-19
2.20909091e+02 1.134403368166659e-19
2.21045455e+02 1.134053405681648e-19
2.21181818e+02 1.133703766886324e-19
2.21318182e+02 1.133354451282011e-19
2.21454545e+02 1.133005458371109e-19
2.21590909e+02 1.132656787657092e-19
2.21727273e+02 1.132308438644499e-19
2.21863636e+02 1.131960410838939e-19
2.22000000e+02 1.131612703747080e-19
2.22136364e+02 1.131265316876655e-19
2.22272727e+02 1.130918249736449e-19
2.22409091e+02 1.130571501836305e-19
2.22545455e+02 1.130225072687116e-19
2.22681818e+02 1.129878961800823e-19
2.22818182e+02 1.129533168690414e-19
2.22954545e+02 1.129187692869918e-19
2.23090909e+02 1.128842533854406e-19
2.23227273e+02 1.128497691159982e-19
2.23363636e+02 1.128153164303789e-19
2.23500000e+02 1.127808952803999e-19
2.23636364e+02 1.127465056179811e-19
2.23772727e+02 1.127121473951452e-19
2.23909091e+02 1.126778205640171e-19
2.24045455e+02 1.126435250768237e-19
2.24181818e+02 1.126092608858935e-19
2.24318182e+02 1.125750279436567e-19
2.24454545e+02 1.125408262026445e-19
2.24590909e+02 1.125066556154890e-19
2.24727273e+02 1.124725161349228e-19
2.24863636e+02 1.124384077137791e-19
2.25000000e+02 1.124043303049911e-19
2.25136364e+02 1.123702838615916e-19
2.25272727e+02 1.123362683367131e-19
2.25409091e+02 1.123022836835872e-19
2.25545455e+02 1.122683298555448e-19
2.25681818e+02 1.122344068060151e-19
2.25818182e+02 1.122005144885260e-19
2.25954545e+02 1.121666528567035e-19
2.26090909e+02 1.121328218642716e-19
2.26227273e+02 1.120990214650518e-19
2.26363636e+02 1.120652516129630e-19
2.26500000e+02 1.120315122620213e-19
2.26636364e+02 1.119978033663397e-19
2.26772727e+02 1.119641248801275e-19
2.26909091e+02 1.119304767576907e-19
2.27045455e+02 1.118968589534311e-19
2.27181818e+02 1.118632714218464e-19
2.27318182e+02 1.118297141175300e-19
2.27454545e+02 1.117961869951702e-19
2.27590909e+02 1.117626900095509e-19
2.27727273e+02 1.117292231155502e-19
2.27863636e+02 1.116957862681411e-19
2.28000000e+02 1.116623794223907e-19
2.28136364e+02 1.116290025334602e-19
2.28272727e+02 1.115956555566046e-19
2.28409091e+02 1.115623384471722e-19
2.28545455e+02 1.115290511606048e-19
2.28681818e+02 1.114957936524371e-19
2.28818182e+02 1.114625658782967e-19
2.28954545e+02 1.114293677939033e-19
2.29090909e+02 1.113961993550694e-19
2.29227273e+02 1.113630605176992e-19
2.29363636e+02 1.113299512377887e-19
2.29500000e+02 1.112968714714255e-19
2.29636364e+02 1.112638211747884e-19
2.29772727e+02 1.112308003041473e-19
2.29909091e+02 1.111978088158629e-19
2.30045455e+02 1.111648466663864e-19
2.30181818e+02 1.111319138122593e-19
2.30318182e+02 1.110990102101133e-19
2.30454545e+02 1.110661358166698e-19
2.30590909e+02 1.110332905887398e-19
2.30727273e+02 1.110004744832237e-19
2.30863636e+02 1.109676874571109e-19
2.31000000e+02 1.109349294674799e-19
2.31136364e+02 1.109022004714977e-19
2.31272727e+02 1.108695004264196e-19
2.31409091e+02 1.108368292895893e-19
2.31545455e+02 1.108041870184383e-19
2.31681818e+02 1.107715735704858e-19
2.31818182e+02 1.107389889033385e-19
2.31954545e+02 1.107064329746904e-19
2.32090909e+02 1.106739057423225e-19
2.32227273e+02 1.106414071641024e-19
2.32363636e+02 1.106089371979845e-19
2.32500000e+02 1.105764958020094e-19
2.32636364e+02 1.105440829343038e-19
2.32772727e+02 1.105116985530803e-19
2.32909091e+02 1.104793426166371e-19
2.33045455e+02 1.104470150833579e-19
2.33181818e+02 1.104147159117114e-19
2.33318182e+02 1.103824450602515e-19
2.33454545e+02 1.103502024876168e-19
2.33590909e+02 1.103179881525302e-19
2.33727273e+02 1.102858020137992e-19
2.33863636e+02 1.102536440303152e-19
2.34000000e+02 1.102215141610535e-19
2.34136364e+02 1.101894123650731e-19
2.34272727e+02 1.101573386015163e-19
2.34409091e+02 1.101252928296087e-19
2.34545455e+02 1.100932750086588e-19
2.34681818e+02 1.100612850980579e-19
2.34818182e+02 1.100293230572800e-19
2.34954545e+02 1.099973888458811e-19
2.35090909e+02 1.099654824234997e-19
2.35227273e+02 1.099336037498559e-19
2.35363636e+02 1.099017527847517e-19
2.35500000e+02 1.098699294880704e-19
2.35636364e+02 1.098381338197768e-19
2.35772727e+02 1.098063657399164e-19
2.35909091e+02 1.097746252086160e-19
2.36045455e+02 1.097429121860825e-19
2.36181818e+02 1.097112266326038e-19
2.36318182e+02 1.096795685085477e-19
2.36454545e+02 1.096479377743618e-19
2.36590909e+02 1.096163343905740e-19
2.36727273e+02 1.095847583177914e-19
2.36863636e+02 1.095532095167006e-19
2.37000000e+02 1.095216879480675e-19
2.37136364e+02 1.094901935727367e-19
2.37272727e+02 1.094587263516320e-19
2.37409091e+02 1.094272862457553e-19
2.37545455e+02 1.093958732161872e-19
2.37681818e+02 1.093644872240863e-19
2.37818182e+02 1.093331282306892e-19
2.37954545e+02 1.093017961973103e-19
2.38090909e+02 1.092704910853415e-19
2.38227273e+02 1.092392128562520e-19
2.38363636e+02 1.092079614715884e-19
2.38500000e+02 1.091767368929740e-19
2.38636364e+02 1.091455390821090e-19
2.38772727e+02 1.091143680007702e-19
2.38909091e+02 1.090832236108106e-19
2.39045455e+02 1.090521058741595e-19
2.39181818e+02 1.090210147528222e-19
2.39318182e+02 1.089899502088798e-19
2.39454545e+02 1.089589122044888e-19
2.39590909e+02 1.089279007018813e-19
2.39727273e+02 1.088969156633646e-19
2.39863636e+02 1.088659570513208e-19
2.40000000e+02 1.088350248282070e-19
2.40136364e+02 1.088041189565550e-19
2.40272727e+02 1.087732393989708e-19
2.40409091e+02 1.087423861181349e-19
2.40545455e+02 1.087115590768016e-19
2.40681818e+02 1.086807582377992e-19
2.40818182e+02 1.086499835640298e-19
2.40954545e+02 1.086192350184688e-19
2.41090909e+02 1.085885125641650e-19
2.41227273e+02 1.085578161642402e-19
2.41363636e+02 1.085271457818894e-19
2.41500000e+02 1.084965013803800e-19
2.41636364e+02 1.084658829230523e-19
2.41772727e+02 1.084352903733186e-19
2.41909091e+02 1.084047236946639e-19
2.42045455e+02 1.083741828506447e-19
2.42181818e+02 1.083436678048897e-19
2.42318182e+02 1.083131785210990e-19
2.42454545e+02 1.082827149630443e-19
2.42590909e+02 1.082522770945686e-19
2.42727273e+02 1.082218648795859e-19
2.42863636e+02 1.081914782820813e-19
2.43000000e+02 1.081611172661103e-19
2.43136364e+02 1.081307817957995e-19
2.43272727e+02 1.081004718353453e-19
2.43409091e+02 1.080701873490148e-19
2.43545455e+02 1.080399283011449e-19
2.43681818e+02 1.080096946561424e-19
2.43818182e+02 1.079794863784837e-19
2.43954545e+02 1.079493034327149e-19
2.44090909e+02 1.079191457834512e-19
2.44227273e+02 1.078890133953772e-19
2.44363636e+02 1.078589062332463e-19
2.44500000e+02 1.078288242618808e-19
2.44636364e+02 1.077987674461716e-19
2.44772727e+02 1.077687357510781e-19
2.44909091e+02 1.077387291416280e-19
2.45045455e+02 1.077087475829171e-19
2.45181818e+02 1.076787910401091e-19
2.45318182e+02 1.076488594784356e-19
2.45454545e+02 1.076189528631957e-19
2.45590909e+02 1.075890711597561e-19
2.45727273e+02 1.075592143335506e-19
2.45863636e+02 1.075293823500803e-19
2.46000000e+02 1.074995751749130e-19
2.46136364e+02 1.074697927736835e-19
2.46272727e+02 1.074400351120930e-19
2.46409091e+02 1.074103021559094e-19
2.46545455e+02 1.073805938709667e-19
2.46681818e+02 1.073509102231650e-19
2.46818182e+02 1.073212511784704e-19
2.46954545e+02 1.072916167029149e-19
2.47090909e+02 1.072620067625958e-19
2.47227273e+02 1.072324213236762e-19
2.47363636e+02 1.072028603523843e-19
2.47500000e+02 1.071733238150136e-19
2.47636364e+02 1.071438116779223e-19
2.47772727e+02 1.071143239075337e-19
2.47909091e+02 1.070848604703355e-19
2.48045455e+02 1.070554213328802e-19
2.48181818e+02 1.070260064617842e-19
2.48318182e+02 1.069966158237285e-19
2.48454545e+02 1.069672493854579e-19
2.48590909e+02 1.069379071137810e-19
2.48727273e+02 1.069085889755703e-19
2.48863636e+02 1.068792949377617e-19
2.49000000e+02 1.068500249673545e-19
2.49136364e+02 1.068207790314112e-19
2.49272727e+02 1.067915570970574e-19
2.49409091e+02 1.067623591314817e-19
2.49545455e+02 1.067331851019354e-19
2.49681818e+02 1.067040349757324e-19
2.49818182e+02 1.066749087202489e-19
2.49954545e+02 1.066458063029237e-19
2.50090909e+02 1.066167276912576e-19
2.50227273e+02 1.065876728528134e-19
2.50363636e+02 1.065586417552158e-19
2.50500000e+02 1.065296343661509e-19
2.50636364e+02 1.065006506533669e-19
2.50772727e+02 1.064716905846728e-19
2.50909091e+02 1.064427541279393e-19
2.51045455e+02 1.064138412510979e-19
2.51181818e+02 1.063849519221412e-19
2.51318182e+02 1.063560861091225e-19
2.51454545e+02 1.063272437801558e-19
2.51590909e+02 1.062984249034155e-19
2.51727273e+02 1.062696294471365e-19
2.51863636e+02 1.062408573796139e-19
2.52000000e+02 1.062121086692027e-19
2.52136364e+02 1.061833832843178e-19
2.52272727e+02 1.061546811934341e-19
2.52409091e+02 1.061260023650860e-19
2.52545455e+02 1.060973467678672e-19
2.52681818e+02 1.060687143704310e-19
2.52818182e+02 1.060401051414897e-19
2.52954545e+02 1.060115190498147e-19
2.53090909e+02 1.059829560642364e-19
2.53227273e+02 1.059544161536438e-19
2.53363636e+02 1.059258992869844e-19
2.53500000e+02 1.058974054332646e-19
2.53636364e+02 1.058689345615487e-19
2.53772727e+02 1.058404866409595e-19
2.53909091e+02 1.058120616406776e-19
2.54045455e+02 1.057836595299416e-19
2.54181818e+02 1.057552802780480e-19
2.54318182e+02 1.057269238543507e-19
2.54454545e+02 1.056985902282612e-19
2.54590909e+02 1.056702793692484e-19
2.54727273e+02 1.056419912468384e-19
2.54863636e+02 1.056137258306142e-19
2.55000000e+02 1.055854830902160e-19
2.55136364e+02 1.055572629953407e-19
2.55272727e+02 1.055290655157417e-19
2.55409091e+02 1.055008906212292e-19
2.55545455e+02 1.054727382816697e-19
2.55681818e+02 1.054446084669857e-19
2.55818182e+02 1.054165011471562e-19
2.55954545e+02 1.053884162922160e-19
2.56090909e+02 1.053603538722558e-19
2.56227273e+02 1.053323138574220e-19
2.56363636e+02 1.053042962179165e-19
2.56500000e+02 1.052763009239969e-19
2.56636364e+02 1.052483279459758e-19
2.56772727e+02 1.052203772542212e-19
2.56909091e+02 1.051924488191561e-19
2.57045455e+02 1.051645426112584e-19
2.57181818e+02 1.051366586010609e-19
2.57318182e+02 1.051087967591510e-19
2.57454545e+02 1.050809570561705e-19
2.57590909e+02 1.050531394628158e-19
2.57727273e+02 1.050253439498375e-19
2.57863636e+02 1.049975704880402e-19
2.58000000e+02 1.049698190482829e-19
2.58136364e+02 1.049420896014780e-19
2.58272727e+02 1.049143821185920e-19
2.58409091e+02 1.048866965706450e-19
2.58545455e+02 1.048590329287104e-19
2.58681818e+02 1.048313911639152e-19
2.58818182e+02 1.048037712474395e-19
2.58954545e+02 1.047761731505167e-19
2.59090909e+02 1.047485968444329e-19
2.59227273e+02 1.047210423005274e-19
2.59363636e+02 1.046935094901921e-19
2.59500000e+02 1.046659983848714e-19
2.59636364e+02 1.046385089560625e-19
2.59772727e+02 1.046110411753147e-19
2.59909091e+02 1.045835950142296e-19
2.60045455e+02 1.045561704444610e-19
2.60181818e+02 1.045287674377148e-19
2.60318182e+02 1.045013859657486e-19
2.60454545e+02 1.044740260003718e-19
2.60590909e+02 1.044466875134454e-19
2.60727273e+02 1.044193704768821e-19
2.60863636e+02 1.043920748626458e-19
2.61000000e+02 1.043648006427518e-19
2.61136364e+02 1.043375477892664e-19
2.61272727e+02 1.043103162743072e-19
2.61409091e+02 1.042831060700424e-19
2.61545455e+02 1.042559171486912e-19
2.61681818e+02 1.042287494825235e-19
2.61818182e+02 1.042016030438595e-19
2.61954545e+02 1.041744778050701e-19
2.62090909e+02 1.041473737385765e-19
2.62227273e+02 1.041202908168499e-19
2.62363636e+02 1.040932290124119e-19
2.62500000e+02 1.040661882978337e-19
2.62636364e+02 1.040391686457366e-19
2.62772727e+02 1.040121700287916e-19
2.62909091e+02 1.039851924197193e-19
2.63045455e+02 1.039582357912897e-19
2.63181818e+02 1.039313001163224e-19
2.63318182e+02 1.039043853676861e-19
2.63454545e+02 1.038774915182988e-19
2.63590909e+02 1.038506185411273e-19
2.63727273e+02 1.038237664091874e-19
2.63863636e+02 1.037969350955441e-19
2.64000000e+02 1.037701245733106e-19
2.64136364e+02 1.037433348156489e-19
2.64272727e+02 1.037165657957695e-19
2.64409091e+02 1.036898174869312e-19
2.64545455e+02 1.036630898624410e-19
2.64681818e+02 1.036363828956543e-19
2.64818182e+02 1.036096965599741e-19
2.64954545e+02 1.035830308288518e-19
2.65090909e+02 1.035563856757862e-19
2.65227273e+02 1.035297610743239e-19
2.65363636e+02 1.035031569980593e-19
2.65500000e+02 1.034765734206341e-19
2.65636364e+02 1.034500103157373e-19
2.65772727e+02 1.034234676571052e-19
2.65909091e+02 1.033969454185213e-19
2.66045455e+02 1.033704435738163e-19
2.66181818e+02 1.033439620968674e-19
2.66318182e+02 1.033175009615989e-19
2.66454545e+02 1.032910601419819e-19
2.66590909e+02 1.032646396120339e-19
2.66727273e+02 1.032382393458190e-19
2.66863636e+02 1.032118593174476e-19
2.67000000e+02 1.031854995010766e-19
2.67136364e+02 1.031591598709089e-19
2.67272727e+02 1.031328404011934e-19
2.67409091e+02 1.031065410662251e-19
2.67545455e+02 1.030802618403450e-19
2.67681818e+02 1.030540026979394e-19
2.67818182e+02 1.030277636134408e-19
2.67954545e+02 1.030015445613269e-19
2.68090909e+02 1.029753455161208e-19
2.68227273e+02 1.029491664523913e-19
2.68363636e+02 1.029230073447520e-19
2.68500000e+02 1.028968681678619e-19
2.68636364e+02 1.028707488964251e-19
2.68772727e+02 1.028446495051902e-19
2.68909091e+02 1.028185699689512e-19
2.69045455e+02 1.027925102625463e-19
2.69181818e+02 1.027664703608587e-19
2.69318182e+02 1.027404502388159e-19
2.69454545e+02 1.027144498713898e-19
2.69590909e+02 1.026884692335969e-19
2.69727273e+02 1.026625083004975e-19
2.69863636e+02 1.026365670471963e-19
2.70000000e+02 1.026106454488419e-19
2.70136364e+02 1.025847434806269e-19
2.70272727e+02 1.025588611177877e-19
2.70409091e+02 1.025329983356042e-19
2.70545455e+02 1.025071551094003e-19
2.70681818e+02 1.024813314145430e-19
2.70818182e+02 1.024555272264430e-19
2.70954545e+02 1.024297425205543e-19
2.71090909e+02 1.024039772723739e-19
2.71227273e+02 1.023782314574422e-19
2.71363636e+02 1.023525050513425e-19
2.71500000e+02 1.023267980297010e-19
2.71636364e+02 1.023011103681867e-19
2.71772727e+02 1.022754420425116e-19
2.71909091e+02 1.022497930284298e-19
2.72045455e+02 1.022241633017386e-19
2.72181818e+02 1.021985528382772e-19
2.72318182e+02 1.021729616139275e-19
2.72454545e+02 1.021473896046135e-19
2.72590909e+02 1.021218367863013e-19
2.72727273e+02 1.020963031349993e-19
2.72863636e+02 1.020707886267576e-19
2.73000000e+02 1.020452932376683e-19
2.73136364e+02 1.020198169438653e-19
2.73272727e+02 1.019943597215241e-19
2.73409091e+02 1.019689215468620e-19
2.73545455e+02 1.019435023961375e-19
2.73681818e+02 1.019181022456508e-19
2.73818182e+02 1.018927210717431e-19
2.73954545e+02 1.018673588507972e-19
2.74090909e+02 1.018420155592368e-19
2.74227273e+02 1.018166911735266e-19
2.74363636e+02 1.017913856701722e-19
2.74500000e+02 1.017660990257204e-19
2.74636364e+02 1.017408312167584e-19
2.74772727e+02 1.017155822199143e-19
2.74909091e+02 1.016903520118566e-19
2.75045455e+02 1.016651405692944e-19
2.75181818e+02 1.016399478689771e-19
2.75318182e+02 1.016147738876947e-19
2.75454545e+02 1.015896186022770e-19
2.75590909e+02 1.015644819895943e-19
2.75727273e+02 1.015393640265566e-19
2.75863636e+02 1.015142646901142e-19
2.76000000e+02 1.014891839572570e-19
2.76136364e+02 1.014641218050148e-19
2.76272727e+02 1.014390782104571e-19
2.76409091e+02 1.014140531506929e-19
2.76545455e+02 1.013890466028709e-19
2.76681818e+02 1.013640585441789e-19
2.76818182e+02 1.013390889518443e-19
2.76954545e+02 1.013141378031338e-19
2.77090909e+02 1.012892050753530e-19
2.77227273e+02 1.012642907458468e-19
2.77363636e+02 1.012393947919989e-19
2.77500000e+02 1.012145171912321e-19
2.77636364e+02 1.011896579210079e-19
2.77772727e+02 1.011648169588265e-19
2.77909091e+02 1.011399942822269e-19
2.78045455e+02 1.011151898687865e-19
2.78181818e+02 1.010904036961213e-19
2.78318182e+02 1.010656357418855e-19
2.78454545e+02 1.010408859837718e-19
2.78590909e+02 1.010161543995110e-19
2.78727273e+02 1.009914409668722e-19
2.78863636e+02 1.009667456636623e-19
2.79000000e+02 1.009420684677265e-19
2.79136364e+02 1.009174093569474e-19
2.79272727e+02 1.008927683092460e-19
2.79409091e+02 1.008681453025805e-19
2.79545455e+02 1.008435403149471e-19
2.79681818e+02 1.008189533243793e-19
2.79818182e+02 1.007943843089482e-19
2.79954545e+02 1.007698332467623e-19
2.80090909e+02 1.007453001159674e-19
2.80227273e+02 1.007207848947465e-19
2.80363636e+02 1.006962875613196e-19
2.80500000e+02 1.006718080939441e-19
2.80636364e+02 1.006473464709141e-19
2.80772727e+02 1.006229026705606e-19
2.80909091e+02 1.005984766712517e-19
2.81045455e+02 1.005740684513920e-19
2.81181818e+02 1.005496779894227e-19
2.81318182e+02 1.005253052638218e-19
2.81454545e+02 1.005009502531036e-19
2.81590909e+02 1.004766129358190e-19
2.81727273e+02 1.004522932905552e-19
2.81863636e+02 1.004279912959355e-19
2.82000000e+02 1.004037069306195e-19
2.82136364e+02 1.003794401733030e-19
2.82272727e+02 1.003551910027177e-19
2.82409091e+02 1.003309593976312e-19
2.82545455e+02 1.003067453368472e-19
2.82681818e+02 1.002825487992048e-19
2.82818182e+02 1.002583697635793e-19
2.82954545e+02 1.002342082088813e-19
2.83090909e+02 1.002100641140570e-19
2.83227273e+02 1.001859374580882e-19
2.83363636e+02 1.001618282199920e-19
2.83500000e+02 1.001377363788209e-19
2.83636364e+02 1.001136619136626e-19
2.83772727e+02 1.000896048036400e-19
2.83909091e+02 1.000655650279111e-19
2.84045455e+02 1.000415425656689e-19
2.84181818e+02 1.000175373961414e-19
2.84318182e+02 9.999354949859145e-20
2.84454545e+02 9.996957885231665e-20
2.84590909e+02 9.994562543664939e-20
2.84727273e+02 9.992168923095666e-20
2.84863636e+02 9.989777021464008e-20
2.85000000e+02 9.987386836713571e-20
2.85136364e+02 9.984998366791407e-20
2.85272727e+02 9.982611609648001e-20
2.85409091e+02 9.980226563237266e-20
2.85545455e+02 9.977843225516540e-20
2.85681818e+02 9.975461594446567e-20
2.85818182e+02 9.973081667991501e-20
2.85954545e+02 9.970703444118891e-20
2.86090909e+02 9.968326920799681e-20
2.86227273e+02 9.965952096008195e-20
2.86363636e+02 9.963578967722137e-20
2.86500000e+02 9.961207533922579e-20
2.86636364e+02 9.958837792593953e-20
2.86772727e+02 9.956469741724050e-20
2.86909091e+02 9.954103379304003e-20
2.87045455e+02 9.951738703328291e-20
2.87181818e+02 9.949375711794724e-20
2.87318182e+02 9.947014402704440e-20
2.87454545e+02 9.944654774061893e-20
2.87590909e+02 9.942296823874851e-20
2.87727273e+02 9.939940550154386e-20
2.87863636e+02 9.937585950914871e-20
2.88000000e+02 9.935233024173968e-20
2.88136364e+02 9.932881767952621e-20
2.88272727e+02 9.930532180275053e-20
2.88409091e+02 9.928184259168758e-20
2.88545455e+02 9.925838002664492e-20
2.88681818e+02 9.923493408796265e-20
2.88818182e+02 9.921150475601340e-20
2.88954545e+02 9.918809201120221e-20
2.89090909e+02 9.916469583396645e-20
2.89227273e+02 9.914131620477579e-20
2.89363636e+02 9.911795310413214e-20
2.89500000e+02 9.909460651256951e-20
2.89636364e+02 9.907127641065408e-20
2.89772727e+02 9.904796277898390e-20
2.89909091e+02 9.902466559818911e-20
2.90045455e+02 9.900138484893163e-20
2.90181818e+02 9.897812051190523e-20
2.90318182e+02 9.895487256783544e-20
2.90454545e+02 9.893164099747941e-20
2.90590909e+02 9.890842578162592e-20
2.90727273e+02 9.888522690109536e-20
2.90863636e+02 9.886204433673949e-20
2.91000000e+02 9.883887806944153e-20
2.91136364e+02 9.881572808011606e-20
2.91272727e+02 9.879259434970888e-20
2.91409091e+02 9.876947685919706e-20
2.91545455e+02 9.874637558958879e-20
2.91681818e+02 9.872329052192335e-20
2.91818182e+02 9.870022163727100e-20
2.91954545e+02 9.867716891673299e-20
2.92090909e+02 9.865413234144143e-20
2.92227273e+02 9.863111189255926e-20
2.92363636e+02 9.860810755128018e-20
2.92500000e+02 9.858511929882855e-20
2.92636364e+02 9.856214711645940e-20
2.92772727e+02 9.853919098545829e-20
2.92909091e+02 9.851625088714126e-20
2.93045455e+02 9.849332680285485e-20
2.93181818e+02 9.847041871397592e-20
2.93318182e+02 9.844752660191162e-20
2.93454545e+02 9.842465044809938e-20
2.93590909e+02 9.840179023400677e-20
2.93727273e+02 9.837894594113155e-20
2.93863636e+02 9.835611755100146e-20
2.94000000e+02 9.833330504517428e-20
2.94136364e+02 9.831050840523767e-20
2.94272727e+02 9.828772761280920e-20
2.94409091e+02 9.826496264953622e-20
2.94545455e+02 9.824221349709579e-20
2.94681818e+02 9.821948013719475e-20
2.94818182e+02 9.819676255156946e-20
2.94954545e+02 9.817406072198587e-20
2.95090909e+02 9.815137463023943e-20
2.95227273e+02 9.812870425815501e-20
2.95363636e+02 9.810604958758688e-20
2.95500000e+02 9.808341060041860e-20
2.95636364e+02 9.806078727856296e-20
2.95772727e+02 9.803817960396199e-20
2.95909091e+02 9.801558755858679e-20
2.96045455e+02 9.799301112443757e-20
2.96181818e+02 9.797045028354357e-20
2.96318182e+02 9.794790501796292e-20
2.96454545e+02 9.792537530978266e-20
2.96590909e+02 9.790286114111869e-20
2.96727273e+02 9.788036249411562e-20
2.96863636e+02 9.785787935094680e-20
2.97000000e+02 9.783541169381429e-20
2.97136364e+02 9.781295950494863e-20
2.97272727e+02 9.779052276660897e-20
2.97409091e+02 9.776810146108291e-20
2.97545455e+02 9.774569557068645e-20
2.97681818e+02 9.772330507776396e-20
2.97818182e+02 9.770092996468814e-20
2.97954545e+02 9.767857021385987e-20
2.98090909e+02 9.765622580770824e-20
2.98227273e+02 9.763389672869046e-20
2.98363636e+02 9.761158295929182e-20
2.98500000e+02 9.758928448202559e-20
2.98636364e+02 9.756700127943303e-20
2.98772727e+02 9.754473333408321e-20
2.98909091e+02 9.752248062857316e-20
2.99045455e+02 9.750024314552757e-20
2.99181818e+02 9.747802086759895e-20
2.99318182e+02 9.745581377746737e-20
2.99454545e+02 9.743362185784060e-20
2.99590909e+02 9.741144509145392e-20
2.99727273e+02 9.738928346107010e-20
2.99863636e+02 9.736713694947936e-20
3.00000000e+02 9.734500553949932e-20
3.00136364e+02 9.732288921397488e-20
-----------------------------
