SPECIES: e / A
PROCESS: E + A -> E + A, Elastic
PARAM.:  m/M = 0.0000195921, complete set
COMMENT: [e + A(gnd) -> e + A(gnd), Elastic]
UPDATED: 2018-06-05 11:00:00
COLUMNS: Energy (eV) | Cross section (m2)
-----------------------------
0.00000000e+00 5.802531373183835e-17
2.82272727e-03 3.173509785898250e-17
5.64545455e-03 2.244010289770520e-17
8.46818182e-03 1.832226729164266e-17
1.12909091e-02 1.586754892949125e-17
1.41136364e-02 1.419236721705858e-17
1.69363636e-02 1.295579944863300e-17
1.97590909e-02 1.199473953816657e-17
2.25818182e-02 1.122005144885260e-17
2.54045455e-02 1.057836595299416e-17
2.82272727e-02 1.003551910027177e-17
3.10500000e-02 9.568492025768717e-18
3.38727273e-02 9.161133645821329e-18
3.66954545e-02 8.801732504802217e-18
3.95181818e-02 8.481561666003979e-18
4.23409091e-02 8.193967033206787e-18
4.51636364e-02 7.933774464745624e-18
4.79863636e-02 7.696891794817511e-18
5.08090909e-02 7.480034299235069e-18
5.36318182e-02 7.280530764772561e-18
5.64545455e-02 7.096183608529288e-18
5.92772727e-02 6.925166101219917e-18
6.21000000e-02 6.765945597150465e-18
6.49227273e-02 6.617225335109661e-18
6.77454545e-02 6.477899724316500e-18
7.05681818e-02 6.347019571796497e-18
7.33909091e-02 6.223764740335704e-18
7.62136364e-02 6.107422430547552e-18
7.90363636e-02 5.997369769083286e-18
8.18590909e-02 5.893059729005588e-18
8.46818182e-02 5.794009653999536e-18
8.75045455e-02 5.699791835811807e-18
9.03272727e-02 5.610025724426301e-18
9.31500000e-02 5.524371446816356e-18
9.59727273e-02 5.442524382174558e-18
9.87954545e-02 5.364210595948978e-18
1.01618182e-01 5.289182976497081e-18
1.04440909e-01 5.217217950053133e-18
1.07263636e-01 5.148112674407959e-18
1.10086364e-01 5.081682630982639e-18
1.12909091e-01 5.017759550135884e-18
1.15731818e-01 4.956189616540343e-18
1.18554545e-01 4.896831911015809e-18
1.21377273e-01 4.839557052860134e-18
1.24200000e-01 4.784246012884358e-18
1.27022727e-01 4.730789072352859e-18
1.29845455e-01 4.679084907095466e-18
1.32668182e-01 4.629039779385333e-18
1.35490909e-01 4.580566822910665e-18
1.38313636e-01 4.533585408426070e-18
1.41136364e-01 4.488020579541041e-18
1.43959091e-01 4.443802549661311e-18
1.46781818e-01 4.400866252401109e-18
1.49604545e-01 4.359150938876668e-18
1.52427273e-01 4.318599816211000e-18
1.55250000e-01 4.279159722356705e-18
1.58072727e-01 4.240780833001990e-18
1.60895455e-01 4.203416396884790e-18
1.63718182e-01 4.167022496317209e-18
1.66540909e-01 4.131557830130806e-18
1.69363636e-01 4.096983516603394e-18
1.72186364e-01 4.063262914229245e-18
1.75009091e-01 4.030361458454249e-18
1.77831818e-01 3.998246512722191e-18
1.80654545e-01 3.966887232372812e-18
1.83477273e-01 3.936254440101450e-18
1.86300000e-01 3.906320511837185e-18
1.89122727e-01 3.877059272024862e-18
1.91945455e-01 3.848445897408756e-18
1.94768182e-01 3.820456828513975e-18
1.97590909e-01 3.793069688108254e-18
2.00413636e-01 3.766263206002744e-18
2.03236364e-01 3.740017149617534e-18
2.06059091e-01 3.714312259796777e-18
2.08881818e-01 3.689130191410749e-18
2.11704545e-01 3.664453458328531e-18
2.14527273e-01 3.640265382386281e-18
2.17350000e-01 3.616550046012666e-18
2.20172727e-01 3.593292248205720e-18
2.22995455e-01 3.570477463584456e-18
2.25818182e-01 3.548091804264644e-18
2.28640909e-01 3.526121984331387e-18
2.31463636e-01 3.504555286702031e-18
2.34286364e-01 3.483379532191620e-18
2.37109091e-01 3.462583050609959e-18
2.39931818e-01 3.442154653734463e-18
2.42754545e-01 3.422083610016583e-18
2.45577273e-01 3.402359620891919e-18
2.48400000e-01 3.382972798575233e-18
2.51222727e-01 3.363913645231581e-18
2.54045455e-01 3.345173033423923e-18
2.56868182e-01 3.326742187745755e-18
2.59690909e-01 3.308612667554830e-18
2.62513636e-01 3.290776350730778e-18
2.65336364e-01 3.273225418385649e-18
2.68159091e-01 3.255952340461996e-18
2.70981818e-01 3.238949862158250e-18
2.73804545e-01 3.222210991125799e-18
2.76627273e-01 3.205728985386458e-18
2.79450000e-01 3.189497341922906e-18
2.82272727e-01 3.173509785898249e-18
2.85095455e-01 3.157760260464098e-18
2.87918182e-01 3.142242917119583e-18
2.90740909e-01 3.126952106586442e-18
2.93563636e-01 3.111882370167852e-18
2.96386364e-01 3.097028431560985e-18
2.99209091e-01 3.082385189095397e-18
3.02031818e-01 3.067947708371329e-18
3.04854545e-01 3.053711215273776e-18
3.07677273e-01 3.039671089339891e-18
3.10500000e-01 3.025822857458770e-18
3.13322727e-01 3.012162187884124e-18
3.16145455e-01 2.998684884541643e-18
3.18968182e-01 2.985386881614045e-18
3.21790909e-01 2.972264238387959e-18
3.24613636e-01 2.959313134347806e-18
3.27436364e-01 2.946529864502794e-18
3.30259091e-01 2.933910834934072e-18
3.33081818e-01 2.921452558549870e-18
3.35904545e-01 2.909151651037245e-18
3.38727273e-01 2.897004826999768e-18
3.41550000e-01 2.885008896271135e-18
3.44372727e-01 2.873160760395312e-18
3.47195455e-01 2.861457409264395e-18
3.50018182e-01 2.849895917905904e-18
3.52840909e-01 2.838473443411716e-18
3.55663636e-01 2.827187222001327e-18
3.58486364e-01 2.816034566212549e-18
3.61309091e-01 2.805012862213150e-18
3.64131818e-01 2.794119567227349e-18
3.66954545e-01 2.783352207071393e-18
3.69777273e-01 2.772708373792802e-18
3.72600000e-01 2.762185723408178e-18
3.75422727e-01 2.751781973734727e-18
3.78245455e-01 2.741494902310959e-18
3.81068182e-01 2.731322344402263e-18
3.83890909e-01 2.721262191087279e-18
3.86713636e-01 2.711312387421248e-18
3.89536364e-01 2.701470930672683e-18
3.92359091e-01 2.691735868629949e-18
3.95181818e-01 2.682105297974489e-18
3.98004545e-01 2.672577362717608e-18
4.00827273e-01 2.663150252697927e-18
4.03650000e-01 2.653822202136724e-18
4.06472727e-01 2.644591488248541e-18
4.09295455e-01 2.635456429904597e-18
4.12118182e-01 2.626415386346631e-18
4.14940909e-01 2.617466755948951e-18
4.17763636e-01 2.608608975026567e-18
4.20586364e-01 2.599840516687392e-18
4.23409091e-01 2.591159889726600e-18
4.26231818e-01 2.582565637561328e-18
4.29054545e-01 2.574056337203980e-18
4.31877273e-01 2.565630598272503e-18
4.34700000e-01 2.557287062036077e-18
4.37522727e-01 2.549024400494704e-18
4.40345455e-01 2.540841315491320e-18
4.43168182e-01 2.532736537855044e-18
4.45990909e-01 2.524708826574313e-18
4.48813636e-01 2.516756967998654e-18
4.51636364e-01 2.508879775067942e-18
4.54459091e-01 2.501076086568030e-18
4.57281818e-01 2.493344766411689e-18
4.60104545e-01 2.485684702943848e-18
4.62927273e-01 2.478094808270172e-18
4.65750000e-01 2.470574017608047e-18
4.68572727e-01 2.463121288659118e-18
4.71395455e-01 2.455735601002499e-18
4.74218182e-01 2.448415955507904e-18
4.77040909e-01 2.441161373767884e-18
4.79863636e-01 2.433970897548471e-18
4.82686364e-01 2.426843588257520e-18
4.85509091e-01 2.419778526430067e-18
4.88331818e-01 2.412774811230076e-18
4.91154545e-01 2.405831559967967e-18
4.93977273e-01 2.398947907633314e-18
4.96800000e-01 2.392123006442179e-18
4.99622727e-01 2.385356025398527e-18
5.02445455e-01 2.378646149869209e-18
5.05268182e-01 2.371992581172034e-18
5.08090909e-01 2.365394536176429e-18
5.10913636e-01 2.358851246916266e-18
5.13736364e-01 2.352361960214395e-18
5.16559091e-01 2.345925937318478e-18
5.19381818e-01 2.339542453547733e-18
5.22204545e-01 2.333210797950182e-18
5.25027273e-01 2.326930272970054e-18
5.27850000e-01 2.320700194124984e-18
5.30672727e-01 2.314519889692666e-18
5.33495455e-01 2.308388700406639e-18
5.36318182e-01 2.302305979160888e-18
5.39140909e-01 2.296271090722963e-18
5.41963636e-01 2.290283411455332e-18
5.44786364e-01 2.284342329044677e-18
5.47609091e-01 2.278447242238879e-18
5.50431818e-01 2.272597560591432e-18
5.53254545e-01 2.266792704213035e-18
5.56077273e-01 2.261032103530130e-18
5.58900000e-01 2.255315199050155e-18
5.61722727e-01 2.249641441133297e-18
5.64545455e-01 2.244010289770521e-18
5.67368182e-01 2.238421214367689e-18
5.70190909e-01 2.232873693535562e-18
5.73013636e-01 2.227367214885497e-18
5.75836364e-01 2.221901274830656e-18
5.78659091e-01 2.216475378392565e-18
5.81481818e-01 2.211089039012833e-18
5.84304545e-01 2.205741778369887e-18
5.87127273e-01 2.200433126200554e-18
5.89950000e-01 2.195162620126348e-18
5.92772727e-01 2.189929805484310e-18
5.95595455e-01 2.184734235162260e-18
5.98418182e-01 2.179575469438334e-18
6.01240909e-01 2.174453075824667e-18
6.04063636e-01 2.169366628915095e-18
6.06886364e-01 2.164315710236760e-18
6.09709091e-01 2.159299908105500e-18
6.12531818e-01 2.154318817484906e-18
6.15354545e-01 2.149372039848937e-18
6.18177273e-01 2.144459183047996e-18
6.21000000e-01 2.139579861178352e-18
6.23822727e-01 2.134733694454815e-18
6.26645455e-01 2.129920309086572e-18
6.29468182e-01 2.125139337156091e-18
6.32290909e-01 2.120390416500995e-18
6.35113636e-01 2.115673190598833e-18
6.37936364e-01 2.110987308454651e-18
6.40759091e-01 2.106332424491303e-18
6.43581818e-01 2.101708198442395e-18
6.46404545e-01 2.097114295247813e-18
6.49227273e-01 2.092550384951750e-18
6.52050000e-01 2.088016142603166e-18
6.54872727e-01 2.083511248158605e-18
6.57695455e-01 2.079035386387307e-18
6.60518182e-01 2.074588246778568e-18
6.63340909e-01 2.070169523451247e-18
6.66163636e-01 2.065778915065403e-18
6.68986364e-01 2.061416124735978e-18
6.71809091e-01 2.057080859948477e-18
6.74631818e-01 2.052772832476588e-18
6.77454545e-01 2.048491758301697e-18
6.80277273e-01 2.044237357534239e-18
6.83100000e-01 2.040009354336837e-18
6.85922727e-01 2.035807476849184e-18
6.88745455e-01 2.031631457114622e-18
6.91568182e-01 2.027481031008368e-18
6.94390909e-01 2.023355938167344e-18
6.97213636e-01 2.019255921921579e-18
7.00036364e-01 2.015180729227125e-18
7.02859091e-01 2.011130110600464e-18
7.05681818e-01 2.007103820054354e-18
7.08504545e-01 2.003101615035082e-18
7.11327273e-01 1.999123256361095e-18
7.14150000e-01 1.995168508162957e-18
7.16972727e-01 1.991237137824611e-18
7.19795455e-01 1.987328915925915e-18
7.22618182e-01 1.983443616186406e-18
7.25440909e-01 1.979581015410267e-18
7.28263636e-01 1.975740893432480e-18
7.31086364e-01 1.971923033066113e-18
7.33909091e-01 1.968127220050725e-18
7.36731818e-01 1.964353243001863e-18
7.39554545e-01 1.960600893361615e-18
7.42377273e-01 1.956869965350205e-18
7.45200000e-01 1.953160255918593e-18
7.48022727e-01 1.949471564702052e-18
7.50845455e-01 1.945803693974728e-18
7.53668182e-01 1.942156448605109e-18
7.56490909e-01 1.938529636012431e-18
7.59313636e-01 1.934923066123966e-18
7.62136364e-01 1.931336551333179e-18
7.64959091e-01 1.927769906458743e-18
7.67781818e-01 1.924222948704378e-18
7.70604545e-01 1.920695497619497e-18
7.73427273e-01 1.917187375060652e-18
7.76250000e-01 1.913698405153744e-18
7.79072727e-01 1.910228414256988e-18
7.81895455e-01 1.906777230924615e-18
7.84718182e-01 1.903344685871299e-18
7.87540909e-01 1.899930611937269e-18
7.90363636e-01 1.896534844054127e-18
7.93186364e-01 1.893157219211320e-18
7.96009091e-01 1.889797576423279e-18
7.98831818e-01 1.886455756697186e-18
8.01654545e-01 1.883131603001372e-18
8.04477273e-01 1.879824960234325e-18
8.07300000e-01 1.876535675194294e-18
8.10122727e-01 1.873263596549475e-18
8.12945455e-01 1.870008574808767e-18
8.15768182e-01 1.866770462293087e-18
8.18590909e-01 1.863549113107229e-18
8.21413636e-01 1.860344383112251e-18
8.24236364e-01 1.857156129898388e-18
8.27059091e-01 1.853984212758475e-18
8.29881818e-01 1.850828492661857e-18
8.32704545e-01 1.847688832228802e-18
8.35527273e-01 1.844565095705375e-18
8.38350000e-01 1.841457148938785e-18
8.41172727e-01 1.838364859353192e-18
8.43995455e-01 1.835288095925943e-18
8.46818182e-01 1.832226729164265e-18
8.49640909e-01 1.829180631082369e-18
8.52463636e-01 1.826149675178975e-18
8.55286364e-01 1.823133736415250e-18
8.58109091e-01 1.820132691193140e-18
8.60931818e-01 1.817146417334098e-18
8.63754545e-01 1.814174794058186e-18
8.66577273e-01 1.811217701963564e-18
8.69400000e-01 1.808275023006333e-18
8.72222727e-01 1.805346640480749e-18
8.75045455e-01 1.802432438999779e-18
8.77868182e-01 1.799532304476004e-18
8.80690909e-01 1.796646124102860e-18
8.83513636e-01 1.793773786336211e-18
8.86336364e-01 1.790915180876240e-18
8.89159091e-01 1.788070198649659e-18
8.91981818e-01 1.785238731792228e-18
8.94804545e-01 1.782420673631581e-18
8.97627273e-01 1.779615918670343e-18
9.00450000e-01 1.776824362569546e-18
9.03272727e-01 1.774045902132322e-18
9.06095455e-01 1.771280435287882e-18
9.08918182e-01 1.768527861075767e-18
9.11740909e-01 1.765788079630365e-18
9.14563636e-01 1.763060992165694e-18
9.17386364e-01 1.760346500960444e-18
9.20209091e-01 1.757644509343264e-18
9.23031818e-01 1.754954921678309e-18
9.25854545e-01 1.752277643351016e-18
9.28677273e-01 1.749612580754127e-18
9.31500000e-01 1.746959641273943e-18
9.34322727e-01 1.744318733276808e-18
9.37145455e-01 1.741689766095810e-18
9.39968182e-01 1.739072650017711e-18
9.42790909e-01 1.736467296270089e-18
9.45613636e-01 1.733873617008688e-18
9.48436364e-01 1.731291525304979e-18
9.51259091e-01 1.728720935133925e-18
9.54081818e-01 1.726161761361939e-18
9.56904545e-01 1.723613919735046e-18
9.59727273e-01 1.721077326867232e-18
9.62550000e-01 1.718551900228978e-18
9.65372727e-01 1.716037558135986e-18
9.68195455e-01 1.713534219738082e-18
9.71018182e-01 1.711041805008291e-18
9.73840909e-01 1.708560234732101e-18
9.76663636e-01 1.706089430496879e-18
9.79486364e-01 1.703629314681472e-18
9.82309091e-01 1.701179810445959e-18
9.85131818e-01 1.698740841721578e-18
9.87954545e-01 1.696312333200796e-18
9.90777273e-01 1.693894210327546e-18
9.93600000e-01 1.691486399287616e-18
9.96422727e-01 1.689088826999181e-18
9.99245455e-01 1.686701421103489e-18
1.00206818e+00 1.684324109955686e-18
1.00489091e+00 1.681956822615791e-18
1.00771364e+00 1.679599488839798e-18
1.01053636e+00 1.677252039070927e-18
1.01335909e+00 1.674914404431002e-18
1.01618182e+00 1.672586516711962e-18
1.01900455e+00 1.670268308367500e-18
1.02182727e+00 1.667959712504835e-18
1.02465000e+00 1.665660662876605e-18
1.02747273e+00 1.663371093872878e-18
1.03029545e+00 1.661090940513291e-18
1.03311818e+00 1.658820138439303e-18
1.03594091e+00 1.656558623906568e-18
1.03876364e+00 1.654306333777415e-18
1.04158636e+00 1.652063205513448e-18
1.04440909e+00 1.649829177168249e-18
1.04723182e+00 1.647604187380198e-18
1.05005455e+00 1.645388175365389e-18
1.05287727e+00 1.643181080910659e-18
1.05570000e+00 1.640982844366713e-18
1.05852273e+00 1.638793406641358e-18
1.06134545e+00 1.636612709192824e-18
1.06416818e+00 1.634440694023197e-18
1.06699091e+00 1.632277303671936e-18
1.06981364e+00 1.630122481209488e-18
1.07263636e+00 1.627976170230998e-18
1.07545909e+00 1.625838314850106e-18
1.07828182e+00 1.623708859692837e-18
1.08110455e+00 1.621587749891575e-18
1.08392727e+00 1.619474931079125e-18
1.08675000e+00 1.617370349382863e-18
1.08957273e+00 1.615273951418963e-18
1.09239545e+00 1.613185684286711e-18
1.09521818e+00 1.611105495562900e-18
1.09804091e+00 1.609033333296299e-18
1.10086364e+00 1.606969146002208e-18
1.10368636e+00 1.604912882657080e-18
1.10650909e+00 1.602864492693229e-18
1.10933182e+00 1.600823925993604e-18
1.11215455e+00 1.598791132886639e-18
1.11497727e+00 1.596766064141175e-18
1.11780000e+00 1.594748670961453e-18
1.12062273e+00 1.592738904982174e-18
1.12344545e+00 1.590736718263632e-18
1.12626818e+00 1.588742063286904e-18
1.12909091e+00 1.586754892949124e-18
1.13191364e+00 1.584775160558802e-18
1.13473636e+00 1.582802819831219e-18
1.13755909e+00 1.580837824883884e-18
1.14038182e+00 1.578880130232049e-18
1.14320455e+00 1.576929690784286e-18
1.14602727e+00 1.574986461838129e-18
1.14885000e+00 1.573050399075764e-18
1.15167273e+00 1.571121458559792e-18
1.15449545e+00 1.569199596729033e-18
1.15731818e+00 1.567284770394401e-18
1.16014091e+00 1.565376936734824e-18
1.16296364e+00 1.563476053293221e-18
1.16578636e+00 1.561582077972536e-18
1.16860909e+00 1.559694969031822e-18
1.17143182e+00 1.557814685082375e-18
1.17425455e+00 1.555941185083926e-18
1.17707727e+00 1.554074428340872e-18
1.17990000e+00 1.552214374498570e-18
1.18272273e+00 1.550360983539668e-18
1.18554545e+00 1.548514215780492e-18
1.18836818e+00 1.546674031867476e-18
1.19119091e+00 1.544840392773639e-18
1.19401364e+00 1.543013259795111e-18
1.19683636e+00 1.541192594547699e-18
1.19965909e+00 1.539378358963502e-18
1.20248182e+00 1.537570515287568e-18
1.20530455e+00 1.535769026074593e-18
1.20812727e+00 1.533973854185664e-18
1.21095000e+00 1.532184962785043e-18
1.21377273e+00 1.530402315336992e-18
1.21659545e+00 1.528625875602640e-18
1.21941818e+00 1.526855607636888e-18
1.22224091e+00 1.525091475785355e-18
1.22506364e+00 1.523333444681361e-18
1.22788636e+00 1.521581479242949e-18
1.23070909e+00 1.519835544669945e-18
1.23353182e+00 1.518095606441057e-18
1.23635455e+00 1.516361630311002e-18
1.23917727e+00 1.514633582307682e-18
1.24200000e+00 1.512911428729385e-18
1.24482273e+00 1.511195136142023e-18
1.24764545e+00 1.509484671376411e-18
1.25046818e+00 1.507780001525567e-18
1.25329091e+00 1.506081093942062e-18
1.25611364e+00 1.504387916235385e-18
1.25893636e+00 1.502700436269357e-18
1.26175909e+00 1.501018622159561e-18
1.26458182e+00 1.499342442270821e-18
1.26740455e+00 1.497671865214696e-18
1.27022727e+00 1.496006859847014e-18
1.27305000e+00 1.494347395265430e-18
1.27587273e+00 1.492693440807022e-18
1.27869545e+00 1.491044966045910e-18
1.28151818e+00 1.489401940790902e-18
1.28434091e+00 1.487764335083175e-18
1.28716364e+00 1.486132119193980e-18
1.28998636e+00 1.484505263622372e-18
1.29280909e+00 1.482883739092976e-18
1.29563182e+00 1.481267516553771e-18
1.29845455e+00 1.479656567173903e-18
1.30127727e+00 1.478050862341528e-18
1.30410000e+00 1.476450373661676e-18
1.30692273e+00 1.474855072954141e-18
1.30974545e+00 1.473264932251397e-18
1.31256818e+00 1.471679923796542e-18
1.31539091e+00 1.470100020041259e-18
1.31821364e+00 1.468525193643808e-18
1.32103636e+00 1.466955417467036e-18
1.32385909e+00 1.465390664576415e-18
1.32668182e+00 1.463830908238100e-18
1.32950455e+00 1.462276121917011e-18
1.33232727e+00 1.460726279274935e-18
1.33515000e+00 1.459181354168658e-18
1.33797273e+00 1.457641320648104e-18
1.34079545e+00 1.456106152954512e-18
1.34361818e+00 1.454575825518623e-18
1.34644091e+00 1.453050312958889e-18
1.34926364e+00 1.451529590079712e-18
1.35208636e+00 1.450013631869688e-18
1.35490909e+00 1.448502413499884e-18
1.35773182e+00 1.446995910322130e-18
1.36055455e+00 1.445494097867329e-18
1.36337727e+00 1.443996951843788e-18
1.36620000e+00 1.442504448135568e-18
1.36902273e+00 1.441016562800852e-18
1.37184545e+00 1.439533272070333e-18
1.37466818e+00 1.438054552345620e-18
1.37749091e+00 1.436580380197656e-18
1.38031364e+00 1.435110732365166e-18
1.38313636e+00 1.433645585753110e-18
1.38595909e+00 1.432184917431161e-18
1.38878182e+00 1.430728704632198e-18
1.39160455e+00 1.429276924750813e-18
1.39442727e+00 1.427829555341842e-18
1.39725000e+00 1.426386574118902e-18
1.40007273e+00 1.424947958952952e-18
1.40289545e+00 1.423513687870870e-18
1.40571818e+00 1.422083739054040e-18
1.40854091e+00 1.420658090836958e-18
1.41136364e+00 1.419236721705858e-18
1.41418636e+00 1.417819610297341e-18
1.41700909e+00 1.416406735397032e-18
1.41983182e+00 1.414998075938245e-18
1.42265455e+00 1.413593611000663e-18
1.42547727e+00 1.412193319809033e-18
1.42830000e+00 1.410797181731874e-18
1.43112273e+00 1.409405176280204e-18
1.43394545e+00 1.408017283106274e-18
1.43676818e+00 1.406633482002320e-18
1.43959091e+00 1.405253752899325e-18
1.44241364e+00 1.403878075865801e-18
1.44523636e+00 1.402506431106575e-18
1.44805909e+00 1.401138798961597e-18
1.45088182e+00 1.399775159904751e-18
1.45370455e+00 1.398415494542690e-18
1.45652727e+00 1.397059783613674e-18
1.45935000e+00 1.395708007986426e-18
1.46217273e+00 1.394360148658993e-18
1.46499545e+00 1.393016186757633e-18
1.46781818e+00 1.391676103535696e-18
1.47064091e+00 1.390339880372533e-18
1.47346364e+00 1.389007498772403e-18
1.47628636e+00 1.387678940363403e-18
1.47910909e+00 1.386354186896401e-18
1.48193182e+00 1.385033220243983e-18
1.48475455e+00 1.383716022399415e-18
1.48757727e+00 1.382402575475604e-18
1.49040000e+00 1.381092861704089e-18
1.49322273e+00 1.379786863434021e-18
1.49604545e+00 1.378484563131170e-18
1.49886818e+00 1.377185943376935e-18
1.50169091e+00 1.375890986867364e-18
1.50451364e+00 1.374599676412186e-18
1.50733636e+00 1.373311994933855e-18
1.51015909e+00 1.372027925466598e-18
1.51298182e+00 1.370747451155480e-18
1.51580455e+00 1.369470555255469e-18
1.51862727e+00 1.368197221130523e-18
1.52145000e+00 1.366927432252674e-18
1.52427273e+00 1.365661172201131e-18
1.52709545e+00 1.364398424661387e-18
1.52991818e+00 1.363139173424334e-18
1.53274091e+00 1.361883402385391e-18
1.53556364e+00 1.360631095543639e-18
1.53838636e+00 1.359382237000967e-18
1.54120909e+00 1.358136810961216e-18
1.54403182e+00 1.356894801729352e-18
1.54685455e+00 1.355656193710624e-18
1.54967727e+00 1.354420971409748e-18
1.55250000e+00 1.353189119430093e-18
1.55532273e+00 1.351960622472871e-18
1.55814545e+00 1.350735465336341e-18
1.56096818e+00 1.349513632915021e-18
1.56379091e+00 1.348295110198903e-18
1.56661364e+00 1.347079882272679e-18
1.56943636e+00 1.345867934314975e-18
1.57225909e+00 1.344659251597591e-18
1.57508182e+00 1.343453819484750e-18
1.57790455e+00 1.342251623432354e-18
1.58072727e+00 1.341052648987244e-18
1.58355000e+00 1.339856881786476e-18
1.58637273e+00 1.338664307556592e-18
1.58919545e+00 1.337474912112907e-18
1.59201818e+00 1.336288681358804e-18
1.59484091e+00 1.335105601285024e-18
1.59766364e+00 1.333925657968980e-18
1.60048636e+00 1.332748837574063e-18
1.60330909e+00 1.331575126348964e-18
1.60613182e+00 1.330404510626994e-18
1.60895455e+00 1.329236976825423e-18
1.61177727e+00 1.328072511444813e-18
1.61460000e+00 1.326911101068362e-18
1.61742273e+00 1.325752732361258e-18
1.62024545e+00 1.324597392070034e-18
1.62306818e+00 1.323445067021932e-18
1.62589091e+00 1.322295744124270e-18
1.62871364e+00 1.321149410363820e-18
1.63153636e+00 1.320006052806188e-18
1.63435909e+00 1.318865658595201e-18
1.63718182e+00 1.317728214952298e-18
1.64000455e+00 1.316593709175934e-18
1.64282727e+00 1.315462128640977e-18
1.64565000e+00 1.314333460798125e-18
1.64847273e+00 1.313207693173315e-18
1.65129545e+00 1.312084813367150e-18
1.65411818e+00 1.310964809054320e-18
1.65694091e+00 1.309847667983039e-18
1.65976364e+00 1.308733377974475e-18
1.66258636e+00 1.307621926922202e-18
1.66540909e+00 1.306513302791639e-18
1.66823182e+00 1.305407493619506e-18
1.67105455e+00 1.304304487513283e-18
1.67387727e+00 1.303204272650672e-18
1.67670000e+00 1.302106837279061e-18
1.67952273e+00 1.301012169715006e-18
1.68234545e+00 1.299920258343696e-18
1.68516818e+00 1.298831091618447e-18
1.68799091e+00 1.297744658060182e-18
1.69081364e+00 1.296660946256925e-18
1.69363636e+00 1.295579944863300e-18
1.69645909e+00 1.294501642600027e-18
1.69928182e+00 1.293426028253432e-18
1.70210455e+00 1.292353090674954e-18
1.70492727e+00 1.291282818780664e-18
1.70775000e+00 1.290215201550780e-18
1.71057273e+00 1.289150228029191e-18
1.71339545e+00 1.288087887322987e-18
1.71621818e+00 1.287028168601990e-18
1.71904091e+00 1.285971061098288e-18
1.72186364e+00 1.284916554105781e-18
1.72468636e+00 1.283864636979718e-18
1.72750909e+00 1.282815299136252e-18
1.73033182e+00 1.281768530051990e-18
1.73315455e+00 1.280724319263551e-18
1.73597727e+00 1.279682656367125e-18
1.73880000e+00 1.278643531018038e-18
1.74162273e+00 1.277606932930324e-18
1.74444545e+00 1.276572851876290e-18
1.74726818e+00 1.275541277686101e-18
1.75009091e+00 1.274512200247352e-18
1.75291364e+00 1.273485609504658e-18
1.75573636e+00 1.272461495459237e-18
1.75855909e+00 1.271439848168503e-18
1.76138182e+00 1.270420657745660e-18
1.76420455e+00 1.269403914359300e-18
1.76702727e+00 1.268389608233004e-18
1.76985000e+00 1.267377729644952e-18
1.77267273e+00 1.266368268927522e-18
1.77549545e+00 1.265361216466912e-18
1.77831818e+00 1.264356562702751e-18
1.78114091e+00 1.263354298127716e-18
1.78396364e+00 1.262354413287157e-18
1.78678636e+00 1.261356898778722e-18
1.78960909e+00 1.260361745251985e-18
1.79243182e+00 1.259368943408078e-18
1.79525455e+00 1.258378483999327e-18
1.79807727e+00 1.257390357828888e-18
1.80090000e+00 1.256404555750391e-18
1.80372273e+00 1.255421068667581e-18
1.80654545e+00 1.254439887533971e-18
1.80936818e+00 1.253461003352486e-18
1.81219091e+00 1.252484407175121e-18
1.81501364e+00 1.251510090102596e-18
1.81783636e+00 1.250538043284015e-18
1.82065909e+00 1.249568257916530e-18
1.82348182e+00 1.248600725245002e-18
1.82630455e+00 1.247635436561676e-18
1.82912727e+00 1.246672383205845e-18
1.83195000e+00 1.245711556563527e-18
1.83477273e+00 1.244752948067141e-18
1.83759545e+00 1.243796549195186e-18
1.84041818e+00 1.242842351471924e-18
1.84324091e+00 1.241890346467061e-18
1.84606364e+00 1.240940525795439e-18
1.84888636e+00 1.239992881116720e-18
1.85170909e+00 1.239047404135086e-18
1.85453182e+00 1.238104086598926e-18
1.85735455e+00 1.237162920300539e-18
1.86017727e+00 1.236223897075832e-18
1.86300000e+00 1.235287008804024e-18
1.86582273e+00 1.234352247407347e-18
1.86864545e+00 1.233419604850760e-18
1.87146818e+00 1.232489073141652e-18
1.87429091e+00 1.231560644329559e-18
1.87711364e+00 1.230634310505878e-18
1.87993636e+00 1.229710063803583e-18
1.88275909e+00 1.228787896396944e-18
1.88558182e+00 1.227867800501250e-18
1.88840455e+00 1.226949768372532e-18
1.89122727e+00 1.226033792307290e-18
1.89405000e+00 1.225119864642222e-18
1.89687273e+00 1.224207977753952e-18
1.89969545e+00 1.223298124058767e-18
1.90251818e+00 1.222390296012348e-18
1.90534091e+00 1.221484486109510e-18
1.90816364e+00 1.220580686883942e-18
1.91098636e+00 1.219678890907944e-18
1.91380909e+00 1.218779090792177e-18
1.91663182e+00 1.217881279185403e-18
1.91945455e+00 1.216985448774236e-18
1.92227727e+00 1.216091592282891e-18
1.92510000e+00 1.215199702472937e-18
1.92792273e+00 1.214309772143048e-18
1.93074545e+00 1.213421794128760e-18
1.93356818e+00 1.212535761302231e-18
1.93639091e+00 1.211651666571997e-18
1.93921364e+00 1.210769502882737e-18
1.94203636e+00 1.209889263215033e-18
1.94485909e+00 1.209010940585140e-18
1.94768182e+00 1.208134528044748e-18
1.95050455e+00 1.207260018680755e-18
1.95332727e+00 1.206387405615038e-18
1.95615000e+00 1.205516682004222e-18
1.95897273e+00 1.204647841039459e-18
1.96179545e+00 1.203780875946202e-18
1.96461818e+00 1.202915779983983e-18
1.96744091e+00 1.202052546446196e-18
1.97026364e+00 1.201191168659872e-18
1.97308636e+00 1.200331639985470e-18
1.97590909e+00 1.199473953816657e-18
1.97873182e+00 1.198618103580098e-18
1.98155455e+00 1.197764082735240e-18
1.98437727e+00 1.196911884774108e-18
1.98720000e+00 1.196061503221090e-18
1.99002273e+00 1.195212931632737e-18
1.99284545e+00 1.194366163597552e-18
1.99566818e+00 1.193521192735793e-18
1.99849091e+00 1.192678012699263e-18
2.00131364e+00 1.191836617171118e-18
2.00413636e+00 1.190996999865662e-18
2.00695909e+00 1.190159154528152e-18
2.00978182e+00 1.189323074934604e-18
2.01260455e+00 1.188488754891598e-18
2.01542727e+00 1.187656188236080e-18
2.01825000e+00 1.186825368835181e-18
2.02107273e+00 1.185996290586017e-18
2.02389545e+00 1.185168947415509e-18
2.02671818e+00 1.184343333280189e-18
2.02954091e+00 1.183519442166022e-18
2.03236364e+00 1.182697268088215e-18
2.03518636e+00 1.181876805091038e-18
2.03800909e+00 1.181058047247642e-18
2.04083182e+00 1.180240988659882e-18
2.04365455e+00 1.179425623458133e-18
2.04647727e+00 1.178611945801118e-18
2.04930000e+00 1.177799949875727e-18
2.05212273e+00 1.176989629896850e-18
2.05494545e+00 1.176180980107197e-18
2.05776818e+00 1.175373994777129e-18
2.06059091e+00 1.174568668204488e-18
2.06341364e+00 1.173764994714426e-18
2.06623636e+00 1.172962968659239e-18
2.06905909e+00 1.172162584418199e-18
2.07188182e+00 1.171363836397390e-18
2.07470455e+00 1.170566719029541e-18
2.07752727e+00 1.169771226773866e-18
2.08035000e+00 1.168977354115902e-18
2.08317273e+00 1.168185095567344e-18
2.08599545e+00 1.167394445665892e-18
2.08881818e+00 1.166605398975091e-18
2.09164091e+00 1.165817950084169e-18
2.09446364e+00 1.165032093607889e-18
2.09728636e+00 1.164247824186388e-18
2.10010909e+00 1.163465136485027e-18
2.10293182e+00 1.162684025194237e-18
2.10575455e+00 1.161904485029368e-18
2.10857727e+00 1.161126510730540e-18
2.11140000e+00 1.160350097062492e-18
2.11422273e+00 1.159575238814436e-18
2.11704545e+00 1.158801930799907e-18
2.11986818e+00 1.158030167856623e-18
2.12269091e+00 1.157259944846333e-18
2.12551364e+00 1.156491256654679e-18
2.12833636e+00 1.155724098191050e-18
2.13115909e+00 1.154958464388443e-18
2.13398182e+00 1.154194350203320e-18
2.13680455e+00 1.153431750615469e-18
2.13962727e+00 1.152670660627869e-18
2.14245000e+00 1.151911075266547e-18
2.14527273e+00 1.151152989580444e-18
2.14809545e+00 1.150396398641280e-18
2.15091818e+00 1.149641297543419e-18
2.15374091e+00 1.148887681403736e-18
2.15656364e+00 1.148135545361481e-18
2.15938636e+00 1.147384884578154e-18
2.16220909e+00 1.146635694237368e-18
2.16503182e+00 1.145887969544720e-18
2.16785455e+00 1.145141705727666e-18
2.17067727e+00 1.144396898035390e-18
2.17350000e+00 1.143653541738678e-18
2.17632273e+00 1.142911632129790e-18
2.17914545e+00 1.142171164522338e-18
2.18196818e+00 1.141432134251160e-18
2.18479091e+00 1.140694536672194e-18
2.18761364e+00 1.139958367162361e-18
2.19043636e+00 1.139223621119440e-18
2.19325909e+00 1.138490293961944e-18
2.19608182e+00 1.137758381129007e-18
2.19890455e+00 1.137027878080261e-18
2.20172727e+00 1.136298780295716e-18
2.20455000e+00 1.135571083275646e-18
2.20737273e+00 1.134844782540471e-18
2.21019545e+00 1.134119873630640e-18
2.21301818e+00 1.133396352106517e-18
2.21584091e+00 1.132674213548269e-18
2.21866364e+00 1.131953453555749e-18
2.22148636e+00 1.131234067748384e-18
2.22430909e+00 1.130516051765065e-18
2.22713182e+00 1.129799401264035e-18
2.22995455e+00 1.129084111922778e-18
2.23277727e+00 1.128370179437913e-18
2.23560000e+00 1.127657599525078e-18
2.23842273e+00 1.126946367918829e-18
2.24124545e+00 1.126236480372532e-18
2.24406818e+00 1.125527932658251e-18
2.24689091e+00 1.124820720566648e-18
2.24971364e+00 1.124114839906877e-18
2.25253636e+00 1.123410286506477e-18
2.25535909e+00 1.122707056211270e-18
2.25818182e+00 1.122005144885260e-18
2.26100455e+00 1.121304548410527e-18
2.26382727e+00 1.120605262687129e-18
2.26665000e+00 1.119907283632998e-18
2.26947273e+00 1.119210607183844e-18
2.27229545e+00 1.118515229293053e-18
2.27511818e+00 1.117821145931586e-18
2.27794091e+00 1.117128353087888e-18
2.28076364e+00 1.116436846767781e-18
2.28358636e+00 1.115746622994377e-18
2.28640909e+00 1.115057677807974e-18
2.28923182e+00 1.114370007265967e-18
2.29205455e+00 1.113683607442748e-18
2.29487727e+00 1.112998474429615e-18
2.29770000e+00 1.112314604334678e-18
2.30052273e+00 1.111631993282763e-18
2.30334545e+00 1.110950637415328e-18
2.30616818e+00 1.110270532890360e-18
2.30899091e+00 1.109591675882295e-18
2.31181364e+00 1.108914062581919e-18
2.31463636e+00 1.108237689196282e-18
2.31745909e+00 1.107562551948612e-18
2.32028182e+00 1.106888647078219e-18
2.32310455e+00 1.106215970840414e-18
2.32592727e+00 1.105544519506417e-18
2.32875000e+00 1.104874289363272e-18
2.33157273e+00 1.104205276713760e-18
2.33439545e+00 1.103537477876317e-18
2.33721818e+00 1.102870889184943e-18
2.34004091e+00 1.102205506989122e-18
2.34286364e+00 1.101541327653734e-18
2.34568636e+00 1.100878347558976e-18
2.34850909e+00 1.100216563100277e-18
2.35133182e+00 1.099555970688216e-18
2.35415455e+00 1.098896566748438e-18
2.35697727e+00 1.098238347721578e-18
2.35980000e+00 1.097581310063174e-18
2.36262273e+00 1.096925450243593e-18
2.36544545e+00 1.096270764747945e-18
2.36826818e+00 1.095617250076010e-18
2.37109091e+00 1.094964902742155e-18
2.37391364e+00 1.094313719275258e-18
2.37673636e+00 1.093663696218631e-18
2.37955909e+00 1.093014830129939e-18
2.38238182e+00 1.092367117581130e-18
2.38520455e+00 1.091720555158352e-18
2.38802727e+00 1.091075139461883e-18
2.39085000e+00 1.090430867106052e-18
2.39367273e+00 1.089787734719167e-18
2.39649545e+00 1.089145738943440e-18
2.39931818e+00 1.088504876434912e-18
2.40214091e+00 1.087865143863382e-18
2.40496364e+00 1.087226537912334e-18
2.40778636e+00 1.086589055278863e-18
2.41060909e+00 1.085952692673605e-18
2.41343182e+00 1.085317446820665e-18
2.41625455e+00 1.084683314457547e-18
2.41907727e+00 1.084050292335083e-18
2.42190000e+00 1.083418377217362e-18
2.42472273e+00 1.082787565881662e-18
2.42754545e+00 1.082157855118380e-18
2.43036818e+00 1.081529241730966e-18
2.43319091e+00 1.080901722535850e-18
2.43601364e+00 1.080275294362380e-18
2.43883636e+00 1.079649954052750e-18
2.44165909e+00 1.079025698461935e-18
2.44448182e+00 1.078402524457624e-18
2.44730455e+00 1.077780428920156e-18
2.45012727e+00 1.077159408742453e-18
2.45295000e+00 1.076539460829952e-18
2.45577273e+00 1.075920582100547e-18
2.45859545e+00 1.075302769484517e-18
2.46141818e+00 1.074686019924469e-18
2.46424091e+00 1.074070330375266e-18
2.46706364e+00 1.073455697803976e-18
2.46988636e+00 1.072842119189795e-18
2.47270909e+00 1.072229591523998e-18
2.47553182e+00 1.071618111809867e-18
2.47835455e+00 1.071007677062635e-18
2.48117727e+00 1.070398284309422e-18
2.48400000e+00 1.069789930589176e-18
2.48682273e+00 1.069182612952612e-18
2.48964545e+00 1.068576328462153e-18
2.49246818e+00 1.067971074191865e-18
2.49529091e+00 1.067366847227407e-18
2.49811364e+00 1.066763644665964e-18
2.50093636e+00 1.066161463616192e-18
2.50375909e+00 1.065560301198158e-18
2.50658182e+00 1.064960154543286e-18
2.50940455e+00 1.064361020794294e-18
2.51222727e+00 1.063762897105141e-18
2.51505000e+00 1.063165780640969e-18
2.51787273e+00 1.062569668578045e-18
2.52069545e+00 1.061974558103709e-18
2.52351818e+00 1.061380446416314e-18
2.52634091e+00 1.060787330725171e-18
2.52916364e+00 1.060195208250497e-18
2.53198636e+00 1.059604076223359e-18
2.53480909e+00 1.059013931885617e-18
2.53763182e+00 1.058424772489873e-18
2.54045455e+00 1.057836595299416e-18
2.54327727e+00 1.057249397588171e-18
2.54610000e+00 1.056663176640639e-18
2.54892273e+00 1.056077929751855e-18
2.55174545e+00 1.055493654227326e-18
2.55456818e+00 1.054910347382983e-18
2.55739091e+00 1.054328006545129e-18
2.56021364e+00 1.053746629050387e-18
2.56303636e+00 1.053166212245652e-18
2.56585909e+00 1.052586753488033e-18
2.56868182e+00 1.052008250144808e-18
2.57150455e+00 1.051430699593375e-18
2.57432727e+00 1.050854099221198e-18
2.57715000e+00 1.050278446425757e-18
2.57997273e+00 1.049703738614503e-18
2.58279545e+00 1.049129973204805e-18
2.58561818e+00 1.048557147623906e-18
2.58844091e+00 1.047985259308868e-18
2.59126364e+00 1.047414305706528e-18
2.59408636e+00 1.046844284273449e-18
2.59690909e+00 1.046275192475875e-18
2.59973182e+00 1.045707027789679e-18
2.60255455e+00 1.045139787700319e-18
2.60537727e+00 1.044573469702791e-18
2.60820000e+00 1.044008071301583e-18
2.61102273e+00 1.043443590010627e-18
2.61384545e+00 1.042880023353253e-18
2.61666818e+00 1.042317368862147e-18
2.61949091e+00 1.041755624079302e-18
2.62231364e+00 1.041194786555974e-18
2.62513636e+00 1.040634853852637e-18
2.62795909e+00 1.040075823538937e-18
2.63078182e+00 1.039517693193654e-18
2.63360455e+00 1.038960460404648e-18
2.63642727e+00 1.038404122768825e-18
2.63925000e+00 1.037848677892084e-18
2.64207273e+00 1.037294123389284e-18
2.64489545e+00 1.036740456884192e-18
2.64771818e+00 1.036187676009445e-18
2.65054091e+00 1.035635778406506e-18
2.65336364e+00 1.035084761725623e-18
2.65618636e+00 1.034534623625786e-18
2.65900909e+00 1.033985361774685e-18
2.66183182e+00 1.033436973848668e-18
2.66465455e+00 1.032889457532701e-18
2.66747727e+00 1.032342810520328e-18
2.67030000e+00 1.031797030513627e-18
2.67312273e+00 1.031252115223171e-18
2.67594545e+00 1.030708062367989e-18
2.67876818e+00 1.030164869675523e-18
2.68159091e+00 1.029622534881592e-18
2.68441364e+00 1.029081055730347e-18
2.68723636e+00 1.028540429974238e-18
2.69005909e+00 1.028000655373971e-18
2.69288182e+00 1.027461729698466e-18
2.69570455e+00 1.026923650724826e-18
2.69852727e+00 1.026386416238294e-18
2.70135000e+00 1.025850024032213e-18
2.70417273e+00 1.025314471907990e-18
2.70699545e+00 1.024779757675062e-18
2.70981818e+00 1.024245879150848e-18
2.71264091e+00 1.023712834160726e-18
2.71546364e+00 1.023180620537980e-18
2.71828636e+00 1.022649236123776e-18
2.72110909e+00 1.022118678767119e-18
2.72393182e+00 1.021588946324818e-18
2.72675455e+00 1.021060036661447e-18
2.72957727e+00 1.020531947649313e-18
2.73240000e+00 1.020004677168418e-18
2.73522273e+00 1.019478223106423e-18
2.73804545e+00 1.018952583358613e-18
2.74086818e+00 1.018427755827860e-18
2.74369091e+00 1.017903738424592e-18
2.74651364e+00 1.017380529066753e-18
2.74933636e+00 1.016858125679773e-18
2.75215909e+00 1.016336526196528e-18
2.75498182e+00 1.015815728557311e-18
2.75780455e+00 1.015295730709796e-18
2.76062727e+00 1.014776530609001e-18
2.76345000e+00 1.014258126217260e-18
2.76627273e+00 1.013740515504184e-18
2.76909545e+00 1.013223696446630e-18
2.77191818e+00 1.012707667028670e-18
2.77474091e+00 1.012192425241551e-18
2.77756364e+00 1.011677969083672e-18
2.78038636e+00 1.011164296560542e-18
2.78320909e+00 1.010651405684755e-18
2.78603182e+00 1.010139294475951e-18
2.78885455e+00 1.009627960960789e-18
2.79167727e+00 1.009117403172914e-18
2.79450000e+00 1.008607619152923e-18
2.79732273e+00 1.008098606948336e-18
2.80014545e+00 1.007590364613562e-18
2.80296818e+00 1.007082890209872e-18
2.80579091e+00 1.006576181805362e-18
2.80861364e+00 1.006070237474928e-18
2.81143636e+00 1.005565055300232e-18
2.81425909e+00 1.005060633369670e-18
2.81708182e+00 1.004556969778347e-18
2.81990455e+00 1.004054062628041e-18
2.82272727e+00 1.003551910027177e-18
2.82555000e+00 1.003050510090794e-18
2.82837273e+00 1.002549860940518e-18
2.83119545e+00 1.002049960704530e-18
2.83401818e+00 1.001550807517541e-18
2.83684091e+00 1.001052399520756e-18
2.83966364e+00 1.000554734861851e-18
2.84248636e+00 1.000057811694939e-18
2.84530909e+00 9.995616281805477e-19
2.84813182e+00 9.990661824855839e-19
2.85095455e+00 9.985714727833099e-19
2.85377727e+00 9.980774972533130e-19
2.85660000e+00 9.975842540814783e-19
2.85942273e+00 9.970917414599598e-19
2.86224545e+00 9.965999575871538e-19
2.86506818e+00 9.961089006676703e-19
2.86789091e+00 9.956185689123056e-19
2.87071364e+00 9.951289605380151e-19
2.87353636e+00 9.946400737678857e-19
2.87635909e+00 9.941519068311102e-19
2.87918182e+00 9.936644579629576e-19
2.88200455e+00 9.931777254047494e-19
2.88482727e+00 9.926917074038300e-19
2.88765000e+00 9.922064022135432e-19
2.89047273e+00 9.917218080932030e-19
2.89329545e+00 9.912379233080686e-19
2.89611818e+00 9.907547461293198e-19
2.89894091e+00 9.902722748340280e-19
2.90176364e+00 9.897905077051334e-19
2.90458636e+00 9.893094430314167e-19
2.90740909e+00 9.888290791074758e-19
2.91023182e+00 9.883494142336989e-19
2.91305455e+00 9.878704467162400e-19
2.91587727e+00 9.873921748669938e-19
2.91870000e+00 9.869145970035698e-19
2.92152273e+00 9.864377114492684e-19
2.92434545e+00 9.859615165330565e-19
2.92716818e+00 9.854860105895417e-19
2.92999091e+00 9.850111919589484e-19
2.93281364e+00 9.845370589870935e-19
2.93563636e+00 9.840636100253626e-19
2.93845909e+00 9.835908434306851e-19
2.94128182e+00 9.831187575655113e-19
2.94410455e+00 9.826473507977868e-19
2.94692727e+00 9.821766215009313e-19
2.94975000e+00 9.817065680538128e-19
2.95257273e+00 9.812371888407250e-19
2.95539545e+00 9.807684822513649e-19
2.95821818e+00 9.803004466808075e-19
2.96104091e+00 9.798330805294849e-19
2.96386364e+00 9.793663822031617e-19
2.96668636e+00 9.789003501129134e-19
2.96950909e+00 9.784349826751027e-19
2.97233182e+00 9.779702783113574e-19
2.97515455e+00 9.775062354485479e-19
2.97797727e+00 9.770428525187645e-19
2.98080000e+00 9.765801279592963e-19
2.98362273e+00 9.761180602126062e-19
2.98644545e+00 9.756566477263132e-19
2.98926818e+00 9.751958889531665e-19
2.99209091e+00 9.747357823510260e-19
2.99491364e+00 9.742763263828403e-19
2.99773636e+00 9.738175195166236e-19
3.00055909e+00 9.733593602254366e-19
3.00338182e+00 9.729018469873639e-19
3.00620455e+00 9.724449782854920e-19
3.00902727e+00 9.719887526078906e-19
3.01185000e+00 9.715331684475883e-19
3.01467273e+00 9.710782243025544e-19
3.01749545e+00 9.706239186756771e-19
3.02031818e+00 9.701702500747428e-19
3.02314091e+00 9.697172170124150e-19
3.02596364e+00 9.692648180062155e-19
3.02878636e+00 9.688130515785020e-19
3.03160909e+00 9.683619162564486e-19
3.03443182e+00 9.679114105720265e-19
3.03725455e+00 9.674615330619829e-19
3.04007727e+00 9.670122822678208e-19
3.04290000e+00 9.665636567357808e-19
3.04572273e+00 9.661156550168189e-19
3.04854545e+00 9.656682756665894e-19
3.05136818e+00 9.652215172454232e-19
3.05419091e+00 9.647753783183096e-19
3.05701364e+00 9.643298574548766e-19
3.05983636e+00 9.638849532293715e-19
3.06265909e+00 9.634406642206422e-19
3.06548182e+00 9.629969890121174e-19
3.06830455e+00 9.625539261917882e-19
3.07112727e+00 9.621114743521889e-19
3.07395000e+00 9.616696320903784e-19
3.07677273e+00 9.612283980079219e-19
3.07959545e+00 9.607877707108716e-19
3.08241818e+00 9.603477488097483e-19
3.08524091e+00 9.599083309195236e-19
3.08806364e+00 9.594695156596006e-19
3.09088636e+00 9.590313016537970e-19
3.09370909e+00 9.585936875303258e-19
3.09653182e+00 9.581566719217781e-19
3.09935455e+00 9.577202534651041e-19
3.10217727e+00 9.572844308015963e-19
3.10500000e+00 9.568492025768719e-19
3.10782273e+00 9.564145674408534e-19
3.11064545e+00 9.559805240477528e-19
3.11346818e+00 9.555470710560538e-19
3.11629091e+00 9.551142071284938e-19
3.11911364e+00 9.546819309320461e-19
3.12193636e+00 9.542502411379046e-19
3.12475909e+00 9.538191364214652e-19
3.12758182e+00 9.533886154623077e-19
3.13040455e+00 9.529586769441818e-19
3.13322727e+00 9.525293195549874e-19
3.13605000e+00 9.521005419867591e-19
3.13887273e+00 9.516723429356497e-19
3.14169545e+00 9.512447211019120e-19
3.14451818e+00 9.508176751898844e-19
3.14734091e+00 9.503912039079728e-19
3.15016364e+00 9.499653059686346e-19
3.15298636e+00 9.495399800883630e-19
3.15580909e+00 9.491152249876694e-19
3.15863182e+00 9.486910393910690e-19
3.16145455e+00 9.482674220270634e-19
3.16427727e+00 9.478443716281244e-19
3.16710000e+00 9.474218869306797e-19
3.16992273e+00 9.469999666750951e-19
3.17274545e+00 9.465786096056601e-19
3.17556818e+00 9.461578144705718e-19
3.17839091e+00 9.457375800219186e-19
3.18121364e+00 9.453179050156660e-19
3.18403636e+00 9.448987882116397e-19
3.18685909e+00 9.444802283735118e-19
3.18968182e+00 9.440622242687836e-19
3.19250455e+00 9.436447746687718e-19
3.19532727e+00 9.432278783485930e-19
3.19815000e+00 9.428115340871486e-19
3.20097273e+00 9.423957406671090e-19
3.20379545e+00 9.419804968748996e-19
3.20661818e+00 9.415658015006860e-19
3.20944091e+00 9.411516533383587e-19
3.21226364e+00 9.407380511855178e-19
3.21508636e+00 9.403249938434601e-19
3.21790909e+00 9.399124801171626e-19
3.22073182e+00 9.395005088152691e-19
3.22355455e+00 9.390890787500760e-19
3.22637727e+00 9.386781887375163e-19
3.22920000e+00 9.382678375971472e-19
3.23202273e+00 9.378580241521346e-19
3.23484545e+00 9.374487472292397e-19
3.23766818e+00 9.370400056588046e-19
3.24049091e+00 9.366317982747373e-19
3.24331364e+00 9.362241239145001e-19
3.24613636e+00 9.358169814190932e-19
3.24895909e+00 9.354103696330420e-19
3.25178182e+00 9.350042874043836e-19
3.25460455e+00 9.345987335846520e-19
3.25742727e+00 9.341937070288664e-19
3.26025000e+00 9.337892065955149e-19
3.26307273e+00 9.333852311465437e-19
3.26589545e+00 9.329817795473420e-19
3.26871818e+00 9.325788506667286e-19
3.27154091e+00 9.321764433769396e-19
3.27436364e+00 9.317745565536146e-19
3.27718636e+00 9.313731890757832e-19
3.28000909e+00 9.309723398258521e-19
3.28283182e+00 9.305720076895922e-19
3.28565455e+00 9.301721915561254e-19
3.28847727e+00 9.297728903179121e-19
3.29130000e+00 9.293741028707375e-19
3.29412273e+00 9.289758281136991e-19
3.29694545e+00 9.285780649491942e-19
3.29976818e+00 9.281808122829077e-19
3.30259091e+00 9.277840690237976e-19
3.30541364e+00 9.273878340840841e-19
3.30823636e+00 9.269921063792374e-19
3.31105909e+00 9.265968848279632e-19
3.31388182e+00 9.262021683521922e-19
3.31670455e+00 9.258079558770664e-19
3.31952727e+00 9.254142463309287e-19
3.32235000e+00 9.250210386453080e-19
3.32517273e+00 9.246283317549093e-19
3.32799545e+00 9.242361245976006e-19
3.33081818e+00 9.238444161144009e-19
3.33364091e+00 9.234532052494682e-19
3.33646364e+00 9.230624909500875e-19
3.33928636e+00 9.226722721666594e-19
3.34210909e+00 9.222825478526873e-19
3.34493182e+00 9.218933169647665e-19
3.34775455e+00 9.215045784625724e-19
3.35057727e+00 9.211163313088478e-19
3.35340000e+00 9.207285744693927e-19
3.35622273e+00 9.203413069130521e-19
3.35904545e+00 9.199545276117038e-19
3.36186818e+00 9.195682355402482e-19
3.36469091e+00 9.191824296765959e-19
3.36751364e+00 9.187971090016571e-19
3.37033636e+00 9.184122724993296e-19
3.37315909e+00 9.180279191564877e-19
3.37598182e+00 9.176440479629716e-19
3.37880455e+00 9.172606579115758e-19
3.38162727e+00 9.168777479980372e-19
3.38445000e+00 9.164953172210261e-19
3.38727273e+00 9.161133645821327e-19
3.39009545e+00 9.157318890858586e-19
3.39291818e+00 9.153508897396036e-19
3.39574091e+00 9.149703655536568e-19
3.39856364e+00 9.145903155411843e-19
3.40138636e+00 9.142107387182200e-19
3.40420909e+00 9.138316341036531e-19
3.40703182e+00 9.134530007192189e-19
3.40985455e+00 9.130748375894873e-19
3.41267727e+00 9.126971437418529e-19
3.41550000e+00 9.123199182065243e-19
3.41832273e+00 9.119431600165134e-19
3.42114545e+00 9.115668682076249e-19
3.42396818e+00 9.111910418184462e-19
3.42679091e+00 9.108156798903376e-19
3.42961364e+00 9.104407814674209e-19
3.43243636e+00 9.100663455965702e-19
3.43525909e+00 9.096923713274006e-19
3.43808182e+00 9.093188577122597e-19
3.44090455e+00 9.089458038062158e-19
3.44372727e+00 9.085732086670488e-19
3.44655000e+00 9.082010713552405e-19
3.44937273e+00 9.078293909339634e-19
3.45219545e+00 9.074581664690722e-19
3.45501818e+00 9.070873970290931e-19
3.45784091e+00 9.067170816852139e-19
3.46066364e+00 9.063472195112752e-19
3.46348636e+00 9.059778095837594e-19
3.46630909e+00 9.056088509817819e-19
3.46913182e+00 9.052403427870808e-19
3.47195455e+00 9.048722840840084e-19
3.47477727e+00 9.045046739595203e-19
3.47760000e+00 9.041375115031665e-19
3.48042273e+00 9.037707958070826e-19
3.48324545e+00 9.034045259659784e-19
3.48606818e+00 9.030387010771315e-19
3.48889091e+00 9.026733202403747e-19
3.49171364e+00 9.023083825580896e-19
3.49453636e+00 9.019438871351950e-19
3.49735909e+00 9.015798330791391e-19
3.50018182e+00 9.012162194998897e-19
3.50300455e+00 9.008530455099256e-19
3.50582727e+00 9.004903102242273e-19
3.50865000e+00 9.001280127602675e-19
3.51147273e+00 8.997661522380020e-19
3.51429545e+00 8.994047277798616e-19
3.51711818e+00 8.990437385107430e-19
3.51994091e+00 8.986831835579988e-19
3.52276364e+00 8.983230620514300e-19
3.52558636e+00 8.979633731232765e-19
3.52840909e+00 8.976041159082083e-19
3.53123182e+00 8.972452895433165e-19
3.53405455e+00 8.968868931681057e-19
3.53687727e+00 8.965289259244843e-19
3.53970000e+00 8.961713869567561e-19
3.54252273e+00 8.958142754116116e-19
3.54534545e+00 8.954575904381202e-19
3.54816818e+00 8.951013311877206e-19
3.55099091e+00 8.947454968142127e-19
3.55381364e+00 8.943900864737498e-19
3.55663636e+00 8.940350993248295e-19
3.55945909e+00 8.936805345282854e-19
3.56228182e+00 8.933263912472790e-19
3.56510455e+00 8.929726686472911e-19
3.56792727e+00 8.926193658961141e-19
3.57075000e+00 8.922664821638428e-19
3.57357273e+00 8.919140166228677e-19
3.57639545e+00 8.915619684478653e-19
3.57921818e+00 8.912103368157904e-19
3.58204091e+00 8.908591209058692e-19
3.58486364e+00 8.905083198995895e-19
3.58768636e+00 8.901579329806940e-19
3.59050909e+00 8.898079593351716e-19
3.59333182e+00 8.894583981512497e-19
3.59615455e+00 8.891092486193864e-19
3.59897727e+00 8.887605099322621e-19
3.60180000e+00 8.884121812847731e-19
3.60462273e+00 8.880642618740214e-19
3.60744545e+00 8.877167508993091e-19
3.61026818e+00 8.873696475621299e-19
3.61309091e+00 8.870229510661610e-19
3.61591364e+00 8.866766606172558e-19
3.61873636e+00 8.863307754234367e-19
3.62155909e+00 8.859852946948864e-19
3.62438182e+00 8.856402176439410e-19
3.62720455e+00 8.852955434850831e-19
3.63002727e+00 8.849512714349328e-19
3.63285000e+00 8.846074007122413e-19
3.63567273e+00 8.842639305378834e-19
3.63849545e+00 8.839208601348495e-19
3.64131818e+00 8.835781887282389e-19
3.64414091e+00 8.832359155452516e-19
3.64696364e+00 8.828940398151823e-19
3.64978636e+00 8.825525607694115e-19
3.65260909e+00 8.822114776413997e-19
3.65543182e+00 8.818707896666790e-19
3.65825455e+00 8.815304960828469e-19
3.66107727e+00 8.811905961295584e-19
3.66390000e+00 8.808510890485192e-19
3.66672273e+00 8.805119740834783e-19
3.66954545e+00 8.801732504802219e-19
3.67236818e+00 8.798349174865643e-19
3.67519091e+00 8.794969743523437e-19
3.67801364e+00 8.791594203294124e-19
3.68083636e+00 8.788222546716322e-19
3.68365909e+00 8.784854766348655e-19
3.68648182e+00 8.781490854769700e-19
3.68930455e+00 8.778130804577912e-19
3.69212727e+00 8.774774608391545e-19
3.69495000e+00 8.771422258848608e-19
3.69777273e+00 8.768073748606773e-19
3.70059545e+00 8.764729070343324e-19
3.70341818e+00 8.761388216755079e-19
3.70624091e+00 8.758051180558329e-19
3.70906364e+00 8.754717954488770e-19
3.71188636e+00 8.751388531301435e-19
3.71470909e+00 8.748062903770633e-19
3.71753182e+00 8.744741064689877e-19
3.72035455e+00 8.741423006871815e-19
3.72317727e+00 8.738108723148184e-19
3.72600000e+00 8.734798206369715e-19
3.72882273e+00 8.731491449406102e-19
3.73164545e+00 8.728188445145900e-19
3.73446818e+00 8.724889186496503e-19
3.73729091e+00 8.721593666384040e-19
3.74011364e+00 8.718301877753335e-19
3.74293636e+00 8.715013813567847e-19
3.74575909e+00 8.711729466809578e-19
3.74858182e+00 8.708448830479049e-19
3.75140455e+00 8.705171897595207e-19
3.75422727e+00 8.701898661195377e-19
3.75705000e+00 8.698629114335198e-19
3.75987273e+00 8.695363250088556e-19
3.76269545e+00 8.692101061547528e-19
3.76551818e+00 8.688842541822318e-19
3.76834091e+00 8.685587684041198e-19
3.77116364e+00 8.682336481350446e-19
3.77398636e+00 8.679088926914281e-19
3.77680909e+00 8.675845013914811e-19
3.77963182e+00 8.672604735551965e-19
3.78245455e+00 8.669368085043440e-19
3.78527727e+00 8.666135055624638e-19
3.78810000e+00 8.662905640548602e-19
3.79092273e+00 8.659679833085970e-19
3.79374545e+00 8.656457626524896e-19
3.79656818e+00 8.653239014171015e-19
3.79939091e+00 8.650023989347366e-19
3.80221364e+00 8.646812545394339e-19
3.80503636e+00 8.643604675669623e-19
3.80785909e+00 8.640400373548143e-19
3.81068182e+00 8.637199632422000e-19
3.81350455e+00 8.634002445700420e-19
3.81632727e+00 8.630808806809694e-19
3.81915000e+00 8.627618709193120e-19
3.82197273e+00 8.624432146310947e-19
3.82479545e+00 8.621249111640323e-19
3.82761818e+00 8.618069598675230e-19
3.83044091e+00 8.614893600926441e-19
3.83326364e+00 8.611721111921450e-19
3.83608636e+00 8.608552125204427e-19
3.83890909e+00 8.605386634336158e-19
3.84173182e+00 8.602224632893992e-19
3.84455455e+00 8.599066114471786e-19
3.84737727e+00 8.595911072679848e-19
3.85020000e+00 8.592759501144888e-19
3.85302273e+00 8.589611393509959e-19
3.85584545e+00 8.586466743434404e-19
3.85866818e+00 8.583325544593808e-19
3.86149091e+00 8.580187790679931e-19
3.86431364e+00 8.577053475400672e-19
3.86713636e+00 8.573922592480004e-19
3.86995909e+00 8.570795135657926e-19
3.87278182e+00 8.567671098690408e-19
3.87560455e+00 8.564550475349340e-19
3.87842727e+00 8.561433259422484e-19
3.88125000e+00 8.558319444713408e-19
3.88407273e+00 8.555209025041457e-19
3.88689545e+00 8.552101994241678e-19
3.88971818e+00 8.548998346164785e-19
3.89254091e+00 8.545898074677098e-19
3.89536364e+00 8.542801173660504e-19
3.89818636e+00 8.539707637012388e-19
3.90100909e+00 8.536617458645601e-19
3.90383182e+00 8.533530632488399e-19
3.90665455e+00 8.530447152484394e-19
3.90947727e+00 8.527367012592509e-19
3.91230000e+00 8.524290206786924e-19
3.91512273e+00 8.521216729057023e-19
3.91794545e+00 8.518146573407358e-19
3.92076818e+00 8.515079733857582e-19
3.92359091e+00 8.512016204442416e-19
3.92641364e+00 8.508955979211590e-19
3.92923636e+00 8.505899052229797e-19
3.93205909e+00 8.502845417576650e-19
3.93488182e+00 8.499795069346623e-19
3.93770455e+00 8.496748001649014e-19
3.94052727e+00 8.493704208607892e-19
3.94335000e+00 8.490663684362049e-19
3.94617273e+00 8.487626423064953e-19
3.94899545e+00 8.484592418884703e-19
3.95181818e+00 8.481561666003980e-19
3.95464091e+00 8.478534158620000e-19
3.95746364e+00 8.475509890944467e-19
3.96028636e+00 8.472488857203531e-19
3.96310909e+00 8.469471051637731e-19
3.96593182e+00 8.466456468501966e-19
3.96875455e+00 8.463445102065430e-19
3.97157727e+00 8.460436946611580e-19
3.97440000e+00 8.457431996438081e-19
3.97722273e+00 8.454430245856774e-19
3.98004545e+00 8.451431689193614e-19
3.98286818e+00 8.448436320788636e-19
3.98569091e+00 8.445444134995906e-19
3.98851364e+00 8.442455126183480e-19
3.99133636e+00 8.439469288733355e-19
3.99415909e+00 8.436486617041426e-19
3.99698182e+00 8.433507105517443e-19
3.99980455e+00 8.430530748584967e-19
4.00262727e+00 8.427557540681328e-19
4.00545000e+00 8.424587476257571e-19
4.00827273e+00 8.421620549778430e-19
4.01109545e+00 8.418656755722268e-19
4.01391818e+00 8.415696088581044e-19
4.01674091e+00 8.412738542860268e-19
4.01956364e+00 8.409784113078953e-19
4.02238636e+00 8.406832793769580e-19
4.02520909e+00 8.403884579478053e-19
4.02803182e+00 8.400939464763648e-19
4.03085455e+00 8.397997444198989e-19
4.03367727e+00 8.395058512369989e-19
4.03650000e+00 8.392122663875816e-19
4.03932273e+00 8.389189893328847e-19
4.04214545e+00 8.386260195354637e-19
4.04496818e+00 8.383333564591861e-19
4.04779091e+00 8.380409995692289e-19
4.05061364e+00 8.377489483320731e-19
4.05343636e+00 8.374572022155012e-19
4.05625909e+00 8.371657606885912e-19
4.05908182e+00 8.368746232217142e-19
4.06190455e+00 8.365837892865294e-19
4.06472727e+00 8.362932583559808e-19
4.06755000e+00 8.360030299042920e-19
4.07037273e+00 8.357131034069641e-19
4.07319545e+00 8.354234783407695e-19
4.07601818e+00 8.351341541837498e-19
4.07884091e+00 8.348451304152103e-19
4.08166364e+00 8.345564065157178e-19
4.08448636e+00 8.342679819670950e-19
4.08730909e+00 8.339798562524176e-19
4.09013182e+00 8.336920288560102e-19
4.09295455e+00 8.334044992634419e-19
4.09577727e+00 8.331172669615233e-19
4.09860000e+00 8.328303314383025e-19
4.10142273e+00 8.325436921830605e-19
4.10424545e+00 8.322573486863077e-19
4.10706818e+00 8.319713004397811e-19
4.10989091e+00 8.316855469364389e-19
4.11271364e+00 8.314000876704581e-19
4.11553636e+00 8.311149221372298e-19
4.11835909e+00 8.308300498333559e-19
4.12118182e+00 8.305454702566454e-19
4.12400455e+00 8.302611829061104e-19
4.12682727e+00 8.299771872819626e-19
4.12965000e+00 8.296934828856098e-19
4.13247273e+00 8.294100692196517e-19
4.13529545e+00 8.291269457878765e-19
4.13811818e+00 8.288441120952577e-19
4.14094091e+00 8.285615676479495e-19
4.14376364e+00 8.282793119532841e-19
4.14658636e+00 8.279973445197677e-19
4.14940909e+00 8.277156648570766e-19
4.15223182e+00 8.274342724760544e-19
4.15505455e+00 8.271531668887076e-19
4.15787727e+00 8.268723476082027e-19
4.16070000e+00 8.265918141488622e-19
4.16352273e+00 8.263115660261611e-19
4.16634545e+00 8.260316027567240e-19
4.16916818e+00 8.257519238583206e-19
4.17199091e+00 8.254725288498633e-19
4.17481364e+00 8.251934172514024e-19
4.17763636e+00 8.249145885841246e-19
4.18045909e+00 8.246360423703471e-19
4.18328182e+00 8.243577781335160e-19
4.18610455e+00 8.240797953982026e-19
4.18892727e+00 8.238020936900990e-19
4.19175000e+00 8.235246725360158e-19
4.19457273e+00 8.232475314638784e-19
4.19739545e+00 8.229706700027231e-19
4.20021818e+00 8.226940876826946e-19
4.20304091e+00 8.224177840350418e-19
4.20586364e+00 8.221417585921154e-19
4.20868636e+00 8.218660108873636e-19
4.21150909e+00 8.215905404553294e-19
4.21433182e+00 8.213153468316471e-19
4.21715455e+00 8.210404295530392e-19
4.21997727e+00 8.207657881573129e-19
4.22280000e+00 8.204914221833566e-19
4.22562273e+00 8.202173311711376e-19
4.22844545e+00 8.199435146616977e-19
4.23126818e+00 8.196699721971507e-19
4.23409091e+00 8.193967033206789e-19
4.23691364e+00 8.191237075765300e-19
4.23973636e+00 8.188509845100141e-19
4.24255909e+00 8.185785336674999e-19
4.24538182e+00 8.183063545964121e-19
4.24820455e+00 8.180344468452284e-19
4.25102727e+00 8.177628099634754e-19
4.25385000e+00 8.174914435017267e-19
4.25667273e+00 8.172203470115987e-19
4.25949545e+00 8.169495200457485e-19
4.26231818e+00 8.166789621578696e-19
4.26514091e+00 8.164086729026898e-19
4.26796364e+00 8.161386518359681e-19
4.27078636e+00 8.158688985144908e-19
4.27360909e+00 8.155994124960692e-19
4.27643182e+00 8.153301933395364e-19
4.27925455e+00 8.150612406047441e-19
4.28207727e+00 8.147925538525595e-19
4.28490000e+00 8.145241326448628e-19
4.28772273e+00 8.142559765445440e-19
4.29054545e+00 8.139880851154989e-19
4.29336818e+00 8.137204579226279e-19
4.29619091e+00 8.134530945318316e-19
4.29901364e+00 8.131859945100090e-19
4.30183636e+00 8.129191574250530e-19
4.30465909e+00 8.126525828458490e-19
4.30748182e+00 8.123862703422713e-19
4.31030455e+00 8.121202194851798e-19
4.31312727e+00 8.118544298464185e-19
4.31595000e+00 8.115889009988106e-19
4.31877273e+00 8.113236325161571e-19
4.32159545e+00 8.110586239732336e-19
4.32441818e+00 8.107938749457873e-19
4.32724091e+00 8.105293850105340e-19
4.33006364e+00 8.102651537451554e-19
4.33288636e+00 8.100011807282965e-19
4.33570909e+00 8.097374655395625e-19
4.33853182e+00 8.094740077595160e-19
4.34135455e+00 8.092108069696745e-19
4.34417727e+00 8.089478627525068e-19
4.34700000e+00 8.086851746914315e-19
4.34982273e+00 8.084227423708129e-19
4.35264545e+00 8.081605653759596e-19
4.35546818e+00 8.078986432931199e-19
4.35829091e+00 8.076369757094814e-19
4.36111364e+00 8.073755622131660e-19
4.36393636e+00 8.071144023932288e-19
4.36675909e+00 8.068534958396547e-19
4.36958182e+00 8.065928421433553e-19
4.37240455e+00 8.063324408961678e-19
4.37522727e+00 8.060722916908500e-19
4.37805000e+00 8.058123941210792e-19
4.38087273e+00 8.055527477814498e-19
4.38369545e+00 8.052933522674694e-19
4.38651818e+00 8.050342071755564e-19
4.38934091e+00 8.047753121030387e-19
4.39216364e+00 8.045166666481494e-19
4.39498636e+00 8.042582704100253e-19
4.39780909e+00 8.040001229887035e-19
4.40063182e+00 8.037422239851194e-19
4.40345455e+00 8.034845730011038e-19
4.40627727e+00 8.032271696393803e-19
4.40910000e+00 8.029700135035630e-19
4.41192273e+00 8.027131041981539e-19
4.41474545e+00 8.024564413285398e-19
4.41756818e+00 8.022000245009905e-19
4.42039091e+00 8.019438533226556e-19
4.42321364e+00 8.016879274015629e-19
4.42603636e+00 8.014322463466144e-19
4.42885909e+00 8.011768097675855e-19
4.43168182e+00 8.009216172751210e-19
4.43450455e+00 8.006666684807340e-19
4.43732727e+00 8.004119629968018e-19
4.44015000e+00 8.001575004365652e-19
4.44297273e+00 7.999032804141245e-19
4.44579545e+00 7.996493025444381e-19
4.44861818e+00 7.993955664433194e-19
4.45144091e+00 7.991420717274345e-19
4.45426364e+00 7.988888180143003e-19
4.45708636e+00 7.986358049222812e-19
4.45990909e+00 7.983830320705875e-19
4.46273182e+00 7.981304990792723e-19
4.46555455e+00 7.978782055692294e-19
4.46837727e+00 7.976261511621914e-19
4.47120000e+00 7.973743354807265e-19
4.47402273e+00 7.971227581482363e-19
4.47684545e+00 7.968714187889541e-19
4.47966818e+00 7.966203170279415e-19
4.48249091e+00 7.963694524910872e-19
4.48531364e+00 7.961188248051034e-19
4.48813636e+00 7.958684335975249e-19
4.49095909e+00 7.956182784967053e-19
4.49378182e+00 7.953683591318158e-19
4.49660455e+00 7.951186751328422e-19
4.49942727e+00 7.948692261305832e-19
4.50225000e+00 7.946200117566476e-19
4.50507273e+00 7.943710316434522e-19
4.50789545e+00 7.941222854242196e-19
4.51071818e+00 7.938737727329758e-19
4.51354091e+00 7.936254932045479e-19
4.51636364e+00 7.933774464745622e-19
4.51918636e+00 7.931296321794415e-19
4.52200909e+00 7.928820499564031e-19
4.52483182e+00 7.926346994434564e-19
4.52765455e+00 7.923875802794011e-19
4.53047727e+00 7.921406921038243e-19
4.53330000e+00 7.918940345570992e-19
4.53612273e+00 7.916476072803817e-19
4.53894545e+00 7.914014099156096e-19
4.54176818e+00 7.911554421054993e-19
4.54459091e+00 7.909097034935437e-19
4.54741364e+00 7.906641937240113e-19
4.55023636e+00 7.904189124419421e-19
4.55305909e+00 7.901738592931471e-19
4.55588182e+00 7.899290339242052e-19
4.55870455e+00 7.896844359824613e-19
4.56152727e+00 7.894400651160245e-19
4.56435000e+00 7.891959209737652e-19
4.56717273e+00 7.889520032053141e-19
4.56999545e+00 7.887083114610590e-19
4.57281818e+00 7.884648453921430e-19
4.57564091e+00 7.882216046504633e-19
4.57846364e+00 7.879785888886677e-19
4.58128636e+00 7.877357977601532e-19
4.58410909e+00 7.874932309190643e-19
4.58693182e+00 7.872508880202901e-19
4.58975455e+00 7.870087687194631e-19
4.59257727e+00 7.867668726729563e-19
4.59540000e+00 7.865251995378820e-19
4.59822273e+00 7.862837489720888e-19
4.60104545e+00 7.860425206341607e-19
4.60386818e+00 7.858015141834139e-19
4.60669091e+00 7.855607292798958e-19
4.60951364e+00 7.853201655843821e-19
4.61233636e+00 7.850798227583756e-19
4.61515909e+00 7.848397004641037e-19
4.61798182e+00 7.845997983645166e-19
4.62080455e+00 7.843601161232848e-19
4.62362727e+00 7.841206534047982e-19
4.62645000e+00 7.838814098741630e-19
4.62927273e+00 7.836423851972007e-19
4.63209545e+00 7.834035790404451e-19
4.63491818e+00 7.831649910711414e-19
4.63774091e+00 7.829266209572433e-19
4.64056364e+00 7.826884683674120e-19
4.64338636e+00 7.824505329710134e-19
4.64620909e+00 7.822128144381169e-19
4.64903182e+00 7.819753124394926e-19
4.65185455e+00 7.817380266466105e-19
4.65467727e+00 7.815009567316378e-19
4.65750000e+00 7.812641023674370e-19
4.66032273e+00 7.810274632275644e-19
4.66314545e+00 7.807910389862680e-19
4.66596818e+00 7.805548293184860e-19
4.66879091e+00 7.803188338998437e-19
4.67161364e+00 7.800830524066534e-19
4.67443636e+00 7.798474845159109e-19
4.67725909e+00 7.796121299052952e-19
4.68008182e+00 7.793769882531646e-19
4.68290455e+00 7.791420592385574e-19
4.68572727e+00 7.789073425411877e-19
4.68855000e+00 7.786728378414455e-19
4.69137273e+00 7.784385448203928e-19
4.69419545e+00 7.782044631597643e-19
4.69701818e+00 7.779705925419630e-19
4.69984091e+00 7.777369326500605e-19
4.70266364e+00 7.775034831677940e-19
4.70548636e+00 7.772702437795646e-19
4.70830909e+00 7.770372141704362e-19
4.71113182e+00 7.768043940261328e-19
4.71395455e+00 7.765717830330372e-19
4.71677727e+00 7.763393808781898e-19
4.71960000e+00 7.761071872492851e-19
4.72242273e+00 7.758752018346722e-19
4.72524545e+00 7.756434243233513e-19
4.72806818e+00 7.754118544049724e-19
4.73089091e+00 7.751804917698342e-19
4.73371364e+00 7.749493361088817e-19
4.73653636e+00 7.747183871137040e-19
4.73935909e+00 7.744876444765342e-19
4.74218182e+00 7.742571078902462e-19
4.74500455e+00 7.740267770483533e-19
4.74782727e+00 7.737966516450071e-19
4.75065000e+00 7.735667313749946e-19
4.75347273e+00 7.733370159337380e-19
4.75629545e+00 7.731075050172921e-19
4.75911818e+00 7.728781983223422e-19
4.76194091e+00 7.726490955462038e-19
4.76476364e+00 7.724201963868196e-19
4.76758636e+00 7.721915005427582e-19
4.77040909e+00 7.719630077132129e-19
4.77323182e+00 7.717347175979998e-19
4.77605455e+00 7.715066298975554e-19
4.77887727e+00 7.712787443129362e-19
4.78170000e+00 7.710510605458163e-19
4.78452273e+00 7.708235782984858e-19
4.78734545e+00 7.705962972738493e-19
4.79016818e+00 7.703692171754243e-19
4.79299091e+00 7.701423377073394e-19
4.79581364e+00 7.699156585743329e-19
4.79863636e+00 7.696891794817509e-19
4.80145909e+00 7.694629001355464e-19
4.80428182e+00 7.692368202422765e-19
4.80710455e+00 7.690109395091017e-19
4.80992727e+00 7.687852576437841e-19
4.81275000e+00 7.685597743546862e-19
4.81557273e+00 7.683344893507681e-19
4.81839545e+00 7.681094023415875e-19
4.82121818e+00 7.678845130372967e-19
4.82404091e+00 7.676598211486423e-19
4.82686364e+00 7.674353263869625e-19
4.82968636e+00 7.672110284641865e-19
4.83250909e+00 7.669869270928322e-19
4.83533182e+00 7.667630219860051e-19
4.83815455e+00 7.665393128573965e-19
4.84097727e+00 7.663157994212826e-19
4.84380000e+00 7.660924813925215e-19
4.84662273e+00 7.658693584865536e-19
4.84944545e+00 7.656464304193985e-19
4.85226818e+00 7.654236969076543e-19
4.85509091e+00 7.652011576684959e-19
4.85791364e+00 7.649788124196734e-19
4.86073636e+00 7.647566608795107e-19
4.86355909e+00 7.645347027669038e-19
4.86638182e+00 7.643129378013199e-19
4.86920455e+00 7.640913657027949e-19
4.87202727e+00 7.638699861919329e-19
4.87485000e+00 7.636487989899043e-19
4.87767273e+00 7.634278038184440e-19
4.88049545e+00 7.632070003998508e-19
4.88331818e+00 7.629863884569847e-19
4.88614091e+00 7.627659677132671e-19
4.88896364e+00 7.625457378926775e-19
4.89178636e+00 7.623256987197535e-19
4.89460909e+00 7.621058499195882e-19
4.89743182e+00 7.618861912178302e-19
4.90025455e+00 7.616667223406805e-19
4.90307727e+00 7.614474430148923e-19
4.90590000e+00 7.612283529677690e-19
4.90872273e+00 7.610094519271632e-19
4.91154545e+00 7.607907396214746e-19
4.91436818e+00 7.605722157796489e-19
4.91719091e+00 7.603538801311772e-19
4.92001364e+00 7.601357324060933e-19
4.92283636e+00 7.599177723349727e-19
4.92565909e+00 7.596999996489320e-19
4.92848182e+00 7.594824140796264e-19
4.93130455e+00 7.592650153592488e-19
4.93412727e+00 7.590478032205285e-19
4.93695000e+00 7.588307773967299e-19
4.93977273e+00 7.586139376216507e-19
4.94259545e+00 7.583972836296208e-19
4.94541818e+00 7.581808151555012e-19
4.94824091e+00 7.579645319346817e-19
4.95106364e+00 7.577484337030811e-19
4.95388636e+00 7.575325201971440e-19
4.95670909e+00 7.573167911538411e-19
4.95953182e+00 7.571012463106669e-19
4.96235455e+00 7.568858854056381e-19
4.96517727e+00 7.566707081772940e-19
4.96800000e+00 7.564557143646925e-19
4.97082273e+00 7.562409037074109e-19
4.97364545e+00 7.560262759455440e-19
4.97646818e+00 7.558118308197025e-19
4.97929091e+00 7.555975680710116e-19
4.98211364e+00 7.553834874411102e-19
4.98493636e+00 7.551695886721493e-19
4.98775909e+00 7.549558715067907e-19
4.99058182e+00 7.547423356882053e-19
4.99340455e+00 7.545289809600729e-19
4.99622727e+00 7.543158070665798e-19
4.99905000e+00 7.541028137524180e-19
5.00187273e+00 7.538900007627837e-19
5.00469545e+00 7.536773678433765e-19
5.00751818e+00 7.534649147403978e-19
5.01034091e+00 7.532526412005488e-19
5.01316364e+00 7.530405469710311e-19
5.01598636e+00 7.528286317995432e-19
5.01880909e+00 7.526168954342811e-19
5.02163182e+00 7.524053376239357e-19
5.02445455e+00 7.521939581176926e-19
5.02727727e+00 7.519827566652302e-19
5.03010000e+00 7.517717330167184e-19
5.03292273e+00 7.515608869228178e-19
5.03574545e+00 7.513502181346783e-19
5.03856818e+00 7.511397264039375e-19
5.04139091e+00 7.509294114827202e-19
5.04421364e+00 7.507192731236363e-19
5.04703636e+00 7.505093110797806e-19
5.04985909e+00 7.502995251047304e-19
5.05268182e+00 7.500899149525454e-19
5.05550455e+00 7.498804803777655e-19
5.05832727e+00 7.496712211354107e-19
5.06115000e+00 7.494621369809786e-19
5.06397273e+00 7.492532276704447e-19
5.06679545e+00 7.490444929602592e-19
5.06961818e+00 7.488359326073482e-19
5.07244091e+00 7.486275463691106e-19
5.07526364e+00 7.484193340034178e-19
5.07808636e+00 7.482112952686124e-19
5.08090909e+00 7.480034299235068e-19
5.08373182e+00 7.477957377273823e-19
5.08655455e+00 7.475882184399877e-19
5.08937727e+00 7.473808718215383e-19
5.09220000e+00 7.471736976327148e-19
5.09502273e+00 7.469666956346620e-19
5.09784545e+00 7.467598655889872e-19
5.10066818e+00 7.465532072577602e-19
5.10349091e+00 7.463467204035112e-19
5.10631364e+00 7.461404047892297e-19
5.10913636e+00 7.459342601783635e-19
5.11195909e+00 7.457282863348183e-19
5.11478182e+00 7.455224830229552e-19
5.11760455e+00 7.453168500075905e-19
5.12042727e+00 7.451113870539944e-19
5.12325000e+00 7.449060939278899e-19
5.12607273e+00 7.447009703954512e-19
5.12889545e+00 7.444960162233034e-19
5.13171818e+00 7.442912311785208e-19
5.13454091e+00 7.440866150286256e-19
5.13736364e+00 7.438821675415877e-19
5.14018636e+00 7.436778884858229e-19
5.14300909e+00 7.434737776301914e-19
5.14583182e+00 7.432698347439980e-19
5.14865455e+00 7.430660595969898e-19
5.15147727e+00 7.428624519593555e-19
5.15430000e+00 7.426590116017245e-19
5.15712273e+00 7.424557382951655e-19
5.15994545e+00 7.422526318111859e-19
5.16276818e+00 7.420496919217300e-19
5.16559091e+00 7.418469183991789e-19
5.16841364e+00 7.416443110163481e-19
5.17123636e+00 7.414418695464879e-19
5.17405909e+00 7.412395937632811e-19
5.17688182e+00 7.410374834408429e-19
5.17970455e+00 7.408355383537189e-19
5.18252727e+00 7.406337582768853e-19
5.18535000e+00 7.404321429857459e-19
5.18817273e+00 7.402306922561338e-19
5.19099545e+00 7.400294058643074e-19
5.19381818e+00 7.398282835869514e-19
5.19664091e+00 7.396273252011751e-19
5.19946364e+00 7.394265304845114e-19
5.20228636e+00 7.392258992149154e-19
5.20510909e+00 7.390254311707642e-19
5.20793182e+00 7.388251261308549e-19
5.21075455e+00 7.386249838744045e-19
5.21357727e+00 7.384250041810479e-19
5.21640000e+00 7.382251868308380e-19
5.21922273e+00 7.380255316042440e-19
5.22204545e+00 7.378260382821498e-19
5.22486818e+00 7.376267066458545e-19
5.22769091e+00 7.374275364770703e-19
5.23051364e+00 7.372285275579217e-19
5.23333636e+00 7.370296796709443e-19
5.23615909e+00 7.368309925990847e-19
5.23898182e+00 7.366324661256985e-19
5.24180455e+00 7.364341000345495e-19
5.24462727e+00 7.362358941098090e-19
5.24745000e+00 7.360378481360553e-19
5.25027273e+00 7.358399618982710e-19
5.25309545e+00 7.356422351818440e-19
5.25591818e+00 7.354446677725655e-19
5.25874091e+00 7.352472594566291e-19
5.26156364e+00 7.350500100206297e-19
5.26438636e+00 7.348529192515630e-19
5.26720909e+00 7.346559869368244e-19
5.27003182e+00 7.344592128642075e-19
5.27285455e+00 7.342625968219040e-19
5.27567727e+00 7.340661385985022e-19
5.27850000e+00 7.338698379829858e-19
5.28132273e+00 7.336736947647335e-19
5.28414545e+00 7.334777087335180e-19
5.28696818e+00 7.332818796795050e-19
5.28979091e+00 7.330862073932516e-19
5.29261364e+00 7.328906916657061e-19
5.29543636e+00 7.326953322882076e-19
5.29825909e+00 7.325001290524832e-19
5.30108182e+00 7.323050817506490e-19
5.30390455e+00 7.321101901752081e-19
5.30672727e+00 7.319154541190500e-19
5.30955000e+00 7.317208733754495e-19
5.31237273e+00 7.315264477380662e-19
5.31519545e+00 7.313321770009427e-19
5.31801818e+00 7.311380609585053e-19
5.32084091e+00 7.309440994055608e-19
5.32366364e+00 7.307502921372977e-19
5.32648636e+00 7.305566389492843e-19
5.32930909e+00 7.303631396374676e-19
5.33213182e+00 7.301697939981731e-19
5.33495455e+00 7.299766018281034e-19
5.33777727e+00 7.297835629243371e-19
5.34060000e+00 7.295906770843288e-19
5.34342273e+00 7.293979441059073e-19
5.34624545e+00 7.292053637872753e-19
5.34906818e+00 7.290129359270079e-19
5.35189091e+00 7.288206603240520e-19
5.35471364e+00 7.286285367777262e-19
5.35753636e+00 7.284365650877185e-19
5.36035909e+00 7.282447450540865e-19
5.36318182e+00 7.280530764772560e-19
5.36600455e+00 7.278615591580206e-19
5.36882727e+00 7.276701928975400e-19
5.37165000e+00 7.274789774973400e-19
5.37447273e+00 7.272879127593113e-19
5.37729545e+00 7.270969984857086e-19
5.38011818e+00 7.269062344791495e-19
5.38294091e+00 7.267156205426144e-19
5.38576364e+00 7.265251564794447e-19
5.38858636e+00 7.263348420933427e-19
5.39140909e+00 7.261446771883703e-19
5.39423182e+00 7.259546615689485e-19
5.39705455e+00 7.257647950398560e-19
5.39987727e+00 7.255750774062291e-19
5.40270000e+00 7.253855084735604e-19
5.40552273e+00 7.251960880476976e-19
5.40834545e+00 7.250068159348439e-19
5.41116818e+00 7.248176919415558e-19
5.41399091e+00 7.246287158747429e-19
5.41681364e+00 7.244398875416672e-19
5.41963636e+00 7.242512067499420e-19
5.42245909e+00 7.240626733075313e-19
5.42528182e+00 7.238742870227485e-19
5.42810455e+00 7.236860477042561e-19
5.43092727e+00 7.234979551610652e-19
5.43375000e+00 7.233100092025333e-19
5.43657273e+00 7.231222096383651e-19
5.43939545e+00 7.229345562786105e-19
5.44221818e+00 7.227470489336646e-19
5.44504091e+00 7.225596874142666e-19
5.44786364e+00 7.223724715314987e-19
5.45068636e+00 7.221854010967857e-19
5.45350909e+00 7.219984759218941e-19
5.45633182e+00 7.218116958189310e-19
5.45915455e+00 7.216250606003441e-19
5.46197727e+00 7.214385700789200e-19
5.46480000e+00 7.212522240677838e-19
5.46762273e+00 7.210660223803984e-19
5.47044545e+00 7.208799648305639e-19
5.47326818e+00 7.206940512324160e-19
5.47609091e+00 7.205082814004259e-19
5.47891364e+00 7.203226551493998e-19
5.48173636e+00 7.201371722944773e-19
5.48455909e+00 7.199518326511313e-19
5.48738182e+00 7.197666360351667e-19
5.49020455e+00 7.195815822627201e-19
5.49302727e+00 7.193966711502587e-19
5.49585000e+00 7.192119025145797e-19
5.49867273e+00 7.190272761728099e-19
5.50149545e+00 7.188427919424038e-19
5.50431818e+00 7.186584496411441e-19
5.50714091e+00 7.184742490871402e-19
5.50996364e+00 7.182901900988280e-19
5.51278636e+00 7.181062724949686e-19
5.51560909e+00 7.179224960946474e-19
5.51843182e+00 7.177388607172747e-19
5.52125455e+00 7.175553661825829e-19
5.52407727e+00 7.173720123106277e-19
5.52690000e+00 7.171887989217858e-19
5.52972273e+00 7.170057258367556e-19
5.53254545e+00 7.168227928765549e-19
5.53536818e+00 7.166399998625217e-19
5.53819091e+00 7.164573466163123e-19
5.54101364e+00 7.162748329599013e-19
5.54383636e+00 7.160924587155805e-19
5.54665909e+00 7.159102237059581e-19
5.54948182e+00 7.157281277539585e-19
5.55230455e+00 7.155461706828208e-19
5.55512727e+00 7.153643523160988e-19
5.55795000e+00 7.151826724776601e-19
5.56077273e+00 7.150011309916847e-19
5.56359545e+00 7.148197276826655e-19
5.56641818e+00 7.146384623754065e-19
5.56924091e+00 7.144573348950230e-19
5.57206364e+00 7.142763450669397e-19
5.57488636e+00 7.140954927168912e-19
5.57770909e+00 7.139147776709210e-19
5.58053182e+00 7.137341997553800e-19
5.58335455e+00 7.135537587969270e-19
5.58617727e+00 7.133734546225267e-19
5.58900000e+00 7.131932870594508e-19
5.59182273e+00 7.130132559352750e-19
5.59464545e+00 7.128333610778803e-19
5.59746818e+00 7.126536023154514e-19
5.60029091e+00 7.124739794764759e-19
5.60311364e+00 7.122944923897441e-19
5.60593636e+00 7.121151408843479e-19
5.60875909e+00 7.119359247896803e-19
5.61158182e+00 7.117568439354350e-19
5.61440455e+00 7.115778981516048e-19
5.61722727e+00 7.113990872684821e-19
5.62005000e+00 7.112204111166578e-19
5.62287273e+00 7.110418695270198e-19
5.62569545e+00 7.108634623307534e-19
5.62851818e+00 7.106851893593405e-19
5.63134091e+00 7.105070504445583e-19
5.63416364e+00 7.103290454184790e-19
5.63698636e+00 7.101511741134697e-19
5.63980909e+00 7.099734363621905e-19
5.64263182e+00 7.097958319975950e-19
5.64545455e+00 7.096183608529289e-19
5.64827727e+00 7.094410227617295e-19
5.65110000e+00 7.092638175578258e-19
5.65392273e+00 7.090867450753364e-19
5.65674545e+00 7.089098051486703e-19
5.65956818e+00 7.087329976125250e-19
5.66239091e+00 7.085563223018869e-19
5.66521364e+00 7.083797790520303e-19
5.66803636e+00 7.082033676985160e-19
5.67085909e+00 7.080270880771919e-19
5.67368182e+00 7.078509400241917e-19
5.67650455e+00 7.076749233759342e-19
5.67932727e+00 7.074990379691227e-19
5.68215000e+00 7.073232836407447e-19
5.68497273e+00 7.071476602280709e-19
5.68779545e+00 7.069721675686547e-19
5.69061818e+00 7.067968055003316e-19
5.69344091e+00 7.066215738612186e-19
5.69626364e+00 7.064464724897131e-19
5.69908636e+00 7.062715012244934e-19
5.70190909e+00 7.060966599045164e-19
5.70473182e+00 7.059219483690190e-19
5.70755455e+00 7.057473664575155e-19
5.71037727e+00 7.055729140097983e-19
5.71320000e+00 7.053985908659370e-19
5.71602273e+00 7.052243968662776e-19
5.71884545e+00 7.050503318514415e-19
5.72166818e+00 7.048763956623258e-19
5.72449091e+00 7.047025881401022e-19
5.72731364e+00 7.045289091262161e-19
5.73013636e+00 7.043553584623867e-19
5.73295909e+00 7.041819359906057e-19
5.73578182e+00 7.040086415531372e-19
5.73860455e+00 7.038354749925166e-19
5.74142727e+00 7.036624361515506e-19
5.74425000e+00 7.034895248733161e-19
5.74707273e+00 7.033167410011599e-19
5.74989545e+00 7.031440843786978e-19
5.75271818e+00 7.029715548498148e-19
5.75554091e+00 7.027991522586629e-19
5.75836364e+00 7.026268764496625e-19
5.76118636e+00 7.024547272675001e-19
5.76400909e+00 7.022827045571291e-19
5.76683182e+00 7.021108081637679e-19
5.76965455e+00 7.019390379329004e-19
5.77247727e+00 7.017673937102749e-19
5.77530000e+00 7.015958753419035e-19
5.77812273e+00 7.014244826740616e-19
5.78094545e+00 7.012532155532876e-19
5.78376818e+00 7.010820738263818e-19
5.78659091e+00 7.009110573404062e-19
5.78941364e+00 7.007401659426839e-19
5.79223636e+00 7.005693994807985e-19
5.79505909e+00 7.003987578025928e-19
5.79788182e+00 7.002282407561698e-19
5.80070455e+00 7.000578481898908e-19
5.80352727e+00 6.998875799523754e-19
5.80635000e+00 6.997174358925009e-19
5.80917273e+00 6.995474158594012e-19
5.81199545e+00 6.993775197024672e-19
5.81481818e+00 6.992077472713452e-19
5.81764091e+00 6.990380984159375e-19
5.82046364e+00 6.988685729864007e-19
5.82328636e+00 6.986991708331456e-19
5.82610909e+00 6.985298918068372e-19
5.82893182e+00 6.983607357583935e-19
5.83175455e+00 6.981917025389847e-19
5.83457727e+00 6.980227920000331e-19
5.83740000e+00 6.978540039932129e-19
5.84022273e+00 6.976853383704490e-19
5.84304545e+00 6.975167949839167e-19
5.84586818e+00 6.973483736860410e-19
5.84869091e+00 6.971800743294966e-19
5.85151364e+00 6.970118967672068e-19
5.85433636e+00 6.968438408523427e-19
5.85715909e+00 6.966759064383239e-19
5.85998182e+00 6.965080933788164e-19
5.86280455e+00 6.963404015277334e-19
5.86562727e+00 6.961728307392338e-19
5.86845000e+00 6.960053808677222e-19
5.87127273e+00 6.958380517678482e-19
5.87409545e+00 6.956708432945058e-19
5.87691818e+00 6.955037553028332e-19
5.87974091e+00 6.953367876482120e-19
5.88256364e+00 6.951699401862664e-19
5.88538636e+00 6.950032127728633e-19
5.88820909e+00 6.948366052641114e-19
5.89103182e+00 6.946701175163605e-19
5.89385455e+00 6.945037493862015e-19
5.89667727e+00 6.943375007304657e-19
5.89950000e+00 6.941713714062238e-19
5.90232273e+00 6.940053612707861e-19
5.90514545e+00 6.938394701817015e-19
5.90796818e+00 6.936736979967573e-19
5.91079091e+00 6.935080445739782e-19
5.91361364e+00 6.933425097716262e-19
5.91643636e+00 6.931770934482005e-19
5.91925909e+00 6.930117954624359e-19
5.92208182e+00 6.928466156733032e-19
5.92490455e+00 6.926815539400083e-19
5.92772727e+00 6.925166101219917e-19
5.93055000e+00 6.923517840789285e-19
5.93337273e+00 6.921870756707267e-19
5.93619545e+00 6.920224847575281e-19
5.93901818e+00 6.918580111997073e-19
5.94184091e+00 6.916936548578705e-19
5.94466364e+00 6.915294155928561e-19
5.94748636e+00 6.913652932657332e-19
5.95030909e+00 6.912012877378022e-19
5.95313182e+00 6.910373988705933e-19
5.95595455e+00 6.908736265258664e-19
5.95877727e+00 6.907099705656109e-19
5.96160000e+00 6.905464308520446e-19
5.96442273e+00 6.903830072476138e-19
5.96724545e+00 6.902196996149927e-19
5.97006818e+00 6.900565078170823e-19
5.97289091e+00 6.898934317170106e-19
5.97571364e+00 6.897304711781323e-19
5.97853636e+00 6.895676260640274e-19
5.98135909e+00 6.894048962385016e-19
5.98418182e+00 6.892422815655852e-19
5.98700455e+00 6.890797819095333e-19
5.98982727e+00 6.889173971348243e-19
5.99265000e+00 6.887551271061606e-19
5.99547273e+00 6.885929716884676e-19
5.99829545e+00 6.884309307468927e-19
6.00111818e+00 6.882690041468057e-19
6.00394091e+00 6.881071917537980e-19
6.00676364e+00 6.879454934336818e-19
6.00958636e+00 6.877839090524902e-19
6.01240909e+00 6.876224384764765e-19
6.01523182e+00 6.874610815721132e-19
6.01805455e+00 6.872998382060928e-19
6.02087727e+00 6.871387082453260e-19
6.02370000e+00 6.869776915569420e-19
6.02652273e+00 6.868167880082876e-19
6.02934545e+00 6.866559974669275e-19
6.03216818e+00 6.864953198006426e-19
6.03499091e+00 6.863347548774313e-19
6.03781364e+00 6.861743025655069e-19
6.04063636e+00 6.860139627332992e-19
6.04345909e+00 6.858537352494523e-19
6.04628182e+00 6.856936199828256e-19
6.04910455e+00 6.855336168024924e-19
6.05192727e+00 6.853737255777398e-19
6.05475000e+00 6.852139461780683e-19
6.05757273e+00 6.850542784731912e-19
6.06039545e+00 6.848947223330339e-19
6.06321818e+00 6.847352776277344e-19
6.06604091e+00 6.845759442276419e-19
6.06886364e+00 6.844167220033165e-19
6.07168636e+00 6.842576108255293e-19
6.07450909e+00 6.840986105652613e-19
6.07733182e+00 6.839397210937035e-19
6.08015455e+00 6.837809422822560e-19
6.08297727e+00 6.836222740025279e-19
6.08580000e+00 6.834637161263369e-19
6.08862273e+00 6.833052685257085e-19
6.09144545e+00 6.831469310728759e-19
6.09426818e+00 6.829887036402793e-19
6.09709091e+00 6.828305861005657e-19
6.09991364e+00 6.826725783265886e-19
6.10273636e+00 6.825146801914069e-19
6.10555909e+00 6.823568915682853e-19
6.10838182e+00 6.821992123306936e-19
6.11120455e+00 6.820416423523057e-19
6.11402727e+00 6.818841815070000e-19
6.11685000e+00 6.817268296688587e-19
6.11967273e+00 6.815695867121668e-19
6.12249545e+00 6.814124525114130e-19
6.12531818e+00 6.812554269412877e-19
6.12814091e+00 6.810985098766838e-19
6.13096364e+00 6.809417011926954e-19
6.13378636e+00 6.807850007646183e-19
6.13660909e+00 6.806284084679490e-19
6.13943182e+00 6.804719241783839e-19
6.14225455e+00 6.803155477718197e-19
6.14507727e+00 6.801592791243530e-19
6.14790000e+00 6.800031181122789e-19
6.15072273e+00 6.798470646120916e-19
6.15354545e+00 6.796911185004834e-19
6.15636818e+00 6.795352796543445e-19
6.15919091e+00 6.793795479507631e-19
6.16201364e+00 6.792239232670237e-19
6.16483636e+00 6.790684054806082e-19
6.16765909e+00 6.789129944691942e-19
6.17048182e+00 6.787576901106556e-19
6.17330455e+00 6.786024922830613e-19
6.17612727e+00 6.784474008646759e-19
6.17895000e+00 6.782924157339581e-19
6.18177273e+00 6.781375367695613e-19
6.18459545e+00 6.779827638503322e-19
6.18741818e+00 6.778280968553119e-19
6.19024091e+00 6.776735356637334e-19
6.19306364e+00 6.775190801550234e-19
6.19588636e+00 6.773647302088001e-19
6.19870909e+00 6.772104857048741e-19
6.20153182e+00 6.770563465232475e-19
6.20435455e+00 6.769023125441131e-19
6.20717727e+00 6.767483836478548e-19
6.21000000e+00 6.765945597150466e-19
6.21282273e+00 6.764408406264524e-19
-----------------------------
