Energy (eV)          EEDF (eV^-(3/2))     First Anisotropy
4.78571428571429e-02 1.46184023483850e-01 1.45116175152162e-04
1.43571428571429e-01 1.42615634014283e-01 2.37501794902468e-04
2.39285714285714e-01 1.39134349851294e-01 3.07946464742725e-04
3.35000000000000e-01 1.35738044722450e-01 3.58183116887051e-04
4.30714285714286e-01 1.32424644269199e-01 3.97448936358584e-04
5.26428571428571e-01 1.29192124768150e-01 4.29334534172261e-04
6.22142857142857e-01 1.26038511901112e-01 4.55746795661780e-04
7.17857142857143e-01 1.22961879530836e-01 4.77865859270201e-04
8.13571428571429e-01 1.19960348543827e-01 4.96492901136064e-04
9.09285714285714e-01 1.17032085699827e-01 5.12206851592819e-04
1.00500000000000e+00 1.14175302501224e-01 5.25445308850953e-04
1.10071428571429e+00 1.11388254119052e-01 5.36550480108242e-04
1.19642857142857e+00 1.08669238291521e-01 5.45797167692941e-04
1.29214285714286e+00 1.06016594349052e-01 5.53410780980892e-04
1.38785714285714e+00 1.03428702116424e-01 5.59579443226549e-04
1.48357142857143e+00 1.00903980988503e-01 5.64462423546913e-04
1.57928571428571e+00 9.84408889601631e-02 5.68196200668575e-04
1.67500000000000e+00 9.60379216328648e-02 5.70898921199423e-04
1.77071428571429e+00 9.36936113617317e-02 5.72673759873909e-04
1.86642857142857e+00 9.14065262994997e-02 5.73611498975552e-04
1.96214285714286e+00 8.91752695762158e-02 5.73792540634094e-04
2.05785714285714e+00 8.69984783965358e-02 5.73288502792609e-04
2.15357142857143e+00 8.48748232429184e-02 5.72163496597704e-04
2.24928571428571e+00 8.28030070614125e-02 5.70475171110842e-04
2.34500000000000e+00 8.07817644399332e-02 5.68275565308363e-04
2.44071428571429e+00 7.88098608735357e-02 5.65611817310617e-04
2.53642857142857e+00 7.68860919750946e-02 5.62526758039752e-04
2.63214285714286e+00 7.50092827724781e-02 5.59059411424587e-04
2.72785714285714e+00 7.31782869604194e-02 5.55245420747372e-04
2.82357142857143e+00 7.13919862225098e-02 5.51117410672345e-04
2.91928571428571e+00 6.96492895469236e-02 5.46705304106615e-04
3.01500000000000e+00 6.79491325412422e-02 5.42036592161794e-04
3.11071428571429e+00 6.62904768068295e-02 5.37136571307090e-04
3.20642857142857e+00 6.46723092816718e-02 5.32028551059027e-04
3.30214285714286e+00 6.30936416431561e-02 5.26734036221623e-04
3.39785714285714e+00 6.15535096842015e-02 5.21272888738575e-04
3.49357142857143e+00 6.00509727391193e-02 5.15663469120564e-04
3.58928571428571e+00 5.85851131083022e-02 5.09922766211231e-04
3.68500000000000e+00 5.71550354849764e-02 5.04066509652824e-04
3.78071428571429e+00 5.57598664250165e-02 4.98109272276530e-04
3.87642857142857e+00 5.43987537977576e-02 4.92064562217541e-04
3.97214285714286e+00 5.30708662803924e-02 4.85944905685922e-04
4.06785714285714e+00 5.17753928361725e-02 4.79761922472219e-04
4.16357142857143e+00 5.05115422293500e-02 4.73526392778480e-04
4.25928571428571e+00 4.92785425413936e-02 4.67248320933508e-04
4.35500000000000e+00 4.80756406905512e-02 4.60936990728814e-04
4.45071428571429e+00 4.69021019836381e-02 4.54601017166396e-04
4.54642857142857e+00 4.57572096561581e-02 4.48248393811848e-04
4.64214285714286e+00 4.46402644451161e-02 4.41886535964386e-04
4.73785714285714e+00 4.35505841518632e-02 4.35522320789255e-04
4.83357142857143e+00 4.24875032328284e-02 4.29162122960145e-04
4.92928571428571e+00 4.14503723926616e-02 4.22811849814540e-04
5.02500000000000e+00 4.04385581811750e-02 4.16476971659768e-04
5.12071428571429e+00 3.94514426149634e-02 4.10162550743089e-04
5.21642857142857e+00 3.84884227918483e-02 4.03873268055819e-04
5.31214285714286e+00 3.75489105303747e-02 3.97613447985967e-04
5.40785714285714e+00 3.66323320031940e-02 3.91387081564029e-04
5.50357142857143e+00 3.57381273920176e-02 3.85197847048510e-04
5.59928571428571e+00 3.48657505454374e-02 3.79049130889291e-04
5.69500000000000e+00 3.40146686405655e-02 3.72944045546907e-04
5.79071428571429e+00 3.31843618638919e-02 3.66885446857601e-04
5.88642857142857e+00 3.23743230877887e-02 3.60875950216238e-04
5.98214285714286e+00 3.15840575665161e-02 3.54917945536422e-04
6.07785714285714e+00 3.08130826285537e-02 3.49013611516712e-04
6.17357142857143e+00 3.00609273858509e-02 3.43164928179778e-04
6.26928571428571e+00 2.93271324460327e-02 3.37373690049152e-04
6.36500000000000e+00 2.86112496282305e-02 3.31641517135591e-04
6.46071428571429e+00 2.79128416940644e-02 3.25969865837352e-04
6.55642857142857e+00 2.72314820760736e-02 3.20360039145092e-04
6.65214285714286e+00 2.65667546215093e-02 3.14813196099326e-04
6.74785714285714e+00 2.59182533340150e-02 3.09330360894795e-04
6.84357142857143e+00 2.52855821287178e-02 3.03912430791963e-04
6.93928571428571e+00 2.46683545901709e-02 2.98560184702632e-04
7.03500000000000e+00 2.40661937336233e-02 2.93274290177761e-04
7.13071428571429e+00 2.34787317783496e-02 2.88055310464309e-04
7.22642857142857e+00 2.29056099195860e-02 2.82903711129774e-04
7.32214285714286e+00 2.23464781126786e-02 2.77819866204626e-04
7.41785714285714e+00 2.18009948561237e-02 2.72804064145163e-04
7.51357142857143e+00 2.12688269853275e-02 2.67856512936957e-04
7.60928571428571e+00 2.07496494690125e-02 2.62977345826305e-04
7.70500000000000e+00 2.02431452086167e-02 2.58166625850376e-04
7.80071428571429e+00 1.97490048473627e-02 2.53424350497224e-04
7.89642857142857e+00 1.92669265786763e-02 2.48750456085690e-04
7.99214285714286e+00 1.87966159643847e-02 2.44144821821711e-04
8.08785714285714e+00 1.83377857524487e-02 2.39607273767263e-04
8.18357142857143e+00 1.78901557033183e-02 2.35137588171697e-04
8.27928571428571e+00 1.74534524186904e-02 2.30735495358033e-04
8.37500000000000e+00 1.70274091729180e-02 2.26400682687374e-04
8.47071428571429e+00 1.66117657522216e-02 2.22132797670722e-04
8.56642857142857e+00 1.62062682937200e-02 2.17931450893589e-04
8.66214285714286e+00 1.58106691323396e-02 2.13796218716889e-04
8.75785714285714e+00 1.54247266476611e-02 2.09726645940674e-04
8.85357142857143e+00 1.50482051177421e-02 2.05722247984844e-04
8.94928571428571e+00 1.46808745750830e-02 2.01782513547654e-04
9.04500000000000e+00 1.43225106649211e-02 1.97906906546477e-04
9.14071428571429e+00 1.39728945098492e-02 1.94094868203575e-04
9.23642857142857e+00 1.36318125745451e-02 1.90345819003904e-04
9.33214285714286e+00 1.32990565368790e-02 1.86659160494707e-04
9.42785714285714e+00 1.29744231592047e-02 1.83034277075515e-04
9.52357142857143e+00 1.26577141653184e-02 1.79470537416671e-04
9.61928571428571e+00 1.23487361193095e-02 1.75967296283341e-04
9.71500000000000e+00 1.20473003064399e-02 1.72523895794882e-04
9.81071428571429e+00 1.17532226191712e-02 1.69139666818082e-04
9.90642857142857e+00 1.14663234434751e-02 1.65813930271448e-04
1.00021428571429e+01 1.11864275503282e-02 1.62545998315701e-04
1.00978571428571e+01 1.09133639875332e-02 1.59335175586795e-04
1.01935714285714e+01 1.06469659759022e-02 1.56180760061397e-04
1.02892857142857e+01 1.03870708076484e-02 1.53082044196440e-04
1.03850000000000e+01 1.01335197467223e-02 1.50038315580428e-04
1.04807142857143e+01 9.88615793418941e-03 1.47048858818228e-04
1.05764285714286e+01 9.64483428652986e-03 1.44112955676973e-04
1.06721428571429e+01 9.40940141061420e-03 1.41229885147125e-04
1.07678571428571e+01 9.17971551121593e-03 1.38398925290166e-04
1.08635714285714e+01 8.95563630318190e-03 1.35619353559155e-04
1.09592857142857e+01 8.73702692575862e-03 1.32890447452140e-04
1.10550000000000e+01 8.52375385899765e-03 1.30211484849836e-04
1.11507142857143e+01 8.31568684404626e-03 1.27581745430572e-04
1.12464285714286e+01 8.11269879796466e-03 1.25000510640238e-04
1.13421428571429e+01 7.91466574183871e-03 1.22467063599407e-04
1.14378571428571e+01 7.72146672311046e-03 1.19980690473084e-04
1.15335714285714e+01 7.53298374170116e-03 1.17540680601361e-04
1.16292857142857e+01 7.34910167794652e-03 1.15146326906835e-04
1.17250000000000e+01 7.16970822228198e-03 1.12796926049321e-04
1.18207142857143e+01 6.99469380810747e-03 1.10491779465551e-04
1.19164285714286e+01 6.82395154040633e-03 1.08230193233400e-04
1.20121428571429e+01 6.65737713500206e-03 1.06011477889215e-04
1.21078571428571e+01 6.49486885332099e-03 1.03834949444047e-04
1.22035714285714e+01 6.33632744025123e-03 1.01699929392018e-04
1.22992857142857e+01 6.18165606352538e-03 9.96057449485447e-05
1.23950000000000e+01 6.03076025457584e-03 9.75517290855161e-05
1.24907142857143e+01 5.88354785199829e-03 9.55372212940952e-05
1.25864285714286e+01 5.73992894171242e-03 9.35615673892769e-05
1.26821428571429e+01 5.59981580566130e-03 9.16241192792531e-05
1.27778571428571e+01 5.46312286700772e-03 8.97242357186582e-05
1.28735714285714e+01 5.32976663786486e-03 8.78612822403083e-05
1.29692857142857e+01 5.19966566830789e-03 8.60346312777466e-05
1.30650000000000e+01 5.07274049662503e-03 8.42436621240987e-05
1.31607142857143e+01 4.94891360171216e-03 8.24877614897062e-05
1.32564285714286e+01 4.82810935289227e-03 8.07663232771558e-05
1.33521428571429e+01 4.71025396660816e-03 7.90787483297983e-05
1.34478571428571e+01 4.59527546037776e-03 7.74244449885994e-05
1.35435714285714e+01 4.48310360882818e-03 7.58028289781563e-05
1.36392857142857e+01 4.37366990080686e-03 7.42133234510819e-05
1.37350000000000e+01 4.26690749753566e-03 7.26553589000606e-05
1.38307142857143e+01 4.16275119252985e-03 7.11283735630934e-05
1.39264285714286e+01 4.06113736950520e-03 6.96318131885421e-05
1.40221428571429e+01 3.96200396583176e-03 6.81651307801485e-05
1.41178571428571e+01 3.86529043384395e-03 6.67277870068776e-05
1.42135714285714e+01 3.77093770385898e-03 6.53192500640754e-05
1.43092857142857e+01 3.67888814810086e-03 6.39389956660710e-05
1.44050000000000e+01 3.58908554550210e-03 6.25865069315759e-05
1.45007142857143e+01 3.50147504796084e-03 6.12612746756246e-05
1.45964285714286e+01 3.41600314502320e-03 5.99627971770712e-05
1.46921428571429e+01 3.33261763305220e-03 5.86905799309425e-05
1.47878571428571e+01 3.25126758271482e-03 5.74441359481103e-05
1.48835714285714e+01 3.17190330787509e-03 5.62229856055623e-05
1.49792857142857e+01 3.09447633524894e-03 5.50266566057886e-05
1.50750000000000e+01 3.01893937479734e-03 5.38546838491415e-05
1.51707142857143e+01 2.94524629132149e-03 5.27066096415931e-05
1.52664285714286e+01 2.87335207482349e-03 5.15819834723265e-05
1.53621428571429e+01 2.80321281450371e-03 5.04803617798668e-05
1.54578571428571e+01 2.73478567143616e-03 4.94013081692156e-05
1.55535714285714e+01 2.66802885240332e-03 4.83443932604340e-05
1.56492857142857e+01 2.60290158437118e-03 4.73091946278302e-05
1.57450000000000e+01 2.53936408958581e-03 4.62952966683854e-05
1.58407142857143e+01 2.47737756166361e-03 4.53022907470871e-05
1.59364285714286e+01 2.41690414071268e-03 4.43297749890253e-05
1.60321428571429e+01 2.35790689140752e-03 4.33773540628301e-05
1.61278571428571e+01 2.30034978002322e-03 4.24446393360565e-05
1.62235714285714e+01 2.24419765242676e-03 4.15312487279764e-05
1.63192857142857e+01 2.18941621260682e-03 4.06368066376379e-05
1.64150000000000e+01 2.13597200172639e-03 3.97609438142967e-05
1.65107142857143e+01 2.08383237799805e-03 3.89032974566343e-05
1.66064285714286e+01 2.03296549579777e-03 3.80635110216105e-05
1.67021428571429e+01 1.98334028718143e-03 3.72412340267821e-05
1.67978571428571e+01 1.93492644258126e-03 3.64361221596222e-05
1.68935714285714e+01 1.88769439229337e-03 3.56478371381423e-05
1.69892857142857e+01 1.84161528841813e-03 3.48760466340599e-05
1.70850000000000e+01 1.79666098724046e-03 3.41204241489794e-05
1.71807142857143e+01 1.75280403229177e-03 3.33806490797275e-05
1.72764285714286e+01 1.71001763681295e-03 3.26564065447787e-05
1.73721428571429e+01 1.66827566817521e-03 3.19473872057703e-05
1.74678571428571e+01 1.62755263165380e-03 3.12532873425939e-05
1.75635714285714e+01 1.58782365485639e-03 3.05738087238974e-05
1.76592857142857e+01 1.54906447253231e-03 2.99086585295838e-05
1.77550000000000e+01 1.51125141175179e-03 2.92575492349497e-05
1.78507142857143e+01 1.47436137765069e-03 2.86201986513138e-05
1.79464285714286e+01 1.43837183870367e-03 2.79963297699117e-05
1.80421428571429e+01 1.40326081359502e-03 2.73856706021062e-05
1.81378571428571e+01 1.36900685757851e-03 2.67879542291951e-05
1.82335714285714e+01 1.33558904937937e-03 2.62029186837753e-05
1.83292857142857e+01 1.30298697841666e-03 2.56303068743456e-05
1.84250000000000e+01 1.27118073233689e-03 2.50698664785630e-05
1.85207142857143e+01 1.24015088501704e-03 2.45213499660417e-05
1.86164285714286e+01 1.20987848419620e-03 2.39845144590210e-05
1.87121428571429e+01 1.18034504041264e-03 2.34591215902859e-05
1.88078571428571e+01 1.15153251553708e-03 2.29449375344482e-05
1.89035714285714e+01 1.12342331175537e-03 2.24417329004259e-05
1.89992857142857e+01 1.09600026082064e-03 2.19492826598993e-05
1.90950000000000e+01 1.06924661356724e-03 2.14673660501285e-05
1.91907142857143e+01 1.04314602981478e-03 2.09957665840669e-05
1.92864285714286e+01 1.01768256797930e-03 2.05342719267609e-05
1.93821428571429e+01 9.92840675752686e-04 2.00826737697188e-05
1.94778571428571e+01 9.68605180462604e-04 1.96407678487528e-05
1.95735714285714e+01 9.44961279805363e-04 1.92083538473668e-05
1.96692857142857e+01 9.21894532805386e-04 1.87852353300840e-05
1.97650000000000e+01 8.99390850994965e-04 1.83712196547910e-05
1.98607142857143e+01 8.77436489918240e-04 1.79661179739985e-05
1.99564285714286e+01 8.56018040404373e-04 1.75697451257500e-05
2.00521428571429e+01 8.35122420715714e-04 1.71819195230471e-05
2.01478571428571e+01 8.14736868443137e-04 1.68024631620765e-05
2.02435714285714e+01 7.94848932711059e-04 1.64312015359969e-05
2.03392857142857e+01 7.75446466573026e-04 1.60679635736560e-05
2.04350000000000e+01 7.56517619592624e-04 1.57125815611141e-05
2.05307142857143e+01 7.38050830694102e-04 1.53648911368946e-05
2.06264285714286e+01 7.20034820831005e-04 1.50247311961086e-05
2.07221428571429e+01 7.02458586372315e-04 1.46919437935034e-05
2.08178571428571e+01 6.85311392288433e-04 1.43663741449422e-05
2.09135714285714e+01 6.68582765594478e-04 1.40478705509080e-05
2.10092857142857e+01 6.52262488953862e-04 1.37362843407715e-05
2.11050000000000e+01 6.36340594437775e-04 1.34314698029655e-05
2.12007142857143e+01 6.20807357509164e-04 1.31332841763183e-05
2.12964285714286e+01 6.05653290863203e-04 1.28415875660924e-05
2.13921428571429e+01 5.90869138856737e-04 1.25562428592589e-05
2.14878571428571e+01 5.76445871779207e-04 1.22771157213633e-05
2.15835714285714e+01 5.62374680337516e-04 1.20040745289738e-05
2.16792857142857e+01 5.48646970275707e-04 1.17369903194291e-05
2.17750000000000e+01 5.35254357125794e-04 1.14757367290268e-05
2.18707142857143e+01 5.22188661145552e-04 1.12201899819678e-05
2.19664285714286e+01 5.09441902143159e-04 1.09702288170545e-05
2.20621428571429e+01 4.97006294785751e-04 1.07257344138577e-05
2.21578571428571e+01 4.84874243782412e-04 1.04865903865486e-05
2.22535714285714e+01 4.73038339245158e-04 1.02526827244847e-05
2.23492857142857e+01 4.61491352163298e-04 1.00238997472152e-05
2.24450000000000e+01 4.50226229988128e-04 9.80013204999844e-06
2.25407142857143e+01 4.39236092373408e-04 9.58127249146047e-06
2.26364285714286e+01 4.28514226826643e-04 9.36721612976926e-06
2.27321428571429e+01 4.18054084758311e-04 9.15786015845070e-06
2.28278571428571e+01 4.07849277431619e-04 8.95310389834596e-06
2.29235714285714e+01 3.97893572060423e-04 8.75284874553487e-06
2.30192857142857e+01 3.88180888002511e-04 8.55699813128033e-06
2.31150000000000e+01 3.78705293045691e-04 8.36545747418364e-06
2.32107142857143e+01 3.69460999823752e-04 8.17813416734107e-06
2.33064285714286e+01 3.60442362162126e-04 7.99493752289709e-06
2.34021428571429e+01 3.51643871751087e-04 7.81577871636763e-06
2.34978571428571e+01 3.43060154740150e-04 7.64057077756335e-06
2.35935714285714e+01 3.34685968455849e-04 7.46922854507986e-06
2.36892857142857e+01 3.26516198199744e-04 7.30166863081362e-06
2.37850000000000e+01 3.18545854124480e-04 7.13780937807854e-06
2.38807142857143e+01 3.10770068218171e-04 6.97757084880615e-06
2.39764285714286e+01 3.03184091233403e-04 6.82087477547557e-06
2.40721428571429e+01 2.95783289886027e-04 6.66764451290763e-06
2.41678571428571e+01 2.88563143991538e-04 6.51780502875443e-06
2.42635714285714e+01 2.81519243704258e-04 6.37128286383137e-06
2.43592857142857e+01 2.74647286823986e-04 6.22800610081288e-06
2.44550000000000e+01 2.67943076168321e-04 6.08790432766950e-06
2.45507142857143e+01 2.61402517035354e-04 5.95090862527914e-06
2.46464285714286e+01 2.55021614622766e-04 5.81695152582674e-06
2.47421428571429e+01 2.48796471669315e-04 5.68596697113703e-06
2.48378571428571e+01 2.42723286046899e-04 5.55789030315039e-06
2.49335714285714e+01 2.36798348438309e-04 5.43265822942572e-06
2.50292857142857e+01 2.31018040071728e-04 5.31020879562283e-06
2.51250000000000e+01 2.25378830510483e-04 5.19048135366061e-06
2.52207142857143e+01 2.19877275518207e-04 5.07341654997635e-06
2.53164285714286e+01 2.14510014889726e-04 4.95895628958278e-06
2.54121428571429e+01 2.09273770465383e-04 4.84704370010582e-06
2.55078571428571e+01 2.04165344106233e-04 4.73762312253267e-06
2.56035714285714e+01 1.99181615740698e-04 4.63064008127164e-06
2.56992857142857e+01 1.94319541458955e-04 4.52604126003837e-06
2.57950000000000e+01 1.89576151653796e-04 4.42377447418534e-06
2.58907142857143e+01 1.84948549224455e-04 4.32378865975078e-06
2.59864285714286e+01 1.80433907753499e-04 4.22603384244751e-06
2.60821428571429e+01 1.76029469835131e-04 4.13046110666640e-06
2.61778571428571e+01 1.71732545372532e-04 4.03702258668281e-06
2.62735714285714e+01 1.67540509934817e-04 3.94567144071843e-06
2.63692857142857e+01 1.63450803154139e-04 3.85636182986792e-06
2.64650000000000e+01 1.59460927161878e-04 3.76904889409844e-06
2.65607142857143e+01 1.55568445077438e-04 3.68368874216105e-06
2.66564285714286e+01 1.51770979475881e-04 3.60023842486920e-06
2.67521428571429e+01 1.48066210980629e-04 3.51865590841423e-06
2.68478571428571e+01 1.44451876831678e-04 3.43890006614384e-06
2.69435714285714e+01 1.40925769503558e-04 3.36093065612681e-06
2.70392857142857e+01 1.37485735357070e-04 3.28470830278055e-06
2.71350000000000e+01 1.34129673323895e-04 3.21019447609013e-06
2.72307142857143e+01 1.30855533635146e-04 3.13735148240522e-06
2.73264285714286e+01 1.27661316533353e-04 3.06614244144178e-06
2.74221428571429e+01 1.24545071087785e-04 2.99653126333517e-06
2.75178571428571e+01 1.21504893990424e-04 2.92848264105020e-06
2.76135714285714e+01 1.18538928393482e-04 2.86196203100410e-06
2.77092857142857e+01 1.15645362775299e-04 2.79693563708318e-06
2.78050000000000e+01 1.12822429833926e-04 2.73337039267650e-06
2.79007142857143e+01 1.10068405417405e-04 2.67123395234871e-06
2.79964285714286e+01 1.07381607441094e-04 2.61049467206703e-06
2.80921428571429e+01 1.04760394890441e-04 2.55112158948795e-06
2.81878571428571e+01 1.02203166808473e-04 2.49308441702153e-06
2.82835714285714e+01 9.97083613179818e-05 2.43635352511732e-06
2.83792857142857e+01 9.72744546675831e-05 2.38089992838627e-06
2.84750000000000e+01 9.48999603010519e-05 2.32669527008926e-06
2.85707142857143e+01 9.25834279573512e-05 2.27371181465277e-06
2.86664285714286e+01 9.03234427605255e-05 2.22192243068545e-06
2.87621428571429e+01 8.81186243802943e-05 2.17130057405814e-06
2.88578571428571e+01 8.59676261805901e-05 2.12182028161815e-06
2.89535714285714e+01 8.38691343970695e-05 2.07345615678963e-06
2.90492857142857e+01 8.18218673347161e-05 2.02618335754388e-06
2.91450000000000e+01 7.98245745850150e-05 1.97997758302422e-06
2.92407142857143e+01 7.78760362687928e-05 1.93481506685733e-06
2.93364285714286e+01 7.59750622711575e-05 1.89067256257841e-06
2.94321428571429e+01 7.41204915349573e-05 1.84752732912104e-06
2.95278571428571e+01 7.23111913447408e-05 1.80535712515981e-06
2.96235714285714e+01 7.05460566349247e-05 1.76414019671785e-06
2.97192857142857e+01 6.88240093148622e-05 1.72385526675559e-06
2.98150000000000e+01 6.71439976103735e-05 1.68448152365106e-06
2.99107142857143e+01 6.55049954267413e-05 1.64599861525089e-06
3.00064285714286e+01 6.39060017055623e-05 1.60838663637289e-06
3.01021428571429e+01 6.23460398300596e-05 1.57162611637200e-06
3.01978571428571e+01 6.08241570229202e-05 1.53569801407784e-06
3.02935714285714e+01 5.93394237643645e-05 1.50058370714037e-06
3.03892857142857e+01 5.78909332244306e-05 1.46626498303196e-06
3.04850000000000e+01 5.64778007091069e-05 1.43272402913603e-06
3.05807142857143e+01 5.50991631244196e-05 1.39994342747800e-06
3.06764285714286e+01 5.37541784357559e-05 1.36790614401734e-06
3.07721428571429e+01 5.24420251673361e-05 1.33659551799999e-06
3.08678571428571e+01 5.11619018958135e-05 1.30599525745069e-06
3.09635714285714e+01 4.99130267607863e-05 1.27608943002132e-06
3.10592857142857e+01 4.86946369872673e-05 1.24686245522449e-06
3.11550000000000e+01 4.75059884198005e-05 1.21829909591397e-06
3.12507142857143e+01 4.63463550716021e-05 1.19038445363497e-06
3.13464285714286e+01 4.52150286700172e-05 1.16310395945574e-06
3.14421428571429e+01 4.41113182352546e-05 1.13644336485575e-06
3.15378571428571e+01 4.30345496545160e-05 1.11038873772919e-06
3.16335714285714e+01 4.19840652702657e-05 1.08492645453060e-06
3.17292857142857e+01 4.09592234785582e-05 1.06004319357917e-06
3.18250000000000e+01 3.99593983371638e-05 1.03572592774224e-06
3.19207142857143e+01 3.89839791862655e-05 1.01196192034507e-06
3.20164285714286e+01 3.80323702663203e-05 9.88738717325525e-07
3.21121428571429e+01 3.71039903635134e-05 9.66044139441480e-07
3.22078571428571e+01 3.61982724516073e-05 9.43866278740556e-07
3.23035714285714e+01 3.53146633456175e-05 9.22193491824434e-07
3.23992857142857e+01 3.44526233639477e-05 9.01014394082504e-07
3.24950000000000e+01 3.36116259987668e-05 8.80317853413508e-07
3.25907142857143e+01 3.27911575969084e-05 8.60092986637697e-07
3.26864285714286e+01 3.19907170385956e-05 8.40329152787803e-07
3.27821428571429e+01 3.12098154390553e-05 8.21015946448309e-07
3.28778571428571e+01 3.04479758473161e-05 8.02143194647242e-07
3.29735714285714e+01 2.97047329548998e-05 7.83700951083991e-07
3.30692857142857e+01 2.89796328116282e-05 7.65679491168212e-07
3.31650000000000e+01 2.82722325483625e-05 7.48069306636429e-07
3.32607142857143e+01 2.75821001085521e-05 7.30861102412724e-07
3.33564285714286e+01 2.69088139781231e-05 7.14045790874603e-07
3.34521428571429e+01 2.62519629343632e-05 6.97614486162784e-07
3.35478571428571e+01 2.56111457926110e-05 6.81558501452494e-07
3.36435714285714e+01 2.49859711612237e-05 6.65869344010275e-07
3.37392857142857e+01 2.43760572025295e-05 6.50538710929480e-07
3.38350000000000e+01 2.37810313996114e-05 6.35558484517592e-07
3.39307142857143e+01 2.32005303304667e-05 6.20920729555580e-07
3.40264285714286e+01 2.26341994409086e-05 6.06617688399491e-07
3.41221428571429e+01 2.20816928332357e-05 5.92641776121774e-07
3.42178571428571e+01 2.15426730531978e-05 5.78985578121826e-07
3.43135714285714e+01 2.10168108838878e-05 5.65641845895405e-07
3.44092857142857e+01 2.05037851446681e-05 5.52603493372110e-07
3.45050000000000e+01 2.00032824950023e-05 5.39863592965534e-07
3.46007142857143e+01 1.95149972444635e-05 5.27415373185505e-07
3.46964285714286e+01 1.90386311617950e-05 5.15252214455683e-07
3.47921428571429e+01 1.85738932970659e-05 5.03367644966800e-07
3.48878571428571e+01 1.81204998025072e-05 4.91755338589122e-07
3.49835714285714e+01 1.76781737591456e-05 4.80409111253831e-07
3.50792857142857e+01 1.72466450076712e-05 4.69322917809941e-07
3.51750000000000e+01 1.68256499834316e-05 4.58490848644146e-07
3.52707142857143e+01 1.64149315565994e-05 4.47907127604313e-07
3.53664285714286e+01 1.60142388716324e-05 4.37566108430025e-07
3.54621428571429e+01 1.56233271976116e-05 4.27462271214980e-07
3.55578571428571e+01 1.52419577775624e-05 4.17590220587000e-07
3.56535714285714e+01 1.48698976826278e-05 4.07944682614546e-07
3.57492857142857e+01 1.45069196698045e-05 3.98520502111363e-07
3.58450000000000e+01 1.41528020431486e-05 3.89312639745483e-07
3.59407142857143e+01 1.38073285193155e-05 3.80316170236402e-07
3.60364285714286e+01 1.34702880925778e-05 3.71526279310091e-07
3.61321428571429e+01 1.31414749088818e-05 3.62938260682278e-07
3.62278571428571e+01 1.28206881391239e-05 3.54547514474666e-07
3.63235714285714e+01 1.25077318564897e-05 3.46349544571738e-07
3.64192857142857e+01 1.22024149167885e-05 3.38339956310920e-07
3.65150000000000e+01 1.19045508417083e-05 3.30514454011290e-07
3.66107142857143e+01 1.16139577057000e-05 3.22868839410731e-07
3.67064285714286e+01 1.13304580224829e-05 3.15399009069377e-07
3.68021428571429e+01 1.10538786390631e-05 3.08100951798084e-07
3.68978571428571e+01 1.07840506291550e-05 3.00970747282571e-07
3.69935714285714e+01 1.05208091900066e-05 2.94004563826026e-07
3.70892857142857e+01 1.02639935417433e-05 2.87198656370907e-07
3.71850000000000e+01 1.00134468291683e-05 2.80549364387495e-07
3.72807142857143e+01 9.76901602660450e-06 2.74053110520941e-07
3.73764285714286e+01 9.53055184246484e-06 2.67706398377960e-07
3.74721428571429e+01 9.29790863006978e-06 2.61505810335617e-07
3.75678571428571e+01 9.07094429801235e-06 2.55448006347905e-07
3.76635714285714e+01 8.84952022337269e-06 2.49529722018724e-07
3.77592857142857e+01 8.63350116705212e-06 2.43747766908723e-07
3.78550000000000e+01 8.42275519117281e-06 2.38099022732142e-07
3.79507142857143e+01 8.21715357902655e-06 2.32580442187057e-07
3.80464285714286e+01 8.01657075483399e-06 2.27189047069442e-07
3.81421428571429e+01 7.82088420869934e-06 2.21921926406645e-07
3.82378571428571e+01 7.62997442122462e-06 2.16776235423707e-07
3.83335714285714e+01 7.44372479051053e-06 2.11749193899057e-07
3.84292857142857e+01 7.26202156094016e-06 2.06838084716130e-07
3.85250000000000e+01 7.08475375370018e-06 2.02040252324158e-07
3.86207142857143e+01 6.91181309943844e-06 1.97353101728005e-07
3.87164285714286e+01 6.74309397079360e-06 1.92774096881721e-07
3.88121428571429e+01 6.57849331924710e-06 1.88300759099127e-07
3.89078571428571e+01 6.41791061172096e-06 1.83930666159640e-07
3.90035714285714e+01 6.26124776917508e-06 1.79661450905786e-07
3.90992857142857e+01 6.10840910670391e-06 1.75490800004835e-07
3.91950000000000e+01 5.95930127509488e-06 1.71416452635477e-07
3.92907142857143e+01 5.81383320417729e-06 1.67436199616419e-07
3.93864285714286e+01 5.67191604608935e-06 1.63547882038446e-07
3.94821428571429e+01 5.53346312214186e-06 1.59749389911389e-07
3.95778571428571e+01 5.39838986949452e-06 1.56038661391563e-07
3.96735714285714e+01 5.26661378950733e-06 1.52413681585987e-07
3.97692857142857e+01 5.13805439735333e-06 1.48872481494110e-07
3.98650000000000e+01 5.01263317286071e-06 1.45413136887668e-07
3.99607142857143e+01 4.89027351285594e-06 1.42033767559729e-07
4.00564285714286e+01 4.77090068345884e-06 1.38732536160209e-07
4.01521428571429e+01 4.65444177537128e-06 1.35507647044412e-07
4.02478571428571e+01 4.54082565902971e-06 1.32357345606275e-07
4.03435714285714e+01 4.42998294116120e-06 1.29279917259200e-07
4.04392857142857e+01 4.32184592240045e-06 1.26273686532104e-07
4.05350000000000e+01 4.21634855594096e-06 1.23337016114393e-07
4.06307142857143e+01 4.11342640744449e-06 1.20468306209412e-07
4.07264285714286e+01 4.01301661492712e-06 1.17665993543442e-07
4.08221428571429e+01 3.91505785113758e-06 1.14928550386072e-07
4.09178571428571e+01 3.81949028583844e-06 1.12254483975336e-07
4.10135714285714e+01 3.72625554926351e-06 1.09642335649367e-07
4.11092857142857e+01 3.63529669646761e-06 1.07090680074618e-07
4.12050000000000e+01 3.54655817254616e-06 1.04598124431891e-07
4.13007142857143e+01 3.45998577890998e-06 1.02163307860165e-07
4.13964285714286e+01 3.37552663955392e-06 9.97849006134786e-08
4.14921428571429e+01 3.29312916940110e-06 9.74616032276774e-08
4.15878571428571e+01 3.21274304257955e-06 9.51921460252834e-08
4.16835714285714e+01 3.13431916168456e-06 9.29752883758827e-08
4.17792857142857e+01 3.05780962779167e-06 9.08098180374588e-08
4.18750000000000e+01 2.98316771120142e-06 8.86945504628850e-08
4.19707142857143e+01 2.91034782306867e-06 8.66283283218842e-08
4.20664285714286e+01 2.83930548703825e-06 8.46100207839080e-08
4.21621428571429e+01 2.76999731260916e-06 8.26385228095890e-08
4.22578571428571e+01 2.70238096845366e-06 8.07127547246397e-08
4.23535714285714e+01 2.63641515656239e-06 7.88316615900943e-08
4.24492857142857e+01 2.57205958702104e-06 7.69942126403961e-08
4.25450000000000e+01 2.50927495340237e-06 7.51994006927170e-08
4.26407142857143e+01 2.44802290890020e-06 7.34462417363819e-08
4.27364285714286e+01 2.38826604247771e-06 7.17337743230678e-08
4.28321428571429e+01 2.32996785645595e-06 7.00610589644431e-08
4.29278571428571e+01 2.27309274407363e-06 6.84271777657837e-08
4.30235714285714e+01 2.21760596773950e-06 6.68312338898992e-08
4.31192857142857e+01 2.16347363781586e-06 6.52723510779473e-08
4.32150000000000e+01 2.11066269191972e-06 6.37496731464857e-08
4.33107142857143e+01 2.05914087484615e-06 6.22623636350891e-08
4.34064285714286e+01 2.00887671851119e-06 6.08096052879362e-08
4.35021428571429e+01 1.95983952309488e-06 5.93905995418382e-08
4.35978571428571e+01 1.91199933816765e-06 5.80045662114444e-08
4.36935714285714e+01 1.86532694439754e-06 5.66507430330482e-08
4.37892857142857e+01 1.81979383570399e-06 5.53283852560906e-08
4.38850000000000e+01 1.77537220184711e-06 5.40367652150405e-08
4.39807142857143e+01 1.73203491153891e-06 5.27751720271579e-08
4.40764285714286e+01 1.68975549557687e-06 5.15429111518715e-08
4.41721428571429e+01 1.64850813097791e-06 5.03393039557326e-08
4.42678571428571e+01 1.60826762510451e-06 4.91636874421397e-08
4.43635714285714e+01 1.56900940027785e-06 4.80154138632275e-08
4.44592857142857e+01 1.53070947876653e-06 4.68938503717471e-08
4.45550000000000e+01 1.49334446814173e-06 4.57983786567428e-08
4.46507142857143e+01 1.45689154706996e-06 4.47283946844868e-08
4.47464285714286e+01 1.42132845112982e-06 4.36833083240613e-08
4.48421428571429e+01 1.38663345946247e-06 4.26625429777534e-08
4.49378571428571e+01 1.35278538142075e-06 4.16655353491623e-08
4.50335714285714e+01 1.31976354362659e-06 4.06917351130941e-08
4.51292857142857e+01 1.28754777734440e-06 3.97406046189909e-08
4.52250000000000e+01 1.25611840616254e-06 3.88116185809798e-08
4.53207142857143e+01 1.22545623404210e-06 3.79042638559442e-08
4.54164285714286e+01 1.19554253338968e-06 3.70180391254264e-08
4.55121428571429e+01 1.16635903382549e-06 3.61524545816871e-08
4.56078571428571e+01 1.13788791095435e-06 3.53070317288701e-08
4.57035714285714e+01 1.11011177547909e-06 3.44813031023026e-08
4.57992857142857e+01 1.08301366257976e-06 3.36748120159174e-08
4.58950000000000e+01 1.05657702155197e-06 3.28871122986255e-08
4.59907142857143e+01 1.03078570575338e-06 3.21177681043060e-08
4.60864285714286e+01 1.00562396257364e-06 3.13663536416137e-08
4.61821428571429e+01 9.81076423984256e-07 3.06324529073690e-08
4.62778571428571e+01 9.57128097094189e-07 2.99156595161737e-08
4.63735714285714e+01 9.33764354992693e-07 2.92155764617762e-08
4.64692857142857e+01 9.10970927815666e-07 2.85318159020230e-08
4.65650000000000e+01 8.88733894030029e-07 2.78639989346873e-08
4.66607142857143e+01 8.67039671976556e-07 2.72117554348720e-08
4.67564285714286e+01 8.45875011435248e-07 2.65747238255520e-08
4.68521428571429e+01 8.25226985674253e-07 2.59525508512043e-08
4.69478571428571e+01 8.05082983506539e-07 2.53448914318812e-08
4.70435714285714e+01 7.85430701587354e-07 2.47514084603832e-08
4.71392857142857e+01 7.66258136899748e-07 2.41717726192195e-08
4.72350000000000e+01 7.47553579423478e-07 2.36056621900275e-08
4.73307142857143e+01 7.29305605020760e-07 2.30527629145030e-08
4.74264285714286e+01 7.11503068343194e-07 2.25127677995736e-08
4.75221428571429e+01 6.94135096142062e-07 2.19853769252275e-08
4.76178571428571e+01 6.77191080587425e-07 2.14702973196050e-08
4.77135714285714e+01 6.60660672789162e-07 2.09672427866422e-08
4.78092857142857e+01 6.44533776476220e-07 2.04759337503123e-08
4.79050000000000e+01 6.28800541830096e-07 1.99960970926432e-08
4.80007142857143e+01 6.13451359500286e-07 1.95274660348266e-08
4.80964285714286e+01 5.98476854639343e-07 1.90697799718240e-08
4.81921428571429e+01 5.83867881274486e-07 1.86227843092566e-08
4.82878571428571e+01 5.69615516688467e-07 1.81862303565413e-08
4.83835714285714e+01 5.55711055969830e-07 1.77598751804577e-08
4.84792857142857e+01 5.42146006696240e-07 1.73434814726390e-08
4.85750000000000e+01 5.28912083747561e-07 1.69368174119251e-08
4.86707142857143e+01 5.16001204271615e-07 1.65396565627680e-08
4.87664285714286e+01 5.03405482667910e-07 1.61517777348480e-08
4.88621428571429e+01 4.91117225852233e-07 1.57729648446537e-08
4.89578571428571e+01 4.79128928530515e-07 1.54030068240980e-08
4.90535714285714e+01 4.67433268614824e-07 1.50416974961352e-08
4.91492857142857e+01 4.56023102751273e-07 1.46888354620596e-08
4.92450000000000e+01 4.44891461957066e-07 1.43442239845605e-08
4.93407142857143e+01 4.34031547385679e-07 1.40076709009446e-08
4.94364285714286e+01 4.23436726108363e-07 1.36789885040004e-08
4.95321428571429e+01 4.13100527130050e-07 1.33579934245498e-08
4.96278571428571e+01 4.03016637414311e-07 1.30445065533382e-08
4.97235714285714e+01 3.93178898027542e-07 1.27383529354002e-08
4.98192857142857e+01 3.83581300377289e-07 1.24393616742275e-08
4.99150000000000e+01 3.74217982542371e-07 1.21473658324324e-08
5.00107142857143e+01 3.65083225710545e-07 1.18622023576554e-08
5.01064285714286e+01 3.56171450630883e-07 1.15837119814795e-08
5.02021428571429e+01 3.47477214261818e-07 1.13117391197894e-08
5.02978571428571e+01 3.38995206427813e-07 1.10461318060373e-08
5.03935714285714e+01 3.30720246576069e-07 1.07867416015476e-08
5.04892857142857e+01 3.22647280612408e-07 1.05334235140477e-08
5.05850000000000e+01 3.14771377814381e-07 1.02860359133039e-08
5.06807142857143e+01 3.07087727834628e-07 1.00444404678849e-08
5.07764285714286e+01 2.99591637717421e-07 9.80850205940384e-09
5.08721428571429e+01 2.92278529078571e-07 9.57808869799834e-09
5.09678571428571e+01 2.85143935293415e-07 9.35307146533781e-09
5.10635714285714e+01 2.78183498768732e-07 9.13332443847677e-09
5.11592857142857e+01 2.71392968281270e-07 8.91872462060968e-09
5.12550000000000e+01 2.64768196381223e-07 8.70915186943633e-09
5.13507142857143e+01 2.58305136871455e-07 8.50448884321027e-09
5.14464285714286e+01 2.51999842298490e-07 8.30462092799406e-09
5.15421428571429e+01 2.45848461579891e-07 8.10943616597774e-09
5.16378571428571e+01 2.39847237639125e-07 7.91882520682370e-09
5.17335714285714e+01 2.33992505110854e-07 7.73268124303274e-09
5.18292857142857e+01 2.28280688102245e-07 7.55089995110154e-09
5.19250000000000e+01 2.22708298008925e-07 7.37337943070732e-09
5.20207142857143e+01 2.17271931394509e-07 7.20002015869379e-09
5.21164285714286e+01 2.11968267880567e-07 7.03072492737423e-09
5.22121428571429e+01 2.06794068150491e-07 6.86539878374587e-09
5.23078571428571e+01 2.01746171960221e-07 6.70394898796911e-09
5.24035714285714e+01 1.96821496208054e-07 6.54628495851394e-09
5.24992857142857e+01 1.92017033051592e-07 6.39231822216720e-09
5.25950000000000e+01 1.87329848070640e-07 6.24196236241147e-09
5.26907142857143e+01 1.82757078483471e-07 6.09513298019374e-09
5.27864285714286e+01 1.78295931372324e-07 5.95174764160601e-09
5.28821428571429e+01 1.73943682004022e-07 5.81172582634589e-09
5.29778571428571e+01 1.69697672156821e-07 5.67498889229625e-09
5.30735714285714e+01 1.65555308496846e-07 5.54146002897986e-09
5.31692857142857e+01 1.61514060994167e-07 5.41106421509421e-09
5.32650000000000e+01 1.57571461377531e-07 5.28372817470090e-09
5.33607142857143e+01 1.53725101633897e-07 5.15938034378796e-09
5.34564285714286e+01 1.49972632516092e-07 5.03795082590869e-09
5.35521428571429e+01 1.46311762129936e-07 4.91937134848752e-09
5.36478571428571e+01 1.42740254526972e-07 4.80357523261459e-09
5.37435714285714e+01 1.39255928338810e-07 4.69049735355613e-09
5.38392857142857e+01 1.35856655444825e-07 4.58007410468916e-09
5.39350000000000e+01 1.32540359672358e-07 4.47224336032649e-09
5.40307142857143e+01 1.29305015534538e-07 4.36694444722535e-09
5.41264285714286e+01 1.26148646975229e-07 4.26411810697858e-09
5.42221428571429e+01 1.23069326180369e-07 4.16370645897694e-09
5.43178571428571e+01 1.20065172394329e-07 4.06565297465855e-09
5.44135714285714e+01 1.17134350771201e-07 3.96990244401019e-09
5.45092857142857e+01 1.14275071254140e-07 3.87640094494356e-09
5.46050000000000e+01 1.11485587482042e-07 3.78509581175490e-09
5.47007142857143e+01 1.08764195727813e-07 3.69593561085573e-09
5.47964285714286e+01 1.06109233842872e-07 3.60887010889281e-09
5.48921428571429e+01 1.03519080257125e-07 3.52385024135594e-09
5.49878571428571e+01 1.00992152983418e-07 3.44082809063242e-09
5.50835714285714e+01 9.85269086513074e-08 3.35975685759480e-09
5.51792857142857e+01 9.61218415644153e-08 3.28059083560149e-09
5.52750000000000e+01 9.37754827807987e-08 3.20328538374141e-09
5.53707142857143e+01 9.14863992198228e-08 3.12779690616661e-09
5.54664285714286e+01 8.92531927744914e-08 3.05408282507151e-09
5.55621428571429e+01 8.70744994701248e-08 2.98210155408932e-09
5.56578571428571e+01 8.49489886270136e-08 2.91181247959453e-09
5.57535714285714e+01 8.28753620476787e-08 2.84317593660783e-09
5.58492857142857e+01 8.08523532239742e-08 2.77615318672697e-09
5.59450000000000e+01 7.88787265635417e-08 2.71070639543327e-09
5.60407142857143e+01 7.69532766385223e-08 2.64679861449649e-09
5.61364285714286e+01 7.50748274390230e-08 2.58439375907542e-09
5.62321428571429e+01 7.32422316653162e-08 2.52345658517465e-09
5.63278571428571e+01 7.14543700235539e-08 2.46395267371925e-09
5.64235714285714e+01 6.97101505421355e-08 2.40584841012362e-09
5.65192857142857e+01 6.80085079047672e-08 2.34911096556125e-09
5.66150000000000e+01 6.63484027997981e-08 2.29370827771910e-09
5.67107142857143e+01 6.47288212882450e-08 2.23960903582207e-09
5.68064285714286e+01 6.31487741759523e-08 2.18678266122836e-09
5.69021428571429e+01 6.16072964181253e-08 2.13519928832905e-09
5.69978571428571e+01 6.01034465269592e-08 2.08482975098770e-09
5.70935714285714e+01 5.86363059966060e-08 2.03564556521813e-09
5.71892857142857e+01 5.72049787421811e-08 1.98761891329033e-09
5.72850000000000e+01 5.58085905524607e-08 1.94072262741129e-09
5.73807142857143e+01 5.44462885582723e-08 1.89493017698189e-09
5.74764285714286e+01 5.31172407044738e-08 1.85021565215561e-09
5.75721428571429e+01 5.18206352489952e-08 1.80655374765707e-09
5.76678571428571e+01 5.05556802645977e-08 1.76391975123800e-09
5.77635714285714e+01 4.93216031551878e-08 1.72228952899291e-09
5.78592857142857e+01 4.81176501839411e-08 1.68163951187381e-09
5.79550000000000e+01 4.69430860129411e-08 1.64194668185414e-09
5.80507142857143e+01 4.57971932559969e-08 1.60318856108780e-09
5.81464285714286e+01 4.46792720345701e-08 1.56534319798040e-09
5.82421428571429e+01 4.35886395563262e-08 1.52838915348177e-09
5.83378571428571e+01 4.25246296960659e-08 1.49230549126122e-09
5.84335714285714e+01 4.14865925888757e-08 1.45707176526086e-09
5.85292857142857e+01 4.04738942332110e-08 1.42266800825557e-09
5.86250000000000e+01 3.94859161036672e-08 1.38907472012371e-09
5.87207142857143e+01 3.85220547748145e-08 1.35627285862668e-09
5.88164285714286e+01 3.75817215477269e-08 1.32424382760956e-09
5.89121428571429e+01 3.66643420954236e-08 1.29296946539093e-09
5.90078571428571e+01 3.57693561103924e-08 1.26243203640323e-09
5.91035714285714e+01 3.48962169623700e-08 1.23261422064386e-09
5.91992857142857e+01 3.40443913644781e-08 1.20349910397170e-09
5.92950000000000e+01 3.32133590475071e-08 1.17507016816500e-09
5.93907142857143e+01 3.24026124434927e-08 1.14731128308082e-09
5.94864285714286e+01 3.16116563716181e-08 1.12020669666080e-09
5.95821428571429e+01 3.08400077399330e-08 1.09374102509804e-09
5.96778571428571e+01 3.00871952488850e-08 1.06789924572588e-09
5.97735714285714e+01 2.93527591034635e-08 1.04266668807844e-09
5.98692857142857e+01 2.86362507323723e-08 1.01802902566124e-09
5.99650000000000e+01 2.79372325140549e-08 9.93972267524916e-10
6.00607142857143e+01 2.72552775105242e-08 9.70482751599387e-10
6.01564285714286e+01 2.65899692031992e-08 9.47547136229416e-10
6.02521428571429e+01 2.59409012419685e-08 9.25152391847480e-10
6.03478571428571e+01 2.53076771958308e-08 9.03285794925747e-10
6.04435714285714e+01 2.46899103107664e-08 8.81934920401451e-10
6.05392857142857e+01 2.40872232735204e-08 8.61087634698470e-10
6.06350000000000e+01 2.34992479811507e-08 8.40732088586573e-10
6.07307142857143e+01 2.29256253171300e-08 8.20856711515596e-10
6.08264285714286e+01 2.23660049291777e-08 8.01450204447213e-10
6.09221428571429e+01 2.18200450181543e-08 7.82501532803811e-10
6.10178571428571e+01 2.12874121283244e-08 7.63999921325838e-10
6.11135714285714e+01 2.07677809436920e-08 7.45934847654258e-10
6.12092857142857e+01 2.02608340893080e-08 7.28296036413771e-10
6.13050000000000e+01 1.97662619374270e-08 7.11073453162110e-10
6.14007142857143e+01 1.92837624191675e-08 6.94257299575078e-10
6.14964285714286e+01 1.88130408376635e-08 6.77838007376662e-10
6.15921428571429e+01 1.83538096904667e-08 6.61806232368905e-10
6.16878571428571e+01 1.79057884931370e-08 6.46152850060010e-10
6.17835714285714e+01 1.74687036079310e-08 6.30868950227683e-10
6.18792857142857e+01 1.70422880766726e-08 6.15945831903077e-10
6.19750000000000e+01 1.66262814577032e-08 6.01374998244297e-10
6.20707142857143e+01 1.62204296674536e-08 5.87148152445333e-10
6.21664285714286e+01 1.58244848232988e-08 5.73257192596688e-10
6.22621428571429e+01 1.54382050941509e-08 5.59694206630872e-10
6.23578571428571e+01 1.50613545520809e-08 5.46451468606571e-10
6.24535714285714e+01 1.46937030282203e-08 5.33521434103447e-10
6.25492857142857e+01 1.43350259721818e-08 5.20896735970115e-10
6.26450000000000e+01 1.39851043149106e-08 5.08570179981193e-10
6.27407142857143e+01 1.36437243354177e-08 4.96534741361913e-10
6.28364285714286e+01 1.33106775286155e-08 4.84783560436953e-10
6.29321428571429e+01 1.29857604796276e-08 4.73309938351597e-10
6.30278571428571e+01 1.26687747389865e-08 4.62107333914057e-10
6.31235714285714e+01 1.23595267014266e-08 4.51169359694913e-10
6.32192857142857e+01 1.20578274876368e-08 4.40489778423252e-10
6.33150000000000e+01 1.17634928288980e-08 4.30062499307830e-10
6.34107142857143e+01 1.14763429549824e-08 4.19881575085233e-10
6.35064285714286e+01 1.11962024829986e-08 4.09941198336356e-10
6.36021428571429e+01 1.09229003116527e-08 4.00235697864484e-10
6.36978571428571e+01 1.06562695162772e-08 3.90759536012407e-10
6.37935714285714e+01 1.03961472468782e-08 3.81507305359034e-10
6.38892857142857e+01 1.01423746286719e-08 3.72473725665216e-10
6.39850000000000e+01 9.89479666504857e-09 3.63653640757776e-10
6.40807142857143e+01 9.65326214327549e-09 3.55042016022772e-10
6.41764285714286e+01 9.41762354101159e-09 3.46633935287447e-10
6.42721428571429e+01 9.18773693735369e-09 3.38424597754589e-10
6.43678571428571e+01 8.96346192454468e-09 3.30409315723517e-10
6.44635714285714e+01 8.74466152221653e-09 3.22583511792685e-10
6.45592857142857e+01 8.53120209372709e-09 3.14942716271597e-10
6.46550000000000e+01 8.32295326453883e-09 3.07482564541850e-10
6.47507142857143e+01 8.11978784289811e-09 3.00198794928746e-10
6.48464285714286e+01 7.92158174121036e-09 2.93087246062116e-10
6.49421428571429e+01 7.72821390120710e-09 2.86143854281745e-10
6.50378571428571e+01 7.53956621968312e-09 2.79364651701726e-10
6.51335714285714e+01 7.35552347636254e-09 2.72745763841764e-10
6.52292857142857e+01 7.17597326352594e-09 2.66283407434337e-10
6.53250000000000e+01 7.00080591735507e-09 2.59973888189906e-10
6.54207142857143e+01 6.82991445121002e-09 2.53813598990050e-10
6.55164285714286e+01 6.66319448950250e-09 2.47799017653807e-10
6.56121428571429e+01 6.50054420474223e-09 2.41926704741933e-10
6.57078571428571e+01 6.34186425507401e-09 2.36193301913187e-10
6.58035714285714e+01 6.18705772360262e-09 2.30595529918821e-10
6.58992857142857e+01 6.03603005919909e-09 2.25130186744776e-10
6.59950000000000e+01 5.88868901875170e-09 2.19794145719365e-10
6.60907142857143e+01 5.74494461104021e-09 2.14584353979594e-10
6.61864285714286e+01 5.60470904112045e-09 2.09497830580837e-10
6.62821428571429e+01 5.46789665736446e-09 2.04531664638781e-10
6.63778571428571e+01 5.33442389892238e-09 1.99683013933836e-10
6.64735714285714e+01 5.20420924468600e-09 1.94949103213251e-10
6.65692857142857e+01 5.07717316349827e-09 1.90327222617346e-10
6.66650000000000e+01 4.95323806557798e-09 1.85814726077307e-10
6.67607142857143e+01 4.83232825530820e-09 1.81409030013573e-10
6.68564285714286e+01 4.71436988446105e-09 1.77107611736220e-10
6.69521428571429e+01 4.59929090764533e-09 1.72908007872753e-10
6.70478571428571e+01 4.48702103811621e-09 1.68807813183377e-10
6.71435714285714e+01 4.37749170484623e-09 1.64804679123674e-10
6.72392857142857e+01 4.27063601064428e-09 1.60896312511571e-10
6.73350000000000e+01 4.16638869129678e-09 1.57080474170885e-10
6.74307142857143e+01 4.06468607585440e-09 1.53354977826839e-10
6.75264285714286e+01 3.96546604729194e-09 1.49717688752519e-10
6.76221428571428e+01 3.86866800502866e-09 1.46166522438652e-10
6.77178571428571e+01 3.77423282775947e-09 1.42699443588021e-10
6.78135714285714e+01 3.68210283734541e-09 1.39314464898828e-10
6.79092857142857e+01 3.59222176358568e-09 1.36009645935669e-10
6.80050000000000e+01 3.50453470984945e-09 1.32783091981237e-10
6.81007142857143e+01 3.41898811967004e-09 1.29632953099236e-10
6.81964285714286e+01 3.33552974365796e-09 1.26557422989149e-10
6.82921428571428e+01 3.25410860797123e-09 1.23554737860831e-10
6.83878571428571e+01 3.17467498305239e-09 1.20623175581101e-10
6.84835714285714e+01 3.09718035325516e-09 1.17761054643994e-10
6.85792857142857e+01 3.02157738721261e-09 1.14966733214607e-10
6.86750000000000e+01 2.94781990892858e-09 1.12238608157097e-10
6.87707142857143e+01 2.87586286967753e-09 1.09575114239731e-10
6.88664285714286e+01 2.80566232017668e-09 1.06974723165976e-10
6.89621428571429e+01 2.73717538406195e-09 1.04435942622423e-10
6.90578571428571e+01 2.67036023159222e-09 1.01957315554648e-10
6.91535714285714e+01 2.60517605410105e-09 9.95374192957019e-11
6.92492857142857e+01 2.54158303907198e-09 9.71748647564342e-11
6.93450000000000e+01 2.47954234582228e-09 9.48682956027798e-11
6.94407142857143e+01 2.41901608186578e-09 9.26163875814850e-11
6.95364285714286e+01 2.35996727950822e-09 9.04178477004176e-11
6.96321428571429e+01 2.30235987353405e-09 8.82714134231895e-11
6.97278571428571e+01 2.24615867908882e-09 8.61758520547854e-11
6.98235714285714e+01 2.19132937018937e-09 8.41299600040261e-11
6.99192857142857e+01 2.13783845875859e-09 8.21325620979996e-11
7.00150000000000e+01 2.08565327417185e-09 8.01825108857611e-11
7.01107142857143e+01 2.03474194337418e-09 7.82786860664770e-11
7.02064285714286e+01 1.98507337119556e-09 7.64199937960319e-11
7.03021428571429e+01 1.93661722158021e-09 7.46053660057883e-11
7.03978571428571e+01 1.88934389898319e-09 7.28337598814088e-11
7.04935714285714e+01 1.84322453029440e-09 7.11041572387518e-11
7.05892857142857e+01 1.79823094720372e-09 6.94155639434286e-11
7.06850000000000e+01 1.75433566899670e-09 6.77670093215388e-11
7.07807142857143e+01 1.71151188582957e-09 6.61575456747424e-11
7.08764285714286e+01 1.66973344217335e-09 6.45862476937355e-11
7.09721428571429e+01 1.62897482102317e-09 6.30522118820487e-11
7.10678571428571e+01 1.58921112825077e-09 6.15545561139883e-11
7.11635714285714e+01 1.55041807739993e-09 6.00924191065555e-11
7.12592857142857e+01 1.51257197485301e-09 5.86649599280502e-11
7.13550000000000e+01 1.47564970535966e-09 5.72713574994243e-11
7.14507142857143e+01 1.43962871796820e-09 5.59108101831164e-11
7.15464285714286e+01 1.40448701210118e-09 5.45825352869577e-11
7.16421428571429e+01 1.37020312427165e-09 5.32857685768459e-11
7.17378571428571e+01 1.33675611492187e-09 5.20197639018410e-11
7.18335714285714e+01 1.30412555563405e-09 5.07837927473608e-11
7.19292857142857e+01 1.27229151665330e-09 4.95771438192078e-11
7.20250000000000e+01 1.24123455471515e-09 4.83991226216379e-11
7.21207142857143e+01 1.21093570121145e-09 4.72490511087755e-11
7.22164285714286e+01 1.18137645047903e-09 4.61262672650330e-11
7.23121428571429e+01 1.15253874862506e-09 4.50301246929780e-11
7.24078571428571e+01 1.12440498245683e-09 4.39599922954198e-11
7.25035714285714e+01 1.09695796872414e-09 4.29152538973996e-11
7.25992857142857e+01 1.07018094362436e-09 4.18953078940910e-11
7.26950000000000e+01 1.04405755256354e-09 4.08995668938049e-11
7.27907142857143e+01 1.01857184020196e-09 3.99274574224969e-11
7.28864285714286e+01 9.93708240604146e-10 3.89784195689205e-11
7.29821428571428e+01 9.69451567838401e-10 3.80519066361029e-11
7.30778571428571e+01 9.45787006665483e-10 3.71473848717950e-11
7.31735714285714e+01 9.22700103489922e-10 3.62643331486828e-11
7.32692857142857e+01 9.00176757532217e-10 3.54022426663783e-11
7.33650000000000e+01 8.78203212216500e-10 3.45606166493872e-11
7.34607142857143e+01 8.56766046797091e-10 3.37389700966486e-11
7.35564285714286e+01 8.35852168074103e-10 3.29368294814533e-11
7.36521428571428e+01 8.15448802485406e-10 3.21537324567283e-11
7.37478571428571e+01 7.95543488274790e-10 3.13892276265180e-11
7.38435714285714e+01 7.76124067880689e-10 3.06428742754703e-11
7.39392857142857e+01 7.57178680510732e-10 2.99142421166244e-11
7.40350000000000e+01 7.38695754897520e-10 2.92029110358964e-11
7.41307142857143e+01 7.20664002255135e-10 2.85084708798118e-11
7.42264285714286e+01 7.03072409311433e-10 2.78305212017533e-11
7.43221428571429e+01 6.85910231655564e-10 2.71686710127605e-11
7.44178571428571e+01 6.69166987150493e-10 2.65225385878151e-11
7.45135714285714e+01 6.52832449530825e-10 2.58917512370267e-11
7.46092857142857e+01 6.36896642156922e-10 2.52759450921941e-11
7.47050000000000e+01 6.21349831921470e-10 2.46747648906587e-11
7.48007142857143e+01 6.06182523324704e-10 2.40878637954267e-11
7.48964285714286e+01 5.91385452614108e-10 2.35149031806020e-11
7.49921428571429e+01 5.76949582188163e-10 2.29555524206839e-11
7.50878571428571e+01 5.62866095055511e-10 2.24094887263774e-11
7.51835714285714e+01 5.49126389449806e-10 2.18763969510590e-11
7.52792857142857e+01 5.35722073576018e-10 2.13559694101665e-11
7.53750000000000e+01 5.22644960484980e-10 2.08479056983641e-11
7.54707142857143e+01 5.09887063089650e-10 2.03519125371278e-11
7.55664285714286e+01 4.97440589236198e-10 1.98677035933245e-11
7.56621428571429e+01 4.85297936996293e-10 1.93949993010684e-11
7.57578571428571e+01 4.73451690006620e-10 1.89335267225710e-11
7.58535714285714e+01 4.61894612939183e-10 1.84830193844571e-11
7.59492857142857e+01 4.50619647082195e-10 1.80432171249439e-11
7.60450000000000e+01 4.39619906028830e-10 1.76138659391976e-11
7.61407142857143e+01 4.28888671485052e-10 1.71947178501971e-11
7.62364285714286e+01 4.18419389124069e-10 1.67855307553486e-11
7.63321428571429e+01 4.08205664626082e-10 1.63860682758784e-11
7.64278571428571e+01 3.98241259758272e-10 1.59960996389158e-11
7.65235714285714e+01 3.88520088564675e-10 1.56153995390644e-11
7.66192857142857e+01 3.79036213649072e-10 1.52437480091027e-11
7.67150000000000e+01 3.69783842548602e-10 1.48809302891916e-11
7.68107142857143e+01 3.60757324207443e-10 1.45267367174751e-11
7.69064285714286e+01 3.51951145490121e-10 1.41809626004026e-11
7.70021428571429e+01 3.43359927850044e-10 1.38434080854100e-11
7.70978571428571e+01 3.34978424032321e-10 1.35138780610041e-11
7.71935714285714e+01 3.26801514868888e-10 1.31921820396992e-11
7.72892857142857e+01 3.18824206151889e-10 1.28781340486278e-11
7.73850000000000e+01 3.11041625583355e-10 1.25715525189259e-11
7.74807142857143e+01 3.03449019808979e-10 1.22722601930633e-11
7.75764285714286e+01 2.96041751485562e-10 1.19800840152154e-11
7.76721428571429e+01 2.88815296478507e-10 1.16948550236355e-11
7.77678571428571e+01 2.81765241088500e-10 1.14164082660021e-11
7.78635714285714e+01 2.74887279355755e-10 1.11445827004291e-11
7.79592857142857e+01 2.68177210430065e-10 1.08792211029257e-11
7.80550000000000e+01 2.61630936005053e-10 1.06201699738538e-11
7.81507142857143e+01 2.55244457823070e-10 1.03672794594350e-11
7.82464285714286e+01 2.49013875208710e-10 1.01204032590771e-11
7.83421428571429e+01 2.42935382711280e-10 9.87939853439802e-12
7.84378571428571e+01 2.37005267772113e-10 9.64412583751024e-12
7.85335714285714e+01 2.31219908457047e-10 9.41444902731907e-12
7.86292857142857e+01 2.25575771244260e-10 9.19023519124213e-12
7.87250000000000e+01 2.20069408866100e-10 8.97135456610683e-12
7.88207142857143e+01 2.14697458210294e-10 8.75768047167289e-12
7.89164285714286e+01 2.09456638245444e-10 8.54908923229522e-12
7.90121428571428e+01 2.04343748037833e-10 8.34546010002547e-12
7.91078571428571e+01 1.99355664789356e-10 8.14667519386404e-12
7.92035714285714e+01 1.94489341930206e-10 7.95261942898810e-12
7.92992857142857e+01 1.89741807258124e-10 7.76318045053733e-12
7.93950000000000e+01 1.85110161123069e-10 7.57824856672722e-12
7.94907142857143e+01 1.80591574661782e-10 7.39771669255181e-12
7.95864285714286e+01 1.76183288052971e-10 7.22148028356879e-12
7.96821428571428e+01 1.71882608849019e-10 7.04943727090346e-12
7.97778571428571e+01 1.67686910325639e-10 6.88148800979521e-12
7.98735714285714e+01 1.63593629877556e-10 6.71753521976195e-12
7.99692857142857e+01 1.59600267453347e-10 6.55748392859508e-12
8.00650000000000e+01 1.55704384028483e-10 6.40124141580511e-12
8.01607142857143e+01 1.51903600120302e-10 6.24871716495039e-12
8.02564285714286e+01 1.48195594320494e-10 6.09982280767060e-12
8.03521428571429e+01 1.44578101891695e-10 5.95447206875392e-12
8.04478571428571e+01 1.41048913379360e-10 5.81258072255948e-12
8.05435714285714e+01 1.37605873262293e-10 5.67406654243071e-12
8.06392857142857e+01 1.34246878636122e-10 5.53884925332879e-12
8.07350000000000e+01 1.30969877928909e-10 5.40685048401699e-12
8.08307142857143e+01 1.27772869651996e-10 5.27799372669664e-12
8.09264285714286e+01 1.24653901165706e-10 5.15220428970532e-12
8.10221428571429e+01 1.21611067498785e-10 5.02940925109123e-12
8.11178571428571e+01 1.18642510180810e-10 4.90953742170918e-12
8.12135714285714e+01 1.15746416107098e-10 4.79251930245579e-12
8.13092857142857e+01 1.12921016431315e-10 4.67828704421113e-12
8.14050000000000e+01 1.10164585485117e-10 4.56677440741337e-12
8.15007142857143e+01 1.07475439727408e-10 4.45791672788489e-12
8.15964285714286e+01 1.04851936706197e-10 4.35165087685561e-12
8.16921428571429e+01 1.02292474065491e-10 4.24791522172871e-12
8.17878571428571e+01 9.97954885632140e-11 4.14664959483120e-12
8.18835714285714e+01 9.73594551164313e-11 4.04779525726284e-12
8.19792857142857e+01 9.49828858698718e-11 3.95129486502041e-12
8.20750000000000e+01 9.26643292871918e-11 3.85709243482258e-12
8.21707142857143e+01 9.04023692671243e-11 3.76513331517884e-12
8.22664285714286e+01 8.81956242703219e-11 3.67536415260512e-12
8.23621428571429e+01 8.60427464839388e-11 3.58773285846870e-12
8.24578571428571e+01 8.39424209955857e-11 3.50218858252871e-12
8.25535714285714e+01 8.18933649902199e-11 3.41868168237765e-12
8.26492857142857e+01 7.98943269666428e-11 3.33716369479580e-12
8.27450000000000e+01 7.79440859731201e-11 3.25758730686111e-12
8.28407142857143e+01 7.60414508639163e-11 3.17990633145879e-12
8.29364285714286e+01 7.41852595649011e-11 3.10407567873128e-12
8.30321428571429e+01 7.23743783707839e-11 3.03005132806144e-12
8.31278571428571e+01 7.06077012503104e-11 2.95779030567062e-12
8.32235714285714e+01 6.88841491707316e-11 2.88725065878903e-12
8.33192857142857e+01 6.72026694387642e-11 2.81839143143409e-12
8.34150000000000e+01 6.55622350576370e-11 2.75117263998922e-12
8.35107142857143e+01 6.39618441017144e-11 2.68555525247398e-12
8.36064285714286e+01 6.24005190988108e-11 2.62150116441847e-12
8.37021428571429e+01 6.08773064390171e-11 2.55897317518943e-12
8.37978571428571e+01 5.93912757902858e-11 2.49793496902559e-12
8.38935714285714e+01 5.79415195302121e-11 2.43835109320570e-12
8.39892857142857e+01 5.65271521916868e-11 2.38018693756868e-12
8.40850000000000e+01 5.51473099220792e-11 2.32340871387121e-12
8.41807142857143e+01 5.38011499571921e-11 2.26798343824233e-12
8.42764285714286e+01 5.24878501017381e-11 2.21387891079738e-12
8.43721428571428e+01 5.12066082320378e-11 2.16106369563477e-12
8.44678571428571e+01 4.99566418044559e-11 2.10950710478214e-12
8.45635714285714e+01 4.87371873774469e-11 2.05917917974446e-12
8.46592857142857e+01 4.75475001452692e-11 2.01005067418885e-12
8.47550000000000e+01 4.63868534830796e-11 1.96209303649703e-12
8.48507142857143e+01 4.52545385044436e-11 1.91527839491623e-12
8.49464285714286e+01 4.41498636243718e-11 1.86957954033371e-12
8.50421428571428e+01 4.30721541409860e-11 1.82496990937597e-12
8.51378571428571e+01 4.20207518220528e-11 1.78142357081983e-12
8.52335714285714e+01 4.09950145029561e-11 1.73891520999800e-12
8.53292857142857e+01 3.99943156944822e-11 1.69742011416029e-12
8.54250000000000e+01 3.90180442001796e-11 1.65691415772712e-12
8.55207142857143e+01 3.80656037441519e-11 1.61737378972330e-12
8.56164285714286e+01 3.71364126035350e-11 1.57877601922393e-12
8.57121428571429e+01 3.62299032565906e-11 1.54109840107500e-12
8.58078571428571e+01 3.53455220349314e-11 1.50431902439217e-12
8.59035714285714e+01 3.44827287853563e-11 1.46841649938165e-12
8.59992857142857e+01 3.36409965399425e-11 1.43336994496489e-12
8.60950000000000e+01 3.28198111941889e-11 1.39915897631555e-12
8.61907142857143e+01 3.20186711939294e-11 1.36576369422589e-12
8.62864285714286e+01 3.12370872262150e-11 1.33316467281021e-12
8.63821428571429e+01 3.04745819232871e-11 1.30134294744083e-12
8.64778571428571e+01 2.97306895700562e-11 1.27028000501436e-12
8.65735714285714e+01 2.90049558196571e-11 1.23995777281456e-12
8.66692857142857e+01 2.82969374159479e-11 1.21035860805086e-12
8.67650000000000e+01 2.76062019227825e-11 1.18146528732567e-12
8.68607142857143e+01 2.69323274606534e-11 1.15326099763683e-12
8.69564285714286e+01 2.62749024466970e-11 1.12572932598874e-12
8.70521428571429e+01 2.56335253456743e-11 1.09885424920059e-12
8.71478571428571e+01 2.50078044239239e-11 1.07262012566891e-12
8.72435714285714e+01 2.43973575101034e-11 1.04701168595646e-12
8.73392857142857e+01 2.38018117617704e-11 1.02201402394901e-12
8.74350000000000e+01 2.32208034376622e-11 9.97612587954564e-13
8.75307142857143e+01 2.26539776761689e-11 9.73793173090468e-13
8.76264285714286e+01 2.21009882766557e-11 9.50541912506727e-13
8.77221428571429e+01 2.15614974899861e-11 9.27845268776143e-13
8.78178571428571e+01 2.10351758115663e-11 9.05690026923771e-13
8.79135714285714e+01 2.05217017800939e-11 8.84063286474524e-13
8.80092857142857e+01 2.00207617812190e-11 8.62952453978393e-13
8.81050000000000e+01 1.95320498559984e-11 8.42345235488866e-13
8.82007142857143e+01 1.90552675145556e-11 8.22229630122238e-13
8.82964285714286e+01 1.85901235521535e-11 8.02593922643098e-13
8.83921428571429e+01 1.81363338729814e-11 7.83426676191102e-13
8.84878571428571e+01 1.76936213160803e-11 7.64716726382907e-13
8.85835714285714e+01 1.72617154860606e-11 7.46453174592741e-13
8.86792857142857e+01 1.68403525879537e-11 7.28625381634492e-13
8.87750000000000e+01 1.64292752660936e-11 7.11222961405951e-13
8.88707142857143e+01 1.60282324473749e-11 6.94235775440118e-13
8.89664285714286e+01 1.56369791865536e-11 6.77653926641740e-13
8.90621428571429e+01 1.52552765180163e-11 6.61467753143448e-13
8.91578571428571e+01 1.48828913093614e-11 6.45667823315429e-13
8.92535714285714e+01 1.45195961190086e-11 6.30244930088063e-13
8.93492857142857e+01 1.41651690572851e-11 6.15190085612073e-13
8.94450000000000e+01 1.38193936509014e-11 6.00494515888137e-13
8.95407142857143e+01 1.34820587111065e-11 5.86149656157678e-13
8.96364285714286e+01 1.31529582035717e-11 5.72147145611926e-13
8.97321428571428e+01 1.28318911236982e-11 5.58478822202271e-13
8.98278571428571e+01 1.25186613734611e-11 5.45136718418259e-13
8.99235714285714e+01 1.22130776416383e-11 5.32113056490826e-13
9.00192857142857e+01 1.19149532869636e-11 5.19400243879343e-13
9.01150000000000e+01 1.16241062241317e-11 5.06990868734018e-13
9.02107142857143e+01 1.13403588128953e-11 4.94877695997050e-13
9.03064285714286e+01 1.10635377486252e-11 4.83053662933387e-13
9.04021428571428e+01 1.07934739574196e-11 4.71511874747248e-13
9.04978571428571e+01 1.05300024925138e-11 4.60245601010349e-13
9.05935714285714e+01 1.02729624335356e-11 4.49248271609349e-13
9.06892857142857e+01 1.00221967882205e-11 4.38513472931899e-13
9.07850000000000e+01 9.77755239652522e-12 4.28034944032819e-13
9.08807142857143e+01 9.53887983734018e-12 4.17806573336357e-13
9.09764285714286e+01 9.30603333644110e-12 4.07822394861167e-13
9.10721428571429e+01 9.07887067825430e-12 3.98076584517882e-13
9.11678571428571e+01 8.85725311872464e-12 3.88563457087652e-13
9.12635714285714e+01 8.64104530057478e-12 3.79277462798417e-13
9.13592857142857e+01 8.43011517063320e-12 3.70213184101875e-13
9.14550000000000e+01 8.22433389918005e-12 3.61365332434397e-13
9.15507142857143e+01 8.02357580147722e-12 3.52728745427856e-13
9.16464285714286e+01 7.82771826034715e-12 3.44298383721135e-13
9.17421428571429e+01 7.63664165194981e-12 3.36069327833029e-13
9.18378571428571e+01 7.45022927249371e-12 3.28036775606457e-13
9.19335714285714e+01 7.26836726695669e-12 3.20196039316122e-13
9.20292857142857e+01 7.09094455954687e-12 3.12542542944911e-13
9.21250000000000e+01 6.91785278586084e-12 3.05071819447437e-13
9.22207142857143e+01 6.74898622687778e-12 2.97779508391156e-13
9.23164285714286e+01 6.58424174384110e-12 2.90661353263309e-13
9.24121428571429e+01 6.42351871582208e-12 2.83713198829885e-13
9.25078571428571e+01 6.26671897807461e-12 2.76930988973851e-13
9.26035714285714e+01 6.11374676207906e-12 2.70310764251814e-13
9.26992857142857e+01 5.96450863704993e-12 2.63848659592574e-13
9.27950000000000e+01 5.81891345287109e-12 2.57540901985369e-13
9.28907142857143e+01 5.67687228457417e-12 2.51383808484998e-13
9.29864285714286e+01 5.53829837756798e-12 2.45373783937330e-13
9.30821428571429e+01 5.40310709511710e-12 2.39507318748827e-13
9.31778571428571e+01 5.27121586649048e-12 2.33780987058152e-13
9.32735714285714e+01 5.14254413652968e-12 2.28191444672211e-13
9.33692857142857e+01 5.01701331644832e-12 2.22735427121521e-13
9.34650000000000e+01 4.89454673583240e-12 2.17409747707291e-13
9.35607142857143e+01 4.77506959593771e-12 2.12211295814487e-13
9.36564285714286e+01 4.65850892362260e-12 2.07137034990921e-13
9.37521428571429e+01 4.54479352716708e-12 2.02184001063556e-13
9.38478571428571e+01 4.43385395265927e-12 1.97349300592185e-13
9.39435714285714e+01 4.32562244157501e-12 1.92630109126007e-13
9.40392857142857e+01 4.22003288939306e-12 1.88023669560537e-13
9.41350000000000e+01 4.11702080522046e-12 1.83527290487910e-13
9.42307142857143e+01 4.01652327250814e-12 1.79138344770421e-13
9.43264285714286e+01 3.91847891030405e-12 1.74854267918265e-13
9.44221428571429e+01 3.82282783608828e-12 1.70672556498789e-13
9.45178571428571e+01 3.72951162908853e-12 1.66590766828772e-13
9.46135714285714e+01 3.63847329459849e-12 1.62606513501818e-13
9.47092857142857e+01 3.54965722916724e-12 1.58717468000114e-13
9.48050000000000e+01 3.46300918663829e-12 1.54921357300910e-13
9.49007142857143e+01 3.37847624510517e-12 1.51215962670395e-13
9.49964285714286e+01 3.29600677432159e-12 1.47599118293692e-13
9.50921428571428e+01 3.21555040443846e-12 1.44068709931531e-13
9.51878571428571e+01 3.13705799514761e-12 1.40622673814396e-13
9.52835714285714e+01 3.06048160566833e-12 1.37258995398698e-13
9.53792857142857e+01 2.98577446546665e-12 1.33975708193894e-13
9.54750000000000e+01 2.91289094568931e-12 1.30770892585420e-13
9.55707142857143e+01 2.84178653136805e-12 1.27642674814902e-13
9.56664285714286e+01 2.77241779400846e-12 1.24589225823234e-13
9.57621428571428e+01 2.70474236529170e-12 1.21608760116221e-13
9.58578571428571e+01 2.63871891112045e-12 1.18699534829476e-13
9.59535714285714e+01 2.57430710637325e-12 1.15859848677870e-13
9.60492857142857e+01 2.51146761027519e-12 1.13088040964644e-13
9.61450000000000e+01 2.45016204236972e-12 1.10382490587199e-13
9.62407142857143e+01 2.39035295913808e-12 1.07741615174907e-13
9.63364285714286e+01 2.33200383094382e-12 1.05163870112163e-13
9.64321428571428e+01 2.27507901991084e-12 1.02647747580510e-13
9.65278571428571e+01 2.21954375809272e-12 1.00191775767969e-13
9.66235714285714e+01 2.16536412623747e-12 9.77945179817624e-14
9.67192857142857e+01 2.11250703307075e-12 9.54545718112114e-14
9.68150000000000e+01 2.06094019508468e-12 9.31705682880037e-14
9.69107142857143e+01 2.01063211687105e-12 9.09411711572897e-14
9.70064285714286e+01 1.96155207172937e-12 8.87650760527267e-14
9.71021428571429e+01 1.91367008305808e-12 8.66410096876622e-14
9.71978571428571e+01 1.86695690599212e-12 8.45677291866214e-14
9.72935714285714e+01 1.82138400954106e-12 8.25440213359496e-14
9.73892857142857e+01 1.77692355916324e-12 8.05687018766541e-14
9.74850000000000e+01 1.73354839976529e-12 7.86406147951798e-14
9.75807142857143e+01 1.69123203915921e-12 7.67586317072047e-14
9.76764285714286e+01 1.64994863175183e-12 7.49216511610549e-14
9.77721428571429e+01 1.60967296289121e-12 7.31285979547766e-14
9.78678571428571e+01 1.57038043342152e-12 7.13784225709271e-14
9.79635714285714e+01 1.53204704465859e-12 6.96701005437267e-14
9.80592857142857e+01 1.49464938373230e-12 6.80026318616937e-14
9.81550000000000e+01 1.45816460928664e-12 6.63750403686578e-14
9.82507142857143e+01 1.42257043756456e-12 6.47863732428630e-14
9.83464285714286e+01 1.38784512868916e-12 6.32357004087923e-14
9.84421428571429e+01 1.35396747349597e-12 6.17221139605506e-14
9.85378571428571e+01 1.32091678054168e-12 6.02447276840244e-14
9.86335714285714e+01 1.28867286346637e-12 5.88026765224371e-14
9.87292857142857e+01 1.25721602866435e-12 5.73951160717532e-14
9.88250000000000e+01 1.22652706325589e-12 5.60212220748130e-14
9.89207142857143e+01 1.19658722338226e-12 5.46801899810230e-14
9.90164285714286e+01 1.16737822266695e-12 5.33712344497327e-14
9.91121428571429e+01 1.13888222113908e-12 5.20935888633864e-14
9.92078571428571e+01 1.11108181430598e-12 5.08465049235713e-14
9.93035714285714e+01 1.08396002252312e-12 4.96292521996934e-14
9.93992857142857e+01 1.05750028062345e-12 4.84411177027549e-14
9.94950000000000e+01 1.03168642779986e-12 4.72814054581457e-14
9.95907142857143e+01 1.00650269775951e-12 4.61494361334690e-14
9.96864285714286e+01 9.81933709018542e-13 4.50445466192376e-14
9.97821428571429e+01 9.57964455584493e-13 4.39660896178308e-14
9.98778571428571e+01 9.34580297765030e-13 4.29134333020171e-14
9.99735714285714e+01 9.11766953226447e-13 4.18859609731621e-14
1.00069285714286e+02 8.89510488183063e-13 4.08830705525440e-14
1.00165000000000e+02 8.67797309217366e-13 3.99041743701786e-14
1.00260714285714e+02 8.46614154573806e-13 3.89486989057239e-14
1.00356428571429e+02 8.25948086219808e-13 3.80160843514561e-14
1.00452142857143e+02 8.05786481746677e-13 3.71057840906635e-14
1.00547857142857e+02 7.86117027261064e-13 3.62172645606225e-14
1.00643571428571e+02 7.66927709252776e-13 3.53500052147051e-14
1.00739285714286e+02 7.48206807282260e-13 3.45034976776185e-14
1.00835000000000e+02 7.29942887378509e-13 3.36772457156626e-14
1.00930714285714e+02 7.12124794489521e-13 3.28707651243817e-14
1.01026428571429e+02 6.94741645861071e-13 3.20835832516153e-14
1.01122142857143e+02 6.77782824225305e-13 3.13152385854558e-14
1.01217857142857e+02 6.61237971818087e-13 3.05652806373772e-14
1.01313571428571e+02 6.45096983542060e-13 2.98332699085242e-14
1.01409285714286e+02 6.29350000815618e-13 2.91187771796086e-14
1.01505000000000e+02 6.13987406016504e-13 2.84213834841210e-14
1.01600714285714e+02 5.98999816134696e-13 2.77406800123407e-14
1.01696428571429e+02 5.84378077201938e-13 2.70762677097238e-14
1.01792142857143e+02 5.70113258563270e-13 2.64277569297424e-14
1.01887857142857e+02 5.56196647841969e-13 2.57947673342320e-14
1.01983571428571e+02 5.42619745191533e-13 2.51769278634998e-14
1.02079285714286e+02 5.29374258121655e-13 2.45738761394026e-14
1.02175000000000e+02 5.16452096821915e-13 2.39852584413371e-14
1.02270714285714e+02 5.03845368825563e-13 2.34107296242508e-14
1.02366428571429e+02 4.91546374323052e-13 2.28499527804675e-14
1.02462142857143e+02 4.79547601344333e-13 2.23025989471932e-14
1.02557857142857e+02 4.67841721521329e-13 2.17683470215669e-14
1.02653571428571e+02 4.56421585255377e-13 2.12468837342327e-14
1.02749285714286e+02 4.45280217365020e-13 2.07379031475543e-14
1.02845000000000e+02 4.34410813150431e-13 2.02411066341832e-14
1.02940714285714e+02 4.23806733907048e-13 1.97562028070532e-14
1.03036428571429e+02 4.13461502982849e-13 1.92829072346199e-14
1.03132142857143e+02 4.03368801726583e-13 1.88209421944262e-14
1.03227857142857e+02 3.93522465921496e-13 1.83700366007057e-14
1.03323571428571e+02 3.83916481722389e-13 1.79299259810805e-14
1.03419285714286e+02 3.74544981994711e-13 1.75003520547416e-14
1.03515000000000e+02 3.65402243002394e-13 1.70810627133899e-14
1.03610714285714e+02 3.56482680635977e-13 1.66718119614792e-14
1.03706428571429e+02 3.47780847095590e-13 1.62723596764344e-14
1.03802142857143e+02 3.39291427483359e-13 1.58824714010246e-14
1.03897857142857e+02 3.31009236802055e-13 1.55019182816781e-14
1.03993571428571e+02 3.22929216539199e-13 1.51304770479849e-14
1.04089285714286e+02 3.15046431587640e-13 1.47679296580949e-14
1.04185000000000e+02 3.07356067458072e-13 1.44140632818249e-14
1.04280714285714e+02 2.99853427107847e-13 1.40686702496653e-14
1.04376428571429e+02 2.92533928150366e-13 1.37315478508703e-14
1.04472142857143e+02 2.85393099989243e-13 1.34024981585287e-14
1.04567857142857e+02 2.78426581292406e-13 1.30813279770179e-14
1.04663571428571e+02 2.71630117120187e-13 1.27678488240135e-14
1.04759285714286e+02 2.64999556335018e-13 1.24618766323894e-14
1.04855000000000e+02 2.58530849255549e-13 1.21632317352873e-14
1.04950714285714e+02 2.52220044990447e-13 1.18717388226157e-14
1.05046428571429e+02 2.46063289090683e-13 1.15872267710300e-14
1.05142142857143e+02 2.40056821139301e-13 1.13095284965505e-14
1.05237857142857e+02 2.34196972625678e-13 1.10384809098134e-14
1.05333571428571e+02 2.28480164530950e-13 1.07739249003112e-14
1.05429285714286e+02 2.22902905149147e-13 1.05157050857892e-14
1.05525000000000e+02 2.17461788112946e-13 1.02636697990838e-14
1.05620714285714e+02 2.12153490152051e-13 1.00176710510216e-14
1.05716428571429e+02 2.06974769118076e-13 9.77756438725370e-15
1.05812142857143e+02 2.01922461957485e-13 9.54320876408456e-15
1.05907857142857e+02 1.96993482922634e-13 9.31446651036933e-15
1.06003571428571e+02 1.92184821541688e-13 9.09120331373433e-15
1.06099285714286e+02 1.87493540785842e-13 8.87328800989920e-15
1.06195000000000e+02 1.82916775407857e-13 8.66059257110207e-15
1.06290714285714e+02 1.78451730057385e-13 8.45299207446624e-15
1.06386428571429e+02 1.74095677619321e-13 8.25036458144664e-15
1.06482142857143e+02 1.69845957509004e-13 8.05259103321349e-15
1.06577857142857e+02 1.65699974166684e-13 7.85955521821665e-15
1.06673571428571e+02 1.61655195350700e-13 7.67114376015717e-15
1.06769285714286e+02 1.57709150595819e-13 7.48724594087215e-15
1.06865000000000e+02 1.53859429815001e-13 7.30775369017719e-15
1.06960714285714e+02 1.50103681714830e-13 7.13256155890203e-15
1.07056428571429e+02 1.46439612397586e-13 6.96156661737701e-15
1.07152142857143e+02 1.42864983927466e-13 6.79466836729242e-15
1.07247857142857e+02 1.39377613063589e-13 6.63176871409330e-15
1.07343571428571e+02 1.35975369824950e-13 6.47277195649525e-15
1.07439285714286e+02 1.32656176193632e-13 6.31758463758291e-15
1.07535000000000e+02 1.29418004938109e-13 6.16611553591442e-15
1.07630714285714e+02 1.26258878280987e-13 6.01827564254169e-15
1.07726428571429e+02 1.23176866722941e-13 5.87397807553029e-15
1.07822142857143e+02 1.20170087836875e-13 5.73313800570026e-15
1.07917857142857e+02 1.17236705201669e-13 5.59567263313553e-15
1.08013571428571e+02 1.14374927195633e-13 5.46150117805956e-15
1.08109285714286e+02 1.11583005905698e-13 5.33054475565182e-15
1.08205000000000e+02 1.08859236137163e-13 5.20272636827065e-15
1.08300714285714e+02 1.06201954293558e-13 5.07797088587475e-15
1.08396428571429e+02 1.03609537387245e-13 4.95620497404356e-15
1.08492142857143e+02 1.01080402025272e-13 4.83735703141335e-15
1.08587857142857e+02 9.86130035120655e-14 4.72135716969253e-15
1.08683571428571e+02 9.62058348349943e-14 4.60813720573074e-15
1.08779285714286e+02 9.38574257468217e-14 4.49763055627389e-15
1.08875000000000e+02 9.15663419323582e-14 4.38977223117651e-15
1.08970714285714e+02 8.93311840666761e-14 4.28449881672460e-15
1.09066428571429e+02 8.71505869827396e-14 4.18174841502410e-15
1.09162142857143e+02 8.50232188184802e-14 4.08146059129091e-15
1.09257857142857e+02 8.29477802616738e-14 3.98357635685170e-15
1.09353571428571e+02 8.09230036970171e-14 3.88803816225883e-15
1.09449285714286e+02 7.89476524343236e-14 3.79478980880745e-15
1.09545000000000e+02 7.70205200072246e-14 3.70377644262000e-15
1.09640714285714e+02 7.51404293813307e-14 3.61494454044398e-15
1.09736428571429e+02 7.33062322539735e-14 3.52824185861308e-15
1.09832142857143e+02 7.15168083368706e-14 3.44361738863885e-15
1.09927857142857e+02 6.97710647206596e-14 3.36102134275400e-15
1.10023571428571e+02 6.80679351577698e-14 3.28040514794209e-15
1.10119285714286e+02 6.64063794132115e-14 3.20172137154591e-15
1.10215000000000e+02 6.47853826744053e-14 3.12492371611959e-15
1.10310714285714e+02 6.32039548854132e-14 3.04996700733643e-15
1.10406428571429e+02 6.16611301578247e-14 2.97680715101085e-15
1.10502142857143e+02 6.01559661674558e-14 2.90540109568440e-15
1.10597857142857e+02 5.86875436195819e-14 2.83570682033350e-15
1.10693571428571e+02 5.72549656459819e-14 2.76768332919775e-15
1.10789285714286e+02 5.58573572588483e-14 2.70129058923470e-15
1.10885000000000e+02 5.44938648541379e-14 2.63648952564599e-15
1.10980714285714e+02 5.31636556517985e-14 2.57324201158389e-15
1.11076428571429e+02 5.18659172001591e-14 2.51151083196080e-15
1.11172142857143e+02 5.05998568685350e-14 2.45125965192835e-15
1.11267857142857e+02 4.93647013972038e-14 2.39245300642700e-15
1.11363571428571e+02 4.81596963904436e-14 2.33505629571065e-15
1.11459285714286e+02 4.69841058571833e-14 2.27903573276111e-15
1.11555000000000e+02 4.58372117930582e-14 2.22435833940438e-15
1.11650714285714e+02 4.47183137097533e-14 2.17099193755016e-15
1.11746428571429e+02 4.36267282180590e-14 2.11890511871705e-15
1.11842142857143e+02 4.25617886011341e-14 2.06806721747642e-15
1.11937857142857e+02 4.15228444357993e-14 2.01844830256948e-15
1.12033571428571e+02 4.05092611662842e-14 1.97001917303821e-15
1.12129285714286e+02 3.95204197178397e-14 1.92275131401271e-15
1.12225000000000e+02 3.85557161450280e-14 1.87661689334387e-15
1.12320714285714e+02 3.76145612359946e-14 1.83158875414898e-15
1.12416428571429e+02 3.66963801617018e-14 1.78764038914983e-15
1.12512142857143e+02 3.58006121170294e-14 1.74474591829946e-15
1.12607857142857e+02 3.49267100020837e-14 1.70288008123283e-15
1.12703571428571e+02 3.40741400638036e-14 1.66201823392486e-15
1.12799285714286e+02 3.32423815709460e-14 1.62213631151717e-15
1.12895000000000e+02 3.24309265181156e-14 1.58321082540148e-15
1.12990714285714e+02 3.16392792930338e-14 1.54521885687771e-15
1.13086428571429e+02 3.08669563814490e-14 1.50813803554498e-15
1.13182142857143e+02 3.01134860652882e-14 1.47194652045251e-15
1.13277857142857e+02 2.93784081544745e-14 1.43662299368456e-15
1.13373571428571e+02 2.86612736855851e-14 1.40214665747626e-15
1.13469285714286e+02 2.79616446484638e-14 1.36849720295848e-15
1.13565000000000e+02 2.72790937371564e-14 1.33565480763418e-15
1.13660714285714e+02 2.66132040701480e-14 1.30360012998415e-15
1.13756428571429e+02 2.59635689421116e-14 1.27231429127059e-15
1.13852142857143e+02 2.53297915700431e-14 1.24177885965712e-15
1.13947857142857e+02 2.47114848675814e-14 1.21197584475856e-15
1.14043571428571e+02 2.41082711916376e-14 1.18288769515356e-15
1.14139285714286e+02 2.35197821124318e-14 1.15449727210532e-15
1.14235000000000e+02 2.29456582039028e-14 1.12678784737992e-15
1.14330714285714e+02 2.23855488084802e-14 1.09974309865881e-15
1.14426428571429e+02 2.18391118282374e-14 1.07334709421622e-15
1.14522142857143e+02 2.13060135113816e-14 1.04758427954051e-15
1.14617857142857e+02 2.07859282623420e-14 1.02243947270434e-15
1.14713571428571e+02 2.02785384287322e-14 9.97897862221208e-16
1.14809285714286e+02 1.97835341079145e-14 9.73944984949544e-16
1.14905000000000e+02 1.93006129706277e-14 9.50566724208337e-16
1.15000714285714e+02 1.88294800632046e-14 9.27749305876479e-16
1.15096428571429e+02 1.83698476318745e-14 9.05479285489969e-16
1.15192142857143e+02 1.79214349431932e-14 8.83743536970770e-16
1.15287857142857e+02 1.74839681242315e-14 8.62529248694423e-16
1.15383571428571e+02 1.70571799834493e-14 8.41823921644242e-16
1.15479285714286e+02 1.66408098479847e-14 8.21615350832582e-16
1.15575000000000e+02 1.62346034152377e-14 8.01891623674657e-16
1.15670714285714e+02 1.58383125865694e-14 7.82641116672397e-16
1.15766428571429e+02 1.54516953194942e-14 7.63852484549402e-16
1.15862142857143e+02 1.50745154766533e-14 7.45514650755257e-16
1.15957857142857e+02 1.47065426913343e-14 7.27616804125986e-16
1.16053571428571e+02 1.43475522168575e-14 7.10148397295658e-16
1.16149285714286e+02 1.39973247897102e-14 6.93099131074849e-16
1.16245000000000e+02 1.36556465046549e-14 6.76458953048315e-16
1.16340714285714e+02 1.33223086748999e-14 6.60218054756275e-16
1.16436428571429e+02 1.29971077077528e-14 6.44366862545208e-16
1.16532142857143e+02 1.26798449776016e-14 6.28896029568040e-16
1.16627857142857e+02 1.23703267127495e-14 6.13796432948495e-16
1.16723571428571e+02 1.20683638687751e-14 5.99059172415001e-16
1.16819285714286e+02 1.17737720134073e-14 5.84675557165527e-16
1.16915000000000e+02 1.14863712214287e-14 5.70637104659173e-16
1.17010714285714e+02 1.12059859571036e-14 5.56935538220650e-16
1.17106428571429e+02 1.09324449695698e-14 5.43562779336013e-16
1.17202142857143e+02 1.06655811860100e-14 5.30510940913034e-16
1.17297857142857e+02 1.04052316164241e-14 5.17772324873731e-16
1.17393571428571e+02 1.01512372471475e-14 5.05339420980171e-16
1.17489285714286e+02 9.90344294401154e-15 4.93204895789839e-16
1.17585000000000e+02 9.66169736390662e-15 4.81361591615113e-16
1.17680714285714e+02 9.42585285592372e-15 4.69802524487649e-16
1.17776428571429e+02 9.19576537335146e-15 4.58520877670831e-16
1.17872142857143e+02 8.97129438382821e-15 4.47509995981879e-16
1.17967857142857e+02 8.75230278920970e-15 4.36763383748157e-16
1.18063571428571e+02 8.53865683603511e-15 4.26274703798524e-16
1.18159285714286e+02 8.33022603407016e-15 4.16037768176396e-16
1.18255000000000e+02 8.12688308188852e-15 4.06046537244321e-16
1.18350714285714e+02 7.92850378374826e-15 3.96295117954532e-16
1.18446428571429e+02 7.73496697555826e-15 3.86777758385943e-16
1.18542142857143e+02 7.54615444931205e-15 3.77488842960727e-16
1.18637857142857e+02 7.36195088565781e-15 3.68422890709663e-16
1.18733571428571e+02 7.18224377861495e-15 3.59574554406168e-16
1.18829285714286e+02 7.00692336705599e-15 3.50938612757245e-16
1.18925000000000e+02 6.83588257208467e-15 3.42509969633405e-16
1.19020714285714e+02 6.66901692714256e-15 3.34283652599562e-16
1.19116428571429e+02 6.50622451572747e-15 3.26254808314761e-16
1.19212142857143e+02 6.34740590783879e-15 3.18418698502342e-16
1.19307857142857e+02 6.19246410323652e-15 3.10770698477777e-16
1.19403571428571e+02 6.04130446814006e-15 3.03306296405554e-16
1.19499285714286e+02 5.89383467759356e-15 2.96021086732786e-16
1.19595000000000e+02 5.74996466277106e-15 2.88910769527342e-16
1.19690714285714e+02 5.60960655220724e-15 2.81971149230044e-16
1.19786428571429e+02 5.47267461940241e-15 2.75198130780895e-16
1.19882142857143e+02 5.33908522937002e-15 2.68587716224117e-16
1.19977857142857e+02 5.20875679089056e-15 2.62136003458908e-16
1.20073571428571e+02 5.08160970328516e-15 2.55839185602072e-16
1.20169285714286e+02 4.95756630793573e-15 2.49693545466474e-16
1.20265000000000e+02 4.83655084394365e-15 2.43695454992512e-16
1.20360714285714e+02 4.71848939871399e-15 2.37841374188425e-16
1.20456428571429e+02 4.60330986387775e-15 2.32127847868281e-16
1.20552142857143e+02 4.49094189033566e-15 2.26551502791884e-16
1.20647857142857e+02 4.38131684808127e-15 2.21109046604808e-16
1.20743571428571e+02 4.27436778144574e-15 2.15797267292001e-16
1.20839285714286e+02 4.17002936831856e-15 2.10613028534789e-16
1.20935000000000e+02 4.06823788283574e-15 2.05553269222767e-16
1.21030714285714e+02 3.96893115382861e-15 2.00615002553989e-16
1.21126428571429e+02 3.87204852774314e-15 1.95795313288114e-16
1.21222142857143e+02 3.77753083082951e-15 1.91091355336910e-16
1.21317857142857e+02 3.68532033533455e-15 1.86500350865011e-16
1.21413571428571e+02 3.59536072186934e-15 1.82019589821699e-16
1.21509285714286e+02 3.50759704510741e-15 1.77646426036634e-16
1.21605000000000e+02 3.42197570238810e-15 1.73378276801013e-16
1.21700714285714e+02 3.33844439877826e-15 1.69212622103625e-16
1.21796428571429e+02 3.25695211587783e-15 1.65147002317785e-16
1.21892142857143e+02 3.17744908001938e-15 1.61179016171463e-16
1.21987857142857e+02 3.09988673382027e-15 1.57306319984465e-16
1.22083571428571e+02 3.02421770453937e-15 1.53526627267389e-16
1.22179285714286e+02 2.95039577522379e-15 1.49837705438528e-16
1.22275000000000e+02 2.87837585828983e-15 1.46237375464627e-16
1.22370714285714e+02 2.80811396614497e-15 1.42723511212370e-16
1.22466428571429e+02 2.73956718494538e-15 1.39294037500608e-16
1.22562142857143e+02 2.67269364785013e-15 1.35946928390302e-16
1.22657857142857e+02 2.60745251108346e-15 1.32680206537504e-16
1.22753571428571e+02 2.54380392732728e-15 1.29491942849997e-16
1.22849285714286e+02 2.48170902145115e-15 1.26380253726497e-16
1.22945000000000e+02 2.42112986828161e-15 1.23343300748690e-16
1.23040714285714e+02 2.36202946789955e-15 1.20379290130780e-16
1.23136428571429e+02 2.30437172356362e-15 1.17486471079313e-16
1.23232142857143e+02 2.24812141921559e-15 1.14663134352559e-16
1.23327857142857e+02 2.19324419933776e-15 1.11907611711762e-16
1.23423571428571e+02 2.13970654657989e-15 1.09218275627288e-16
1.23519285714286e+02 2.08747576134419e-15 1.06593536957020e-16
1.23615000000000e+02 2.03651994307930e-15 1.04031844682471e-16
1.23710714285714e+02 1.98680796950880e-15 1.01531685441617e-16
1.23806428571429e+02 1.93830947805919e-15 9.90915821477448e-17
1.23902142857143e+02 1.89099484694076e-15 9.67100927758129e-17
1.23997857142857e+02 1.84483517819848e-15 9.43858098971198e-17
1.24093571428571e+02 1.79980227889938e-15 9.21173604278930e-17
1.24189285714286e+02 1.75586864396030e-15 8.99034036770030e-17
1.24285000000000e+02 1.71300744040770e-15 8.77426311199363e-17
1.24380714285714e+02 1.67119248991161e-15 8.56337660023641e-17
1.24476428571429e+02 1.63039825316202e-15 8.35755621771040e-17
1.24572142857143e+02 1.59059981395674e-15 8.15668030817101e-17
1.24667857142857e+02 1.55177286493964e-15 7.96063013439029e-17
1.24763571428571e+02 1.51389369178175e-15 7.76928985665638e-17
1.24859285714286e+02 1.47693915873673e-15 7.58254636859964e-17
1.24955000000000e+02 1.44088669539626e-15 7.40028927784065e-17
1.25050714285714e+02 1.40571428200354e-15 7.22241087235340e-17
1.25146428571429e+02 1.37140043630981e-15 7.04880602252877e-17
1.25242142857143e+02 1.33792420019139e-15 6.87937209504352e-17
1.25337857142857e+02 1.30526512764922e-15 6.71400891940679e-17
1.25433571428571e+02 1.27340327150721e-15 6.55261876957894e-17
1.25529285714286e+02 1.24231917126215e-15 6.39510622591175e-17
1.25625000000000e+02 1.21199384193909e-15 6.24137815858626e-17
1.25720714285714e+02 1.18240876174190e-15 6.09134369907555e-17
1.25816428571429e+02 1.15354586099635e-15 5.94491415767483e-17
1.25912142857143e+02 1.12538751089433e-15 5.80200295094177e-17
1.26007857142857e+02 1.09791651339605e-15 5.66252557333612e-17
1.26103571428571e+02 1.07111609004514e-15 5.52639958151111e-17
1.26199285714286e+02 1.04496987174851e-15 5.39354447821227e-17
1.26295000000000e+02 1.01946188939880e-15 5.26388169810863e-17
1.26390714285714e+02 9.94576563490078e-16 5.13733458358466e-17
1.26486428571429e+02 9.70298694816239e-16 5.01382831529414e-17
1.26582142857143e+02 9.46613455004228e-16 4.89328985103410e-17
1.26677857142857e+02 9.23506378017389e-16 4.77564790170423e-17
1.26773571428571e+02 9.00963350750351e-16 4.66083291788640e-17
1.26869285714286e+02 8.78970604432283e-16 4.54877699220921e-17
1.26965000000000e+02 8.57514706736280e-16 4.43941384723073e-17
1.27060714285714e+02 8.36582553047467e-16 4.33267881490496e-17
1.27156428571429e+02 8.16161358638063e-16 4.22850877810330e-17
1.27252142857143e+02 7.96238650705251e-16 4.12684211912013e-17
1.27347857142857e+02 7.76802261221793e-16 4.02761869929613e-17
1.27443571428571e+02 7.57840319027505e-16 3.93077984755621e-17
1.27539285714286e+02 7.39341242598031e-16 3.83626827830208e-17
1.27635000000000e+02 7.21293733405420e-16 3.74402808105325e-17
1.27730714285714e+02 7.03686768575660e-16 3.65400470303214e-17
1.27826428571429e+02 6.86509594305995e-16 3.56614489992064e-17
1.27922142857143e+02 6.69751719168293e-16 3.48039669248033e-17
1.28017857142857e+02 6.53402908093322e-16 3.39670934928270e-17
1.28113571428571e+02 6.37453175720632e-16 3.31503337692257e-17
1.28209285714286e+02 6.21892780315971e-16 3.23532045096870e-17
1.28305000000000e+02 6.06712218184653e-16 3.15752340711068e-17
1.28400714285714e+02 5.91902217497431e-16 3.08159622639079e-17
1.28496428571429e+02 5.77453732752851e-16 3.00749399373706e-17
1.28592142857143e+02 5.63357939144980e-16 2.93517286141957e-17
1.28687857142857e+02 5.49606227501592e-16 2.86459003441522e-17
1.28783571428571e+02 5.36190198692211e-16 2.79570376205412e-17
1.28879285714286e+02 5.23101658511704e-16 2.72847327995092e-17
1.28975000000000e+02 5.10332612979526e-16 2.66285880244139e-17
1.29070714285714e+02 4.97875263148010e-16 2.59882151005989e-17
1.29166428571429e+02 4.85722000443853e-16 2.53632351462110e-17
1.29262142857143e+02 4.73865401931031e-16 2.47532782843488e-17
1.29357857142857e+02 4.62298226051653e-16 2.41579835190486e-17
1.29453571428571e+02 4.51013407923776e-16 2.35769986640019e-17
1.29549285714286e+02 4.40004055037699e-16 2.30099798542084e-17
1.29645000000000e+02 4.29263443300636e-16 2.24565914813799e-17
1.29740714285714e+02 4.18785012671078e-16 2.19165060877670e-17
1.29836428571429e+02 4.08562363239852e-16 2.13894040721205e-17
1.29932142857143e+02 3.98589251245946e-16 2.08749734303543e-17
1.30027857142857e+02 3.88859585492753e-16 2.03729096504674e-17
1.30123571428571e+02 3.79367423394068e-16 1.98829156517333e-17
1.30219285714286e+02 3.70106967354004e-16 1.94047013740083e-17
1.30315000000000e+02 3.61072561438885e-16 1.89379837225773e-17
1.30410714285714e+02 3.52258687706233e-16 1.84824864781417e-17
1.30506428571429e+02 3.43659962907997e-16 1.80379400492190e-17
1.30602142857143e+02 3.35271135139608e-16 1.76040812536738e-17
1.30697857142857e+02 3.27087080824533e-16 1.71806532296922e-17
1.30793571428571e+02 3.19102801389394e-16 1.67674053839183e-17
1.30889285714286e+02 3.11313420218916e-16 1.63640930460659e-17
1.30985000000000e+02 3.03714179855586e-16 1.59704774218407e-17
1.31080714285714e+02 2.96300438912739e-16 1.55863255166376e-17
1.31176428571429e+02 2.89067669301182e-16 1.52114099270426e-17
1.31272142857143e+02 2.82011453410825e-16 1.48455086567930e-17
1.31367857142857e+02 2.75127481573445e-16 1.44884050413584e-17
1.31463571428571e+02 2.68411549266811e-16 1.41398877037189e-17
1.31559285714286e+02 2.61859554553320e-16 1.37997502638942e-17
1.31655000000000e+02 2.55467495723748e-16 1.34677912987709e-17
1.31750714285714e+02 2.49231468701486e-16 1.31438142774272e-17
1.31846428571429e+02 2.43147664709456e-16 1.28276273855607e-17
1.31942142857143e+02 2.37212367899699e-16 1.25190433704543e-17
1.32037857142857e+02 2.31421953218488e-16 1.22178794770889e-17
1.32133571428571e+02 2.25772884055303e-16 1.19239574104461e-17
1.32229285714286e+02 2.20261710088324e-16 1.16371030912210e-17
1.32325000000000e+02 2.14885065301845e-16 1.13571466215511e-17
1.32420714285714e+02 2.09639665803510e-16 1.10839222302007e-17
1.32516428571429e+02 2.04522307861639e-16 1.08172681247178e-17
1.32612142857143e+02 1.99529865911548e-16 1.05570263608321e-17
1.32707857142857e+02 1.94659290759232e-16 1.03030427883402e-17
1.32803571428571e+02 1.89907607604397e-16 1.00551670189791e-17
1.32899285714286e+02 1.85271914228183e-16 9.81325222097819e-18
1.32995000000000e+02 1.80749379324993e-16 9.57715508982980e-18
1.33090714285714e+02 1.76337240667013e-16 9.34673580183546e-18
1.33186428571429e+02 1.72032803453137e-16 9.12185788961019e-18
1.33282142857143e+02 1.67833438632145e-16 8.90238813206406e-18
1.33377857142857e+02 1.63736581391276e-16 8.68819650856971e-18
1.33473571428571e+02 1.59739729493784e-16 8.47915617158839e-18
1.33569285714286e+02 1.55840441754541e-16 8.27514327388437e-18
1.33665000000000e+02 1.52036336636419e-16 8.07603694360270e-18
1.33760714285714e+02 1.48325090706835e-16 7.88171924490461e-18
1.33856428571429e+02 1.44704437248807e-16 7.69207507313289e-18
1.33952142857143e+02 1.41172164850635e-16 7.59974796767774e-18
