SPECIES: e / A
PROCESS: E + A -> E + A, Elastic
PARAM.:  m/M = 0.0000195921, complete set
COMMENT: [e + A(gnd) -> e + A(gnd), Elastic]
UPDATED: 2018-06-05 11:00:00
COLUMNS: Energy (eV) | Cross section (m2)
-----------------------------
0.00000000e+00 1.734236872127129e-17
3.16000000e-02 9.484856402837840e-18
6.32000000e-02 6.706806281027281e-18
9.48000000e-02 5.476084397403373e-18
1.26400000e-01 4.742428201418920e-18
1.58000000e-01 4.241756734713908e-18
1.89600000e-01 3.872176411753774e-18
2.21200000e-01 3.584938751866799e-18
2.52800000e-01 3.353403140513640e-18
2.84400000e-01 3.161618800945947e-18
3.16000000e-01 2.999374951259911e-18
3.47600000e-01 2.859791807146648e-18
3.79200000e-01 2.738042198701686e-18
4.10800000e-01 2.630625853911135e-18
4.42400000e-01 2.534934501583451e-18
4.74000000e-01 2.448979392623983e-18
5.05600000e-01 2.371214100709460e-18
5.37200000e-01 2.300415576042140e-18
5.68800000e-01 2.235602093675760e-18
6.00400000e-01 2.175975292313940e-18
6.32000000e-01 2.120878367356954e-18
6.63600000e-01 2.069765353418617e-18
6.95200000e-01 2.022178179615126e-18
7.26800000e-01 1.977729275253226e-18
7.58400000e-01 1.936088205876887e-18
7.90000000e-01 1.896971280567568e-18
8.21600000e-01 1.860133380065216e-18
8.53200000e-01 1.825361465801124e-18
8.84800000e-01 1.792469375933400e-18
9.16400000e-01 1.761293617285748e-18
9.48000000e-01 1.731689935510531e-18
9.79600000e-01 1.703530498912280e-18
1.01120000e+00 1.676701570256820e-18
1.04280000e+00 1.651101569682403e-18
1.07440000e+00 1.626639453366555e-18
1.10600000e+00 1.603233348869483e-18
1.13760000e+00 1.580809400472973e-18
1.16920000e+00 1.559300787363275e-18
1.20080000e+00 1.538646884889567e-18
1.23240000e+00 1.518792544892783e-18
1.26400000e+00 1.499687475629956e-18
1.29560000e+00 1.481285705404417e-18
1.32720000e+00 1.463545116867276e-18
1.35880000e+00 1.446427041242822e-18
1.39040000e+00 1.429895903573324e-18
1.42200000e+00 1.413918911571303e-18
1.45360000e+00 1.398465781882712e-18
1.48520000e+00 1.383508498558692e-18
1.51680000e+00 1.369021099350843e-18
1.54840000e+00 1.354979486119691e-18
1.58000000e+00 1.341361256205456e-18
1.61160000e+00 1.328145552075938e-18
1.64320000e+00 1.315312926955568e-18
1.67480000e+00 1.302845224466140e-18
1.70640000e+00 1.290725470584591e-18
1.73800000e+00 1.278937776455375e-18
1.76960000e+00 1.267467250791726e-18
1.80120000e+00 1.256299920767428e-18
1.83280000e+00 1.245422660443336e-18
1.86440000e+00 1.234823125894953e-18
1.89600000e+00 1.224489696311991e-18
1.92760000e+00 1.214411420430908e-18
1.95920000e+00 1.204577967738976e-18
1.99080000e+00 1.194979583955600e-18
2.02240000e+00 1.185607050354730e-18
2.05400000e+00 1.176451646542746e-18
2.08560000e+00 1.167505116350180e-18
2.11720000e+00 1.158759636534043e-18
2.14880000e+00 1.150207788021070e-18
2.18040000e+00 1.141842529451654e-18
2.21200000e+00 1.133657172810029e-18
2.24360000e+00 1.125645360949048e-18
2.27520000e+00 1.117801046837880e-18
2.30680000e+00 1.110118474378705e-18
2.33840000e+00 1.102592160654095e-18
2.37000000e+00 1.095216879480674e-18
2.40160000e+00 1.087987646156970e-18
2.43320000e+00 1.080899703304288e-18
2.46480000e+00 1.073948507709261e-18
2.49640000e+00 1.067129718085358e-18
2.52800000e+00 1.060439183678477e-18
2.55960000e+00 1.053872933648649e-18
2.59120000e+00 1.047427167166162e-18
2.62280000e+00 1.041098244165972e-18
2.65440000e+00 1.034882676709309e-18
2.68600000e+00 1.028777120905912e-18
2.71760000e+00 1.022778369354394e-18
2.74920000e+00 1.016883344061897e-18
2.78080000e+00 1.011089089807563e-18
2.81240000e+00 1.005392767917286e-18
2.84400000e+00 9.997916504199704e-19
2.87560000e+00 9.942831145579706e-19
2.90720000e+00 9.888646376266131e-19
2.93880000e+00 9.835337921197425e-19
2.97040000e+00 9.782882411600701e-19
3.00200000e+00 9.731257341947893e-19
3.03360000e+00 9.680441029384434e-19
3.06520000e+00 9.630412575464455e-19
3.09680000e+00 9.581151830038972e-19
3.12840000e+00 9.532639357155492e-19
3.16000000e+00 9.484856402837840e-19
3.19160000e+00 9.437784864624990e-19
3.22320000e+00 9.391407262756465e-19
3.25480000e+00 9.345706712900183e-19
3.28640000e+00 9.300666900326080e-19
3.31800000e+00 9.256272055435810e-19
3.34960000e+00 9.212506930565170e-19
3.38120000e+00 9.169356777981737e-19
3.41280000e+00 9.126807329005622e-19
3.44440000e+00 9.084844774186221e-19
3.47600000e+00 9.043455744472401e-19
3.50760000e+00 9.002627293317821e-19
3.53920000e+00 8.962346879666998e-19
3.57080000e+00 8.922602351771335e-19
3.60240000e+00 8.883381931787705e-19
3.63400000e+00 8.844674201115212e-19
3.66560000e+00 8.806468086428742e-19
3.69720000e+00 8.768752846370451e-19
3.72880000e+00 8.731518058862911e-19
3.76040000e+00 8.694753609009856e-19
3.79200000e+00 8.658449677552654e-19
3.82360000e+00 8.622596729852582e-19
3.85520000e+00 8.587185505370826e-19
3.88680000e+00 8.552207007619852e-19
3.91840000e+00 8.517652494561400e-19
3.95000000e+00 8.483513469427817e-19
3.98160000e+00 8.449781671944838e-19
4.01320000e+00 8.416449069935262e-19
4.04480000e+00 8.383507851284101e-19
4.07640000e+00 8.350950416246973e-19
4.10800000e+00 8.318769370084551e-19
4.13960000e+00 8.286957516006841e-19
4.17120000e+00 8.255507848412017e-19
4.20280000e+00 8.224413546405373e-19
4.23440000e+00 8.193667967584808e-19
4.26600000e+00 8.163264642079942e-19
4.29760000e+00 8.133197266832777e-19
4.32920000e+00 8.103459700108359e-19
4.36080000e+00 8.074045956224644e-19
4.39240000e+00 8.044950200491246e-19
4.42400000e+00 8.016166744347413e-19
4.45560000e+00 7.987690040689960e-19
4.48720000e+00 7.959514679382508e-19
4.51880000e+00 7.931635382937741e-19
4.55040000e+00 7.904047002364867e-19
4.58200000e+00 7.876744513174865e-19
4.61360000e+00 7.849723011536470e-19
4.64520000e+00 7.822977710576247e-19
4.67680000e+00 7.796503936816374e-19
4.70840000e+00 7.770297126744161e-19
4.74000000e+00 7.744352823507546e-19
4.77160000e+00 7.718666673731169e-19
4.80320000e+00 7.693234424447834e-19
4.83480000e+00 7.668051920140468e-19
4.86640000e+00 7.643115099889895e-19
4.89800000e+00 7.618419994623980e-19
4.92960000e+00 7.593962724463916e-19
4.96120000e+00 7.569739496163629e-19
4.99280000e+00 7.545746600638456e-19
5.02440000e+00 7.521980410579442e-19
5.05600000e+00 7.498437378149779e-19
5.08760000e+00 7.475114032760066e-19
5.11920000e+00 7.452006978919201e-19
5.15080000e+00 7.429112894157925e-19
5.18240000e+00 7.406428527022086e-19
5.21400000e+00 7.383950695132919e-19
5.24560000e+00 7.361676283311667e-19
5.27720000e+00 7.339602241766083e-19
5.30880000e+00 7.317725584336378e-19
5.34040000e+00 7.296043386798338e-19
5.37200000e+00 7.274552785221434e-19
5.40360000e+00 7.253250974379799e-19
5.43520000e+00 7.232135206214111e-19
5.46680000e+00 7.211202788342432e-19
5.49840000e+00 7.190451082618202e-19
5.53000000e+00 7.169877503733598e-19
5.56160000e+00 7.149479517866619e-19
5.59320000e+00 7.129254641370262e-19
5.62480000e+00 7.109200439502258e-19
5.65640000e+00 7.089314525193893e-19
5.68800000e+00 7.069594557856514e-19
5.71960000e+00 7.050038242224321e-19
5.75120000e+00 7.030643327232219e-19
5.78280000e+00 7.011407604927406e-19
5.81440000e+00 6.992328909413561e-19
5.84600000e+00 6.973405115826455e-19
5.87760000e+00 6.954634139339900e-19
5.90920000e+00 6.936013934200965e-19
5.94080000e+00 6.917542492793462e-19
5.97240000e+00 6.899217844728725e-19
6.00400000e+00 6.881038055962731e-19
6.03560000e+00 6.863001227938688e-19
6.06720000e+00 6.845105496754216e-19
6.09880000e+00 6.827349032352282e-19
6.13040000e+00 6.809730037735119e-19
6.16200000e+00 6.792246748200329e-19
6.19360000e+00 6.774897430598457e-19
6.22520000e+00 6.757680382611325e-19
6.25680000e+00 6.740593932050419e-19
6.28840000e+00 6.723636436174719e-19
6.32000000e+00 6.706806281027281e-19
6.35160000e+00 6.690101880790026e-19
6.38320000e+00 6.673521677156093e-19
6.41480000e+00 6.657064138719235e-19
6.44640000e+00 6.640727760379689e-19
6.47800000e+00 6.624511062766010e-19
6.50960000e+00 6.608412591672359e-19
6.54120000e+00 6.592430917510753e-19
6.57280000e+00 6.576564634777838e-19
6.60440000e+00 6.560812361535682e-19
6.63600000e+00 6.545172738906205e-19
6.66760000e+00 6.529644430578790e-19
6.69920000e+00 6.514226122330699e-19
6.73080000e+00 6.498916521559863e-19
6.76240000e+00 6.483714356829718e-19
6.79400000e+00 6.468618377425684e-19
6.82560000e+00 6.453627352922956e-19
6.85720000e+00 6.438740072765259e-19
6.88880000e+00 6.423955345854245e-19
6.92040000e+00 6.409272000149222e-19
6.95200000e+00 6.394688882276873e-19
6.98360000e+00 6.380204857150744e-19
7.01520000e+00 6.365818807600126e-19
7.04680000e+00 6.351529634008126e-19
7.07840000e+00 6.337336253958628e-19
7.11000000e+00 6.323237601891893e-19
7.14160000e+00 6.309232628768548e-19
7.17320000e+00 6.295320301741729e-19
7.20480000e+00 6.281499603837139e-19
7.23640000e+00 6.267769533640799e-19
7.26800000e+00 6.254129104994276e-19
7.29960000e+00 6.240577346697175e-19
7.33120000e+00 6.227113302216682e-19
7.36280000e+00 6.213736029403992e-19
7.39440000e+00 6.200444600217387e-19
7.42600000e+00 6.187238100451811e-19
7.45760000e+00 6.174115629474765e-19
7.48920000e+00 6.161076299968311e-19
7.52080000e+00 6.148119237677077e-19
7.55240000e+00 6.135243581162035e-19
7.58400000e+00 6.122448481559957e-19
7.61560000e+00 6.109733102348342e-19
7.64720000e+00 6.097096619115710e-19
7.67880000e+00 6.084538219337081e-19
7.71040000e+00 6.072057102154541e-19
7.74200000e+00 6.059652478162726e-19
7.77360000e+00 6.047323569199109e-19
7.80520000e+00 6.035069608138964e-19
7.83680000e+00 6.022889838694879e-19
7.86840000e+00 6.010783515220706e-19
7.90000000e+00 5.998749902519823e-19
7.93160000e+00 5.986788275657608e-19
7.96320000e+00 5.974897919777998e-19
7.99480000e+00 5.963078129924062e-19
8.02640000e+00 5.951328210862435e-19
8.05800000e+00 5.939647476911568e-19
8.08960000e+00 5.928035251773650e-19
8.12120000e+00 5.916490868370151e-19
8.15280000e+00 5.905013668680857e-19
8.18440000e+00 5.893603003586333e-19
8.21600000e+00 5.882258232713730e-19
8.24760000e+00 5.870978724285828e-19
8.27920000e+00 5.859763854973265e-19
8.31080000e+00 5.848613009749850e-19
8.34240000e+00 5.837525581750902e-19
8.37400000e+00 5.826500972134520e-19
8.40560000e+00 5.815538589945742e-19
8.43720000e+00 5.804637851983480e-19
8.46880000e+00 5.793798182670214e-19
8.50040000e+00 5.783019013924336e-19
8.53200000e+00 5.772299785035102e-19
8.56360000e+00 5.761639942540127e-19
8.59520000e+00 5.751038940105351e-19
8.62680000e+00 5.740496238407439e-19
8.65840000e+00 5.730011305018528e-19
8.69000000e+00 5.719583614293296e-19
8.72160000e+00 5.709212647258268e-19
8.75320000e+00 5.698897891503341e-19
8.78480000e+00 5.688638841075435e-19
8.81640000e+00 5.678434996374268e-19
8.84800000e+00 5.668285864050146e-19
8.87960000e+00 5.658190956903796e-19
8.91120000e+00 5.648149793788121e-19
8.94280000e+00 5.638161899511880e-19
8.97440000e+00 5.628226804745240e-19
9.00600000e+00 5.618344045927137e-19
9.03760000e+00 5.608513165174436e-19
9.06920000e+00 5.598733710192820e-19
9.10080000e+00 5.589005234189401e-19
9.13240000e+00 5.579327295786965e-19
9.16400000e+00 5.569699458939877e-19
9.19560000e+00 5.560121292851560e-19
9.22720000e+00 5.550592371893525e-19
9.25880000e+00 5.541112275525942e-19
9.29040000e+00 5.531680588219677e-19
9.32200000e+00 5.522296899379790e-19
9.35360000e+00 5.512960803270473e-19
9.38520000e+00 5.503671898941345e-19
9.41680000e+00 5.494429790155143e-19
9.44840000e+00 5.485234085316723e-19
9.48000000e+00 5.476084397403372e-19
9.51160000e+00 5.466980343896390e-19
9.54320000e+00 5.457921546713922e-19
9.57480000e+00 5.448907632145014e-19
9.60640000e+00 5.439938230784849e-19
9.63800000e+00 5.431012977471175e-19
9.66960000e+00 5.422131511221851e-19
9.70120000e+00 5.413293475173533e-19
9.73280000e+00 5.404498516521441e-19
9.76440000e+00 5.395746286460213e-19
9.79600000e+00 5.387036440125797e-19
9.82760000e+00 5.378368636538376e-19
9.85920000e+00 5.369742538546305e-19
9.89080000e+00 5.361157812771023e-19
9.92240000e+00 5.352614129552942e-19
9.95400000e+00 5.344111162898275e-19
9.98560000e+00 5.335648590426792e-19
1.00172000e+01 5.327226093320478e-19
1.00488000e+01 5.318843356273095e-19
1.00804000e+01 5.310500067440591e-19
1.01120000e+01 5.302195918392385e-19
1.01436000e+01 5.293930604063475e-19
1.01752000e+01 5.285703822707362e-19
1.02068000e+01 5.277515275849787e-19
1.02384000e+01 5.269364668243244e-19
1.02700000e+01 5.261251707822270e-19
1.03016000e+01 5.253176105659486e-19
1.03332000e+01 5.245137575922380e-19
1.03648000e+01 5.237135835830810e-19
1.03964000e+01 5.229170605615234e-19
1.04280000e+01 5.221241608475609e-19
1.04596000e+01 5.213348570541003e-19
1.04912000e+01 5.205491220829860e-19
1.05228000e+01 5.197669291210916e-19
1.05544000e+01 5.189882516364783e-19
1.05860000e+01 5.182130633746137e-19
1.06176000e+01 5.174413383546543e-19
1.06492000e+01 5.166730508657881e-19
1.06808000e+01 5.159081754636371e-19
1.07124000e+01 5.151466869667169e-19
1.07440000e+01 5.143885604529562e-19
1.07756000e+01 5.136337712562701e-19
1.08072000e+01 5.128822949631889e-19
1.08388000e+01 5.121341074095428e-19
1.08704000e+01 5.113891846771968e-19
1.09020000e+01 5.106475030908406e-19
1.09336000e+01 5.099090392148274e-19
1.09652000e+01 5.091737698500637e-19
1.09968000e+01 5.084416720309483e-19
1.10284000e+01 5.077127230223596e-19
1.10600000e+01 5.069869003166902e-19
1.10916000e+01 5.062641816309277e-19
1.11232000e+01 5.055445449037814e-19
1.11548000e+01 5.048279682928544e-19
1.11864000e+01 5.041144301718580e-19
1.12180000e+01 5.034039091278717e-19
1.12496000e+01 5.026963839586431e-19
1.12812000e+01 5.019918336699310e-19
1.13128000e+01 5.012902374728892e-19
1.13444000e+01 5.005915747814896e-19
1.13760000e+01 4.998958252099852e-19
1.14076000e+01 4.992029685704126e-19
1.14392000e+01 4.985129848701306e-19
1.14708000e+01 4.978258543093975e-19
1.15024000e+01 4.971415572789853e-19
1.15340000e+01 4.964600743578285e-19
1.15656000e+01 4.957813863107099e-19
1.15972000e+01 4.951054740859788e-19
1.16288000e+01 4.944323188133066e-19
1.16604000e+01 4.937619018014726e-19
1.16920000e+01 4.930942045361848e-19
1.17236000e+01 4.924292086779329e-19
1.17552000e+01 4.917668960598712e-19
1.17868000e+01 4.911072486857355e-19
1.18184000e+01 4.904502487277886e-19
1.18500000e+01 4.897958785247965e-19
1.18816000e+01 4.891441205800351e-19
1.19132000e+01 4.884949575593241e-19
1.19448000e+01 4.878483722890918e-19
1.19764000e+01 4.872043477544662e-19
1.20080000e+01 4.865628670973946e-19
1.20396000e+01 4.859239136147900e-19
1.20712000e+01 4.852874707567049e-19
1.21028000e+01 4.846535221245305e-19
1.21344000e+01 4.840220514692217e-19
1.21660000e+01 4.833930426895485e-19
1.21976000e+01 4.827664798303712e-19
1.22292000e+01 4.821423470809406e-19
1.22608000e+01 4.815206287732228e-19
1.22924000e+01 4.809013093802458e-19
1.23240000e+01 4.802843735144728e-19
1.23556000e+01 4.796698059261950e-19
1.23872000e+01 4.790575915019486e-19
1.24188000e+01 4.784477152629541e-19
1.24504000e+01 4.778401623635771e-19
1.24820000e+01 4.772349180898096e-19
1.25136000e+01 4.766319678577746e-19
1.25452000e+01 4.760312972122492e-19
1.25768000e+01 4.754328918252094e-19
1.26084000e+01 4.748367374943948e-19
1.26400000e+01 4.742428201418920e-19
1.26716000e+01 4.736511258127397e-19
1.27032000e+01 4.730616406735503e-19
1.27348000e+01 4.724743510111521e-19
1.27664000e+01 4.718892432312495e-19
1.27980000e+01 4.713063038571009e-19
1.28296000e+01 4.707255195282154e-19
1.28612000e+01 4.701468769990665e-19
1.28928000e+01 4.695703631378233e-19
1.29244000e+01 4.689959649250987e-19
1.29560000e+01 4.684236694527149e-19
1.29876000e+01 4.678534639224845e-19
1.30192000e+01 4.672853356450091e-19
1.30508000e+01 4.667192720384925e-19
1.30824000e+01 4.661552606275708e-19
1.31140000e+01 4.655932890421574e-19
1.31456000e+01 4.650333450163040e-19
1.31772000e+01 4.644754163870756e-19
1.32088000e+01 4.639194910934408e-19
1.32404000e+01 4.633655571751773e-19
1.32720000e+01 4.628136027717905e-19
1.33036000e+01 4.622636161214474e-19
1.33352000e+01 4.617155855599235e-19
1.33668000e+01 4.611694995195641e-19
1.33984000e+01 4.606253465282585e-19
1.34300000e+01 4.600831152084281e-19
1.34616000e+01 4.595427942760268e-19
1.34932000e+01 4.590043725395554e-19
1.35248000e+01 4.584678388990868e-19
1.35564000e+01 4.579331823453065e-19
1.35880000e+01 4.574003919585623e-19
1.36196000e+01 4.568694569079286e-19
1.36512000e+01 4.563403664502811e-19
1.36828000e+01 4.558131099293837e-19
1.37144000e+01 4.552876767749879e-19
1.37460000e+01 4.547640565019416e-19
1.37776000e+01 4.542422387093110e-19
1.38092000e+01 4.537222130795131e-19
1.38408000e+01 4.532039693774581e-19
1.38724000e+01 4.526874974497037e-19
1.39040000e+01 4.521727872236201e-19
1.39356000e+01 4.516598287065638e-19
1.39672000e+01 4.511486119850639e-19
1.39988000e+01 4.506391272240166e-19
1.40304000e+01 4.501313646658910e-19
1.40620000e+01 4.496253146299442e-19
1.40936000e+01 4.491209675114456e-19
1.41252000e+01 4.486183137809118e-19
1.41568000e+01 4.481173439833499e-19
1.41884000e+01 4.476180487375111e-19
1.42200000e+01 4.471204187351520e-19
1.42516000e+01 4.466244447403070e-19
1.42832000e+01 4.461301175885668e-19
1.43148000e+01 4.456374281863684e-19
1.43464000e+01 4.451463675102919e-19
1.43780000e+01 4.446569266063667e-19
1.44096000e+01 4.441690965893853e-19
1.44412000e+01 4.436828686422264e-19
1.44728000e+01 4.431982340151853e-19
1.45044000e+01 4.427151840253126e-19
1.45360000e+01 4.422337100557606e-19
1.45676000e+01 4.417538035551381e-19
1.45992000e+01 4.412754560368724e-19
1.46308000e+01 4.407986590785786e-19
1.46624000e+01 4.403234043214371e-19
1.46940000e+01 4.398496834695782e-19
1.47256000e+01 4.393774882894735e-19
1.47572000e+01 4.389068106093354e-19
1.47888000e+01 4.384376423185225e-19
1.48204000e+01 4.379699753669532e-19
1.48520000e+01 4.375038017645249e-19
1.48836000e+01 4.370391135805414e-19
1.49152000e+01 4.365759029431456e-19
1.49468000e+01 4.361141620387596e-19
1.49784000e+01 4.356538831115316e-19
1.50100000e+01 4.351950584627879e-19
1.50416000e+01 4.347376804504928e-19
1.50732000e+01 4.342817414887133e-19
1.51048000e+01 4.338272340470913e-19
1.51364000e+01 4.333741506503211e-19
1.51680000e+01 4.329224838776327e-19
1.51996000e+01 4.324722263622814e-19
1.52312000e+01 4.320233707910436e-19
1.52628000e+01 4.315759099037173e-19
1.52944000e+01 4.311298364926291e-19
1.53260000e+01 4.306851434021468e-19
1.53576000e+01 4.302418235281971e-19
1.53892000e+01 4.297998698177886e-19
1.54208000e+01 4.293592752685413e-19
1.54524000e+01 4.289200329282198e-19
1.54840000e+01 4.284821358942731e-19
1.55156000e+01 4.280455773133788e-19
1.55472000e+01 4.276103503809926e-19
1.55788000e+01 4.271764483409029e-19
1.56104000e+01 4.267438644847901e-19
1.56420000e+01 4.263125921517916e-19
1.56736000e+01 4.258826247280700e-19
1.57052000e+01 4.254539556463883e-19
1.57368000e+01 4.250265783856875e-19
1.57684000e+01 4.246004864706707e-19
1.58000000e+01 4.241756734713908e-19
1.58316000e+01 4.237521330028429e-19
1.58632000e+01 4.233298587245611e-19
1.58948000e+01 4.229088443402205e-19
1.59264000e+01 4.224890835972419e-19
1.59580000e+01 4.220705702864025e-19
1.59896000e+01 4.216532982414500e-19
1.60212000e+01 4.212372613387210e-19
1.60528000e+01 4.208224534967631e-19
1.60844000e+01 4.204088686759625e-19
1.61160000e+01 4.199965008781737e-19
1.61476000e+01 4.195853441463546e-19
1.61792000e+01 4.191753925642050e-19
1.62108000e+01 4.187666402558093e-19
1.62424000e+01 4.183590813852819e-19
1.62740000e+01 4.179527101564184e-19
1.63056000e+01 4.175475208123487e-19
1.63372000e+01 4.171435076351943e-19
1.63688000e+01 4.167406649457300e-19
1.64004000e+01 4.163389871030483e-19
1.64320000e+01 4.159384685042275e-19
1.64636000e+01 4.155391035840036e-19
1.64952000e+01 4.151408868144455e-19
1.65268000e+01 4.147438127046337e-19
1.65584000e+01 4.143478758003421e-19
1.65900000e+01 4.139530706837235e-19
1.66216000e+01 4.135593919729982e-19
1.66532000e+01 4.131668343221460e-19
1.66848000e+01 4.127753924206009e-19
1.67164000e+01 4.123850609929496e-19
1.67480000e+01 4.119958347986331e-19
1.67796000e+01 4.116077086316510e-19
1.68112000e+01 4.112206773202687e-19
1.68428000e+01 4.108347357267286e-19
1.68744000e+01 4.104498787469634e-19
1.69060000e+01 4.100661013103122e-19
1.69376000e+01 4.096833983792404e-19
1.69692000e+01 4.093017649490618e-19
1.70008000e+01 4.089211960476639e-19
1.70324000e+01 4.085416867352354e-19
1.70640000e+01 4.081632321039971e-19
1.70956000e+01 4.077858272779357e-19
1.71272000e+01 4.074094674125393e-19
1.71588000e+01 4.070341476945369e-19
1.71904000e+01 4.066598633416389e-19
1.72220000e+01 4.062866096022823e-19
1.72536000e+01 4.059143817553768e-19
1.72852000e+01 4.055431751100536e-19
1.73168000e+01 4.051729850054180e-19
1.73484000e+01 4.048038068103027e-19
1.73800000e+01 4.044356359230251e-19
1.74116000e+01 4.040684677711464e-19
1.74432000e+01 4.037022978112322e-19
1.74748000e+01 4.033371215286177e-19
1.75064000e+01 4.029729344371730e-19
1.75380000e+01 4.026097320790717e-19
1.75696000e+01 4.022475100245623e-19
1.76012000e+01 4.018862638717406e-19
1.76328000e+01 4.015259892463252e-19
1.76644000e+01 4.011666818014355e-19
1.76960000e+01 4.008083372173707e-19
1.77276000e+01 4.004509512013922e-19
1.77592000e+01 4.000945194875074e-19
1.77908000e+01 3.997390378362560e-19
1.78224000e+01 3.993845020344980e-19
1.78540000e+01 3.990309078952040e-19
1.78856000e+01 3.986782512572476e-19
1.79172000e+01 3.983265279851999e-19
1.79488000e+01 3.979757339691254e-19
1.79804000e+01 3.976258651243806e-19
1.80120000e+01 3.972769173914142e-19
1.80436000e+01 3.969288867355692e-19
1.80752000e+01 3.965817691468870e-19
1.81068000e+01 3.962355606399134e-19
1.81384000e+01 3.958902572535062e-19
1.81700000e+01 3.955458550506452e-19
1.82016000e+01 3.952023501182433e-19
1.82332000e+01 3.948597385669601e-19
1.82648000e+01 3.945180165310165e-19
1.82964000e+01 3.941771801680122e-19
1.83280000e+01 3.938372256587432e-19
1.83596000e+01 3.934981492070234e-19
1.83912000e+01 3.931599470395051e-19
1.84228000e+01 3.928226154055041e-19
1.84544000e+01 3.924861505768235e-19
1.84860000e+01 3.921505488475820e-19
1.85176000e+01 3.918158065340415e-19
1.85492000e+01 3.914819199744379e-19
1.85808000e+01 3.911488855288123e-19
1.86124000e+01 3.908166995788449e-19
1.86440000e+01 3.904853585276895e-19
1.86756000e+01 3.901548587998102e-19
1.87072000e+01 3.898251968408187e-19
1.87388000e+01 3.894963691173149e-19
1.87704000e+01 3.891683721167268e-19
1.88020000e+01 3.888412023471533e-19
1.88336000e+01 3.885148563372081e-19
1.88652000e+01 3.881893306358650e-19
1.88968000e+01 3.878646218123044e-19
1.89284000e+01 3.875407264557620e-19
1.89600000e+01 3.872176411753773e-19
1.89916000e+01 3.868953626000458e-19
1.90232000e+01 3.865738873782702e-19
1.90548000e+01 3.862532121780143e-19
1.90864000e+01 3.859333336865584e-19
1.91180000e+01 3.856142486103553e-19
1.91496000e+01 3.852959536748873e-19
1.91812000e+01 3.849784456245259e-19
1.92128000e+01 3.846617212223917e-19
1.92444000e+01 3.843457772502154e-19
1.92760000e+01 3.840306105082010e-19
1.93076000e+01 3.837162178148894e-19
1.93392000e+01 3.834025960070234e-19
1.93708000e+01 3.830897419394144e-19
1.94024000e+01 3.827776524848097e-19
1.94340000e+01 3.824663245337610e-19
1.94656000e+01 3.821557549944947e-19
1.94972000e+01 3.818459407927829e-19
1.95288000e+01 3.815368788718148e-19
1.95604000e+01 3.812285661920715e-19
1.95920000e+01 3.809209997311990e-19
1.96236000e+01 3.806141764838845e-19
1.96552000e+01 3.803080934617331e-19
1.96868000e+01 3.800027476931453e-19
1.97184000e+01 3.796981362231958e-19
1.97500000e+01 3.793942561135136e-19
1.97816000e+01 3.790911044421629e-19
1.98132000e+01 3.787886783035251e-19
1.98448000e+01 3.784869748081815e-19
1.98764000e+01 3.781859910827980e-19
1.99080000e+01 3.778857242700097e-19
1.99396000e+01 3.775861715283070e-19
1.99712000e+01 3.772873300319228e-19
2.00028000e+01 3.769891969707205e-19
2.00344000e+01 3.766917695500830e-19
2.00660000e+01 3.763950449908026e-19
2.00976000e+01 3.760990205289721e-19
2.01292000e+01 3.758036934158765e-19
2.01608000e+01 3.755090609178859e-19
2.01924000e+01 3.752151203163493e-19
2.02240000e+01 3.749218689074889e-19
2.02556000e+01 3.746293040022962e-19
2.02872000e+01 3.743374229264279e-19
2.03188000e+01 3.740462230201034e-19
2.03504000e+01 3.737557016380033e-19
2.03820000e+01 3.734658561491679e-19
2.04136000e+01 3.731766839368977e-19
2.04452000e+01 3.728881823986540e-19
2.04768000e+01 3.726003489459601e-19
2.05084000e+01 3.723131810043043e-19
2.05400000e+01 3.720266760130432e-19
2.05716000e+01 3.717408314253053e-19
2.06032000e+01 3.714556447078962e-19
2.06348000e+01 3.711711133412047e-19
2.06664000e+01 3.708872348191085e-19
2.06980000e+01 3.706040066488819e-19
2.07296000e+01 3.703214263511043e-19
2.07612000e+01 3.700394914595684e-19
2.07928000e+01 3.697581995211897e-19
2.08244000e+01 3.694775480959176e-19
2.08560000e+01 3.691975347566459e-19
2.08876000e+01 3.689181570891249e-19
2.09192000e+01 3.686394126918738e-19
2.09508000e+01 3.683612991760940e-19
2.09824000e+01 3.680838141655834e-19
2.10140000e+01 3.678069552966508e-19
2.10456000e+01 3.675307202180315e-19
2.10772000e+01 3.672551065908035e-19
2.11088000e+01 3.669801120883041e-19
2.11404000e+01 3.667057343960477e-19
2.11720000e+01 3.664319712116434e-19
2.12036000e+01 3.661588202447149e-19
2.12352000e+01 3.658862792168189e-19
2.12668000e+01 3.656143458613658e-19
2.12984000e+01 3.653430179235408e-19
2.13300000e+01 3.650722931602249e-19
2.13616000e+01 3.648021693399169e-19
2.13932000e+01 3.645326442426570e-19
2.14248000e+01 3.642637156599492e-19
2.14564000e+01 3.639953813946857e-19
2.14880000e+01 3.637276392610717e-19
2.15196000e+01 3.634604870845504e-19
2.15512000e+01 3.631939227017286e-19
2.15828000e+01 3.629279439603036e-19
2.16144000e+01 3.626625487189900e-19
2.16460000e+01 3.623977348474471e-19
2.16776000e+01 3.621335002262073e-19
2.17092000e+01 3.618698427466051e-19
2.17408000e+01 3.616067603107055e-19
2.17724000e+01 3.613442508312352e-19
2.18040000e+01 3.610823122315119e-19
2.18356000e+01 3.608209424453760e-19
2.18672000e+01 3.605601394171216e-19
2.18988000e+01 3.602999011014294e-19
2.19304000e+01 3.600402254632985e-19
2.19620000e+01 3.597811104779798e-19
2.19936000e+01 3.595225541309101e-19
2.20252000e+01 3.592645544176458e-19
2.20568000e+01 3.590071093437979e-19
2.20884000e+01 3.587502169249671e-19
2.21200000e+01 3.584938751866799e-19
2.21516000e+01 3.582380821643242e-19
2.21832000e+01 3.579828359030870e-19
2.22148000e+01 3.577281344578904e-19
2.22464000e+01 3.574739758933310e-19
2.22780000e+01 3.572203582836162e-19
2.23096000e+01 3.569672797125047e-19
2.23412000e+01 3.567147382732445e-19
2.23728000e+01 3.564627320685131e-19
2.24044000e+01 3.562112592103575e-19
2.24360000e+01 3.559603178201346e-19
2.24676000e+01 3.557099060284528e-19
2.24992000e+01 3.554600219751129e-19
2.25308000e+01 3.552106638090503e-19
2.25624000e+01 3.549618296882777e-19
2.25940000e+01 3.547135177798272e-19
2.26256000e+01 3.544657262596947e-19
2.26572000e+01 3.542184533127824e-19
2.26888000e+01 3.539716971328440e-19
2.27204000e+01 3.537254559224284e-19
2.27520000e+01 3.534797278928257e-19
2.27836000e+01 3.532345112640115e-19
2.28152000e+01 3.529898042645937e-19
2.28468000e+01 3.527456051317583e-19
2.28784000e+01 3.525019121112160e-19
2.29100000e+01 3.522587234571497e-19
2.29416000e+01 3.520160374321612e-19
2.29732000e+01 3.517738523072201e-19
2.30048000e+01 3.515321663616110e-19
2.30364000e+01 3.512909778828830e-19
2.30680000e+01 3.510502851667983e-19
2.30996000e+01 3.508100865172816e-19
2.31312000e+01 3.505703802463703e-19
2.31628000e+01 3.503311646741641e-19
2.31944000e+01 3.500924381287760e-19
2.32260000e+01 3.498541989462832e-19
2.32576000e+01 3.496164454706780e-19
2.32892000e+01 3.493791760538199e-19
2.33208000e+01 3.491423890553874e-19
2.33524000e+01 3.489060828428304e-19
2.33840000e+01 3.486702557913228e-19
2.34156000e+01 3.484349062837160e-19
2.34472000e+01 3.482000327104918e-19
2.34788000e+01 3.479656334697165e-19
2.35104000e+01 3.477317069669950e-19
2.35420000e+01 3.474982516154249e-19
2.35736000e+01 3.472652658355518e-19
2.36052000e+01 3.470327480553239e-19
2.36368000e+01 3.468006967100482e-19
2.36684000e+01 3.465691102423453e-19
2.37000000e+01 3.463379871021062e-19
2.37316000e+01 3.461073257464484e-19
2.37632000e+01 3.458771246396731e-19
2.37948000e+01 3.456473822532215e-19
2.38264000e+01 3.454180970656328e-19
2.38580000e+01 3.451892675625017e-19
2.38896000e+01 3.449608922364363e-19
2.39212000e+01 3.447329695870163e-19
2.39528000e+01 3.445054981207519e-19
2.39844000e+01 3.442784763510427e-19
2.40160000e+01 3.440519027981365e-19
2.40476000e+01 3.438257759890892e-19
2.40792000e+01 3.436000944577241e-19
2.41108000e+01 3.433748567445927e-19
2.41424000e+01 3.431500613969344e-19
2.41740000e+01 3.429257069686375e-19
2.42056000e+01 3.427017920201999e-19
2.42372000e+01 3.424783151186906e-19
2.42688000e+01 3.422552748377108e-19
2.43004000e+01 3.420326697573560e-19
2.43320000e+01 3.418104984641780e-19
2.43636000e+01 3.415887595511469e-19
2.43952000e+01 3.413674516176141e-19
2.44268000e+01 3.411465732692748e-19
2.44584000e+01 3.409261231181312e-19
2.44900000e+01 3.407060997824560e-19
2.45216000e+01 3.404865018867559e-19
2.45532000e+01 3.402673280617356e-19
2.45848000e+01 3.400485769442616e-19
2.46164000e+01 3.398302471773272e-19
2.46480000e+01 3.396123374100164e-19
2.46796000e+01 3.393948462974695e-19
2.47112000e+01 3.391777725008477e-19
2.47428000e+01 3.389611146872989e-19
2.47744000e+01 3.387448715299229e-19
2.48060000e+01 3.385290417077377e-19
2.48376000e+01 3.383136239056454e-19
2.48692000e+01 3.380986168143983e-19
2.49008000e+01 3.378840191305663e-19
2.49324000e+01 3.376698295565023e-19
2.49640000e+01 3.374560468003109e-19
2.49956000e+01 3.372426695758144e-19
2.50272000e+01 3.370296966025209e-19
2.50588000e+01 3.368171266055920e-19
2.50904000e+01 3.366049583158103e-19
2.51220000e+01 3.363931904695482e-19
2.51536000e+01 3.361818218087359e-19
2.51852000e+01 3.359708510808302e-19
2.52168000e+01 3.357602770387831e-19
2.52484000e+01 3.355500984410110e-19
2.52800000e+01 3.353403140513640e-19
2.53116000e+01 3.351309226390954e-19
2.53432000e+01 3.349219229788308e-19
2.53748000e+01 3.347133138505390e-19
2.54064000e+01 3.345050940395013e-19
2.54380000e+01 3.342972623362819e-19
2.54696000e+01 3.340898175366988e-19
2.55012000e+01 3.338827584417939e-19
2.55328000e+01 3.336760838578046e-19
2.55644000e+01 3.334697925961342e-19
2.55960000e+01 3.332638834733236e-19
2.56276000e+01 3.330583553110225e-19
2.56592000e+01 3.328532069359617e-19
2.56908000e+01 3.326484371799242e-19
2.57224000e+01 3.324440448797176e-19
2.57540000e+01 3.322400288771464e-19
2.57856000e+01 3.320363880189844e-19
2.58172000e+01 3.318331211569473e-19
2.58488000e+01 3.316302271476655e-19
2.58804000e+01 3.314277048526569e-19
2.59120000e+01 3.312255531383005e-19
2.59436000e+01 3.310237708758095e-19
2.59752000e+01 3.308223569412046e-19
2.60068000e+01 3.306213102152883e-19
2.60384000e+01 3.304206295836180e-19
2.60700000e+01 3.302203139364806e-19
2.61016000e+01 3.300203621688671e-19
2.61332000e+01 3.298207731804457e-19
2.61648000e+01 3.296215458755377e-19
2.61964000e+01 3.294226791630915e-19
2.62280000e+01 3.292241719566578e-19
2.62596000e+01 3.290260231743644e-19
2.62912000e+01 3.288282317388919e-19
2.63228000e+01 3.286307965774486e-19
2.63544000e+01 3.284337166217464e-19
2.63860000e+01 3.282369908079762e-19
2.64176000e+01 3.280406180767841e-19
2.64492000e+01 3.278445973732474e-19
2.64808000e+01 3.276489276468508e-19
2.65124000e+01 3.274536078514622e-19
2.65440000e+01 3.272586369453102e-19
2.65756000e+01 3.270640138909600e-19
2.66072000e+01 3.268697376552905e-19
2.66388000e+01 3.266758072094713e-19
2.66704000e+01 3.264822215289395e-19
2.67020000e+01 3.262889795933776e-19
2.67336000e+01 3.260960803866901e-19
2.67652000e+01 3.259035228969817e-19
2.67968000e+01 3.257113061165349e-19
2.68284000e+01 3.255194290417876e-19
2.68600000e+01 3.253278906733111e-19
2.68916000e+01 3.251366900157886e-19
2.69232000e+01 3.249458260779931e-19
2.69548000e+01 3.247552978727661e-19
2.69864000e+01 3.245651044169959e-19
2.70180000e+01 3.243752447315963e-19
2.70496000e+01 3.241857178414859e-19
2.70812000e+01 3.239965227755664e-19
2.71128000e+01 3.238076585667020e-19
2.71444000e+01 3.236191242516989e-19
2.71760000e+01 3.234309188712842e-19
2.72076000e+01 3.232430414700857e-19
2.72392000e+01 3.230554910966115e-19
2.72708000e+01 3.228682668032295e-19
2.73024000e+01 3.226813676461478e-19
2.73340000e+01 3.224947926853941e-19
2.73656000e+01 3.223085409847965e-19
2.73972000e+01 3.221226116119631e-19
2.74288000e+01 3.219370036382629e-19
2.74604000e+01 3.217517161388062e-19
2.74920000e+01 3.215667481924251e-19
2.75236000e+01 3.213820988816544e-19
2.75552000e+01 3.211977672927123e-19
2.75868000e+01 3.210137525154818e-19
2.76184000e+01 3.208300536434914e-19
2.76500000e+01 3.206466697738965e-19
2.76816000e+01 3.204636000074611e-19
2.77132000e+01 3.202808434485384e-19
2.77448000e+01 3.200983992050535e-19
2.77764000e+01 3.199162663884843e-19
2.78080000e+01 3.197344441138436e-19
2.78396000e+01 3.195529314996613e-19
2.78712000e+01 3.193717276679658e-19
2.79028000e+01 3.191908317442668e-19
2.79344000e+01 3.190102428575372e-19
2.79660000e+01 3.188299601401958e-19
2.79976000e+01 3.186499827280895e-19
2.80292000e+01 3.184703097604759e-19
2.80608000e+01 3.182909403800063e-19
2.80924000e+01 3.181118737327082e-19
2.81240000e+01 3.179331089679686e-19
2.81556000e+01 3.177546452385164e-19
2.81872000e+01 3.175764817004063e-19
2.82188000e+01 3.173986175130014e-19
2.82504000e+01 3.172210518389571e-19
2.82820000e+01 3.170437838442038e-19
2.83136000e+01 3.168668126979314e-19
2.83452000e+01 3.166901375725721e-19
2.83768000e+01 3.165137576437846e-19
2.84084000e+01 3.163376720904377e-19
2.84400000e+01 3.161618800945947e-19
2.84716000e+01 3.159863808414968e-19
2.85032000e+01 3.158111735195475e-19
2.85348000e+01 3.156362573202974e-19
2.85664000e+01 3.154616314384274e-19
2.85980000e+01 3.152872950717343e-19
2.86296000e+01 3.151132474211142e-19
2.86612000e+01 3.149394876905483e-19
2.86928000e+01 3.147660150870865e-19
2.87244000e+01 3.145928288208330e-19
2.87560000e+01 3.144199281049308e-19
2.87876000e+01 3.142473121555468e-19
2.88192000e+01 3.140749801918569e-19
2.88508000e+01 3.139029314360310e-19
2.88824000e+01 3.137311651132185e-19
2.89140000e+01 3.135596804515334e-19
2.89456000e+01 3.133884766820399e-19
2.89772000e+01 3.132175530387380e-19
2.90088000e+01 3.130469087585488e-19
2.90404000e+01 3.128765430813005e-19
2.90720000e+01 3.127064552497138e-19
2.91036000e+01 3.125366445093884e-19
2.91352000e+01 3.123671101087882e-19
2.91668000e+01 3.121978512992279e-19
2.91984000e+01 3.120288673348587e-19
2.92300000e+01 3.118601574726550e-19
2.92616000e+01 3.116917209724000e-19
2.92932000e+01 3.115235570966728e-19
2.93248000e+01 3.113556651108341e-19
2.93564000e+01 3.111880442830135e-19
2.93880000e+01 3.110206938840952e-19
2.94196000e+01 3.108536131877056e-19
2.94512000e+01 3.106868014701996e-19
2.94828000e+01 3.105202580106472e-19
2.95144000e+01 3.103539820908208e-19
2.95460000e+01 3.101879729951822e-19
2.95776000e+01 3.100222300108694e-19
2.96092000e+01 3.098567524276838e-19
2.96408000e+01 3.096915395380778e-19
2.96724000e+01 3.095265906371415e-19
2.97040000e+01 3.093619050225906e-19
2.97356000e+01 3.091974819947534e-19
2.97672000e+01 3.090333208565586e-19
2.97988000e+01 3.088694209135228e-19
2.98304000e+01 3.087057814737382e-19
2.98620000e+01 3.085424018478604e-19
2.98936000e+01 3.083792813490957e-19
2.99252000e+01 3.082164192931900e-19
2.99568000e+01 3.080538149984155e-19
2.99884000e+01 3.078914677855599e-19
3.00200000e+01 3.077293769779134e-19
3.00516000e+01 3.075675419012577e-19
3.00832000e+01 3.074059618838538e-19
3.01148000e+01 3.072446362564305e-19
3.01464000e+01 3.070835643521723e-19
3.01780000e+01 3.069227455067087e-19
3.02096000e+01 3.067621790581017e-19
3.02412000e+01 3.066018643468350e-19
3.02728000e+01 3.064418007158025e-19
3.03044000e+01 3.062819875102967e-19
3.03360000e+01 3.061224240779978e-19
3.03676000e+01 3.059631097689626e-19
3.03992000e+01 3.058040439356128e-19
3.04308000e+01 3.056452259327245e-19
3.04624000e+01 3.054866551174171e-19
3.04940000e+01 3.053283308491423e-19
3.05256000e+01 3.051702524896729e-19
3.05572000e+01 3.050124194030928e-19
3.05888000e+01 3.048548309557855e-19
3.06204000e+01 3.046974865164237e-19
3.06520000e+01 3.045403854559587e-19
3.06836000e+01 3.043835271476098e-19
3.07152000e+01 3.042269109668541e-19
3.07468000e+01 3.040705362914151e-19
3.07784000e+01 3.039144025012537e-19
3.08100000e+01 3.037585089785566e-19
3.08416000e+01 3.036028551077270e-19
3.08732000e+01 3.034474402753738e-19
3.09048000e+01 3.032922638703015e-19
3.09364000e+01 3.031373252835004e-19
3.09680000e+01 3.029826239081363e-19
3.09996000e+01 3.028281591395407e-19
3.10312000e+01 3.026739303752008e-19
3.10628000e+01 3.025199370147494e-19
3.10944000e+01 3.023661784599555e-19
3.11260000e+01 3.022126541147142e-19
3.11576000e+01 3.020593633850373e-19
3.11892000e+01 3.019063056790434e-19
3.12208000e+01 3.017534804069482e-19
3.12524000e+01 3.016008869810553e-19
3.12840000e+01 3.014485248157468e-19
3.13156000e+01 3.012963933274729e-19
3.13472000e+01 3.011444919347440e-19
3.13788000e+01 3.009928200581199e-19
3.14104000e+01 3.008413771202018e-19
3.14420000e+01 3.006901625456219e-19
3.14736000e+01 3.005391757610353e-19
3.15052000e+01 3.003884161951100e-19
3.15368000e+01 3.002378832785182e-19
3.15684000e+01 3.000875764439274e-19
3.16000000e+01 2.999374951259911e-19
3.16316000e+01 2.997876387613404e-19
3.16632000e+01 2.996380067885740e-19
3.16948000e+01 2.994885986482509e-19
3.17264000e+01 2.993394137828804e-19
3.17580000e+01 2.991904516369138e-19
3.17896000e+01 2.990417116567360e-19
3.18212000e+01 2.988931932906562e-19
3.18528000e+01 2.987448959888999e-19
3.18844000e+01 2.985968192036000e-19
3.19160000e+01 2.984489623887886e-19
3.19476000e+01 2.983013250003880e-19
3.19792000e+01 2.981539064962031e-19
3.20108000e+01 2.980067063359123e-19
3.20424000e+01 2.978597239810595e-19
3.20740000e+01 2.977129588950460e-19
3.21056000e+01 2.975664105431217e-19
3.21372000e+01 2.974200783923779e-19
3.21688000e+01 2.972739619117378e-19
3.22004000e+01 2.971280605719498e-19
3.22320000e+01 2.969823738455784e-19
3.22636000e+01 2.968369012069968e-19
3.22952000e+01 2.966916421323786e-19
3.23268000e+01 2.965465960996902e-19
3.23584000e+01 2.964017625886825e-19
3.23900000e+01 2.962571410808835e-19
3.24216000e+01 2.961127310595902e-19
3.24532000e+01 2.959685320098609e-19
3.24848000e+01 2.958245434185076e-19
3.25164000e+01 2.956807647740882e-19
3.25480000e+01 2.955371955668991e-19
3.25796000e+01 2.953938352889672e-19
3.26112000e+01 2.952506834340428e-19
3.26428000e+01 2.951077394975918e-19
3.26744000e+01 2.949650029767883e-19
3.27060000e+01 2.948224733705070e-19
3.27376000e+01 2.946801501793166e-19
3.27692000e+01 2.945380329054713e-19
3.28008000e+01 2.943961210529040e-19
3.28324000e+01 2.942544141272195e-19
3.28640000e+01 2.941129116356865e-19
3.28956000e+01 2.939716130872308e-19
3.29272000e+01 2.938305179924281e-19
3.29588000e+01 2.936896258634970e-19
3.29904000e+01 2.935489362142914e-19
3.30220000e+01 2.934084485602943e-19
3.30536000e+01 2.932681624186098e-19
3.30852000e+01 2.931280773079572e-19
3.31168000e+01 2.929881927486632e-19
3.31484000e+01 2.928485082626554e-19
3.31800000e+01 2.927090233734551e-19
3.32116000e+01 2.925697376061712e-19
3.32432000e+01 2.924306504874925e-19
3.32748000e+01 2.922917615456817e-19
3.33064000e+01 2.921530703105682e-19
3.33380000e+01 2.920145763135417e-19
3.33696000e+01 2.918762790875451e-19
3.34012000e+01 2.917381781670686e-19
3.34328000e+01 2.916002730881427e-19
3.34644000e+01 2.914625633883313e-19
3.34960000e+01 2.913250486067260e-19
3.35276000e+01 2.911877282839391e-19
3.35592000e+01 2.910506019620970e-19
3.35908000e+01 2.909136691848344e-19
3.36224000e+01 2.907769294972871e-19
3.36540000e+01 2.906403824460866e-19
3.36856000e+01 2.905040275793530e-19
3.37172000e+01 2.903678644466891e-19
3.37488000e+01 2.902318925991740e-19
3.37804000e+01 2.900961115893571e-19
3.38120000e+01 2.899605209712516e-19
3.38436000e+01 2.898251203003285e-19
3.38752000e+01 2.896899091335107e-19
3.39068000e+01 2.895548870291666e-19
3.39384000e+01 2.894200535471040e-19
3.39700000e+01 2.892854082485644e-19
3.40016000e+01 2.891509506962168e-19
3.40332000e+01 2.890166804541517e-19
3.40648000e+01 2.888825970878752e-19
3.40964000e+01 2.887487001643030e-19
3.41280000e+01 2.886149892517551e-19
3.41596000e+01 2.884814639199490e-19
3.41912000e+01 2.883481237399945e-19
3.42228000e+01 2.882149682843880e-19
3.42544000e+01 2.880819971270063e-19
3.42860000e+01 2.879492098431012e-19
3.43176000e+01 2.878166060092937e-19
3.43492000e+01 2.876841852035683e-19
3.43808000e+01 2.875519470052676e-19
3.44124000e+01 2.874198909950861e-19
3.44440000e+01 2.872880167550653e-19
3.44756000e+01 2.871563238685879e-19
3.45072000e+01 2.870248119203719e-19
3.45388000e+01 2.868934804964658e-19
3.45704000e+01 2.867623291842424e-19
3.46020000e+01 2.866313575723940e-19
3.46336000e+01 2.865005652509264e-19
3.46652000e+01 2.863699518111540e-19
3.46968000e+01 2.862395168456942e-19
3.47284000e+01 2.861092599484620e-19
3.47600000e+01 2.859791807146648e-19
3.47916000e+01 2.858492787407971e-19
3.48232000e+01 2.857195536246355e-19
3.48548000e+01 2.855900049652328e-19
3.48864000e+01 2.854606323629134e-19
3.49180000e+01 2.853314354192679e-19
3.49496000e+01 2.852024137371482e-19
3.49812000e+01 2.850735669206617e-19
3.50128000e+01 2.849448945751670e-19
3.50444000e+01 2.848163963072684e-19
3.50760000e+01 2.846880717248107e-19
3.51076000e+01 2.845599204368747e-19
3.51392000e+01 2.844319420537718e-19
3.51708000e+01 2.843041361870389e-19
3.52024000e+01 2.841765024494340e-19
3.52340000e+01 2.840490404549306e-19
3.52656000e+01 2.839217498187134e-19
3.52972000e+01 2.837946301571729e-19
3.53288000e+01 2.836676810879010e-19
3.53604000e+01 2.835409022296859e-19
3.53920000e+01 2.834142932025073e-19
3.54236000e+01 2.832878536275317e-19
3.54552000e+01 2.831615831271076e-19
3.54868000e+01 2.830354813247609e-19
3.55184000e+01 2.829095478451898e-19
3.55500000e+01 2.827837823142605e-19
3.55816000e+01 2.826581843590025e-19
3.56132000e+01 2.825327536076037e-19
3.56448000e+01 2.824074896894060e-19
3.56764000e+01 2.822823922349006e-19
3.57080000e+01 2.821574608757234e-19
3.57396000e+01 2.820326952446506e-19
3.57712000e+01 2.819080949755940e-19
3.58028000e+01 2.817836597035966e-19
3.58344000e+01 2.816593890648279e-19
3.58660000e+01 2.815352826965799e-19
3.58976000e+01 2.814113402372620e-19
3.59292000e+01 2.812875613263971e-19
3.59608000e+01 2.811639456046170e-19
3.59924000e+01 2.810404927136581e-19
3.60240000e+01 2.809172022963568e-19
3.60556000e+01 2.807940739966455e-19
3.60872000e+01 2.806711074595480e-19
3.61188000e+01 2.805483023311755e-19
3.61504000e+01 2.804256582587218e-19
3.61820000e+01 2.803031748904596e-19
3.62136000e+01 2.801808518757362e-19
3.62452000e+01 2.800586888649689e-19
3.62768000e+01 2.799366855096410e-19
3.63084000e+01 2.798148414622979e-19
3.63400000e+01 2.796931563765424e-19
3.63716000e+01 2.795716299070312e-19
3.64032000e+01 2.794502617094700e-19
3.64348000e+01 2.793290514406104e-19
3.64664000e+01 2.792079987582448e-19
3.64980000e+01 2.790871033212031e-19
3.65296000e+01 2.789663647893483e-19
3.65612000e+01 2.788457828235724e-19
3.65928000e+01 2.787253570857929e-19
3.66244000e+01 2.786050872389481e-19
3.66560000e+01 2.784849729469939e-19
3.66876000e+01 2.783650138748991e-19
3.67192000e+01 2.782452096886421e-19
3.67508000e+01 2.781255600552066e-19
3.67824000e+01 2.780060646425780e-19
3.68140000e+01 2.778867231197392e-19
3.68456000e+01 2.777675351566671e-19
3.68772000e+01 2.776485004243284e-19
3.69088000e+01 2.775296185946763e-19
3.69404000e+01 2.774108893406460e-19
3.69720000e+01 2.772923123361517e-19
3.70036000e+01 2.771738872560820e-19
3.70352000e+01 2.770556137762971e-19
3.70668000e+01 2.769374915736243e-19
3.70984000e+01 2.768195203258544e-19
3.71300000e+01 2.767016997117384e-19
3.71616000e+01 2.765840294109838e-19
3.71932000e+01 2.764665091042504e-19
3.72248000e+01 2.763491384731470e-19
3.72564000e+01 2.762319172002281e-19
3.72880000e+01 2.761148449689895e-19
3.73196000e+01 2.759979214638658e-19
3.73512000e+01 2.758811463702257e-19
3.73828000e+01 2.757645193743691e-19
3.74144000e+01 2.756480401635236e-19
3.74460000e+01 2.755317084258406e-19
3.74776000e+01 2.754155238503919e-19
3.75092000e+01 2.752994861271666e-19
3.75408000e+01 2.751835949470673e-19
3.75724000e+01 2.750678500019061e-19
3.76040000e+01 2.749522509844025e-19
3.76356000e+01 2.748367975881789e-19
3.76672000e+01 2.747214895077571e-19
3.76988000e+01 2.746063264385560e-19
3.77304000e+01 2.744913080768869e-19
3.77620000e+01 2.743764341199512e-19
3.77936000e+01 2.742617042658362e-19
3.78252000e+01 2.741471182135125e-19
3.78568000e+01 2.740326756628301e-19
3.78884000e+01 2.739183763145157e-19
3.79200000e+01 2.738042198701686e-19
3.79516000e+01 2.736902060322583e-19
3.79832000e+01 2.735763345041206e-19
3.80148000e+01 2.734626049899546e-19
3.80464000e+01 2.733490171948195e-19
3.80780000e+01 2.732355708246315e-19
3.81096000e+01 2.731222655861603e-19
3.81412000e+01 2.730091011870260e-19
3.81728000e+01 2.728960773356961e-19
3.82044000e+01 2.727831937414824e-19
3.82360000e+01 2.726704501145375e-19
3.82676000e+01 2.725578461658518e-19
3.82992000e+01 2.724453816072507e-19
3.83308000e+01 2.723330561513912e-19
3.83624000e+01 2.722208695117589e-19
3.83940000e+01 2.721088214026648e-19
3.84256000e+01 2.719969115392425e-19
3.84572000e+01 2.718851396374450e-19
3.84888000e+01 2.717735054140416e-19
3.85204000e+01 2.716620085866152e-19
3.85520000e+01 2.715506488735588e-19
3.85836000e+01 2.714394259940729e-19
3.86152000e+01 2.713283396681626e-19
3.86468000e+01 2.712173896166342e-19
3.86784000e+01 2.711065755610926e-19
3.87100000e+01 2.709958972239383e-19
3.87416000e+01 2.708853543283645e-19
3.87732000e+01 2.707749465983540e-19
3.88048000e+01 2.706646737586766e-19
3.88364000e+01 2.705545355348862e-19
3.88680000e+01 2.704445316533172e-19
3.88996000e+01 2.703346618410831e-19
3.89312000e+01 2.702249258260721e-19
3.89628000e+01 2.701153233369453e-19
3.89944000e+01 2.700058541031337e-19
3.90260000e+01 2.698965178548348e-19
3.90576000e+01 2.697873143230106e-19
3.90892000e+01 2.696782432393846e-19
3.91208000e+01 2.695693043364383e-19
3.91524000e+01 2.694604973474099e-19
3.91840000e+01 2.693518220062898e-19
3.92156000e+01 2.692432780478196e-19
3.92472000e+01 2.691348652074881e-19
3.92788000e+01 2.690265832215291e-19
3.93104000e+01 2.689184318269188e-19
3.93420000e+01 2.688104107613728e-19
3.93736000e+01 2.687025197633437e-19
3.94052000e+01 2.685947585720184e-19
3.94368000e+01 2.684871269273152e-19
3.94684000e+01 2.683796245698816e-19
3.95000000e+01 2.682722512410912e-19
3.95316000e+01 2.681650066830416e-19
3.95632000e+01 2.680578906385511e-19
3.95948000e+01 2.679509028511570e-19
3.96264000e+01 2.678440430651123e-19
3.96580000e+01 2.677373110253832e-19
3.96896000e+01 2.676307064776471e-19
3.97212000e+01 2.675242291682895e-19
3.97528000e+01 2.674178788444017e-19
3.97844000e+01 2.673116552537781e-19
3.98160000e+01 2.672055581449138e-19
3.98476000e+01 2.670995872670023e-19
3.98792000e+01 2.669937423699328e-19
3.99108000e+01 2.668880232042875e-19
3.99424000e+01 2.667824295213396e-19
3.99740000e+01 2.666769610730505e-19
4.00056000e+01 2.665716176120676e-19
4.00372000e+01 2.664663988917214e-19
4.00688000e+01 2.663613046660239e-19
4.01004000e+01 2.662563346896653e-19
4.01320000e+01 2.661514887180122e-19
4.01636000e+01 2.660467665071047e-19
4.01952000e+01 2.659421678136547e-19
4.02268000e+01 2.658376923950429e-19
4.02584000e+01 2.657333400093165e-19
4.02900000e+01 2.656291104151876e-19
4.03216000e+01 2.655250033720295e-19
4.03532000e+01 2.654210186398757e-19
4.03848000e+01 2.653171559794169e-19
4.04164000e+01 2.652134151519986e-19
4.04480000e+01 2.651097959196192e-19
4.04796000e+01 2.650062980449275e-19
4.05112000e+01 2.649029212912202e-19
4.05428000e+01 2.647996654224403e-19
4.05744000e+01 2.646965302031738e-19
4.06060000e+01 2.645935153986484e-19
4.06376000e+01 2.644906207747308e-19
4.06692000e+01 2.643878460979247e-19
4.07008000e+01 2.642851911353681e-19
4.07324000e+01 2.641826556548317e-19
4.07640000e+01 2.640802394247163e-19
4.07956000e+01 2.639779422140506e-19
4.08272000e+01 2.638757637924894e-19
4.08588000e+01 2.637737039303107e-19
4.08904000e+01 2.636717623984144e-19
4.09220000e+01 2.635699389683195e-19
4.09536000e+01 2.634682334121622e-19
4.09852000e+01 2.633666455026937e-19
4.10168000e+01 2.632651750132781e-19
4.10484000e+01 2.631638217178902e-19
4.10800000e+01 2.630625853911135e-19
4.11116000e+01 2.629614658081382e-19
4.11432000e+01 2.628604627447586e-19
4.11748000e+01 2.627595759773716e-19
4.12064000e+01 2.626588052829743e-19
4.12380000e+01 2.625581504391621e-19
4.12696000e+01 2.624576112241265e-19
4.13012000e+01 2.623571874166529e-19
4.13328000e+01 2.622568787961190e-19
4.13644000e+01 2.621566851424925e-19
4.13960000e+01 2.620566062363288e-19
4.14276000e+01 2.619566418587697e-19
4.14592000e+01 2.618567917915405e-19
4.14908000e+01 2.617570558169490e-19
4.15224000e+01 2.616574337178824e-19
4.15540000e+01 2.615579252778061e-19
4.15856000e+01 2.614585302807617e-19
4.16172000e+01 2.613592485113645e-19
4.16488000e+01 2.612600797548022e-19
4.16804000e+01 2.611610237968322e-19
4.17120000e+01 2.610620804237804e-19
4.17436000e+01 2.609632494225390e-19
4.17752000e+01 2.608645305805643e-19
4.18068000e+01 2.607659236858749e-19
4.18384000e+01 2.606674285270502e-19
4.18700000e+01 2.605690448932279e-19
4.19016000e+01 2.604707725741027e-19
4.19332000e+01 2.603726113599236e-19
4.19648000e+01 2.602745610414930e-19
4.19964000e+01 2.601766214101640e-19
4.20280000e+01 2.600787922578391e-19
4.20596000e+01 2.599810733769680e-19
4.20912000e+01 2.598834645605458e-19
4.21228000e+01 2.597859656021114e-19
4.21544000e+01 2.596885762957455e-19
4.21860000e+01 2.595912964360685e-19
4.22176000e+01 2.594941258182392e-19
4.22492000e+01 2.593970642379526e-19
4.22808000e+01 2.593001114914383e-19
4.23124000e+01 2.592032673754587e-19
4.23440000e+01 2.591065316873068e-19
4.23756000e+01 2.590099042248054e-19
4.24072000e+01 2.589133847863040e-19
4.24388000e+01 2.588169731706782e-19
4.24704000e+01 2.587206691773272e-19
4.25020000e+01 2.586244726061723e-19
4.25336000e+01 2.585283832576555e-19
4.25652000e+01 2.584324009327370e-19
4.25968000e+01 2.583365254328941e-19
4.26284000e+01 2.582407565601192e-19
4.26600000e+01 2.581450941169182e-19
4.26916000e+01 2.580495379063088e-19
4.27232000e+01 2.579540877318185e-19
4.27548000e+01 2.578587433974834e-19
4.27864000e+01 2.577635047078460e-19
4.28180000e+01 2.576683714679541e-19
4.28496000e+01 2.575733434833585e-19
4.28812000e+01 2.574784205601116e-19
4.29128000e+01 2.573836025047659e-19
4.29444000e+01 2.572888891243723e-19
4.29760000e+01 2.571942802264781e-19
4.30076000e+01 2.570997756191259e-19
4.30392000e+01 2.570053751108512e-19
4.30708000e+01 2.569110785106816e-19
4.31024000e+01 2.568168856281351e-19
4.31340000e+01 2.567227962732174e-19
4.31656000e+01 2.566288102564220e-19
4.31972000e+01 2.565349273887269e-19
4.32288000e+01 2.564411474815944e-19
4.32604000e+01 2.563474703469687e-19
4.32920000e+01 2.562538957972742e-19
4.33236000e+01 2.561604236454148e-19
4.33552000e+01 2.560670537047714e-19
4.33868000e+01 2.559737857892007e-19
4.34184000e+01 2.558806197130340e-19
4.34500000e+01 2.557875552910750e-19
4.34816000e+01 2.556945923385984e-19
4.35132000e+01 2.556017306713489e-19
4.35448000e+01 2.555089701055391e-19
4.35764000e+01 2.554163104578483e-19
4.36080000e+01 2.553237515454203e-19
4.36396000e+01 2.552312931858631e-19
4.36712000e+01 2.551389351972463e-19
4.37028000e+01 2.550466773981001e-19
4.37344000e+01 2.549545196074137e-19
4.37660000e+01 2.548624616446338e-19
4.37976000e+01 2.547705033296632e-19
4.38292000e+01 2.546786444828591e-19
4.38608000e+01 2.545868849250318e-19
4.38924000e+01 2.544952244774434e-19
4.39240000e+01 2.544036629618060e-19
4.39556000e+01 2.543122002002802e-19
4.39872000e+01 2.542208360154742e-19
4.40188000e+01 2.541295702304416e-19
4.40504000e+01 2.540384026686808e-19
4.40820000e+01 2.539473331541327e-19
4.41136000e+01 2.538563615111798e-19
4.41452000e+01 2.537654875646449e-19
4.41768000e+01 2.536747111397892e-19
4.42084000e+01 2.535840320623112e-19
4.42400000e+01 2.534934501583451e-19
4.42716000e+01 2.534029652544599e-19
4.43032000e+01 2.533125771776573e-19
4.43348000e+01 2.532222857553707e-19
4.43664000e+01 2.531320908154639e-19
4.43980000e+01 2.530419921862294e-19
4.44296000e+01 2.529519896963874e-19
4.44612000e+01 2.528620831750843e-19
4.44928000e+01 2.527722724518907e-19
4.45244000e+01 2.526825573568015e-19
4.45560000e+01 2.525929377202332e-19
4.45876000e+01 2.525034133730228e-19
4.46192000e+01 2.524139841464272e-19
4.46508000e+01 2.523246498721210e-19
4.46824000e+01 2.522354103821957e-19
4.47140000e+01 2.521462655091581e-19
4.47456000e+01 2.520572150859290e-19
4.47772000e+01 2.519682589458422e-19
4.48088000e+01 2.518793969226428e-19
4.48404000e+01 2.517906288504859e-19
4.48720000e+01 2.517019545639358e-19
4.49036000e+01 2.516133738979641e-19
4.49352000e+01 2.515248866879485e-19
4.49668000e+01 2.514364927696722e-19
4.49984000e+01 2.513481919793215e-19
4.50300000e+01 2.512599841534856e-19
4.50616000e+01 2.511718691291544e-19
4.50932000e+01 2.510838467437182e-19
4.51248000e+01 2.509959168349655e-19
4.51564000e+01 2.509080792410824e-19
4.51880000e+01 2.508203338006508e-19
4.52196000e+01 2.507326803526480e-19
4.52512000e+01 2.506451187364446e-19
4.52828000e+01 2.505576487918035e-19
4.53144000e+01 2.504702703588789e-19
4.53460000e+01 2.503829832782151e-19
4.53776000e+01 2.502957873907448e-19
4.54092000e+01 2.502086825377883e-19
4.54408000e+01 2.501216685610524e-19
4.54724000e+01 2.500347453026286e-19
4.55040000e+01 2.499479126049926e-19
4.55356000e+01 2.498611703110027e-19
4.55672000e+01 2.497745182638984e-19
4.55988000e+01 2.496879563072999e-19
4.56304000e+01 2.496014842852063e-19
4.56620000e+01 2.495151020419946e-19
4.56936000e+01 2.494288094224185e-19
4.57252000e+01 2.493426062716075e-19
4.57568000e+01 2.492564924350653e-19
4.57884000e+01 2.491704677586688e-19
4.58200000e+01 2.490845320886673e-19
4.58516000e+01 2.489986852716807e-19
4.58832000e+01 2.489129271546988e-19
4.59148000e+01 2.488272575850800e-19
4.59464000e+01 2.487416764105504e-19
4.59780000e+01 2.486561834792020e-19
4.60096000e+01 2.485707786394927e-19
4.60412000e+01 2.484854617402438e-19
4.60728000e+01 2.484002326306400e-19
4.61044000e+01 2.483150911602278e-19
4.61360000e+01 2.482300371789143e-19
4.61676000e+01 2.481450705369664e-19
4.61992000e+01 2.480601910850093e-19
4.62308000e+01 2.479753986740257e-19
4.62624000e+01 2.478906931553550e-19
4.62940000e+01 2.478060743806911e-19
4.63256000e+01 2.477215422020826e-19
4.63572000e+01 2.476370964719308e-19
4.63888000e+01 2.475527370429894e-19
4.64204000e+01 2.474684637683626e-19
4.64520000e+01 2.473842765015044e-19
4.64836000e+01 2.473001750962178e-19
4.65152000e+01 2.472161594066533e-19
4.65468000e+01 2.471322292873080e-19
4.65784000e+01 2.470483845930247e-19
4.66100000e+01 2.469646251789906e-19
4.66416000e+01 2.468809509007363e-19
4.66732000e+01 2.467973616141348e-19
4.67048000e+01 2.467138571754007e-19
4.67364000e+01 2.466304374410885e-19
4.67680000e+01 2.465471022680924e-19
4.67996000e+01 2.464638515136447e-19
4.68312000e+01 2.463806850353148e-19
4.68628000e+01 2.462976026910084e-19
4.68944000e+01 2.462146043389664e-19
4.69260000e+01 2.461316898377640e-19
4.69576000e+01 2.460488590463092e-19
4.69892000e+01 2.459661118238426e-19
4.70208000e+01 2.458834480299356e-19
4.70524000e+01 2.458008675244898e-19
4.70840000e+01 2.457183701677361e-19
4.71156000e+01 2.456359558202334e-19
4.71472000e+01 2.455536243428678e-19
4.71788000e+01 2.454713755968515e-19
4.72104000e+01 2.453892094437222e-19
4.72420000e+01 2.453071257453415e-19
4.72736000e+01 2.452251243638943e-19
4.73052000e+01 2.451432051618878e-19
4.73368000e+01 2.450613680021505e-19
4.73684000e+01 2.449796127478313e-19
4.74000000e+01 2.448979392623983e-19
4.74316000e+01 2.448163474096382e-19
4.74632000e+01 2.447348370536550e-19
4.74948000e+01 2.446534080588695e-19
4.75264000e+01 2.445720602900175e-19
4.75580000e+01 2.444907936121501e-19
4.75896000e+01 2.444096078906317e-19
4.76212000e+01 2.443285029911393e-19
4.76528000e+01 2.442474787796621e-19
4.76844000e+01 2.441665351224999e-19
4.77160000e+01 2.440856718862625e-19
4.77476000e+01 2.440048889378689e-19
4.77792000e+01 2.439241861445459e-19
4.78108000e+01 2.438435633738278e-19
4.78424000e+01 2.437630204935550e-19
4.78740000e+01 2.436825573718734e-19
4.79056000e+01 2.436021738772331e-19
4.79372000e+01 2.435218698783880e-19
4.79688000e+01 2.434416452443947e-19
4.80004000e+01 2.433614998446115e-19
4.80320000e+01 2.432814335486973e-19
4.80636000e+01 2.432014462266113e-19
4.80952000e+01 2.431215377486118e-19
4.81268000e+01 2.430417079852551e-19
4.81584000e+01 2.429619568073950e-19
4.81900000e+01 2.428822840861817e-19
4.82216000e+01 2.428026896930608e-19
4.82532000e+01 2.427231734997730e-19
4.82848000e+01 2.426437353783525e-19
4.83164000e+01 2.425643752011265e-19
4.83480000e+01 2.424850928407145e-19
4.83796000e+01 2.424058881700270e-19
4.84112000e+01 2.423267610622653e-19
4.84428000e+01 2.422477113909196e-19
4.84744000e+01 2.421687390297694e-19
4.85060000e+01 2.420898438528818e-19
4.85376000e+01 2.420110257346109e-19
4.85692000e+01 2.419322845495969e-19
4.86008000e+01 2.418536201727654e-19
4.86324000e+01 2.417750324793266e-19
4.86640000e+01 2.416965213447742e-19
4.86956000e+01 2.416180866448849e-19
4.87272000e+01 2.415397282557171e-19
4.87588000e+01 2.414614460536105e-19
4.87904000e+01 2.413832399151856e-19
4.88220000e+01 2.413051097173418e-19
4.88536000e+01 2.412270553372576e-19
4.88852000e+01 2.411490766523893e-19
4.89168000e+01 2.410711735404703e-19
4.89484000e+01 2.409933458795105e-19
4.89800000e+01 2.409155935477952e-19
4.90116000e+01 2.408379164238841e-19
4.90432000e+01 2.407603143866114e-19
4.90748000e+01 2.406827873150838e-19
4.91064000e+01 2.406053350886808e-19
4.91380000e+01 2.405279575870534e-19
4.91696000e+01 2.404506546901229e-19
4.92012000e+01 2.403734262780811e-19
4.92328000e+01 2.402962722313887e-19
4.92644000e+01 2.402191924307749e-19
4.92960000e+01 2.401421867572364e-19
4.93276000e+01 2.400652550920371e-19
4.93592000e+01 2.399883973167067e-19
4.93908000e+01 2.399116133130403e-19
4.94224000e+01 2.398349029630975e-19
4.94540000e+01 2.397582661492019e-19
4.94856000e+01 2.396817027539400e-19
4.95172000e+01 2.396052126601608e-19
4.95488000e+01 2.395287957509743e-19
4.95804000e+01 2.394524519097520e-19
4.96120000e+01 2.393761810201249e-19
4.96436000e+01 2.392999829659836e-19
4.96752000e+01 2.392238576314771e-19
4.97068000e+01 2.391478049010123e-19
4.97384000e+01 2.390718246592531e-19
4.97700000e+01 2.389959167911199e-19
4.98016000e+01 2.389200811817886e-19
4.98332000e+01 2.388443177166898e-19
4.98648000e+01 2.387686262815085e-19
4.98964000e+01 2.386930067621832e-19
4.99280000e+01 2.386174590449048e-19
4.99596000e+01 2.385419830161165e-19
4.99912000e+01 2.384665785625126e-19
5.00228000e+01 2.383912455710380e-19
5.00544000e+01 2.383159839288873e-19
5.00860000e+01 2.382407935235046e-19
5.01176000e+01 2.381656742425820e-19
5.01492000e+01 2.380906259740597e-19
5.01808000e+01 2.380156486061246e-19
5.02124000e+01 2.379407420272102e-19
5.02440000e+01 2.378659061259954e-19
5.02756000e+01 2.377911407914042e-19
5.03072000e+01 2.377164459126047e-19
5.03388000e+01 2.376418213790087e-19
5.03704000e+01 2.375672670802708e-19
5.04020000e+01 2.374927829062876e-19
5.04336000e+01 2.374183687471974e-19
5.04652000e+01 2.373440244933792e-19
5.04968000e+01 2.372697500354524e-19
5.05284000e+01 2.371955452642756e-19
5.05600000e+01 2.371214100709460e-19
5.05916000e+01 2.370473443467993e-19
5.06232000e+01 2.369733479834086e-19
5.06548000e+01 2.368994208725834e-19
5.06864000e+01 2.368255629063699e-19
5.07180000e+01 2.367517739770491e-19
5.07496000e+01 2.366780539771373e-19
5.07812000e+01 2.366044027993847e-19
5.08128000e+01 2.365308203367751e-19
5.08444000e+01 2.364573064825251e-19
5.08760000e+01 2.363838611300832e-19
5.09076000e+01 2.363104841731298e-19
5.09392000e+01 2.362371755055760e-19
5.09708000e+01 2.361639350215633e-19
5.10024000e+01 2.360907626154625e-19
5.10340000e+01 2.360176581818736e-19
5.10656000e+01 2.359446216156248e-19
5.10972000e+01 2.358716528117719e-19
5.11288000e+01 2.357987516655981e-19
5.11604000e+01 2.357259180726125e-19
5.11920000e+01 2.356531519285505e-19
5.12236000e+01 2.355804531293722e-19
5.12552000e+01 2.355078215712626e-19
5.12868000e+01 2.354352571506304e-19
5.13184000e+01 2.353627597641077e-19
5.13500000e+01 2.352903293085492e-19
5.13816000e+01 2.352179656810316e-19
5.14132000e+01 2.351456687788533e-19
5.14448000e+01 2.350734384995333e-19
5.14764000e+01 2.350012747408107e-19
5.15080000e+01 2.349291774006446e-19
5.15396000e+01 2.348571463772128e-19
5.15712000e+01 2.347851815689116e-19
5.16028000e+01 2.347132828743552e-19
5.16344000e+01 2.346414501923747e-19
5.16660000e+01 2.345696834220181e-19
5.16976000e+01 2.344979824625493e-19
5.17292000e+01 2.344263472134477e-19
5.17608000e+01 2.343547775744073e-19
5.17924000e+01 2.342832734453366e-19
5.18240000e+01 2.342118347263574e-19
5.18556000e+01 2.341404613178050e-19
5.18872000e+01 2.340691531202269e-19
5.19188000e+01 2.339979100343824e-19
5.19504000e+01 2.339267319612422e-19
5.19820000e+01 2.338556188019881e-19
5.20136000e+01 2.337845704580115e-19
5.20452000e+01 2.337135868309135e-19
5.20768000e+01 2.336426678225046e-19
5.21084000e+01 2.335718133348032e-19
5.21400000e+01 2.335010232700361e-19
5.21716000e+01 2.334302975306369e-19
5.22032000e+01 2.333596360192462e-19
5.22348000e+01 2.332890386387109e-19
5.22664000e+01 2.332185052920834e-19
5.22980000e+01 2.331480358826208e-19
5.23296000e+01 2.330776303137854e-19
5.23612000e+01 2.330072884892428e-19
5.23928000e+01 2.329370103128624e-19
5.24244000e+01 2.328667956887162e-19
5.24560000e+01 2.327966445210787e-19
5.24876000e+01 2.327265567144259e-19
5.25192000e+01 2.326565321734353e-19
5.25508000e+01 2.325865708029846e-19
5.25824000e+01 2.325166725081520e-19
5.26140000e+01 2.324468371942152e-19
5.26456000e+01 2.323770647666508e-19
5.26772000e+01 2.323073551311339e-19
5.27088000e+01 2.322377081935378e-19
5.27404000e+01 2.321681238599328e-19
5.27720000e+01 2.320986020365864e-19
5.28036000e+01 2.320291426299624e-19
5.28352000e+01 2.319597455467204e-19
5.28668000e+01 2.318904106937153e-19
5.28984000e+01 2.318211379779967e-19
5.29300000e+01 2.317519273068086e-19
5.29616000e+01 2.316827785875886e-19
5.29932000e+01 2.316136917279677e-19
5.30248000e+01 2.315446666357694e-19
5.30564000e+01 2.314757032190095e-19
5.30880000e+01 2.314068013858953e-19
5.31196000e+01 2.313379610448254e-19
5.31512000e+01 2.312691821043890e-19
5.31828000e+01 2.312004644733655e-19
5.32144000e+01 2.311318080607237e-19
5.32460000e+01 2.310632127756218e-19
5.32776000e+01 2.309946785274064e-19
5.33092000e+01 2.309262052256123e-19
5.33408000e+01 2.308577927799617e-19
5.33724000e+01 2.307894411003644e-19
5.34040000e+01 2.307211500969163e-19
5.34356000e+01 2.306529196798996e-19
5.34672000e+01 2.305847497597821e-19
5.34988000e+01 2.305166402472167e-19
5.35304000e+01 2.304485910530411e-19
5.35620000e+01 2.303806020882768e-19
5.35936000e+01 2.303126732641293e-19
5.36252000e+01 2.302448044919870e-19
5.36568000e+01 2.301769956834212e-19
5.36884000e+01 2.301092467501852e-19
5.37200000e+01 2.300415576042141e-19
5.37516000e+01 2.299739281576241e-19
5.37832000e+01 2.299063583227125e-19
5.38148000e+01 2.298388480119566e-19
5.38464000e+01 2.297713971380134e-19
5.38780000e+01 2.297040056137195e-19
5.39096000e+01 2.296366733520901e-19
5.39412000e+01 2.295694002663189e-19
5.39728000e+01 2.295021862697777e-19
5.40044000e+01 2.294350312760152e-19
5.40360000e+01 2.293679351987577e-19
5.40676000e+01 2.293008979519076e-19
5.40992000e+01 2.292339194495434e-19
5.41308000e+01 2.291669996059193e-19
5.41624000e+01 2.291001383354646e-19
5.41940000e+01 2.290333355527832e-19
5.42256000e+01 2.289665911726533e-19
5.42572000e+01 2.288999051100265e-19
5.42888000e+01 2.288332772800282e-19
5.43204000e+01 2.287667075979563e-19
5.43520000e+01 2.287001959792812e-19
5.43836000e+01 2.286337423396452e-19
5.44152000e+01 2.285673465948620e-19
5.44468000e+01 2.285010086609166e-19
5.44784000e+01 2.284347284539643e-19
5.45100000e+01 2.283685058903307e-19
5.45416000e+01 2.283023408865111e-19
5.45732000e+01 2.282362333591699e-19
5.46048000e+01 2.281701832251405e-19
5.46364000e+01 2.281041904014247e-19
5.46680000e+01 2.280382548051920e-19
5.46996000e+01 2.279723763537797e-19
5.47312000e+01 2.279065549646918e-19
5.47628000e+01 2.278407905555995e-19
5.47944000e+01 2.277750830443396e-19
5.48260000e+01 2.277094323489151e-19
5.48576000e+01 2.276438383874939e-19
5.48892000e+01 2.275783010784094e-19
5.49208000e+01 2.275128203401590e-19
5.49524000e+01 2.274473960914044e-19
5.49840000e+01 2.273820282509708e-19
5.50156000e+01 2.273167167378467e-19
5.50472000e+01 2.272514614711834e-19
5.50788000e+01 2.271862623702945e-19
5.51104000e+01 2.271211193546555e-19
5.51420000e+01 2.270560323439037e-19
5.51736000e+01 2.269910012578373e-19
5.52052000e+01 2.269260260164152e-19
5.52368000e+01 2.268611065397565e-19
5.52684000e+01 2.267962427481406e-19
5.53000000e+01 2.267314345620058e-19
5.53316000e+01 2.266666819019499e-19
5.53632000e+01 2.266019846887291e-19
5.53948000e+01 2.265373428432578e-19
5.54264000e+01 2.264727562866085e-19
5.54580000e+01 2.264082249400110e-19
5.54896000e+01 2.263437487248519e-19
5.55212000e+01 2.262793275626748e-19
5.55528000e+01 2.262149613751792e-19
5.55844000e+01 2.261506500842207e-19
5.56160000e+01 2.260863936118100e-19
5.56476000e+01 2.260221918801132e-19
5.56792000e+01 2.259580448114508e-19
5.57108000e+01 2.258939523282975e-19
5.57424000e+01 2.258299143532819e-19
5.57740000e+01 2.257659308091861e-19
5.58056000e+01 2.257020016189453e-19
5.58372000e+01 2.256381267056472e-19
5.58688000e+01 2.255743059925319e-19
5.59004000e+01 2.255105394029914e-19
5.59320000e+01 2.254468268605691e-19
5.59636000e+01 2.253831682889596e-19
5.59952000e+01 2.253195636120083e-19
5.60268000e+01 2.252560127537108e-19
5.60584000e+01 2.251925156382128e-19
5.60900000e+01 2.251290721898096e-19
5.61216000e+01 2.250656823329455e-19
5.61532000e+01 2.250023459922140e-19
5.61848000e+01 2.249390630923567e-19
5.62164000e+01 2.248758335582636e-19
5.62480000e+01 2.248126573149721e-19
5.62796000e+01 2.247495342876672e-19
5.63112000e+01 2.246864644016806e-19
5.63428000e+01 2.246234475824909e-19
5.63744000e+01 2.245604837557228e-19
5.64060000e+01 2.244975728471467e-19
5.64376000e+01 2.244347147826786e-19
5.64692000e+01 2.243719094883797e-19
5.65008000e+01 2.243091568904559e-19
5.65324000e+01 2.242464569152574e-19
5.65640000e+01 2.241838094892785e-19
5.65956000e+01 2.241212145391573e-19
5.66272000e+01 2.240586719916750e-19
5.66588000e+01 2.239961817737557e-19
5.66904000e+01 2.239337438124664e-19
5.67220000e+01 2.238713580350160e-19
5.67536000e+01 2.238090243687555e-19
5.67852000e+01 2.237467427411773e-19
5.68168000e+01 2.236845130799150e-19
5.68484000e+01 2.236223353127429e-19
5.68800000e+01 2.235602093675760e-19
5.69116000e+01 2.234981351724692e-19
5.69432000e+01 2.234361126556173e-19
5.69748000e+01 2.233741417453543e-19
5.70064000e+01 2.233122223701535e-19
5.70380000e+01 2.232503544586268e-19
5.70696000e+01 2.231885379395243e-19
5.71012000e+01 2.231267727417346e-19
5.71328000e+01 2.230650587942834e-19
5.71644000e+01 2.230033960263342e-19
5.71960000e+01 2.229417843671872e-19
5.72276000e+01 2.228802237462794e-19
5.72592000e+01 2.228187140931842e-19
5.72908000e+01 2.227572553376107e-19
5.73224000e+01 2.226958474094039e-19
5.73540000e+01 2.226344902385439e-19
5.73856000e+01 2.225731837551460e-19
5.74172000e+01 2.225119278894599e-19
5.74488000e+01 2.224507225718698e-19
5.74804000e+01 2.223895677328937e-19
5.75120000e+01 2.223284633031833e-19
5.75436000e+01 2.222674092135238e-19
5.75752000e+01 2.222064053948329e-19
5.76068000e+01 2.221454517781616e-19
5.76384000e+01 2.220845482946926e-19
5.76700000e+01 2.220236948757410e-19
5.77016000e+01 2.219628914527535e-19
5.77332000e+01 2.219021379573079e-19
5.77648000e+01 2.218414343211132e-19
5.77964000e+01 2.217807804760093e-19
5.78280000e+01 2.217201763539662e-19
5.78596000e+01 2.216596218870840e-19
5.78912000e+01 2.215991170075926e-19
5.79228000e+01 2.215386616478515e-19
5.79544000e+01 2.214782557403488e-19
5.79860000e+01 2.214178992177018e-19
5.80176000e+01 2.213575920126563e-19
5.80492000e+01 2.212973340580860e-19
5.80808000e+01 2.212371252869926e-19
5.81124000e+01 2.211769656325052e-19
5.81440000e+01 2.211168550278803e-19
5.81756000e+01 2.210567934065012e-19
5.82072000e+01 2.209967807018779e-19
5.82388000e+01 2.209368168476465e-19
5.82704000e+01 2.208769017775691e-19
5.83020000e+01 2.208170354255337e-19
5.83336000e+01 2.207572177255534e-19
5.83652000e+01 2.206974486117666e-19
5.83968000e+01 2.206377280184362e-19
5.84284000e+01 2.205780558799498e-19
5.84600000e+01 2.205184321308189e-19
5.84916000e+01 2.204588567056790e-19
5.85232000e+01 2.203993295392893e-19
5.85548000e+01 2.203398505665318e-19
5.85864000e+01 2.202804197224119e-19
5.86180000e+01 2.202210369420574e-19
5.86496000e+01 2.201617021607185e-19
5.86812000e+01 2.201024153137676e-19
5.87128000e+01 2.200431763366985e-19
5.87444000e+01 2.199839851651268e-19
5.87760000e+01 2.199248417347891e-19
5.88076000e+01 2.198657459815430e-19
5.88392000e+01 2.198066978413667e-19
5.88708000e+01 2.197476972503584e-19
5.89024000e+01 2.196887441447368e-19
5.89340000e+01 2.196298384608398e-19
5.89656000e+01 2.195709801351250e-19
5.89972000e+01 2.195121691041691e-19
5.90288000e+01 2.194534053046677e-19
5.90604000e+01 2.193946886734349e-19
5.90920000e+01 2.193360191474030e-19
5.91236000e+01 2.192773966636224e-19
5.91552000e+01 2.192188211592613e-19
5.91868000e+01 2.191602925716051e-19
5.92184000e+01 2.191018108380564e-19
5.92500000e+01 2.190433758961349e-19
5.92816000e+01 2.189849876834766e-19
5.93132000e+01 2.189266461378339e-19
5.93448000e+01 2.188683511970753e-19
5.93764000e+01 2.188101027991850e-19
5.94080000e+01 2.187519008822624e-19
5.94396000e+01 2.186937453845228e-19
5.94712000e+01 2.186356362442955e-19
5.95028000e+01 2.185775734000252e-19
5.95344000e+01 2.185195567902707e-19
5.95660000e+01 2.184615863537047e-19
5.95976000e+01 2.184036620291140e-19
5.96292000e+01 2.183457837553989e-19
5.96608000e+01 2.182879514715728e-19
5.96924000e+01 2.182301651167623e-19
5.97240000e+01 2.181724246302068e-19
5.97556000e+01 2.181147299512580e-19
5.97872000e+01 2.180570810193798e-19
5.98188000e+01 2.179994777741483e-19
5.98504000e+01 2.179419201552509e-19
5.98820000e+01 2.178844081024867e-19
5.99136000e+01 2.178269415557658e-19
5.99452000e+01 2.177695204551093e-19
5.99768000e+01 2.177121447406488e-19
6.00084000e+01 2.176548143526263e-19
6.00400000e+01 2.175975292313940e-19
6.00716000e+01 2.175402893174137e-19
6.01032000e+01 2.174830945512569e-19
6.01348000e+01 2.174259448736045e-19
6.01664000e+01 2.173688402252464e-19
6.01980000e+01 2.173117805470812e-19
6.02296000e+01 2.172547657801161e-19
6.02612000e+01 2.171977958654668e-19
6.02928000e+01 2.171408707443566e-19
6.03244000e+01 2.170839903581170e-19
6.03560000e+01 2.170271546481867e-19
6.03876000e+01 2.169703635561119e-19
6.04192000e+01 2.169136170235456e-19
6.04508000e+01 2.168569149922479e-19
6.04824000e+01 2.168002574040850e-19
6.05140000e+01 2.167436442010297e-19
6.05456000e+01 2.166870753251605e-19
6.05772000e+01 2.166305507186621e-19
6.06088000e+01 2.165740703238243e-19
6.06404000e+01 2.165176340830422e-19
6.06720000e+01 2.164612419388163e-19
6.07036000e+01 2.164048938337516e-19
6.07352000e+01 2.163485897105574e-19
6.07668000e+01 2.162923295120479e-19
6.07984000e+01 2.162361131811407e-19
6.08300000e+01 2.161799406608576e-19
6.08616000e+01 2.161238118943239e-19
6.08932000e+01 2.160677268247681e-19
6.09248000e+01 2.160116853955218e-19
6.09564000e+01 2.159556875500195e-19
6.09880000e+01 2.158997332317982e-19
6.10196000e+01 2.158438223844974e-19
6.10512000e+01 2.157879549518586e-19
6.10828000e+01 2.157321308777252e-19
6.11144000e+01 2.156763501060422e-19
6.11460000e+01 2.156206125808561e-19
6.11776000e+01 2.155649182463146e-19
6.12092000e+01 2.155092670466660e-19
6.12408000e+01 2.154536589262598e-19
6.12724000e+01 2.153980938295456e-19
6.13040000e+01 2.153425717010734e-19
6.13356000e+01 2.152870924854931e-19
6.13672000e+01 2.152316561275545e-19
6.13988000e+01 2.151762625721068e-19
6.14304000e+01 2.151209117640985e-19
6.14620000e+01 2.150656036485773e-19
6.14936000e+01 2.150103381706898e-19
6.15252000e+01 2.149551152756810e-19
6.15568000e+01 2.148999349088943e-19
6.15884000e+01 2.148447970157715e-19
6.16200000e+01 2.147897015418522e-19
6.16516000e+01 2.147346484327736e-19
6.16832000e+01 2.146796376342706e-19
6.17148000e+01 2.146246690921753e-19
6.17464000e+01 2.145697427524167e-19
6.17780000e+01 2.145148585610207e-19
6.18096000e+01 2.144600164641099e-19
6.18412000e+01 2.144052164079031e-19
6.18728000e+01 2.143504583387153e-19
6.19044000e+01 2.142957422029576e-19
6.19360000e+01 2.142410679471366e-19
6.19676000e+01 2.141864355178543e-19
6.19992000e+01 2.141318448618082e-19
6.20308000e+01 2.140772959257908e-19
6.20624000e+01 2.140227886566894e-19
6.20940000e+01 2.139683230014859e-19
6.21256000e+01 2.139138989072565e-19
6.21572000e+01 2.138595163211718e-19
6.21888000e+01 2.138051751904963e-19
6.22204000e+01 2.137508754625881e-19
6.22520000e+01 2.136966170848990e-19
6.22836000e+01 2.136424000049740e-19
6.23152000e+01 2.135882241704514e-19
6.23468000e+01 2.135340895290622e-19
6.23784000e+01 2.134799960286302e-19
6.24100000e+01 2.134259436170717e-19
6.24416000e+01 2.133719322423950e-19
6.24732000e+01 2.133179618527009e-19
6.25048000e+01 2.132640323961817e-19
6.25364000e+01 2.132101438211216e-19
6.25680000e+01 2.131562960758958e-19
6.25996000e+01 2.131024891089711e-19
6.26312000e+01 2.130487228689053e-19
6.26628000e+01 2.129949973043469e-19
6.26944000e+01 2.129413123640350e-19
6.27260000e+01 2.128876679967991e-19
6.27576000e+01 2.128340641515589e-19
6.27892000e+01 2.127805007773241e-19
6.28208000e+01 2.127269778231941e-19
6.28524000e+01 2.126734952383581e-19
6.28840000e+01 2.126200529720945e-19
6.29156000e+01 2.125666509737708e-19
6.29472000e+01 2.125132891928437e-19
6.29788000e+01 2.124599675788586e-19
6.30104000e+01 2.124066860814492e-19
6.30420000e+01 2.123534446503380e-19
6.30736000e+01 2.123002432353353e-19
6.31052000e+01 2.122470817863398e-19
6.31368000e+01 2.121939602533375e-19
6.31684000e+01 2.121408785864023e-19
6.32000000e+01 2.120878367356954e-19
6.32316000e+01 2.120348346514651e-19
6.32632000e+01 2.119818722840468e-19
6.32948000e+01 2.119289495838627e-19
6.33264000e+01 2.118760665014214e-19
6.33580000e+01 2.118232229873183e-19
6.33896000e+01 2.117704189922345e-19
6.34212000e+01 2.117176544669375e-19
6.34528000e+01 2.116649293622806e-19
6.34844000e+01 2.116122436292025e-19
6.35160000e+01 2.115595972187275e-19
6.35476000e+01 2.115069900819653e-19
6.35792000e+01 2.114544221701103e-19
6.36108000e+01 2.114018934344419e-19
6.36424000e+01 2.113494038263245e-19
6.36740000e+01 2.112969532972065e-19
6.37056000e+01 2.112445417986209e-19
6.37372000e+01 2.111921692821848e-19
6.37688000e+01 2.111398356995991e-19
6.38004000e+01 2.110875410026485e-19
6.38320000e+01 2.110352851432012e-19
6.38636000e+01 2.109830680732090e-19
6.38952000e+01 2.109308897447066e-19
6.39268000e+01 2.108787501098117e-19
6.39584000e+01 2.108266491207250e-19
6.39900000e+01 2.107745867297298e-19
6.40216000e+01 2.107225628891916e-19
6.40532000e+01 2.106705775515586e-19
6.40848000e+01 2.106186306693605e-19
6.41164000e+01 2.105667221952094e-19
6.41480000e+01 2.105148520817989e-19
6.41796000e+01 2.104630202819041e-19
6.42112000e+01 2.104112267483816e-19
6.42428000e+01 2.103594714341690e-19
6.42744000e+01 2.103077542922850e-19
6.43060000e+01 2.102560752758290e-19
6.43376000e+01 2.102044343379813e-19
6.43692000e+01 2.101528314320023e-19
6.44008000e+01 2.101012665112329e-19
6.44324000e+01 2.100497395290942e-19
6.44640000e+01 2.099982504390868e-19
6.44956000e+01 2.099467991947916e-19
6.45272000e+01 2.098953857498687e-19
6.45588000e+01 2.098440100580576e-19
6.45904000e+01 2.097926720731773e-19
6.46220000e+01 2.097413717491255e-19
6.46536000e+01 2.096901090398791e-19
6.46852000e+01 2.096388838994935e-19
6.47168000e+01 2.095876962821025e-19
6.47484000e+01 2.095365461419187e-19
6.47800000e+01 2.094854334332324e-19
6.48116000e+01 2.094343581104123e-19
6.48432000e+01 2.093833201279046e-19
6.48748000e+01 2.093323194402335e-19
6.49064000e+01 2.092813560020004e-19
6.49380000e+01 2.092304297678842e-19
6.49696000e+01 2.091795406926409e-19
6.50012000e+01 2.091286887311037e-19
6.50328000e+01 2.090778738381822e-19
6.50644000e+01 2.090270959688630e-19
6.50960000e+01 2.089763550782092e-19
6.51276000e+01 2.089256511213600e-19
6.51592000e+01 2.088749840535308e-19
6.51908000e+01 2.088243538300131e-19
6.52224000e+01 2.087737604061743e-19
6.52540000e+01 2.087232037374572e-19
6.52856000e+01 2.086726837793803e-19
6.53172000e+01 2.086222004875373e-19
6.53488000e+01 2.085717538175972e-19
6.53804000e+01 2.085213437253038e-19
6.54120000e+01 2.084709701664759e-19
6.54436000e+01 2.084206330970070e-19
6.54752000e+01 2.083703324728650e-19
6.55068000e+01 2.083200682500922e-19
6.55384000e+01 2.082698403848052e-19
6.55700000e+01 2.082196488331944e-19
6.56016000e+01 2.081694935515242e-19
6.56332000e+01 2.081193744961327e-19
6.56648000e+01 2.080692916234315e-19
6.56964000e+01 2.080192448899058e-19
6.57280000e+01 2.079692342521138e-19
6.57596000e+01 2.079192596666867e-19
6.57912000e+01 2.078693210903289e-19
6.58228000e+01 2.078194184798174e-19
6.58544000e+01 2.077695517920018e-19
6.58860000e+01 2.077197209838042e-19
6.59176000e+01 2.076699260122188e-19
6.59492000e+01 2.076201668343121e-19
6.59808000e+01 2.075704434072227e-19
6.60124000e+01 2.075207556881609e-19
6.60440000e+01 2.074711036344084e-19
6.60756000e+01 2.074214872033188e-19
6.61072000e+01 2.073719063523168e-19
6.61388000e+01 2.073223610388986e-19
6.61704000e+01 2.072728512206311e-19
6.62020000e+01 2.072233768551523e-19
6.62336000e+01 2.071739379001710e-19
6.62652000e+01 2.071245343134664e-19
6.62968000e+01 2.070751660528883e-19
6.63284000e+01 2.070258330763567e-19
6.63600000e+01 2.069765353418617e-19
6.63916000e+01 2.069272728074637e-19
6.64232000e+01 2.068780454312925e-19
6.64548000e+01 2.068288531715479e-19
6.64864000e+01 2.067796959864991e-19
6.65180000e+01 2.067305738344848e-19
6.65496000e+01 2.066814866739129e-19
6.65812000e+01 2.066324344632603e-19
6.66128000e+01 2.065834171610730e-19
6.66444000e+01 2.065344347259657e-19
6.66760000e+01 2.064854871166219e-19
6.67076000e+01 2.064365742917933e-19
6.67392000e+01 2.063876962103004e-19
6.67708000e+01 2.063388528310316e-19
6.68024000e+01 2.062900441129434e-19
6.68340000e+01 2.062412700150604e-19
6.68656000e+01 2.061925304964748e-19
6.68972000e+01 2.061438255163465e-19
6.69288000e+01 2.060951550339030e-19
6.69604000e+01 2.060465190084390e-19
6.69920000e+01 2.059979173993166e-19
6.70236000e+01 2.059493501659646e-19
6.70552000e+01 2.059008172678792e-19
6.70868000e+01 2.058523186646230e-19
6.71184000e+01 2.058038543158255e-19
6.71500000e+01 2.057554241811825e-19
6.71816000e+01 2.057070282204563e-19
6.72132000e+01 2.056586663934754e-19
6.72448000e+01 2.056103386601343e-19
6.72764000e+01 2.055620449803936e-19
6.73080000e+01 2.055137853142794e-19
6.73396000e+01 2.054655596218839e-19
6.73712000e+01 2.054173678633643e-19
6.74028000e+01 2.053692099989437e-19
6.74344000e+01 2.053210859889101e-19
6.74660000e+01 2.052729957936167e-19
6.74976000e+01 2.052249393734817e-19
6.75292000e+01 2.051769166889882e-19
6.75608000e+01 2.051289277006838e-19
6.75924000e+01 2.050809723691808e-19
6.76240000e+01 2.050330506551561e-19
6.76556000e+01 2.049851625193505e-19
6.76872000e+01 2.049373079225692e-19
6.77188000e+01 2.048894868256814e-19
6.77504000e+01 2.048416991896202e-19
6.77820000e+01 2.047939449753824e-19
6.78136000e+01 2.047462241440284e-19
6.78452000e+01 2.046985366566821e-19
6.78768000e+01 2.046508824745309e-19
6.79084000e+01 2.046032615588252e-19
6.79400000e+01 2.045556738708787e-19
6.79716000e+01 2.045081193720678e-19
6.80032000e+01 2.044605980238319e-19
6.80348000e+01 2.044131097876732e-19
6.80664000e+01 2.043656546251561e-19
6.80980000e+01 2.043182324979079e-19
6.81296000e+01 2.042708433676177e-19
6.81612000e+01 2.042234871960372e-19
6.81928000e+01 2.041761639449798e-19
6.82244000e+01 2.041288735763212e-19
6.82560000e+01 2.040816160519985e-19
6.82876000e+01 2.040343913340108e-19
6.83192000e+01 2.039871993844183e-19
6.83508000e+01 2.039400401653429e-19
6.83824000e+01 2.038929136389679e-19
6.84140000e+01 2.038458197675373e-19
6.84456000e+01 2.037987585133565e-19
6.84772000e+01 2.037517298387917e-19
6.85088000e+01 2.037047337062697e-19
6.85404000e+01 2.036577700782781e-19
6.85720000e+01 2.036108389173650e-19
6.86036000e+01 2.035639401861389e-19
6.86352000e+01 2.035170738472684e-19
6.86668000e+01 2.034702398634824e-19
6.86984000e+01 2.034234381975698e-19
6.87300000e+01 2.033766688123793e-19
6.87616000e+01 2.033299316708194e-19
6.87932000e+01 2.032832267358583e-19
6.88248000e+01 2.032365539705237e-19
6.88564000e+01 2.031899133379025e-19
6.88880000e+01 2.031433048011412e-19
6.89196000e+01 2.030967283234451e-19
6.89512000e+01 2.030501838680789e-19
6.89828000e+01 2.030036713983660e-19
6.90144000e+01 2.029571908776884e-19
6.90460000e+01 2.029107422694871e-19
6.90776000e+01 2.028643255372615e-19
6.91092000e+01 2.028179406445694e-19
6.91408000e+01 2.027715875550268e-19
6.91724000e+01 2.027252662323082e-19
6.92040000e+01 2.026789766401459e-19
6.92356000e+01 2.026327187423301e-19
6.92672000e+01 2.025864925027090e-19
6.92988000e+01 2.025402978851884e-19
6.93304000e+01 2.024941348537318e-19
6.93620000e+01 2.024480033723601e-19
6.93936000e+01 2.024019034051514e-19
6.94252000e+01 2.023558349162412e-19
6.94568000e+01 2.023097978698221e-19
6.94884000e+01 2.022637922301438e-19
6.95200000e+01 2.022178179615126e-19
6.95516000e+01 2.021718750282918e-19
6.95832000e+01 2.021259633949013e-19
6.96148000e+01 2.020800830258175e-19
6.96464000e+01 2.020342338855732e-19
6.96780000e+01 2.019884159387575e-19
6.97096000e+01 2.019426291500159e-19
6.97412000e+01 2.018968734840496e-19
6.97728000e+01 2.018511489056161e-19
6.98044000e+01 2.018054553795285e-19
6.98360000e+01 2.017597928706558e-19
6.98676000e+01 2.017141613439226e-19
6.98992000e+01 2.016685607643088e-19
6.99308000e+01 2.016229910968501e-19
6.99624000e+01 2.015774523066369e-19
6.99940000e+01 2.015319443588154e-19
7.00256000e+01 2.014864672185865e-19
7.00572000e+01 2.014410208512060e-19
7.00888000e+01 2.013956052219846e-19
7.01204000e+01 2.013502202962879e-19
7.01520000e+01 2.013048660395359e-19
7.01836000e+01 2.012595424172031e-19
7.02152000e+01 2.012142493948186e-19
7.02468000e+01 2.011689869379655e-19
7.02784000e+01 2.011237550122812e-19
7.03100000e+01 2.010785535834572e-19
7.03416000e+01 2.010333826172389e-19
7.03732000e+01 2.009882420794256e-19
7.04048000e+01 2.009431319358703e-19
7.04364000e+01 2.008980521524795e-19
7.04680000e+01 2.008530026952134e-19
7.04996000e+01 2.008079835300855e-19
7.05312000e+01 2.007629946231626e-19
7.05628000e+01 2.007180359405649e-19
7.05944000e+01 2.006731074484652e-19
7.06260000e+01 2.006282091130899e-19
7.06576000e+01 2.005833409007177e-19
7.06892000e+01 2.005385027776806e-19
7.07208000e+01 2.004936947103628e-19
7.07524000e+01 2.004489166652012e-19
7.07840000e+01 2.004041686086853e-19
7.08156000e+01 2.003594505073569e-19
7.08472000e+01 2.003147623278098e-19
7.08788000e+01 2.002701040366902e-19
7.09104000e+01 2.002254756006961e-19
7.09420000e+01 2.001808769865777e-19
7.09736000e+01 2.001363081611368e-19
7.10052000e+01 2.000917690912271e-19
7.10368000e+01 2.000472597437537e-19
7.10684000e+01 2.000027800856734e-19
7.11000000e+01 1.999583300839941e-19
7.11316000e+01 1.999139097057755e-19
7.11632000e+01 1.998695189181280e-19
7.11948000e+01 1.998251576882135e-19
7.12264000e+01 1.997808259832446e-19
7.12580000e+01 1.997365237704850e-19
7.12896000e+01 1.996922510172490e-19
7.13212000e+01 1.996480076909018e-19
7.13528000e+01 1.996037937588590e-19
7.13844000e+01 1.995596091885869e-19
7.14160000e+01 1.995154539476020e-19
7.14476000e+01 1.994713280034712e-19
7.14792000e+01 1.994272313238114e-19
7.15108000e+01 1.993831638762899e-19
7.15424000e+01 1.993391256286238e-19
7.15740000e+01 1.992951165485801e-19
7.16056000e+01 1.992511366039757e-19
7.16372000e+01 1.992071857626769e-19
7.16688000e+01 1.991632639925999e-19
7.17004000e+01 1.991193712617104e-19
7.17320000e+01 1.990755075380233e-19
7.17636000e+01 1.990316727896029e-19
7.17952000e+01 1.989878669845627e-19
7.18268000e+01 1.989440900910652e-19
7.18584000e+01 1.989003420773222e-19
7.18900000e+01 1.988566229115941e-19
7.19216000e+01 1.988129325621903e-19
7.19532000e+01 1.987692709974687e-19
7.19848000e+01 1.987256381858361e-19
7.20164000e+01 1.986820340957477e-19
7.20480000e+01 1.986384586957071e-19
7.20796000e+01 1.985949119542662e-19
7.21112000e+01 1.985513938400253e-19
7.21428000e+01 1.985079043216326e-19
7.21744000e+01 1.984644433677846e-19
7.22060000e+01 1.984210109472256e-19
7.22376000e+01 1.983776070287478e-19
7.22692000e+01 1.983342315811913e-19
7.23008000e+01 1.982908845734435e-19
7.23324000e+01 1.982475659744398e-19
7.23640000e+01 1.982042757531628e-19
7.23956000e+01 1.981610138786426e-19
7.24272000e+01 1.981177803199567e-19
7.24588000e+01 1.980745750462296e-19
7.24904000e+01 1.980313980266330e-19
7.25220000e+01 1.979882492303856e-19
7.25536000e+01 1.979451286267531e-19
7.25852000e+01 1.979020361850480e-19
7.26168000e+01 1.978589718746296e-19
7.26484000e+01 1.978159356649036e-19
7.26800000e+01 1.977729275253226e-19
7.27116000e+01 1.977299474253855e-19
7.27432000e+01 1.976869953346375e-19
7.27748000e+01 1.976440712226703e-19
7.28064000e+01 1.976011750591217e-19
7.28380000e+01 1.975583068136755e-19
7.28696000e+01 1.975154664560616e-19
7.29012000e+01 1.974726539560559e-19
7.29328000e+01 1.974298692834801e-19
7.29644000e+01 1.973871124082015e-19
7.29960000e+01 1.973443833001333e-19
7.30276000e+01 1.973016819292342e-19
7.30592000e+01 1.972590082655083e-19
7.30908000e+01 1.972163622790050e-19
7.31224000e+01 1.971737439398193e-19
7.31540000e+01 1.971311532180913e-19
7.31856000e+01 1.970885900840061e-19
7.32172000e+01 1.970460545077938e-19
7.32488000e+01 1.970035464597299e-19
7.32804000e+01 1.969610659101342e-19
7.33120000e+01 1.969186128293716e-19
7.33436000e+01 1.968761871878517e-19
7.33752000e+01 1.968337889560285e-19
7.34068000e+01 1.967914181044008e-19
7.34384000e+01 1.967490746035117e-19
7.34700000e+01 1.967067584239485e-19
7.35016000e+01 1.966644695363430e-19
7.35332000e+01 1.966222079113710e-19
7.35648000e+01 1.965799735197526e-19
7.35964000e+01 1.965377663322516e-19
7.36280000e+01 1.964955863196761e-19
7.36596000e+01 1.964534334528778e-19
7.36912000e+01 1.964113077027520e-19
7.37228000e+01 1.963692090402380e-19
7.37544000e+01 1.963271374363187e-19
7.37860000e+01 1.962850928620200e-19
7.38176000e+01 1.962430752884118e-19
7.38492000e+01 1.962010846866069e-19
7.38808000e+01 1.961591210277617e-19
7.39124000e+01 1.961171842830756e-19
7.39440000e+01 1.960752744237910e-19
7.39756000e+01 1.960333914211934e-19
7.40072000e+01 1.959915352466112e-19
7.40388000e+01 1.959497058714157e-19
7.40704000e+01 1.959079032670208e-19
7.41020000e+01 1.958661274048832e-19
7.41336000e+01 1.958243782565021e-19
7.41652000e+01 1.957826557934193e-19
7.41968000e+01 1.957409599872190e-19
7.42284000e+01 1.956992908095276e-19
7.42600000e+01 1.956576482320140e-19
7.42916000e+01 1.956160322263892e-19
7.43232000e+01 1.955744427644062e-19
7.43548000e+01 1.955328798178600e-19
7.43864000e+01 1.954913433585878e-19
7.44180000e+01 1.954498333584684e-19
7.44496000e+01 1.954083497894225e-19
7.44812000e+01 1.953668926234124e-19
7.45128000e+01 1.953254618324421e-19
7.45444000e+01 1.952840573885573e-19
7.45760000e+01 1.952426792638448e-19
7.46076000e+01 1.952013274304330e-19
7.46392000e+01 1.951600018604917e-19
7.46708000e+01 1.951187025262317e-19
7.47024000e+01 1.950774293999051e-19
7.47340000e+01 1.950361824538050e-19
7.47656000e+01 1.949949616602655e-19
7.47972000e+01 1.949537669916617e-19
7.48288000e+01 1.949125984204094e-19
7.48604000e+01 1.948714559189652e-19
7.48920000e+01 1.948303394598265e-19
7.49236000e+01 1.947892490155311e-19
7.49552000e+01 1.947481845586574e-19
7.49868000e+01 1.947071460618245e-19
7.50184000e+01 1.946661334976914e-19
7.50500000e+01 1.946251468389578e-19
7.50816000e+01 1.945841860583634e-19
7.51132000e+01 1.945432511286881e-19
7.51448000e+01 1.945023420227519e-19
7.51764000e+01 1.944614587134148e-19
7.52080000e+01 1.944206011735766e-19
7.52396000e+01 1.943797693761771e-19
7.52712000e+01 1.943389632941958e-19
7.53028000e+01 1.942981829006519e-19
7.53344000e+01 1.942574281686040e-19
7.53660000e+01 1.942166990711507e-19
7.53976000e+01 1.941759955814297e-19
7.54292000e+01 1.941353176726181e-19
7.54608000e+01 1.940946653179325e-19
7.54924000e+01 1.940540384906286e-19
7.55240000e+01 1.940134371640015e-19
7.55556000e+01 1.939728613113850e-19
7.55872000e+01 1.939323109061522e-19
7.56188000e+01 1.938917859217152e-19
7.56504000e+01 1.938512863315247e-19
7.56820000e+01 1.938108121090706e-19
7.57136000e+01 1.937703632278810e-19
7.57452000e+01 1.937299396615231e-19
7.57768000e+01 1.936895413836026e-19
7.58084000e+01 1.936491683677636e-19
7.58400000e+01 1.936088205876887e-19
7.58716000e+01 1.935684980170988e-19
7.59032000e+01 1.935282006297532e-19
7.59348000e+01 1.934879283994493e-19
7.59664000e+01 1.934476813000229e-19
7.59980000e+01 1.934074593053476e-19
7.60296000e+01 1.933672623893351e-19
7.60612000e+01 1.933270905259351e-19
7.60928000e+01 1.932869436891351e-19
7.61244000e+01 1.932468218529604e-19
7.61560000e+01 1.932067249914741e-19
7.61876000e+01 1.931666530787769e-19
7.62192000e+01 1.931266060890072e-19
7.62508000e+01 1.930865839963405e-19
7.62824000e+01 1.930465867749904e-19
7.63140000e+01 1.930066143992073e-19
7.63456000e+01 1.929666668432792e-19
7.63772000e+01 1.929267440815313e-19
7.64088000e+01 1.928868460883260e-19
7.64404000e+01 1.928469728380626e-19
7.64720000e+01 1.928071243051777e-19
7.65036000e+01 1.927673004641445e-19
7.65352000e+01 1.927275012894736e-19
7.65668000e+01 1.926877267557120e-19
7.65984000e+01 1.926479768374436e-19
7.66300000e+01 1.926082515092891e-19
7.66616000e+01 1.925685507459055e-19
7.66932000e+01 1.925288745219867e-19
7.67248000e+01 1.924892228122630e-19
7.67564000e+01 1.924495955915008e-19
7.67880000e+01 1.924099928345034e-19
7.68196000e+01 1.923704145161099e-19
7.68512000e+01 1.923308606111958e-19
7.68828000e+01 1.922913310946729e-19
7.69144000e+01 1.922518259414887e-19
7.69460000e+01 1.922123451266271e-19
7.69776000e+01 1.921728886251077e-19
7.70092000e+01 1.921334564119861e-19
7.70408000e+01 1.920940484623537e-19
7.70724000e+01 1.920546647513376e-19
7.71040000e+01 1.920153052541005e-19
7.71356000e+01 1.919759699458410e-19
7.71672000e+01 1.919366588017930e-19
7.71988000e+01 1.918973717972259e-19
7.72304000e+01 1.918581089074447e-19
7.72620000e+01 1.918188701077895e-19
7.72936000e+01 1.917796553736360e-19
7.73252000e+01 1.917404646803947e-19
7.73568000e+01 1.917012980035117e-19
7.73884000e+01 1.916621553184679e-19
7.74200000e+01 1.916230366007794e-19
7.74516000e+01 1.915839418259973e-19
7.74832000e+01 1.915448709697072e-19
7.75148000e+01 1.915058240075301e-19
7.75464000e+01 1.914668009151214e-19
7.75780000e+01 1.914278016681713e-19
7.76096000e+01 1.913888262424048e-19
7.76412000e+01 1.913498746135813e-19
7.76728000e+01 1.913109467574947e-19
7.77044000e+01 1.912720426499735e-19
7.77360000e+01 1.912331622668805e-19
7.77676000e+01 1.911943055841129e-19
7.77992000e+01 1.911554725776020e-19
7.78308000e+01 1.911166632233136e-19
7.78624000e+01 1.910778774972474e-19
7.78940000e+01 1.910391153754372e-19
7.79256000e+01 1.910003768339509e-19
7.79572000e+01 1.909616618488904e-19
7.79888000e+01 1.909229703963914e-19
7.80204000e+01 1.908843024526234e-19
7.80520000e+01 1.908456579937898e-19
7.80836000e+01 1.908070369961276e-19
7.81152000e+01 1.907684394359074e-19
7.81468000e+01 1.907298652894337e-19
7.81784000e+01 1.906913145330441e-19
7.82100000e+01 1.906527871431099e-19
7.82416000e+01 1.906142830960358e-19
7.82732000e+01 1.905758023682598e-19
7.83048000e+01 1.905373449362532e-19
7.83364000e+01 1.904989107765205e-19
7.83680000e+01 1.904604998655995e-19
7.83996000e+01 1.904221121800608e-19
7.84312000e+01 1.903837476965084e-19
7.84628000e+01 1.903454063915790e-19
7.84944000e+01 1.903070882419423e-19
7.85260000e+01 1.902687932243009e-19
7.85576000e+01 1.902305213153903e-19
7.85892000e+01 1.901922724919786e-19
7.86208000e+01 1.901540467308666e-19
7.86524000e+01 1.901158440088877e-19
7.86840000e+01 1.900776643029080e-19
7.87156000e+01 1.900395075898260e-19
7.87472000e+01 1.900013738465726e-19
7.87788000e+01 1.899632630501113e-19
7.88104000e+01 1.899251751774378e-19
7.88420000e+01 1.898871102055799e-19
7.88736000e+01 1.898490681115979e-19
7.89052000e+01 1.898110488725842e-19
7.89368000e+01 1.897730524656630e-19
7.89684000e+01 1.897350788679911e-19
7.90000000e+01 1.896971280567568e-19
7.90316000e+01 1.896592000091805e-19
-----------------------------
