SPECIES: e / A
PROCESS: E + A -> E + A, Elastic
PARAM.:  m/M = 0.0000195921, complete set
COMMENT: [e + A(gnd) -> e + A(gnd), Elastic]
UPDATED: 2018-06-05 11:00:00
COLUMNS: Energy (eV) | Cross section (m2)
-----------------------------
0.00000000e+00 9.098734926863745e-18
1.14800000e-01 4.976263370697242e-18
2.29600000e-01 3.518749574390247e-18
3.44400000e-01 2.873046996630528e-18
4.59200000e-01 2.488131685348621e-18
5.74000000e-01 2.225452634164254e-18
6.88800000e-01 2.031551013985090e-18
8.03600000e-01 1.880850762460704e-18
9.18400000e-01 1.759374787195123e-18
1.03320000e+00 1.658754456899081e-18
1.14800000e+00 1.573632648827009e-18
1.26280000e+00 1.500399859872000e-18
1.37760000e+00 1.436523498315264e-18
1.49240000e+00 1.380167134097090e-18
1.60720000e+00 1.329962328535852e-18
1.72200000e+00 1.284865677403494e-18
1.83680000e+00 1.244065842674311e-18
1.95160000e+00 1.206921146957465e-18
2.06640000e+00 1.172916524796749e-18
2.18120000e+00 1.141633113121703e-18
2.29600000e+00 1.112726317082127e-18
2.41080000e+00 1.085909694012200e-18
2.52560000e+00 1.060942915406837e-18
2.64040000e+00 1.037622640934619e-18
2.75520000e+00 1.015775506992545e-18
2.87000000e+00 9.952526741394485e-19
2.98480000e+00 9.759255396908556e-19
3.09960000e+00 9.576823322101758e-19
3.21440000e+00 9.404253812303519e-19
3.32920000e+00 9.240689094797003e-19
3.44400000e+00 9.085372334058574e-19
3.55880000e+00 8.937632856588551e-19
3.67360000e+00 8.796873935975617e-19
3.78840000e+00 8.662562629891758e-19
3.90320000e+00 8.534221273710690e-19
4.01800000e+00 8.411420320788887e-19
4.13280000e+00 8.293772284495405e-19
4.24760000e+00 8.180926587073705e-19
4.36240000e+00 8.072565159154653e-19
4.47720000e+00 7.968398663976294e-19
4.59200000e+00 7.868163244135044e-19
4.70680000e+00 7.771617707502633e-19
4.82160000e+00 7.678541083922357e-19
4.93640000e+00 7.588730496298378e-19
5.05120000e+00 7.501999299359999e-19
5.16600000e+00 7.418175447214180e-19
5.28080000e+00 7.337100057175634e-19
5.39560000e+00 7.258626142580374e-19
5.51040000e+00 7.182617491576319e-19
5.62520000e+00 7.108947672424632e-19
5.74000000e+00 7.037499148780494e-19
5.85480000e+00 6.968162490865441e-19
5.96960000e+00 6.900835670485451e-19
6.08440000e+00 6.835423429561775e-19
6.19920000e+00 6.771836713283632e-19
6.31400000e+00 6.709992160209900e-19
6.42880000e+00 6.649811642679260e-19
6.54360000e+00 6.591221851766059e-19
6.65840000e+00 6.534153921767542e-19
6.77320000e+00 6.478543089848378e-19
6.88800000e+00 6.424328387017469e-19
7.00280000e+00 6.371452357084310e-19
7.11760000e+00 6.319860800649458e-19
7.23240000e+00 6.269502541535679e-19
7.34720000e+00 6.220329213371553e-19
7.46200000e+00 6.172295064304323e-19
7.57680000e+00 6.125356778049634e-19
7.69160000e+00 6.079473309687166e-19
7.80640000e+00 6.034605734787324e-19
7.92120000e+00 5.990717110608528e-19
8.03600000e+00 5.947772348240147e-19
8.15080000e+00 5.905738094685407e-19
8.26560000e+00 5.864582623983744e-19
8.38040000e+00 5.824275736564888e-19
8.49520000e+00 5.784788666109135e-19
8.61000000e+00 5.746093993261055e-19
8.72480000e+00 5.708165565608516e-19
8.83960000e+00 5.670978423396388e-19
8.95440000e+00 5.634508730495463e-19
9.06920000e+00 5.598733710192820e-19
9.18400000e+00 5.563631585410634e-19
9.29880000e+00 5.529181522996936e-19
9.41360000e+00 5.495363581764563e-19
9.52840000e+00 5.462158663983850e-19
9.64320000e+00 5.429548470061001e-19
9.75800000e+00 5.397515456157809e-19
9.87280000e+00 5.366042794529738e-19
9.98760000e+00 5.335114336378690e-19
1.01024000e+01 5.304714577034184e-19
1.02172000e+01 5.274828623292380e-19
1.03320000e+01 5.245442162756696e-19
1.04468000e+01 5.216541435036622e-19
1.05616000e+01 5.188113204673096e-19
1.06764000e+01 5.160144735669444e-19
1.07912000e+01 5.132623767516535e-19
1.09060000e+01 5.105538492609670e-19
1.10208000e+01 5.078877534962725e-19
1.11356000e+01 5.052629930132342e-19
1.12504000e+01 5.026785106271780e-19
1.13652000e+01 5.001332866239999e-19
1.14800000e+01 4.976263370697243e-19
1.15948000e+01 4.951567122123474e-19
1.17096000e+01 4.927234949700698e-19
1.18244000e+01 4.903257995004526e-19
1.19392000e+01 4.879627698454278e-19
1.20540000e+01 4.856335786474552e-19
1.21688000e+01 4.833374259324537e-19
1.22836000e+01 4.810735379554392e-19
1.23984000e+01 4.788411661050879e-19
1.25132000e+01 4.766395858637026e-19
1.26280000e+01 4.744680958192991e-19
1.27428000e+01 4.723260167267569e-19
1.28576000e+01 4.702126906151760e-19
1.29724000e+01 4.681274799387797e-19
1.30872000e+01 4.660697667688734e-19
1.32020000e+01 4.640389520245329e-19
1.33168000e+01 4.620344547398502e-19
1.34316000e+01 4.600557113656967e-19
1.35464000e+01 4.581021751041037e-19
1.36612000e+01 4.561733152734703e-19
1.37760000e+01 4.542686167029287e-19
1.38908000e+01 4.523875791542948e-19
1.40056000e+01 4.505297167701328e-19
1.41204000e+01 4.486945575465508e-19
1.42352000e+01 4.468816428294275e-19
1.43500000e+01 4.450905268328508e-19
1.44648000e+01 4.433207761786174e-19
1.45796000e+01 4.415719694557170e-19
1.46944000e+01 4.398436967987808e-19
1.48092000e+01 4.381355594845391e-19
1.49240000e+01 4.364471695453845e-19
1.50388000e+01 4.347781493991911e-19
1.51536000e+01 4.331281314945879e-19
1.52684000e+01 4.314967579709280e-19
1.53832000e+01 4.298836803322419e-19
1.54980000e+01 4.282885591344979e-19
1.56128000e+01 4.267110636855345e-19
1.57276000e+01 4.251508717570610e-19
1.58424000e+01 4.236076693081571e-19
1.59572000e+01 4.220811502197338e-19
1.60720000e+01 4.205710160394443e-19
1.61868000e+01 4.190769757365633e-19
1.63016000e+01 4.175987454663772e-19
1.64164000e+01 4.161360483436523e-19
1.65312000e+01 4.146886142247702e-19
1.66460000e+01 4.132561794981419e-19
1.67608000e+01 4.118384868825306e-19
1.68756000e+01 4.104352852329325e-19
1.69904000e+01 4.090463293536852e-19
1.71052000e+01 4.076713798184856e-19
1.72200000e+01 4.063102027970180e-19
1.73348000e+01 4.049625698879084e-19
1.74496000e+01 4.036282579577326e-19
1.75644000e+01 4.023070489858216e-19
1.76792000e+01 4.009987299146181e-19
1.77940000e+01 3.997030925053526e-19
1.79088000e+01 3.984199331988147e-19
1.80236000e+01 3.971490529810111e-19
1.81384000e+01 3.958902572535062e-19
1.82532000e+01 3.946433557082565e-19
1.83680000e+01 3.934081622067522e-19
1.84828000e+01 3.921844946632960e-19
1.85976000e+01 3.909721749322496e-19
1.87124000e+01 3.897710286990912e-19
1.88272000e+01 3.885808853751316e-19
1.89420000e+01 3.874015779957464e-19
1.90568000e+01 3.862329431219833e-19
1.91716000e+01 3.850748207454159e-19
1.92864000e+01 3.839270541961179e-19
1.94012000e+01 3.827894900536341e-19
1.95160000e+01 3.816619780608389e-19
1.96308000e+01 3.805443710405677e-19
1.97456000e+01 3.794365248149189e-19
1.98604000e+01 3.783382981271243e-19
1.99752000e+01 3.772495525658939e-19
2.00900000e+01 3.761701524921408e-19
2.02048000e+01 3.750999649679999e-19
2.03196000e+01 3.740388596880551e-19
2.04344000e+01 3.729867089126943e-19
2.05492000e+01 3.719433874035155e-19
2.06640000e+01 3.709087723607090e-19
2.07788000e+01 3.698827433623453e-19
2.08936000e+01 3.688651823054999e-19
2.10084000e+01 3.678559733491502e-19
2.11232000e+01 3.668550028587817e-19
2.12380000e+01 3.658621593526430e-19
2.13528000e+01 3.648773334495929e-19
2.14676000e+01 3.639004178184818e-19
2.15824000e+01 3.629313071290187e-19
2.16972000e+01 3.619698980040667e-19
2.18120000e+01 3.610160889733242e-19
2.19268000e+01 3.600697804283393e-19
2.20416000e+01 3.591308745788160e-19
2.21564000e+01 3.581992754101665e-19
2.22712000e+01 3.572748886422691e-19
2.23860000e+01 3.563576216893900e-19
2.25008000e+01 3.554473836212316e-19
2.26156000e+01 3.545440851250702e-19
2.27304000e+01 3.536476384689456e-19
2.28452000e+01 3.527579574658705e-19
2.29600000e+01 3.518749574390247e-19
2.30748000e+01 3.509985551879031e-19
2.31896000e+01 3.501286689553866e-19
2.33044000e+01 3.492652183957063e-19
2.34192000e+01 3.484081245432721e-19
2.35340000e+01 3.475573097823393e-19
2.36488000e+01 3.467126978174855e-19
2.37636000e+01 3.458742136448731e-19
2.38784000e+01 3.450417835242726e-19
2.39932000e+01 3.442153349518229e-19
2.41080000e+01 3.433947966335062e-19
2.42228000e+01 3.425800984593147e-19
2.43376000e+01 3.417711714780887e-19
2.44524000e+01 3.409679478730048e-19
2.45672000e+01 3.401703609376950e-19
2.46820000e+01 3.393783450529778e-19
2.47968000e+01 3.385918356641816e-19
2.49116000e+01 3.378107692590446e-19
2.50264000e+01 3.370350833461717e-19
2.51412000e+01 3.362647164340344e-19
2.52560000e+01 3.354996080104950e-19
2.53708000e+01 3.347396985228421e-19
2.54856000e+01 3.339849293583205e-19
2.56004000e+01 3.332352428251419e-19
2.57152000e+01 3.324905821339630e-19
2.58300000e+01 3.317508913798162e-19
2.59448000e+01 3.310161155244806e-19
2.60596000e+01 3.302862003792812e-19
2.61744000e+01 3.295610925883030e-19
2.62892000e+01 3.288407396120079e-19
2.64040000e+01 3.281250897112462e-19
2.65188000e+01 3.274140919316464e-19
2.66336000e+01 3.267076960883771e-19
2.67484000e+01 3.260058527512687e-19
2.68632000e+01 3.253085132302852e-19
2.69780000e+01 3.246156295613359e-19
2.70928000e+01 3.239271544924189e-19
2.72076000e+01 3.232430414700857e-19
2.73224000e+01 3.225632446262197e-19
2.74372000e+01 3.218877187651186e-19
2.75520000e+01 3.212164193508734e-19
2.76668000e+01 3.205493024950363e-19
2.77816000e+01 3.198863249445678e-19
2.78964000e+01 3.192274440700586e-19
2.80112000e+01 3.185726178542155e-19
2.81260000e+01 3.179218048806077e-19
2.82408000e+01 3.172749643226637e-19
2.83556000e+01 3.166320559329140e-19
2.84704000e+01 3.159930400324729e-19
2.85852000e+01 3.153578775007522e-19
2.87000000e+01 3.147265297654018e-19
2.88148000e+01 3.140989587924708e-19
2.89296000e+01 3.134751270767840e-19
2.90444000e+01 3.128549976325271e-19
2.91592000e+01 3.122385339840365e-19
2.92740000e+01 3.116257001567877e-19
2.93888000e+01 3.110164606685776e-19
2.95036000e+01 3.104107805208958e-19
2.96184000e+01 3.098086251904795e-19
2.97332000e+01 3.092099606210489e-19
2.98480000e+01 3.086147532152162e-19
2.99628000e+01 3.080229698265668e-19
3.00776000e+01 3.074345777519059e-19
3.01924000e+01 3.068495447236674e-19
3.03072000e+01 3.062678389024817e-19
3.04220000e+01 3.056894288698975e-19
3.05368000e+01 3.051142836212537e-19
3.06516000e+01 3.045423725586999e-19
3.07664000e+01 3.039736654843583e-19
3.08812000e+01 3.034081325936270e-19
3.09960000e+01 3.028457444686191e-19
3.11108000e+01 3.022864720717352e-19
3.12256000e+01 3.017302867393662e-19
3.13404000e+01 3.011771601757230e-19
3.14552000e+01 3.006270644467900e-19
3.15700000e+01 3.000799719744000e-19
3.16848000e+01 2.995358555304264e-19
3.17996000e+01 2.989946882310926e-19
3.19144000e+01 2.984564435313916e-19
3.20292000e+01 2.979210952196184e-19
3.21440000e+01 2.973886174120073e-19
3.22588000e+01 2.968589845474767e-19
3.23736000e+01 2.963321713824742e-19
3.24884000e+01 2.958081529859239e-19
3.26032000e+01 2.952869047342703e-19
3.27180000e+01 2.947684023066189e-19
3.28328000e+01 2.942526216799695e-19
3.29476000e+01 2.937395391245412e-19
3.30624000e+01 2.932291311991872e-19
3.31772000e+01 2.927213747468966e-19
3.32920000e+01 2.922162468903813e-19
3.34068000e+01 2.917137250277468e-19
3.35216000e+01 2.912137868282444e-19
3.36364000e+01 2.907164102281035e-19
3.37512000e+01 2.902215734264414e-19
3.38660000e+01 2.897292548812500e-19
3.39808000e+01 2.892394333054567e-19
3.40956000e+01 2.887520876630586e-19
3.42104000e+01 2.882671971653278e-19
3.43252000e+01 2.877847412670869e-19
3.44400000e+01 2.873046996630528e-19
3.45548000e+01 2.868270522842468e-19
3.46696000e+01 2.863517792944712e-19
3.47844000e+01 2.858788610868488e-19
3.48992000e+01 2.854082782804258e-19
3.50140000e+01 2.849400117168356e-19
3.51288000e+01 2.844740424570230e-19
3.52436000e+01 2.840103517780266e-19
3.53584000e+01 2.835489211698194e-19
3.54732000e+01 2.830897323322048e-19
3.55880000e+01 2.826327671717687e-19
3.57028000e+01 2.821780077988849e-19
3.58176000e+01 2.817254365247731e-19
3.59324000e+01 2.812750358586098e-19
3.60472000e+01 2.808267885046883e-19
3.61620000e+01 2.803806773596296e-19
3.62768000e+01 2.799366855096410e-19
3.63916000e+01 2.794947962278233e-19
3.65064000e+01 2.790549929715229e-19
3.66212000e+01 2.786172593797322e-19
3.67360000e+01 2.781815792705317e-19
3.68508000e+01 2.777479366385785e-19
3.69656000e+01 2.773163156526359e-19
3.70804000e+01 2.768867006531469e-19
3.71952000e+01 2.764590761498468e-19
3.73100000e+01 2.760334268194180e-19
3.74248000e+01 2.756097375031838e-19
3.75396000e+01 2.751879932048404e-19
3.76544000e+01 2.747681790882282e-19
3.77692000e+01 2.743502804751391e-19
3.78840000e+01 2.739342828431615e-19
3.79988000e+01 2.735201718235603e-19
3.81136000e+01 2.731079331991925e-19
3.82284000e+01 2.726975529024568e-19
3.83432000e+01 2.722890170132779e-19
3.84580000e+01 2.718823117571227e-19
3.85728000e+01 2.714774235030500e-19
3.86876000e+01 2.710743387617918e-19
3.88024000e+01 2.706730441838651e-19
3.89172000e+01 2.702735265577156e-19
3.90320000e+01 2.698757728078905e-19
3.91468000e+01 2.694797699932413e-19
3.92616000e+01 2.690855053051551e-19
3.93764000e+01 2.686929660658149e-19
3.94912000e+01 2.683021397264869e-19
3.96060000e+01 2.679130138658359e-19
3.97208000e+01 2.675255761882673e-19
3.98356000e+01 2.671398145222946e-19
3.99504000e+01 2.667557168189345e-19
4.00652000e+01 2.663732711501250e-19
4.01800000e+01 2.659924657071704e-19
4.02948000e+01 2.656132887992098e-19
4.04096000e+01 2.652357288517092e-19
4.05244000e+01 2.648597744049779e-19
4.06392000e+01 2.644854141127073e-19
4.07540000e+01 2.641126367405332e-19
4.08688000e+01 2.637414311646190e-19
4.09836000e+01 2.633717863702621e-19
4.10984000e+01 2.630036914505209e-19
4.12132000e+01 2.626371356048631e-19
4.13280000e+01 2.622721081378348e-19
4.14428000e+01 2.619085984577496e-19
4.15576000e+01 2.615465960753978e-19
4.16724000e+01 2.611860906027752e-19
4.17872000e+01 2.608270717518311e-19
4.19020000e+01 2.604695293332349e-19
4.20168000e+01 2.601134532551620e-19
4.21316000e+01 2.597588335220969e-19
4.22464000e+01 2.594056602336548e-19
4.23612000e+01 2.590539235834211e-19
4.24760000e+01 2.587036138578072e-19
4.25908000e+01 2.583547214349241e-19
4.27056000e+01 2.580072367834722e-19
4.28204000e+01 2.576611504616481e-19
4.29352000e+01 2.573164531160665e-19
4.30500000e+01 2.569731354806987e-19
4.31648000e+01 2.566311883758267e-19
4.32796000e+01 2.562906027070117e-19
4.33944000e+01 2.559513694640785e-19
4.35092000e+01 2.556134797201148e-19
4.36240000e+01 2.552769246304835e-19
4.37388000e+01 2.549416954318514e-19
4.38536000e+01 2.546077834412299e-19
4.39684000e+01 2.542751800550311e-19
4.40832000e+01 2.539438767481362e-19
4.41980000e+01 2.536138650729781e-19
4.43128000e+01 2.532851366586364e-19
4.44276000e+01 2.529576832099459e-19
4.45424000e+01 2.526314965066171e-19
4.46572000e+01 2.523065684023696e-19
4.47720000e+01 2.519828908240779e-19
4.48868000e+01 2.516604557709284e-19
4.50016000e+01 2.513392553135890e-19
4.51164000e+01 2.510192815933903e-19
4.52312000e+01 2.507005268215177e-19
4.53460000e+01 2.503829832782151e-19
4.54608000e+01 2.500666433119999e-19
4.55756000e+01 2.497514993388886e-19
4.56904000e+01 2.494375438416327e-19
4.58052000e+01 2.491247693689661e-19
4.59200000e+01 2.488131685348621e-19
4.60348000e+01 2.485027340178009e-19
4.61496000e+01 2.481934585600469e-19
4.62644000e+01 2.478853349669362e-19
4.63792000e+01 2.475783561061737e-19
4.64940000e+01 2.472725149071394e-19
4.66088000e+01 2.469678043602044e-19
4.67236000e+01 2.466642175160567e-19
4.68384000e+01 2.463617474850349e-19
4.69532000e+01 2.460603874364716e-19
4.70680000e+01 2.457601305980458e-19
4.71828000e+01 2.454609702551432e-19
4.72976000e+01 2.451628997502263e-19
4.74124000e+01 2.448659124822113e-19
4.75272000e+01 2.445700019058545e-19
4.76420000e+01 2.442751615311464e-19
4.77568000e+01 2.439813849227139e-19
4.78716000e+01 2.436886656992302e-19
4.79864000e+01 2.433969975328328e-19
4.81012000e+01 2.431063741485486e-19
4.82160000e+01 2.428167893237276e-19
4.83308000e+01 2.425282368874824e-19
4.84456000e+01 2.422407107201365e-19
4.85604000e+01 2.419542047526791e-19
4.86752000e+01 2.416687129662269e-19
4.87900000e+01 2.413842293914929e-19
4.89048000e+01 2.411007481082629e-19
4.90196000e+01 2.408182632448770e-19
4.91344000e+01 2.405367689777196e-19
4.92492000e+01 2.402562595307148e-19
4.93640000e+01 2.399767291748286e-19
4.94788000e+01 2.396981722275777e-19
4.95936000e+01 2.394205830525440e-19
4.97084000e+01 2.391439560588957e-19
4.98232000e+01 2.388682857009146e-19
4.99380000e+01 2.385935664775286e-19
5.00528000e+01 2.383197929318513e-19
5.01676000e+01 2.380469596507261e-19
5.02824000e+01 2.377750612642772e-19
5.03972000e+01 2.375040924454653e-19
5.05120000e+01 2.372340479096496e-19
5.06268000e+01 2.369649224141544e-19
5.07416000e+01 2.366967107578422e-19
5.08564000e+01 2.364294077806913e-19
5.09712000e+01 2.361630083633785e-19
5.10860000e+01 2.358975074268679e-19
5.12008000e+01 2.356328999320037e-19
5.13156000e+01 2.353691808791088e-19
5.14304000e+01 2.351063453075880e-19
5.15452000e+01 2.348443882955358e-19
5.16600000e+01 2.345833049593498e-19
5.17748000e+01 2.343230904533476e-19
5.18896000e+01 2.340637399693899e-19
5.20044000e+01 2.338052487365065e-19
5.21192000e+01 2.335476120205286e-19
5.22340000e+01 2.332908251237238e-19
5.23488000e+01 2.330348833844367e-19
5.24636000e+01 2.327797821767334e-19
5.25784000e+01 2.325255169100506e-19
5.26932000e+01 2.322720830288481e-19
5.28080000e+01 2.320194760122665e-19
5.29228000e+01 2.317676913737882e-19
5.30376000e+01 2.315167246609028e-19
5.31524000e+01 2.312665714547765e-19
5.32672000e+01 2.310172273699251e-19
5.33820000e+01 2.307686880538912e-19
5.34968000e+01 2.305209491869252e-19
5.36116000e+01 2.302740064816698e-19
5.37264000e+01 2.300278556828484e-19
5.38412000e+01 2.297824925669572e-19
5.39560000e+01 2.295379129419609e-19
5.40708000e+01 2.292941126469917e-19
5.41856000e+01 2.290510875520518e-19
5.43004000e+01 2.288088335577203e-19
5.44152000e+01 2.285673465948620e-19
5.45300000e+01 2.283266226243406e-19
5.46448000e+01 2.280866576367352e-19
5.47596000e+01 2.278474476520591e-19
5.48744000e+01 2.276089887194836e-19
5.49892000e+01 2.273712769170631e-19
5.51040000e+01 2.271343083514644e-19
5.52188000e+01 2.268980791576989e-19
5.53336000e+01 2.266625854988581e-19
5.54484000e+01 2.264278235658513e-19
5.55632000e+01 2.261937895771474e-19
5.56780000e+01 2.259604797785186e-19
5.57928000e+01 2.257278904427877e-19
5.59076000e+01 2.254960178695782e-19
5.60224000e+01 2.252648583850664e-19
5.61372000e+01 2.250344083417376e-19
5.62520000e+01 2.248046641181441e-19
5.63668000e+01 2.245756221186661e-19
5.64816000e+01 2.243472787732754e-19
5.65964000e+01 2.241196305373017e-19
5.67112000e+01 2.238926738912017e-19
5.68260000e+01 2.236664053403300e-19
5.69408000e+01 2.234408214147138e-19
5.70556000e+01 2.232159186688287e-19
5.71704000e+01 2.229916936813785e-19
5.72852000e+01 2.227681430550755e-19
5.74000000e+01 2.225452634164254e-19
5.75148000e+01 2.223230514155128e-19
5.76296000e+01 2.221015037257901e-19
5.77444000e+01 2.218806170438679e-19
5.78592000e+01 2.216603880893087e-19
5.79740000e+01 2.214408136044218e-19
5.80888000e+01 2.212218903540612e-19
5.82036000e+01 2.210036151254252e-19
5.83184000e+01 2.207859847278585e-19
5.84332000e+01 2.205689959926562e-19
5.85480000e+01 2.203526457728703e-19
5.86628000e+01 2.201369309431177e-19
5.87776000e+01 2.199218483993904e-19
5.88924000e+01 2.197073950588686e-19
5.90072000e+01 2.194935678597345e-19
5.91220000e+01 2.192803637609889e-19
5.92368000e+01 2.190677797422696e-19
5.93516000e+01 2.188558128036714e-19
5.94664000e+01 2.186444599655689e-19
5.95812000e+01 2.184337182684401e-19
5.96960000e+01 2.182235847726922e-19
5.98108000e+01 2.180140565584899e-19
5.99256000e+01 2.178051307255847e-19
6.00404000e+01 2.175968043931462e-19
6.01552000e+01 2.173890746995956e-19
6.02700000e+01 2.171819388024401e-19
6.03848000e+01 2.169753938781101e-19
6.04996000e+01 2.167694371217971e-19
6.06144000e+01 2.165640657472940e-19
6.07292000e+01 2.163592769868366e-19
6.08440000e+01 2.161550680909472e-19
6.09588000e+01 2.159514363282793e-19
6.10736000e+01 2.157483789854640e-19
6.11884000e+01 2.155458933669588e-19
6.13032000e+01 2.153439767948966e-19
6.14180000e+01 2.151426266089374e-19
6.15328000e+01 2.149418401661210e-19
6.16476000e+01 2.147416148407209e-19
6.17624000e+01 2.145419480241009e-19
6.18772000e+01 2.143428371245714e-19
6.19920000e+01 2.141442795672490e-19
6.21068000e+01 2.139462727939158e-19
6.22216000e+01 2.137488142628819e-19
6.23364000e+01 2.135519014488473e-19
6.24512000e+01 2.133555318427672e-19
6.25660000e+01 2.131597029517173e-19
6.26808000e+01 2.129644122987607e-19
6.27956000e+01 2.127696574228168e-19
6.29104000e+01 2.125754358785305e-19
6.30252000e+01 2.123817452361437e-19
6.31400000e+01 2.121885830813673e-19
6.32548000e+01 2.119959470152552e-19
6.33696000e+01 2.118038346540786e-19
6.34844000e+01 2.116122436292025e-19
6.35992000e+01 2.114211715869632e-19
6.37140000e+01 2.112306161885463e-19
6.38288000e+01 2.110405751098669e-19
6.39436000e+01 2.108510460414506e-19
6.40584000e+01 2.106620266883153e-19
6.41732000e+01 2.104735147698545e-19
6.42880000e+01 2.102855080197222e-19
6.44028000e+01 2.100980041857178e-19
6.45176000e+01 2.099110010296733e-19
6.46324000e+01 2.097244963273408e-19
6.47472000e+01 2.095384878682817e-19
6.48620000e+01 2.093529734557561e-19
6.49768000e+01 2.091679509066144e-19
6.50916000e+01 2.089834180511893e-19
6.52064000e+01 2.087993727331886e-19
6.53212000e+01 2.086158128095897e-19
6.54360000e+01 2.084327361505346e-19
6.55508000e+01 2.082501406392264e-19
6.56656000e+01 2.080680241718261e-19
6.57804000e+01 2.078863846573511e-19
6.58952000e+01 2.077052200175742e-19
6.60100000e+01 2.075245281869239e-19
6.61248000e+01 2.073443071123851e-19
6.62396000e+01 2.071645547534017e-19
6.63544000e+01 2.069852690817792e-19
6.64692000e+01 2.068064480815885e-19
6.65840000e+01 2.066280897490710e-19
6.66988000e+01 2.064501920925440e-19
6.68136000e+01 2.062727531323076e-19
6.69284000e+01 2.060957709005518e-19
6.70432000e+01 2.059192434412653e-19
6.71580000e+01 2.057431688101441e-19
6.72728000e+01 2.055675450745022e-19
6.73876000e+01 2.053923703131819e-19
6.75024000e+01 2.052176426164662e-19
6.76172000e+01 2.050433600859908e-19
6.77320000e+01 2.048695208346575e-19
6.78468000e+01 2.046961229865488e-19
6.79616000e+01 2.045231646768426e-19
6.80764000e+01 2.043506440517278e-19
6.81912000e+01 2.041785592683212e-19
6.83060000e+01 2.040069084945845e-19
6.84208000e+01 2.038356899092428e-19
6.85356000e+01 2.036649017017029e-19
6.86504000e+01 2.034945420719732e-19
6.87652000e+01 2.033246092305842e-19
6.88800000e+01 2.031551013985090e-19
6.89948000e+01 2.029860168070856e-19
6.91096000e+01 2.028173536979393e-19
6.92244000e+01 2.026491103229055e-19
6.93392000e+01 2.024812849439542e-19
6.94540000e+01 2.023138758331140e-19
6.95688000e+01 2.021468812723978e-19
6.96836000e+01 2.019802995537287e-19
6.97984000e+01 2.018141289788663e-19
6.99132000e+01 2.016483678593344e-19
7.00280000e+01 2.014830145163488e-19
7.01428000e+01 2.013180672807456e-19
7.02576000e+01 2.011535244929108e-19
7.03724000e+01 2.009893845027102e-19
7.04872000e+01 2.008256456694195e-19
7.06020000e+01 2.006623063616557e-19
7.07168000e+01 2.004993649573091e-19
7.08316000e+01 2.003368198434748e-19
7.09464000e+01 2.001746694163866e-19
7.10612000e+01 2.000129120813500e-19
7.11760000e+01 1.998515462526763e-19
7.12908000e+01 1.996905703536176e-19
7.14056000e+01 1.995299828163020e-19
7.15204000e+01 1.993697820816692e-19
7.16352000e+01 1.992099665994074e-19
7.17500000e+01 1.990505348278897e-19
7.18648000e+01 1.988914852341123e-19
7.19796000e+01 1.987328162936321e-19
7.20944000e+01 1.985745264905055e-19
7.22092000e+01 1.984166143172275e-19
7.23240000e+01 1.982590782746716e-19
7.24388000e+01 1.981019168720297e-19
7.25536000e+01 1.979451286267531e-19
7.26684000e+01 1.977887120644938e-19
7.27832000e+01 1.976326657190461e-19
7.28980000e+01 1.974769881322888e-19
7.30128000e+01 1.973216778541282e-19
7.31276000e+01 1.971667334424415e-19
7.32424000e+01 1.970121534630199e-19
7.33572000e+01 1.968579364895136e-19
7.34720000e+01 1.967040811033761e-19
7.35868000e+01 1.965505858938096e-19
7.37016000e+01 1.963974494577104e-19
7.38164000e+01 1.962446703996152e-19
7.39312000e+01 1.960922473316480e-19
7.40460000e+01 1.959401788734664e-19
7.41608000e+01 1.957884636522099e-19
7.42756000e+01 1.956371003024471e-19
7.43904000e+01 1.954860874661248e-19
7.45052000e+01 1.953354237925164e-19
7.46200000e+01 1.951851079381711e-19
7.47348000e+01 1.950351385668640e-19
7.48496000e+01 1.948855143495456e-19
7.49644000e+01 1.947362339642929e-19
7.50792000e+01 1.945872960962602e-19
7.51940000e+01 1.944386994376301e-19
7.53088000e+01 1.942904426875658e-19
7.54236000e+01 1.941425245521630e-19
7.55384000e+01 1.939949437444021e-19
7.56532000e+01 1.938476989841022e-19
7.57680000e+01 1.937007889978732e-19
7.58828000e+01 1.935542125190707e-19
7.59976000e+01 1.934079682877492e-19
7.61124000e+01 1.932620550506171e-19
7.62272000e+01 1.931164715609916e-19
7.63420000e+01 1.929712165787539e-19
7.64568000e+01 1.928262888703045e-19
7.65716000e+01 1.926816872085198e-19
7.66864000e+01 1.925374103727080e-19
7.68012000e+01 1.923934571485660e-19
7.69160000e+01 1.922498263281365e-19
7.70308000e+01 1.921065167097652e-19
7.71456000e+01 1.919635270980589e-19
7.72604000e+01 1.918208563038435e-19
7.73752000e+01 1.916785031441224e-19
7.74900000e+01 1.915364664420351e-19
7.76048000e+01 1.913947450268170e-19
7.77196000e+01 1.912533377337581e-19
7.78344000e+01 1.911122434041631e-19
7.79492000e+01 1.909714608853119e-19
7.80640000e+01 1.908309890304194e-19
7.81788000e+01 1.906908266985967e-19
7.82936000e+01 1.905509727548120e-19
7.84084000e+01 1.904114260698520e-19
7.85232000e+01 1.902721855202839e-19
7.86380000e+01 1.901332499884168e-19
7.87528000e+01 1.899946183622646e-19
7.88676000e+01 1.898562895355084e-19
7.89824000e+01 1.897182624074594e-19
7.90972000e+01 1.895805358830222e-19
7.92120000e+01 1.894431088726581e-19
7.93268000e+01 1.893059802923492e-19
7.94416000e+01 1.891691490635622e-19
7.95564000e+01 1.890326141132129e-19
7.96712000e+01 1.888963743736311e-19
7.97860000e+01 1.887604287825250e-19
7.99008000e+01 1.886247762829469e-19
8.00156000e+01 1.884894158232584e-19
8.01304000e+01 1.883543463570963e-19
8.02452000e+01 1.882195668433385e-19
8.03600000e+01 1.880850762460704e-19
8.04748000e+01 1.879508735345515e-19
8.05896000e+01 1.878169576831821e-19
8.07044000e+01 1.876833276714704e-19
8.08192000e+01 1.875499824840000e-19
8.09340000e+01 1.874169211103971e-19
8.10488000e+01 1.872841425452990e-19
8.11636000e+01 1.871516457883214e-19
8.12784000e+01 1.870194298440276e-19
8.13932000e+01 1.868874937218961e-19
8.15080000e+01 1.867558364362903e-19
8.16228000e+01 1.866244570064274e-19
8.17376000e+01 1.864933544563471e-19
8.18524000e+01 1.863625278148821e-19
8.19672000e+01 1.862319761156270e-19
8.20820000e+01 1.861016983969090e-19
8.21968000e+01 1.859716937017577e-19
8.23116000e+01 1.858419610778758e-19
8.24264000e+01 1.857124995776096e-19
8.25412000e+01 1.855833082579202e-19
8.26560000e+01 1.854543861803545e-19
8.27708000e+01 1.853257324110166e-19
8.28856000e+01 1.851973460205393e-19
8.30004000e+01 1.850692260840560e-19
8.31152000e+01 1.849413716811726e-19
8.32300000e+01 1.848137818959401e-19
8.33448000e+01 1.846864558168263e-19
8.34596000e+01 1.845593925366894e-19
8.35744000e+01 1.844325911527500e-19
8.36892000e+01 1.843060507665645e-19
8.38040000e+01 1.841797704839988e-19
8.39188000e+01 1.840537494152008e-19
8.40336000e+01 1.839279866745751e-19
8.41484000e+01 1.838024813807560e-19
8.42632000e+01 1.836772326565822e-19
8.43780000e+01 1.835522396290705e-19
8.44928000e+01 1.834275014293909e-19
8.46076000e+01 1.833030171928404e-19
8.47224000e+01 1.831787860588188e-19
8.48372000e+01 1.830548071708027e-19
8.49520000e+01 1.829310796763215e-19
8.50668000e+01 1.828076027269325e-19
8.51816000e+01 1.826843754781963e-19
8.52964000e+01 1.825613970896526e-19
8.54112000e+01 1.824386667247965e-19
8.55260000e+01 1.823161835510539e-19
8.56408000e+01 1.821939467397587e-19
8.57556000e+01 1.820719554661283e-19
8.58704000e+01 1.819502089092409e-19
8.59852000e+01 1.818287062520120e-19
8.61000000e+01 1.817074466811715e-19
8.62148000e+01 1.815864293872405e-19
8.63296000e+01 1.814656535645094e-19
8.64444000e+01 1.813451184110142e-19
8.65592000e+01 1.812248231285153e-19
8.66740000e+01 1.811047669224745e-19
8.67888000e+01 1.809849490020334e-19
8.69036000e+01 1.808653685799912e-19
8.70184000e+01 1.807460248727832e-19
8.71332000e+01 1.806269171004592e-19
8.72480000e+01 1.805080444866621e-19
8.73628000e+01 1.803894062586065e-19
8.74776000e+01 1.802710016470576e-19
8.75924000e+01 1.801528298863106e-19
8.77072000e+01 1.800348902141696e-19
8.78220000e+01 1.799171818719270e-19
8.79368000e+01 1.797997041043428e-19
8.80516000e+01 1.796824561596249e-19
8.81664000e+01 1.795654372894080e-19
8.82812000e+01 1.794486467487342e-19
8.83960000e+01 1.793320837960330e-19
8.85108000e+01 1.792157476931011e-19
8.86256000e+01 1.790996377050832e-19
8.87404000e+01 1.789837531004526e-19
8.88552000e+01 1.788680931509912e-19
8.89700000e+01 1.787526571317710e-19
8.90848000e+01 1.786374443211346e-19
8.91996000e+01 1.785224540006761e-19
8.93144000e+01 1.784076854552231e-19
8.94292000e+01 1.782931379728169e-19
8.95440000e+01 1.781788108446950e-19
8.96588000e+01 1.780647033652717e-19
8.97736000e+01 1.779508148321207e-19
8.98884000e+01 1.778371445459563e-19
9.00032000e+01 1.777236918106158e-19
9.01180000e+01 1.776104559330412e-19
9.02328000e+01 1.774974362232618e-19
9.03476000e+01 1.773846319943762e-19
9.04624000e+01 1.772720425625351e-19
9.05772000e+01 1.771596672469235e-19
9.06920000e+01 1.770475053697438e-19
9.08068000e+01 1.769355562561985e-19
9.09216000e+01 1.768238192344728e-19
9.10364000e+01 1.767122936357183e-19
9.11512000e+01 1.766009787940357e-19
9.12660000e+01 1.764898740464582e-19
9.13808000e+01 1.763789787329353e-19
9.14956000e+01 1.762682921963154e-19
9.16104000e+01 1.761578137823306e-19
9.17252000e+01 1.760475428395798e-19
9.18400000e+01 1.759374787195123e-19
9.19548000e+01 1.758276207764127e-19
9.20696000e+01 1.757179683673839e-19
9.21844000e+01 1.756085208523324e-19
9.22992000e+01 1.754992775939515e-19
9.24140000e+01 1.753902379577067e-19
9.25288000e+01 1.752814013118194e-19
9.26436000e+01 1.751727670272522e-19
9.27584000e+01 1.750643344776933e-19
9.28732000e+01 1.749561030395412e-19
9.29880000e+01 1.748480720918899e-19
9.31028000e+01 1.747402410165139e-19
9.32176000e+01 1.746326091978531e-19
9.33324000e+01 1.745251760229986e-19
9.34472000e+01 1.744179408816773e-19
9.35620000e+01 1.743109031662378e-19
9.36768000e+01 1.742040622716360e-19
9.37916000e+01 1.740974175954204e-19
9.39064000e+01 1.739909685377182e-19
9.40212000e+01 1.738847145012207e-19
9.41360000e+01 1.737786548911696e-19
9.42508000e+01 1.736727891153430e-19
9.43656000e+01 1.735671165840412e-19
9.44804000e+01 1.734616367100732e-19
9.45952000e+01 1.733563489087428e-19
9.47100000e+01 1.732512525978352e-19
9.48248000e+01 1.731463471976033e-19
9.49396000e+01 1.730416321307543e-19
9.50544000e+01 1.729371068224366e-19
9.51692000e+01 1.728327707002259e-19
9.52840000e+01 1.727286231941129e-19
9.53988000e+01 1.726246637364895e-19
9.55136000e+01 1.725208917621363e-19
9.56284000e+01 1.724173067082093e-19
9.57432000e+01 1.723139080142273e-19
9.58580000e+01 1.722106951220593e-19
9.59728000e+01 1.721076674759115e-19
9.60876000e+01 1.720048245223148e-19
9.62024000e+01 1.719021657101128e-19
9.63172000e+01 1.717996904904485e-19
9.64320000e+01 1.716973983167531e-19
9.65468000e+01 1.715952886447325e-19
9.66616000e+01 1.714933609323562e-19
9.67764000e+01 1.713916146398446e-19
9.68912000e+01 1.712900492296574e-19
9.70060000e+01 1.711886641664811e-19
9.71208000e+01 1.710874589172178e-19
9.72356000e+01 1.709864329509731e-19
9.73504000e+01 1.708855857390444e-19
9.74652000e+01 1.707849167549092e-19
9.75800000e+01 1.706844254742138e-19
9.76948000e+01 1.705841113747618e-19
9.78096000e+01 1.704839739365024e-19
9.79244000e+01 1.703840126415193e-19
9.80392000e+01 1.702842269740196e-19
9.81540000e+01 1.701846164203224e-19
9.82688000e+01 1.700851804688475e-19
9.83836000e+01 1.699859186101049e-19
9.84984000e+01 1.698868303366835e-19
9.86132000e+01 1.697879151432401e-19
9.87280000e+01 1.696891725264889e-19
9.88428000e+01 1.695906019851904e-19
9.89576000e+01 1.694922030201412e-19
9.90724000e+01 1.693939751341625e-19
9.91872000e+01 1.692959178320908e-19
9.93020000e+01 1.691980306207663e-19
9.94168000e+01 1.691003130090229e-19
9.95316000e+01 1.690027645076781e-19
9.96464000e+01 1.689053846295223e-19
9.97612000e+01 1.688081728893089e-19
9.98760000e+01 1.687111288037438e-19
9.99908000e+01 1.686142518914757e-19
1.00105600e+02 1.685175416730859e-19
1.00220400e+02 1.684209976710781e-19
1.00335200e+02 1.683246194098689e-19
1.00450000e+02 1.682284064157777e-19
1.00564800e+02 1.681323582170172e-19
1.00679600e+02 1.680364743436831e-19
1.00794400e+02 1.679407543277452e-19
1.00909200e+02 1.678451977030372e-19
1.01024000e+02 1.677498040052475e-19
1.01138800e+02 1.676545727719096e-19
1.01253600e+02 1.675595035423927e-19
1.01368400e+02 1.674645958578923e-19
1.01483200e+02 1.673698492614211e-19
1.01598000e+02 1.672752632977994e-19
1.01712800e+02 1.671808375136463e-19
1.01827600e+02 1.670865714573703e-19
1.01942400e+02 1.669924646791603e-19
1.02057200e+02 1.668985167309767e-19
1.02172000e+02 1.668047271665422e-19
1.02286800e+02 1.667110955413333e-19
1.02401600e+02 1.666176214125710e-19
1.02516400e+02 1.665243043392121e-19
1.02631200e+02 1.664311438819409e-19
1.02746000e+02 1.663381396031599e-19
1.02860800e+02 1.662452910669815e-19
1.02975600e+02 1.661525978392194e-19
1.03090400e+02 1.660600594873800e-19
1.03205200e+02 1.659676755806541e-19
1.03320000e+02 1.658754456899081e-19
1.03434800e+02 1.657833693876760e-19
1.03549600e+02 1.656914462481508e-19
1.03664400e+02 1.655996758471767e-19
1.03779200e+02 1.655080577622403e-19
1.03894000e+02 1.654165915724626e-19
1.04008800e+02 1.653252768585912e-19
1.04123600e+02 1.652341132029919e-19
1.04238400e+02 1.651431001896406e-19
1.04353200e+02 1.650522374041158e-19
1.04468000e+02 1.649615244335901e-19
1.04582800e+02 1.648709608668227e-19
1.04697600e+02 1.647805462941515e-19
1.04812400e+02 1.646902803074851e-19
1.04927200e+02 1.646001625002956e-19
1.05042000e+02 1.645101924676102e-19
1.05156800e+02 1.644203698060040e-19
1.05271600e+02 1.643306941135924e-19
1.05386400e+02 1.642411649900233e-19
1.05501200e+02 1.641517820364699e-19
1.05616000e+02 1.640625448556231e-19
1.05730800e+02 1.639734530516840e-19
1.05845600e+02 1.638845062303565e-19
1.05960400e+02 1.637957039988403e-19
1.06075200e+02 1.637070459658232e-19
1.06190000e+02 1.636185317414741e-19
1.06304800e+02 1.635301609374357e-19
1.06419600e+02 1.634419331668175e-19
1.06534400e+02 1.633538480441885e-19
1.06649200e+02 1.632659051855702e-19
1.06764000e+02 1.631781042084295e-19
1.06878800e+02 1.630904447316719e-19
1.06993600e+02 1.630029263756343e-19
1.07108400e+02 1.629155487620785e-19
1.07223200e+02 1.628283115141837e-19
1.07338000e+02 1.627412142565402e-19
1.07452800e+02 1.626542566151426e-19
1.07567600e+02 1.625674382173827e-19
1.07682400e+02 1.624807586920429e-19
1.07797200e+02 1.623942176692900e-19
1.07912000e+02 1.623078147806680e-19
1.08026800e+02 1.622215496590916e-19
1.08141600e+02 1.621354219388399e-19
1.08256400e+02 1.620494312555498e-19
1.08371200e+02 1.619635772462095e-19
1.08486000e+02 1.618778595491517e-19
1.08600800e+02 1.617922778040481e-19
1.08715600e+02 1.617068316519021e-19
1.08830400e+02 1.616215207350429e-19
1.08945200e+02 1.615363446971192e-19
1.09060000e+02 1.614513031830930e-19
1.09174800e+02 1.613663958392334e-19
1.09289600e+02 1.612816223131099e-19
1.09404400e+02 1.611969822535870e-19
1.09519200e+02 1.611124753108179e-19
1.09634000e+02 1.610281011362380e-19
1.09748800e+02 1.609438593825593e-19
1.09863600e+02 1.608597497037642e-19
1.09978400e+02 1.607757717550996e-19
1.10093200e+02 1.606919251930711e-19
1.10208000e+02 1.606082096754367e-19
1.10322800e+02 1.605246248612014e-19
1.10437600e+02 1.604411704106109e-19
1.10552400e+02 1.603578459851464e-19
1.10667200e+02 1.602746512475181e-19
1.10782000e+02 1.601915858616602e-19
1.10896800e+02 1.601086494927246e-19
1.11011600e+02 1.600258418070755e-19
1.11126400e+02 1.599431624722839e-19
1.11241200e+02 1.598606111571217e-19
1.11356000e+02 1.597781875315562e-19
1.11470800e+02 1.596958912667449e-19
1.11585600e+02 1.596137220350293e-19
1.11700400e+02 1.595316795099302e-19
1.11815200e+02 1.594497633661416e-19
1.11930000e+02 1.593679732795259e-19
1.12044800e+02 1.592863089271077e-19
1.12159600e+02 1.592047699870695e-19
1.12274400e+02 1.591233561387452e-19
1.12389200e+02 1.590420670626159e-19
1.12504000e+02 1.589609024403038e-19
1.12618800e+02 1.588798619545675e-19
1.12733600e+02 1.587989452892964e-19
1.12848400e+02 1.587181521295059e-19
1.12963200e+02 1.586374821613318e-19
1.13078000e+02 1.585569350720258e-19
1.13192800e+02 1.584765105499497e-19
1.13307600e+02 1.583962082845709e-19
1.13422400e+02 1.583160279664570e-19
1.13537200e+02 1.582359692872710e-19
1.13652000e+02 1.581560319397664e-19
1.13766800e+02 1.580762156177818e-19
1.13881600e+02 1.579965200162364e-19
1.13996400e+02 1.579169448311253e-19
1.14111200e+02 1.578374897595137e-19
1.14226000e+02 1.577581544995332e-19
1.14340800e+02 1.576789387503761e-19
1.14455600e+02 1.575998422122912e-19
1.14570400e+02 1.575208645865788e-19
1.14685200e+02 1.574420055755857e-19
1.14800000e+02 1.573632648827009e-19
1.14914800e+02 1.572846422123508e-19
1.15029600e+02 1.572061372699946e-19
1.15144400e+02 1.571277497621192e-19
1.15259200e+02 1.570494793962354e-19
1.15374000e+02 1.569713258808726e-19
1.15488800e+02 1.568932889255744e-19
1.15603600e+02 1.568153682408947e-19
1.15718400e+02 1.567375635383920e-19
1.15833200e+02 1.566598745306261e-19
1.15948000e+02 1.565823009311530e-19
1.16062800e+02 1.565048424545203e-19
1.16177600e+02 1.564274988162636e-19
1.16292400e+02 1.563502697329011e-19
1.16407200e+02 1.562731549219300e-19
1.16522000e+02 1.561961541018218e-19
1.16636800e+02 1.561192669920183e-19
1.16751600e+02 1.560424933129266e-19
1.16866400e+02 1.559658327859157e-19
1.16981200e+02 1.558892851333117e-19
1.17096000e+02 1.558128500783939e-19
1.17210800e+02 1.557365273453901e-19
1.17325600e+02 1.556603166594732e-19
1.17440400e+02 1.555842177467563e-19
1.17555200e+02 1.555082303342888e-19
1.17670000e+02 1.554323541500527e-19
1.17784800e+02 1.553565889229577e-19
1.17899600e+02 1.552809343828381e-19
1.18014400e+02 1.552053902604479e-19
1.18129200e+02 1.551299562874572e-19
1.18244000e+02 1.550546321964481e-19
1.18358800e+02 1.549794177209109e-19
1.18473600e+02 1.549043125952398e-19
1.18588400e+02 1.548293165547292e-19
1.18703200e+02 1.547544293355697e-19
1.18818000e+02 1.546796506748443e-19
1.18932800e+02 1.546049803105244e-19
1.19047600e+02 1.545304179814660e-19
1.19162400e+02 1.544559634274059e-19
1.19277200e+02 1.543816163889576e-19
1.19392000e+02 1.543073766076081e-19
1.19506800e+02 1.542332438257135e-19
1.19621600e+02 1.541592177864957e-19
1.19736400e+02 1.540852982340384e-19
1.19851200e+02 1.540114849132834e-19
1.19966000e+02 1.539377775700270e-19
1.20080800e+02 1.538641759509164e-19
1.20195600e+02 1.537906798034458e-19
1.20310400e+02 1.537172888759530e-19
1.20425200e+02 1.536440029176154e-19
1.20540000e+02 1.535708216784471e-19
1.20654800e+02 1.534977449092947e-19
1.20769600e+02 1.534247723618337e-19
1.20884400e+02 1.533519037885656e-19
1.20999200e+02 1.532791389428136e-19
1.21114000e+02 1.532064775787197e-19
1.21228800e+02 1.531339194512409e-19
1.21343600e+02 1.530614643161457e-19
1.21458400e+02 1.529891119300107e-19
1.21573200e+02 1.529168620502175e-19
1.21688000e+02 1.528447144349487e-19
1.21802800e+02 1.527726688431849e-19
1.21917600e+02 1.527007250347012e-19
1.22032400e+02 1.526288827700638e-19
1.22147200e+02 1.525571418106269e-19
1.22262000e+02 1.524855019185287e-19
1.22376800e+02 1.524139628566890e-19
1.22491600e+02 1.523425243888054e-19
1.22606400e+02 1.522711862793499e-19
1.22721200e+02 1.521999482935660e-19
1.22836000e+02 1.521288101974650e-19
1.22950800e+02 1.520577717578234e-19
1.23065600e+02 1.519868327421792e-19
1.23180400e+02 1.519159929188286e-19
1.23295200e+02 1.518452520568235e-19
1.23410000e+02 1.517746099259676e-19
1.23524800e+02 1.517040662968135e-19
1.23639600e+02 1.516336209406600e-19
1.23754400e+02 1.515632736295481e-19
1.23869200e+02 1.514930241362588e-19
1.23984000e+02 1.514228722343096e-19
1.24098800e+02 1.513528176979512e-19
1.24213600e+02 1.512828603021649e-19
1.24328400e+02 1.512129998226594e-19
1.24443200e+02 1.511432360358676e-19
1.24558000e+02 1.510735687189440e-19
1.24672800e+02 1.510039976497613e-19
1.24787600e+02 1.509345226069074e-19
1.24902400e+02 1.508651433696831e-19
1.25017200e+02 1.507958597180983e-19
1.25132000e+02 1.507266714328695e-19
1.25246800e+02 1.506575782954169e-19
1.25361600e+02 1.505885800878615e-19
1.25476400e+02 1.505196765930221e-19
1.25591200e+02 1.504508675944124e-19
1.25706000e+02 1.503821528762383e-19
1.25820800e+02 1.503135322233950e-19
1.25935600e+02 1.502450054214641e-19
1.26050400e+02 1.501765722567109e-19
1.26165200e+02 1.501082325160815e-19
1.26280000e+02 1.500399859872000e-19
1.26394800e+02 1.499718324583658e-19
1.26509600e+02 1.499037717185510e-19
1.26624400e+02 1.498358035573972e-19
1.26739200e+02 1.497679277652132e-19
1.26854000e+02 1.497001441329722e-19
1.26968800e+02 1.496324524523089e-19
1.27083600e+02 1.495648525155169e-19
1.27198400e+02 1.494973441155463e-19
1.27313200e+02 1.494299270460005e-19
1.27428000e+02 1.493626011011340e-19
1.27542800e+02 1.492953660758496e-19
1.27657600e+02 1.492282217656958e-19
1.27772400e+02 1.491611679668642e-19
1.27887200e+02 1.490942044761867e-19
1.28002000e+02 1.490273310911333e-19
1.28116800e+02 1.489605476098092e-19
1.28231600e+02 1.488938538309524e-19
1.28346400e+02 1.488272495539311e-19
1.28461200e+02 1.487607345787412e-19
1.28576000e+02 1.486943087060037e-19
1.28690800e+02 1.486279717369622e-19
1.28805600e+02 1.485617234734807e-19
1.28920400e+02 1.484955637180405e-19
1.29035200e+02 1.484294922737383e-19
1.29150000e+02 1.483635089442836e-19
1.29264800e+02 1.482976135339959e-19
1.29379600e+02 1.482318058478028e-19
1.29494400e+02 1.481660856912371e-19
1.29609200e+02 1.481004528704348e-19
1.29724000e+02 1.480349071921324e-19
1.29838800e+02 1.479694484636646e-19
1.29953600e+02 1.479040764929619e-19
1.30068400e+02 1.478387910885484e-19
1.30183200e+02 1.477735920595391e-19
1.30298000e+02 1.477084792156379e-19
1.30412800e+02 1.476434523671352e-19
1.30527600e+02 1.475785113249052e-19
1.30642400e+02 1.475136559004043e-19
1.30757200e+02 1.474488859056681e-19
1.30872000e+02 1.473842011533095e-19
1.30986800e+02 1.473196014565164e-19
1.31101600e+02 1.472550866290492e-19
1.31216400e+02 1.471906564852390e-19
1.31331200e+02 1.471263108399847e-19
1.31446000e+02 1.470620495087515e-19
1.31560800e+02 1.469978723075680e-19
1.31675600e+02 1.469337790530245e-19
1.31790400e+02 1.468697695622706e-19
1.31905200e+02 1.468058436530127e-19
1.32020000e+02 1.467420011435127e-19
1.32134800e+02 1.466782418525847e-19
1.32249600e+02 1.466145655995936e-19
1.32364400e+02 1.465509722044529e-19
1.32479200e+02 1.464874614876222e-19
1.32594000e+02 1.464240332701054e-19
1.32708800e+02 1.463606873734483e-19
1.32823600e+02 1.462974236197369e-19
1.32938400e+02 1.462342418315949e-19
1.33053200e+02 1.461711418321818e-19
1.33168000e+02 1.461081234451906e-19
1.33282800e+02 1.460451864948464e-19
1.33397600e+02 1.459823308059032e-19
1.33512400e+02 1.459195562036431e-19
1.33627200e+02 1.458568625138734e-19
1.33742000e+02 1.457942495629248e-19
1.33856800e+02 1.457317171776494e-19
1.33971600e+02 1.456692651854189e-19
1.34086400e+02 1.456068934141222e-19
1.34201200e+02 1.455446016921638e-19
1.34316000e+02 1.454823898484615e-19
1.34430800e+02 1.454202577124445e-19
1.34545600e+02 1.453582051140517e-19
1.34660400e+02 1.452962318837294e-19
1.34775200e+02 1.452343378524295e-19
1.34890000e+02 1.451725228516075e-19
1.35004800e+02 1.451107867132207e-19
1.35119600e+02 1.450491292697263e-19
1.35234400e+02 1.449875503540792e-19
1.35349200e+02 1.449260497997304e-19
1.35464000e+02 1.448646274406250e-19
1.35578800e+02 1.448032831112004e-19
1.35693600e+02 1.447420166463842e-19
1.35808400e+02 1.446808278815926e-19
1.35923200e+02 1.446197166527284e-19
1.36038000e+02 1.445586827961791e-19
1.36152800e+02 1.444977261488152e-19
1.36267600e+02 1.444368465479883e-19
1.36382400e+02 1.443760438315293e-19
1.36497200e+02 1.443153178377466e-19
1.36612000e+02 1.442546684054242e-19
1.36726800e+02 1.441940953738200e-19
1.36841600e+02 1.441335985826639e-19
1.36956400e+02 1.440731778721562e-19
1.37071200e+02 1.440128330829657e-19
1.37186000e+02 1.439525640562279e-19
1.37300800e+02 1.438923706335435e-19
1.37415600e+02 1.438322526569760e-19
1.37530400e+02 1.437722099690510e-19
1.37645200e+02 1.437122424127534e-19
1.37760000e+02 1.436523498315264e-19
1.37874800e+02 1.435925320692695e-19
1.37989600e+02 1.435327889703368e-19
1.38104400e+02 1.434731203795353e-19
1.38219200e+02 1.434135261421234e-19
1.38334000e+02 1.433540061038088e-19
1.38448800e+02 1.432945601107473e-19
1.38563600e+02 1.432351880095407e-19
1.38678400e+02 1.431758896472356e-19
1.38793200e+02 1.431166648713212e-19
1.38908000e+02 1.430575135297281e-19
1.39022800e+02 1.429984354708264e-19
1.39137600e+02 1.429394305434244e-19
1.39252400e+02 1.428804985967664e-19
1.39367200e+02 1.428216394805317e-19
1.39482000e+02 1.427628530448326e-19
1.39596800e+02 1.427041391402129e-19
1.39711600e+02 1.426454976176463e-19
1.39826400e+02 1.425869283285348e-19
1.39941200e+02 1.425284311247073e-19
1.40056000e+02 1.424700058584178e-19
1.40170800e+02 1.424116523823438e-19
1.40285600e+02 1.423533705495848e-19
1.40400400e+02 1.422951602136610e-19
1.40515200e+02 1.422370212285115e-19
1.40630000e+02 1.421789534484926e-19
1.40744800e+02 1.421209567283767e-19
1.40859600e+02 1.420630309233505e-19
1.40974400e+02 1.420051758890133e-19
1.41089200e+02 1.419473914813761e-19
1.41204000e+02 1.418896775568593e-19
1.41318800e+02 1.418320339722919e-19
1.41433600e+02 1.417744605849097e-19
1.41548400e+02 1.417169572523537e-19
1.41663200e+02 1.416595238326688e-19
1.41778000e+02 1.416021601843023e-19
1.41892800e+02 1.415448661661024e-19
1.42007600e+02 1.414876416373168e-19
1.42122400e+02 1.414304864575913e-19
1.42237200e+02 1.413734004869680e-19
1.42352000e+02 1.413163835858844e-19
1.42466800e+02 1.412594356151714e-19
1.42581600e+02 1.412025564360524e-19
1.42696400e+02 1.411457459101415e-19
1.42811200e+02 1.410890038994424e-19
1.42926000e+02 1.410323302663467e-19
1.43040800e+02 1.409757248736325e-19
1.43155600e+02 1.409191875844634e-19
1.43270400e+02 1.408627182623866e-19
1.43385200e+02 1.408063167713318e-19
1.43500000e+02 1.407499829756099e-19
1.43614800e+02 1.406937167399113e-19
1.43729600e+02 1.406375179293049e-19
1.43844400e+02 1.405813864092366e-19
1.43959200e+02 1.405253220455277e-19
1.44074000e+02 1.404693247043740e-19
1.44188800e+02 1.404133942523442e-19
1.44303600e+02 1.403575305563785e-19
1.44418400e+02 1.403017334837874e-19
1.44533200e+02 1.402460029022505e-19
1.44648000e+02 1.401903386798148e-19
1.44762800e+02 1.401347406848938e-19
1.44877600e+02 1.400792087862659e-19
1.44992400e+02 1.400237428530733e-19
1.45107200e+02 1.399683427548205e-19
1.45222000e+02 1.399130083613732e-19
1.45336800e+02 1.398577395429571e-19
1.45451600e+02 1.398025361701561e-19
1.45566400e+02 1.397473981139116e-19
1.45681200e+02 1.396923252455211e-19
1.45796000e+02 1.396373174366368e-19
1.45910800e+02 1.395823745592643e-19
1.46025600e+02 1.395274964857615e-19
1.46140400e+02 1.394726830888374e-19
1.46255200e+02 1.394179342415508e-19
1.46370000e+02 1.393632498173088e-19
1.46484800e+02 1.393086296898661e-19
1.46599600e+02 1.392540737333232e-19
1.46714400e+02 1.391995818221258e-19
1.46829200e+02 1.391451538310628e-19
1.46944000e+02 1.390907896352659e-19
1.47058800e+02 1.390364891102079e-19
1.47173600e+02 1.389822521317017e-19
1.47288400e+02 1.389280785758991e-19
1.47403200e+02 1.388739683192892e-19
1.47518000e+02 1.388199212386981e-19
1.47632800e+02 1.387659372112869e-19
1.47747600e+02 1.387120161145507e-19
1.47862400e+02 1.386581578263180e-19
1.47977200e+02 1.386043622247486e-19
1.48092000e+02 1.385506291883332e-19
1.48206800e+02 1.384969585958920e-19
1.48321600e+02 1.384433503265735e-19
1.48436400e+02 1.383898042598533e-19
1.48551200e+02 1.383363202755331e-19
1.48666000e+02 1.382828982537397e-19
1.48780800e+02 1.382295380749234e-19
1.48895600e+02 1.381762396198574e-19
1.49010400e+02 1.381230027696364e-19
1.49125200e+02 1.380698274056755e-19
1.49240000e+02 1.380167134097090e-19
1.49354800e+02 1.379636606637898e-19
1.49469600e+02 1.379106690502874e-19
1.49584400e+02 1.378577384518879e-19
1.49699200e+02 1.378048687515919e-19
1.49814000e+02 1.377520598327140e-19
1.49928800e+02 1.376993115788816e-19
1.50043600e+02 1.376466238740338e-19
1.50158400e+02 1.375939966024202e-19
1.50273200e+02 1.375414296486001e-19
1.50388000e+02 1.374889228974412e-19
1.50502800e+02 1.374364762341187e-19
1.50617600e+02 1.373840895441141e-19
1.50732400e+02 1.373317627132142e-19
1.50847200e+02 1.372794956275102e-19
1.50962000e+02 1.372272881733964e-19
1.51076800e+02 1.371751402375695e-19
1.51191600e+02 1.371230517070272e-19
1.51306400e+02 1.370710224690672e-19
1.51421200e+02 1.370190524112867e-19
1.51536000e+02 1.369671414215808e-19
1.51650800e+02 1.369152893881414e-19
1.51765600e+02 1.368634961994570e-19
1.51880400e+02 1.368117617443108e-19
1.51995200e+02 1.367600859117802e-19
1.52110000e+02 1.367084685912355e-19
1.52224800e+02 1.366569096723392e-19
1.52339600e+02 1.366054090450449e-19
1.52454400e+02 1.365539665995962e-19
1.52569200e+02 1.365025822265259e-19
1.52684000e+02 1.364512558166548e-19
1.52798800e+02 1.363999872610909e-19
1.52913600e+02 1.363487764512284e-19
1.53028400e+02 1.362976232787468e-19
1.53143200e+02 1.362465276356096e-19
1.53258000e+02 1.361954894140639e-19
1.53372800e+02 1.361445085066389e-19
1.53487600e+02 1.360935848061454e-19
1.53602400e+02 1.360427182056745e-19
1.53717200e+02 1.359919085985967e-19
1.53832000e+02 1.359411558785614e-19
1.53946800e+02 1.358904599394952e-19
1.54061600e+02 1.358398206756018e-19
1.54176400e+02 1.357892379813603e-19
1.54291200e+02 1.357387117515250e-19
1.54406000e+02 1.356882418811239e-19
1.54520800e+02 1.356378282654581e-19
1.54635600e+02 1.355874708001006e-19
1.54750400e+02 1.355371693808959e-19
1.54865200e+02 1.354869239039586e-19
1.54980000e+02 1.354367342656727e-19
1.55094800e+02 1.353866003626906e-19
1.55209600e+02 1.353365220919326e-19
1.55324400e+02 1.352864993505853e-19
1.55439200e+02 1.352365320361014e-19
1.55554000e+02 1.351866200461983e-19
1.55668800e+02 1.351367632788578e-19
1.55783600e+02 1.350869616323245e-19
1.55898400e+02 1.350372150051056e-19
1.56013200e+02 1.349875232959695e-19
1.56128000e+02 1.349378864039452e-19
1.56242800e+02 1.348883042283217e-19
1.56357600e+02 1.348387766686465e-19
1.56472400e+02 1.347893036247252e-19
1.56587200e+02 1.347398849966206e-19
1.56702000e+02 1.346905206846518e-19
1.56816800e+02 1.346412105893933e-19
1.56931600e+02 1.345919546116743e-19
1.57046400e+02 1.345427526525775e-19
1.57161200e+02 1.344936046134390e-19
1.57276000e+02 1.344445103958465e-19
1.57390800e+02 1.343954699016395e-19
1.57505600e+02 1.343464830329074e-19
1.57620400e+02 1.342975496919897e-19
1.57735200e+02 1.342486697814746e-19
1.57850000e+02 1.341998432041980e-19
1.57964800e+02 1.341510698632434e-19
1.58079600e+02 1.341023496619405e-19
1.58194400e+02 1.340536825038646e-19
1.58309200e+02 1.340050682928358e-19
1.58424000e+02 1.339565069329180e-19
1.58538800e+02 1.339079983284185e-19
1.58653600e+02 1.338595423838870e-19
1.58768400e+02 1.338111390041147e-19
1.58883200e+02 1.337627880941336e-19
1.58998000e+02 1.337144895592159e-19
1.59112800e+02 1.336662433048727e-19
1.59227600e+02 1.336180492368540e-19
1.59342400e+02 1.335699072611473e-19
1.59457200e+02 1.335218172839770e-19
1.59572000e+02 1.334737792118038e-19
1.59686800e+02 1.334257929513236e-19
1.59801600e+02 1.333778584094673e-19
1.59916400e+02 1.333299754933991e-19
1.60031200e+02 1.332821441105170e-19
1.60146000e+02 1.332343641684509e-19
1.60260800e+02 1.331866355750625e-19
1.60375600e+02 1.331389582384444e-19
1.60490400e+02 1.330913320669193e-19
1.60605200e+02 1.330437569690393e-19
1.60720000e+02 1.329962328535852e-19
1.60834800e+02 1.329487596295657e-19
1.60949600e+02 1.329013372062166e-19
1.61064400e+02 1.328539654930003e-19
1.61179200e+02 1.328066443996049e-19
1.61294000e+02 1.327593738359435e-19
1.61408800e+02 1.327121537121535e-19
1.61523600e+02 1.326649839385959e-19
1.61638400e+02 1.326178644258546e-19
1.61753200e+02 1.325707950847355e-19
1.61868000e+02 1.325237758262660e-19
1.61982800e+02 1.324768065616944e-19
1.62097600e+02 1.324298872024889e-19
1.62212400e+02 1.323830176603370e-19
1.62327200e+02 1.323361978471449e-19
1.62442000e+02 1.322894276750367e-19
1.62556800e+02 1.322427070563536e-19
1.62671600e+02 1.321960359036539e-19
1.62786400e+02 1.321494141297110e-19
1.62901200e+02 1.321028416475141e-19
1.63016000e+02 1.320563183702666e-19
1.63130800e+02 1.320098442113858e-19
1.63245600e+02 1.319634190845021e-19
1.63360400e+02 1.319170429034584e-19
1.63475200e+02 1.318707155823095e-19
1.63590000e+02 1.318244370353212e-19
1.63704800e+02 1.317782071769697e-19
1.63819600e+02 1.317320259219413e-19
1.63934400e+02 1.316858931851311e-19
1.64049200e+02 1.316398088816428e-19
1.64164000e+02 1.315937729267880e-19
1.64278800e+02 1.315477852360855e-19
1.64393600e+02 1.315018457252604e-19
1.64508400e+02 1.314559543102440e-19
1.64623200e+02 1.314101109071724e-19
1.64738000e+02 1.313643154323866e-19
1.64852800e+02 1.313185678024316e-19
1.64967600e+02 1.312728679340553e-19
1.65082400e+02 1.312272157442088e-19
1.65197200e+02 1.311816111500447e-19
1.65312000e+02 1.311360540689174e-19
1.65426800e+02 1.310905444183819e-19
1.65541600e+02 1.310450821161934e-19
1.65656400e+02 1.309996670803065e-19
1.65771200e+02 1.309542992288748e-19
1.65886000e+02 1.309089784802502e-19
1.66000800e+02 1.308637047529823e-19
1.66115600e+02 1.308184779658175e-19
1.66230400e+02 1.307732980376989e-19
1.66345200e+02 1.307281648877654e-19
1.66460000e+02 1.306830784353508e-19
1.66574800e+02 1.306380385999840e-19
1.66689600e+02 1.305930453013876e-19
1.66804400e+02 1.305480984594776e-19
1.66919200e+02 1.305031979943630e-19
1.67034000e+02 1.304583438263447e-19
1.67148800e+02 1.304135358759156e-19
1.67263600e+02 1.303687740637592e-19
1.67378400e+02 1.303240583107498e-19
1.67493200e+02 1.302793885379515e-19
1.67608000e+02 1.302347646666175e-19
1.67722800e+02 1.301901866181896e-19
1.67837600e+02 1.301456543142981e-19
1.67952400e+02 1.301011676767604e-19
1.68067200e+02 1.300567266275810e-19
1.68182000e+02 1.300123310889509e-19
1.68296800e+02 1.299679809832467e-19
1.68411600e+02 1.299236762330304e-19
1.68526400e+02 1.298794167610484e-19
1.68641200e+02 1.298352024902315e-19
1.68756000e+02 1.297910333436939e-19
1.68870800e+02 1.297469092447327e-19
1.68985600e+02 1.297028301168274e-19
1.69100400e+02 1.296587958836395e-19
1.69215200e+02 1.296148064690118e-19
1.69330000e+02 1.295708617969676e-19
1.69444800e+02 1.295269617917106e-19
1.69559600e+02 1.294831063776240e-19
1.69674400e+02 1.294392954792704e-19
1.69789200e+02 1.293955290213906e-19
1.69904000e+02 1.293518069289036e-19
1.70018800e+02 1.293081291269057e-19
1.70133600e+02 1.292644955406704e-19
1.70248400e+02 1.292209060956473e-19
1.70363200e+02 1.291773607174620e-19
1.70478000e+02 1.291338593319155e-19
1.70592800e+02 1.290904018649834e-19
1.70707600e+02 1.290469882428157e-19
1.70822400e+02 1.290036183917361e-19
1.70937200e+02 1.289602922382415e-19
1.71052000e+02 1.289170097090015e-19
1.71166800e+02 1.288737707308579e-19
1.71281600e+02 1.288305752308240e-19
1.71396400e+02 1.287874231360845e-19
1.71511200e+02 1.287443143739944e-19
1.71626000e+02 1.287012488720791e-19
1.71740800e+02 1.286582265580332e-19
1.71855600e+02 1.286152473597209e-19
1.71970400e+02 1.285723112051745e-19
1.72085200e+02 1.285294180225946e-19
1.72200000e+02 1.284865677403494e-19
1.72314800e+02 1.284437602869739e-19
1.72429600e+02 1.284009955911700e-19
1.72544400e+02 1.283582735818053e-19
1.72659200e+02 1.283155941879134e-19
1.72774000e+02 1.282729573386924e-19
1.72888800e+02 1.282303629635056e-19
1.73003600e+02 1.281878109918798e-19
1.73118400e+02 1.281453013535058e-19
1.73233200e+02 1.281028339782374e-19
1.73348000e+02 1.280604087960909e-19
1.73462800e+02 1.280180257372448e-19
1.73577600e+02 1.279756847320393e-19
1.73692400e+02 1.279333857109757e-19
1.73807200e+02 1.278911286047161e-19
1.73922000e+02 1.278489133440827e-19
1.74036800e+02 1.278067398600574e-19
1.74151600e+02 1.277646080837815e-19
1.74266400e+02 1.277225179465551e-19
1.74381200e+02 1.276804693798364e-19
1.74496000e+02 1.276384623152418e-19
1.74610800e+02 1.275964966845447e-19
1.74725600e+02 1.275545724196757e-19
1.74840400e+02 1.275126894527217e-19
1.74955200e+02 1.274708477159257e-19
1.75070000e+02 1.274290471416862e-19
1.75184800e+02 1.273872876625568e-19
1.75299600e+02 1.273455692112456e-19
1.75414400e+02 1.273038917206150e-19
1.75529200e+02 1.272622551236810e-19
1.75644000e+02 1.272206593536129e-19
1.75758800e+02 1.271791043437330e-19
1.75873600e+02 1.271375900275156e-19
1.75988400e+02 1.270961163385870e-19
1.76103200e+02 1.270546832107253e-19
1.76218000e+02 1.270132905778592e-19
1.76332800e+02 1.269719383740681e-19
1.76447600e+02 1.269306265335817e-19
1.76562400e+02 1.268893549907793e-19
1.76677200e+02 1.268481236801893e-19
1.76792000e+02 1.268069325364891e-19
1.76906800e+02 1.267657814945044e-19
1.77021600e+02 1.267246704892091e-19
1.77136400e+02 1.266835994557242e-19
1.77251200e+02 1.266425683293182e-19
1.77366000e+02 1.266015770454060e-19
1.77480800e+02 1.265606255395488e-19
1.77595600e+02 1.265197137474536e-19
1.77710400e+02 1.264788416049730e-19
1.77825200e+02 1.264380090481041e-19
1.77940000e+02 1.263972160129892e-19
1.78054800e+02 1.263564624359141e-19
1.78169600e+02 1.263157482533086e-19
1.78284400e+02 1.262750734017458e-19
1.78399200e+02 1.262344378179416e-19
1.78514000e+02 1.261938414387545e-19
1.78628800e+02 1.261532842011848e-19
1.78743600e+02 1.261127660423748e-19
1.78858400e+02 1.260722868996076e-19
1.78973200e+02 1.260318467103075e-19
1.79088000e+02 1.259914454120390e-19
1.79202800e+02 1.259510829425067e-19
1.79317600e+02 1.259107592395547e-19
1.79432400e+02 1.258704742411665e-19
1.79547200e+02 1.258302278854642e-19
1.79662000e+02 1.257900201107085e-19
1.79776800e+02 1.257498508552980e-19
1.79891600e+02 1.257097200577688e-19
1.80006400e+02 1.256696276567945e-19
1.80121200e+02 1.256295735911853e-19
1.80236000e+02 1.255895577998880e-19
1.80350800e+02 1.255495802219851e-19
1.80465600e+02 1.255096407966952e-19
1.80580400e+02 1.254697394633718e-19
1.80695200e+02 1.254298761615037e-19
1.80810000e+02 1.253900508307136e-19
1.80924800e+02 1.253502634107588e-19
1.81039600e+02 1.253105138415302e-19
1.81154400e+02 1.252708020630519e-19
1.81269200e+02 1.252311280154811e-19
1.81384000e+02 1.251914916391076e-19
1.81498800e+02 1.251518928743532e-19
1.81613600e+02 1.251123316617718e-19
1.81728400e+02 1.250728079420486e-19
1.81843200e+02 1.250333216560000e-19
1.81958000e+02 1.249938727445729e-19
1.82072800e+02 1.249544611488448e-19
1.82187600e+02 1.249150868100230e-19
1.82302400e+02 1.248757496694443e-19
1.82417200e+02 1.248364496685751e-19
1.82532000e+02 1.247971867490102e-19
1.82646800e+02 1.247579608524735e-19
1.82761600e+02 1.247187719208163e-19
1.82876400e+02 1.246796198960184e-19
1.82991200e+02 1.246405047201864e-19
1.83106000e+02 1.246014263355544e-19
1.83220800e+02 1.245623846844831e-19
1.83335600e+02 1.245233797094593e-19
1.83450400e+02 1.244844113530961e-19
1.83565200e+02 1.244454795581320e-19
1.83680000e+02 1.244065842674311e-19
1.83794800e+02 1.243677254239820e-19
1.83909600e+02 1.243289029708981e-19
1.84024400e+02 1.242901168514171e-19
1.84139200e+02 1.242513670089004e-19
1.84254000e+02 1.242126533868332e-19
1.84368800e+02 1.241739759288235e-19
1.84483600e+02 1.241353345786024e-19
1.84598400e+02 1.240967292800235e-19
1.84713200e+02 1.240581599770624e-19
1.84828000e+02 1.240196266138166e-19
1.84942800e+02 1.239811291345051e-19
1.85057600e+02 1.239426674834681e-19
1.85172400e+02 1.239042416051664e-19
1.85287200e+02 1.238658514441813e-19
1.85402000e+02 1.238274969452144e-19
1.85516800e+02 1.237891780530868e-19
1.85631600e+02 1.237508947127394e-19
1.85746400e+02 1.237126468692319e-19
1.85861200e+02 1.236744344677429e-19
1.85976000e+02 1.236362574535697e-19
1.86090800e+02 1.235981157721272e-19
1.86205600e+02 1.235600093689486e-19
1.86320400e+02 1.235219381896844e-19
1.86435200e+02 1.234839021801022e-19
1.86550000e+02 1.234459012860865e-19
1.86664800e+02 1.234079354536382e-19
1.86779600e+02 1.233700046288745e-19
1.86894400e+02 1.233321087580284e-19
1.87009200e+02 1.232942477874484e-19
1.87124000e+02 1.232564216635984e-19
1.87238800e+02 1.232186303330570e-19
1.87353600e+02 1.231808737425175e-19
1.87468400e+02 1.231431518387873e-19
1.87583200e+02 1.231054645687880e-19
1.87698000e+02 1.230678118795547e-19
1.87812800e+02 1.230301937182358e-19
1.87927600e+02 1.229926100320928e-19
1.88042400e+02 1.229550607685000e-19
1.88157200e+02 1.229175458749438e-19
1.88272000e+02 1.228800652990229e-19
1.88386800e+02 1.228426189884477e-19
1.88501600e+02 1.228052068910403e-19
1.88616400e+02 1.227678289547336e-19
1.88731200e+02 1.227304851275716e-19
1.88846000e+02 1.226931753577089e-19
1.88960800e+02 1.226558995934101e-19
1.89075600e+02 1.226186577830501e-19
1.89190400e+02 1.225814498751132e-19
1.89305200e+02 1.225442758181931e-19
1.89420000e+02 1.225071355609927e-19
1.89534800e+02 1.224700290523235e-19
1.89649600e+02 1.224329562411056e-19
1.89764400e+02 1.223959170763672e-19
1.89879200e+02 1.223589115072444e-19
1.89994000e+02 1.223219394829807e-19
1.90108800e+02 1.222850009529272e-19
1.90223600e+02 1.222480958665419e-19
1.90338400e+02 1.222112241733894e-19
1.90453200e+02 1.221743858231407e-19
1.90568000e+02 1.221375807655732e-19
1.90682800e+02 1.221008089505698e-19
1.90797600e+02 1.220640703281192e-19
1.90912400e+02 1.220273648483153e-19
1.91027200e+02 1.219906924613570e-19
1.91142000e+02 1.219540531175477e-19
1.91256800e+02 1.219174467672956e-19
1.91371600e+02 1.218808733611127e-19
1.91486400e+02 1.218443328496151e-19
1.91601200e+02 1.218078251835223e-19
1.91716000e+02 1.217713503136572e-19
1.91830800e+02 1.217349081909457e-19
1.91945600e+02 1.216984987664164e-19
1.92060400e+02 1.216621219912004e-19
1.92175200e+02 1.216257778165310e-19
1.92290000e+02 1.215894661937433e-19
1.92404800e+02 1.215531870742743e-19
1.92519600e+02 1.215169404096622e-19
1.92634400e+02 1.214807261515462e-19
1.92749200e+02 1.214445442516665e-19
1.92864000e+02 1.214083946618638e-19
1.92978800e+02 1.213722773340791e-19
1.93093600e+02 1.213361922203533e-19
1.93208400e+02 1.213001392728273e-19
1.93323200e+02 1.212641184437412e-19
1.93438000e+02 1.212281296854346e-19
1.93552800e+02 1.211921729503457e-19
1.93667600e+02 1.211562481910118e-19
1.93782400e+02 1.211203553600683e-19
1.93897200e+02 1.210844944102489e-19
1.94012000e+02 1.210486652943853e-19
1.94126800e+02 1.210128679654066e-19
1.94241600e+02 1.209771023763396e-19
1.94356400e+02 1.209413684803078e-19
1.94471200e+02 1.209056662305320e-19
1.94586000e+02 1.208699955803294e-19
1.94700800e+02 1.208343564831134e-19
1.94815600e+02 1.207987488923939e-19
1.94930400e+02 1.207631727617763e-19
1.95045200e+02 1.207276280449617e-19
1.95160000e+02 1.206921146957465e-19
1.95274800e+02 1.206566326680223e-19
1.95389600e+02 1.206211819157753e-19
1.95504400e+02 1.205857623930867e-19
1.95619200e+02 1.205503740541315e-19
1.95734000e+02 1.205150168531791e-19
1.95848800e+02 1.204796907445928e-19
1.95963600e+02 1.204443956828292e-19
1.96078400e+02 1.204091316224385e-19
1.96193200e+02 1.203738985180639e-19
1.96308000e+02 1.203386963244414e-19
1.96422800e+02 1.203035249963997e-19
1.96537600e+02 1.202683844888598e-19
1.96652400e+02 1.202332747568348e-19
1.96767200e+02 1.201981957554297e-19
1.96882000e+02 1.201631474398412e-19
1.96996800e+02 1.201281297653574e-19
1.97111600e+02 1.200931426873573e-19
1.97226400e+02 1.200581861613112e-19
1.97341200e+02 1.200232601427798e-19
1.97456000e+02 1.199883645874143e-19
1.97570800e+02 1.199534994509562e-19
1.97685600e+02 1.199186646892369e-19
1.97800400e+02 1.198838602581776e-19
1.97915200e+02 1.198490861137888e-19
1.98030000e+02 1.198143422121706e-19
1.98144800e+02 1.197796285095117e-19
1.98259600e+02 1.197449449620901e-19
1.98374400e+02 1.197102915262720e-19
1.98489200e+02 1.196756681585120e-19
1.98604000e+02 1.196410748153529e-19
1.98718800e+02 1.196065114534255e-19
1.98833600e+02 1.195719780294478e-19
1.98948400e+02 1.195374745002258e-19
1.99063200e+02 1.195030008226524e-19
1.99178000e+02 1.194685569537073e-19
1.99292800e+02 1.194341428504573e-19
1.99407600e+02 1.193997584700555e-19
1.99522400e+02 1.193654037697414e-19
1.99637200e+02 1.193310787068405e-19
1.99752000e+02 1.192967832387643e-19
1.99866800e+02 1.192625173230097e-19
1.99981600e+02 1.192282809171591e-19
2.00096400e+02 1.191940739788802e-19
2.00211200e+02 1.191598964659256e-19
2.00326000e+02 1.191257483361326e-19
2.00440800e+02 1.190916295474230e-19
2.00555600e+02 1.190575400578031e-19
2.00670400e+02 1.190234798253631e-19
2.00785200e+02 1.189894488082771e-19
2.00900000e+02 1.189554469648029e-19
2.01014800e+02 1.189214742532819e-19
2.01129600e+02 1.188875306321386e-19
2.01244400e+02 1.188536160598804e-19
2.01359200e+02 1.188197304950977e-19
2.01474000e+02 1.187858738964633e-19
2.01588800e+02 1.187520462227327e-19
2.01703600e+02 1.187182474327432e-19
2.01818400e+02 1.186844774854144e-19
2.01933200e+02 1.186507363397473e-19
2.02048000e+02 1.186170239548248e-19
2.02162800e+02 1.185833402898109e-19
2.02277600e+02 1.185496853039508e-19
2.02392400e+02 1.185160589565706e-19
2.02507200e+02 1.184824612070772e-19
2.02622000e+02 1.184488920149579e-19
2.02736800e+02 1.184153513397803e-19
2.02851600e+02 1.183818391411921e-19
2.02966400e+02 1.183483553789211e-19
2.03081200e+02 1.183149000127745e-19
2.03196000e+02 1.182814730026392e-19
2.03310800e+02 1.182480743084811e-19
2.03425600e+02 1.182147038903456e-19
2.03540400e+02 1.181813617083567e-19
2.03655200e+02 1.181480477227171e-19
2.03770000e+02 1.181147618937082e-19
2.03884800e+02 1.180815041816892e-19
2.03999600e+02 1.180482745470980e-19
2.04114400e+02 1.180150729504500e-19
2.04229200e+02 1.179818993523384e-19
2.04344000e+02 1.179487537134339e-19
2.04458800e+02 1.179156359944845e-19
2.04573600e+02 1.178825461563152e-19
2.04688400e+02 1.178494841598281e-19
2.04803200e+02 1.178164499660018e-19
2.04918000e+02 1.177834435358917e-19
2.05032800e+02 1.177504648306293e-19
2.05147600e+02 1.177175138114223e-19
2.05262400e+02 1.176845904395544e-19
2.05377200e+02 1.176516946763850e-19
2.05492000e+02 1.176188264833490e-19
2.05606800e+02 1.175859858219568e-19
2.05721600e+02 1.175531726537940e-19
2.05836400e+02 1.175203869405211e-19
2.05951200e+02 1.174876286438733e-19
2.06066000e+02 1.174548977256608e-19
2.06180800e+02 1.174221941477679e-19
2.06295600e+02 1.173895178721532e-19
2.06410400e+02 1.173568688608495e-19
2.06525200e+02 1.173242470759633e-19
2.06640000e+02 1.172916524796749e-19
2.06754800e+02 1.172590850342381e-19
2.06869600e+02 1.172265447019800e-19
2.06984400e+02 1.171940314453008e-19
2.07099200e+02 1.171615452266738e-19
2.07214000e+02 1.171290860086449e-19
2.07328800e+02 1.170966537538328e-19
2.07443600e+02 1.170642484249284e-19
2.07558400e+02 1.170318699846949e-19
2.07673200e+02 1.169995183959677e-19
2.07788000e+02 1.169671936216538e-19
2.07902800e+02 1.169348956247322e-19
2.08017600e+02 1.169026243682533e-19
2.08132400e+02 1.168703798153386e-19
2.08247200e+02 1.168381619291812e-19
2.08362000e+02 1.168059706730449e-19
2.08476800e+02 1.167738060102643e-19
2.08591600e+02 1.167416679042448e-19
2.08706400e+02 1.167095563184622e-19
2.08821200e+02 1.166774712164625e-19
2.08936000e+02 1.166454125618619e-19
2.09050800e+02 1.166133803183465e-19
2.09165600e+02 1.165813744496722e-19
2.09280400e+02 1.165493949196645e-19
2.09395200e+02 1.165174416922183e-19
2.09510000e+02 1.164855147312978e-19
2.09624800e+02 1.164536140009361e-19
2.09739600e+02 1.164217394652354e-19
2.09854400e+02 1.163898910883667e-19
2.09969200e+02 1.163580688345693e-19
2.10084000e+02 1.163262726681512e-19
2.10198800e+02 1.162945025534885e-19
2.10313600e+02 1.162627584550253e-19
2.10428400e+02 1.162310403372736e-19
2.10543200e+02 1.161993481648134e-19
2.10658000e+02 1.161676819022919e-19
2.10772800e+02 1.161360415144240e-19
2.10887600e+02 1.161044269659917e-19
2.11002400e+02 1.160728382218440e-19
2.11117200e+02 1.160412752468969e-19
2.11232000e+02 1.160097380061332e-19
2.11346800e+02 1.159782264646023e-19
2.11461600e+02 1.159467405874197e-19
2.11576400e+02 1.159152803397676e-19
2.11691200e+02 1.158838456868941e-19
2.11806000e+02 1.158524365941131e-19
2.11920800e+02 1.158210530268045e-19
2.12035600e+02 1.157896949504136e-19
2.12150400e+02 1.157583623304514e-19
2.12265200e+02 1.157270551324940e-19
2.12380000e+02 1.156957733221827e-19
2.12494800e+02 1.156645168652238e-19
2.12609600e+02 1.156332857273883e-19
2.12724400e+02 1.156020798745120e-19
2.12839200e+02 1.155708992724952e-19
2.12954000e+02 1.155397438873024e-19
2.13068800e+02 1.155086136849625e-19
2.13183600e+02 1.154775086315684e-19
2.13298400e+02 1.154464286932766e-19
2.13413200e+02 1.154153738363077e-19
2.13528000e+02 1.153843440269456e-19
2.13642800e+02 1.153533392315378e-19
2.13757600e+02 1.153223594164950e-19
2.13872400e+02 1.152914045482910e-19
2.13987200e+02 1.152604745934626e-19
2.14102000e+02 1.152295695186093e-19
2.14216800e+02 1.151986892903934e-19
2.14331600e+02 1.151678338755395e-19
2.14446400e+02 1.151370032408349e-19
2.14561200e+02 1.151061973531287e-19
2.14676000e+02 1.150754161793324e-19
2.14790800e+02 1.150446596864193e-19
2.14905600e+02 1.150139278414242e-19
2.15020400e+02 1.149832206114439e-19
2.15135200e+02 1.149525379636364e-19
2.15250000e+02 1.149218798652211e-19
2.15364800e+02 1.148912462834786e-19
2.15479600e+02 1.148606371857505e-19
2.15594400e+02 1.148300525394392e-19
2.15709200e+02 1.147994923120080e-19
2.15824000e+02 1.147689564709805e-19
2.15938800e+02 1.147384449839410e-19
2.16053600e+02 1.147079578185339e-19
2.16168400e+02 1.146774949424640e-19
2.16283200e+02 1.146470563234958e-19
2.16398000e+02 1.146166419294539e-19
2.16512800e+02 1.145862517282225e-19
2.16627600e+02 1.145558856877455e-19
2.16742400e+02 1.145255437760259e-19
2.16857200e+02 1.144952259611265e-19
2.16972000e+02 1.144649322111687e-19
2.17086800e+02 1.144346624943334e-19
2.17201600e+02 1.144044167788602e-19
2.17316400e+02 1.143741950330472e-19
2.17431200e+02 1.143439972252514e-19
2.17546000e+02 1.143138233238881e-19
2.17660800e+02 1.142836732974310e-19
2.17775600e+02 1.142535471144119e-19
2.17890400e+02 1.142234447434206e-19
2.18005200e+02 1.141933661531049e-19
2.18120000e+02 1.141633113121703e-19
2.18234800e+02 1.141332801893800e-19
2.18349600e+02 1.141032727535546e-19
2.18464400e+02 1.140732889735720e-19
2.18579200e+02 1.140433288183676e-19
2.18694000e+02 1.140133922569335e-19
2.18808800e+02 1.139834792583189e-19
2.18923600e+02 1.139535897916301e-19
2.19038400e+02 1.139237238260295e-19
2.19153200e+02 1.138938813307367e-19
2.19268000e+02 1.138640622750271e-19
2.19382800e+02 1.138342666282328e-19
2.19497600e+02 1.138044943597418e-19
2.19612400e+02 1.137747454389984e-19
2.19727200e+02 1.137450198355024e-19
2.19842000e+02 1.137153175188096e-19
2.19956800e+02 1.136856384585315e-19
2.20071600e+02 1.136559826243349e-19
2.20186400e+02 1.136263499859420e-19
2.20301200e+02 1.135967405131302e-19
2.20416000e+02 1.135671541757322e-19
2.20530800e+02 1.135375909436354e-19
2.20645600e+02 1.135080507867821e-19
2.20760400e+02 1.134785336751696e-19
2.20875200e+02 1.134490395788494e-19
2.20990000e+02 1.134195684679277e-19
2.21104800e+02 1.133901203125650e-19
2.21219600e+02 1.133606950829758e-19
2.21334400e+02 1.133312927494290e-19
2.21449200e+02 1.133019132822473e-19
2.21564000e+02 1.132725566518070e-19
2.21678800e+02 1.132432228285386e-19
2.21793600e+02 1.132139117829256e-19
2.21908400e+02 1.131846234855056e-19
2.22023200e+02 1.131553579068688e-19
2.22138000e+02 1.131261150176593e-19
2.22252800e+02 1.130968947885737e-19
2.22367600e+02 1.130676971903619e-19
2.22482400e+02 1.130385221938266e-19
2.22597200e+02 1.130093697698231e-19
2.22712000e+02 1.129802398892593e-19
2.22826800e+02 1.129511325230956e-19
2.22941600e+02 1.129220476423448e-19
2.23056400e+02 1.128929852180719e-19
2.23171200e+02 1.128639452213939e-19
2.23286000e+02 1.128349276234798e-19
2.23400800e+02 1.128059323955506e-19
2.23515600e+02 1.127769595088789e-19
2.23630400e+02 1.127480089347891e-19
2.23745200e+02 1.127190806446568e-19
2.23860000e+02 1.126901746099093e-19
2.23974800e+02 1.126612908020249e-19
2.24089600e+02 1.126324291925332e-19
2.24204400e+02 1.126035897530149e-19
2.24319200e+02 1.125747724551014e-19
2.24434000e+02 1.125459772704750e-19
2.24548800e+02 1.125172041708688e-19
2.24663600e+02 1.124884531280663e-19
2.24778400e+02 1.124597241139014e-19
2.24893200e+02 1.124310171002585e-19
2.25008000e+02 1.124023320590721e-19
2.25122800e+02 1.123736689623268e-19
2.25237600e+02 1.123450277820572e-19
2.25352400e+02 1.123164084903479e-19
2.25467200e+02 1.122878110593330e-19
2.25582000e+02 1.122592354611965e-19
2.25696800e+02 1.122306816681717e-19
2.25811600e+02 1.122021496525414e-19
2.25926400e+02 1.121736393866377e-19
2.26041200e+02 1.121451508428420e-19
2.26156000e+02 1.121166839935846e-19
2.26270800e+02 1.120882388113448e-19
2.26385600e+02 1.120598152686509e-19
2.26500400e+02 1.120314133380797e-19
2.26615200e+02 1.120030329922569e-19
2.26730000e+02 1.119746742038564e-19
2.26844800e+02 1.119463369456009e-19
2.26959600e+02 1.119180211902609e-19
2.27074400e+02 1.118897269106556e-19
2.27189200e+02 1.118614540796520e-19
2.27304000e+02 1.118332026701650e-19
2.27418800e+02 1.118049726551576e-19
2.27533600e+02 1.117767640076403e-19
2.27648400e+02 1.117485767006715e-19
2.27763200e+02 1.117204107073569e-19
2.27878000e+02 1.116922660008498e-19
2.27992800e+02 1.116641425543506e-19
2.28107600e+02 1.116360403411072e-19
2.28222400e+02 1.116079593344144e-19
2.28337200e+02 1.115798995076140e-19
2.28452000e+02 1.115518608340950e-19
2.28566800e+02 1.115238432872926e-19
2.28681600e+02 1.114958468406892e-19
2.28796400e+02 1.114678714678136e-19
2.28911200e+02 1.114399171422410e-19
2.29026000e+02 1.114119838375931e-19
2.29140800e+02 1.113840715275377e-19
2.29255600e+02 1.113561801857889e-19
2.29370400e+02 1.113283097861068e-19
2.29485200e+02 1.113004603022975e-19
2.29600000e+02 1.112726317082127e-19
2.29714800e+02 1.112448239777502e-19
2.29829600e+02 1.112170370848532e-19
2.29944400e+02 1.111892710035105e-19
2.30059200e+02 1.111615257077564e-19
2.30174000e+02 1.111338011716705e-19
2.30288800e+02 1.111060973693774e-19
2.30403600e+02 1.110784142750473e-19
2.30518400e+02 1.110507518628950e-19
2.30633200e+02 1.110231101071805e-19
2.30748000e+02 1.109954889822084e-19
2.30862800e+02 1.109678884623282e-19
2.30977600e+02 1.109403085219339e-19
2.31092400e+02 1.109127491354643e-19
2.31207200e+02 1.108852102774022e-19
2.31322000e+02 1.108576919222750e-19
2.31436800e+02 1.108301940446543e-19
2.31551600e+02 1.108027166191559e-19
2.31666400e+02 1.107752596204394e-19
2.31781200e+02 1.107478230232086e-19
2.31896000e+02 1.107204068022109e-19
2.32010800e+02 1.106930109322376e-19
2.32125600e+02 1.106656353881236e-19
2.32240400e+02 1.106382801447473e-19
2.32355200e+02 1.106109451770306e-19
2.32470000e+02 1.105836304599387e-19
2.32584800e+02 1.105563359684802e-19
2.32699600e+02 1.105290616777065e-19
2.32814400e+02 1.105018075627126e-19
2.32929200e+02 1.104745735986360e-19
2.33044000e+02 1.104473597606572e-19
2.33158800e+02 1.104201660239996e-19
2.33273600e+02 1.103929923639292e-19
2.33388400e+02 1.103658387557546e-19
2.33503200e+02 1.103387051748269e-19
2.33618000e+02 1.103115915965394e-19
2.33732800e+02 1.102844979963281e-19
2.33847600e+02 1.102574243496709e-19
2.33962400e+02 1.102303706320880e-19
2.34077200e+02 1.102033368191413e-19
2.34192000e+02 1.101763228864352e-19
2.34306800e+02 1.101493288096154e-19
2.34421600e+02 1.101223545643696e-19
2.34536400e+02 1.100954001264271e-19
2.34651200e+02 1.100684654715588e-19
2.34766000e+02 1.100415505755772e-19
2.34880800e+02 1.100146554143358e-19
2.34995600e+02 1.099877799637297e-19
2.35110400e+02 1.099609241996952e-19
2.35225200e+02 1.099340880982096e-19
2.35340000e+02 1.099072716352913e-19
2.35454800e+02 1.098804747869994e-19
2.35569600e+02 1.098536975294343e-19
2.35684400e+02 1.098269398387367e-19
2.35799200e+02 1.098002016910882e-19
2.35914000e+02 1.097734830627108e-19
2.36028800e+02 1.097467839298673e-19
2.36143600e+02 1.097201042688605e-19
2.36258400e+02 1.096934440560337e-19
2.36373200e+02 1.096668032677705e-19
2.36488000e+02 1.096401818804944e-19
2.36602800e+02 1.096135798706693e-19
2.36717600e+02 1.095869972147987e-19
2.36832400e+02 1.095604338894261e-19
2.36947200e+02 1.095338898711348e-19
2.37062000e+02 1.095073651365477e-19
2.37176800e+02 1.094808596623276e-19
2.37291600e+02 1.094543734251764e-19
2.37406400e+02 1.094279064018357e-19
2.37521200e+02 1.094014585690864e-19
2.37636000e+02 1.093750299037488e-19
2.37750800e+02 1.093486203826819e-19
2.37865600e+02 1.093222299827845e-19
2.37980400e+02 1.092958586809938e-19
2.38095200e+02 1.092695064542862e-19
2.38210000e+02 1.092431732796770e-19
2.38324800e+02 1.092168591342201e-19
2.38439600e+02 1.091905639950080e-19
2.38554400e+02 1.091642878391722e-19
2.38669200e+02 1.091380306438821e-19
2.38784000e+02 1.091117923863461e-19
2.38898800e+02 1.090855730438106e-19
2.39013600e+02 1.090593725935602e-19
2.39128400e+02 1.090331910129180e-19
2.39243200e+02 1.090070282792450e-19
2.39358000e+02 1.089808843699400e-19
2.39472800e+02 1.089547592624401e-19
2.39587600e+02 1.089286529342200e-19
2.39702400e+02 1.089025653627924e-19
2.39817200e+02 1.088764965257072e-19
2.39932000e+02 1.088504464005525e-19
2.40046800e+02 1.088244149649536e-19
2.40161600e+02 1.087984021965731e-19
2.40276400e+02 1.087724080731113e-19
2.40391200e+02 1.087464325723056e-19
2.40506000e+02 1.087204756719305e-19
2.40620800e+02 1.086945373497978e-19
2.40735600e+02 1.086686175837562e-19
2.40850400e+02 1.086427163516916e-19
2.40965200e+02 1.086168336315263e-19
2.41080000e+02 1.085909694012200e-19
2.41194800e+02 1.085651236387687e-19
2.41309600e+02 1.085392963222051e-19
2.41424400e+02 1.085134874295986e-19
2.41539200e+02 1.084876969390550e-19
2.41654000e+02 1.084619248287165e-19
2.41768800e+02 1.084361710767617e-19
2.41883600e+02 1.084104356614054e-19
2.41998400e+02 1.083847185608985e-19
2.42113200e+02 1.083590197535282e-19
2.42228000e+02 1.083333392176175e-19
2.42342800e+02 1.083076769315254e-19
2.42457600e+02 1.082820328736470e-19
2.42572400e+02 1.082564070224128e-19
2.42687200e+02 1.082307993562894e-19
2.42802000e+02 1.082052098537786e-19
2.42916800e+02 1.081796384934183e-19
2.43031600e+02 1.081540852537815e-19
2.43146400e+02 1.081285501134766e-19
2.43261200e+02 1.081030330511476e-19
2.43376000e+02 1.080775340454736e-19
2.43490800e+02 1.080520530751689e-19
2.43605600e+02 1.080265901189829e-19
2.43720400e+02 1.080011451556999e-19
2.43835200e+02 1.079757181641396e-19
2.43950000e+02 1.079503091231562e-19
2.44064800e+02 1.079249180116387e-19
2.44179600e+02 1.078995448085112e-19
2.44294400e+02 1.078741894927320e-19
2.44409200e+02 1.078488520432944e-19
2.44524000e+02 1.078235324392259e-19
2.44638800e+02 1.077982306595888e-19
2.44753600e+02 1.077729466834794e-19
2.44868400e+02 1.077476804900286e-19
2.44983200e+02 1.077224320584013e-19
2.45098000e+02 1.076972013677968e-19
2.45212800e+02 1.076719883974483e-19
2.45327600e+02 1.076467931266231e-19
2.45442400e+02 1.076216155346224e-19
2.45557200e+02 1.075964556007813e-19
2.45672000e+02 1.075713133044687e-19
2.45786800e+02 1.075461886250873e-19
2.45901600e+02 1.075210815420732e-19
2.46016400e+02 1.074959920348965e-19
2.46131200e+02 1.074709200830605e-19
2.46246000e+02 1.074458656661020e-19
2.46360800e+02 1.074208287635913e-19
2.46475600e+02 1.073958093551318e-19
2.46590400e+02 1.073708074203605e-19
2.46705200e+02 1.073458229389471e-19
2.46820000e+02 1.073208558905947e-19
2.46934800e+02 1.072959062550395e-19
2.47049600e+02 1.072709740120504e-19
2.47164400e+02 1.072460591414294e-19
2.47279200e+02 1.072211616230111e-19
2.47394000e+02 1.071962814366632e-19
2.47508800e+02 1.071714185622857e-19
2.47623600e+02 1.071465729798115e-19
2.47738400e+02 1.071217446692059e-19
2.47853200e+02 1.070969336104668e-19
2.47968000e+02 1.070721397836245e-19
2.48082800e+02 1.070473631687414e-19
2.48197600e+02 1.070226037459126e-19
2.48312400e+02 1.069978614952650e-19
2.48427200e+02 1.069731363969579e-19
2.48542000e+02 1.069484284311827e-19
2.48656800e+02 1.069237375781626e-19
2.48771600e+02 1.068990638181530e-19
2.48886400e+02 1.068744071314409e-19
2.49001200e+02 1.068497674983454e-19
2.49116000e+02 1.068251448992172e-19
2.49230800e+02 1.068005393144386e-19
2.49345600e+02 1.067759507244237e-19
2.49460400e+02 1.067513791096179e-19
2.49575200e+02 1.067268244504985e-19
2.49690000e+02 1.067022867275738e-19
2.49804800e+02 1.066777659213836e-19
2.49919600e+02 1.066532620124991e-19
2.50034400e+02 1.066287749815226e-19
2.50149200e+02 1.066043048090876e-19
2.50264000e+02 1.065798514758587e-19
2.50378800e+02 1.065554149625314e-19
2.50493600e+02 1.065309952498325e-19
2.50608400e+02 1.065065923185194e-19
2.50723200e+02 1.064822061493804e-19
2.50838000e+02 1.064578367232346e-19
2.50952800e+02 1.064334840209320e-19
2.51067600e+02 1.064091480233529e-19
2.51182400e+02 1.063848287114084e-19
2.51297200e+02 1.063605260660402e-19
2.51412000e+02 1.063362400682202e-19
2.51526800e+02 1.063119706989510e-19
2.51641600e+02 1.062877179392653e-19
2.51756400e+02 1.062634817702261e-19
2.51871200e+02 1.062392621729269e-19
2.51986000e+02 1.062150591284910e-19
2.52100800e+02 1.061908726180718e-19
2.52215600e+02 1.061667026228531e-19
2.52330400e+02 1.061425491240482e-19
2.52445200e+02 1.061184121029007e-19
2.52560000e+02 1.060942915406837e-19
2.52674800e+02 1.060701874187003e-19
2.52789600e+02 1.060460997182832e-19
2.52904400e+02 1.060220284207950e-19
2.53019200e+02 1.059979735076276e-19
2.53134000e+02 1.059739349602026e-19
2.53248800e+02 1.059499127599710e-19
2.53363600e+02 1.059259068884133e-19
2.53478400e+02 1.059019173270393e-19
2.53593200e+02 1.058779440573881e-19
2.53708000e+02 1.058539870610282e-19
2.53822800e+02 1.058300463195570e-19
2.53937600e+02 1.058061218146013e-19
2.54052400e+02 1.057822135278166e-19
2.54167200e+02 1.057583214408879e-19
2.54282000e+02 1.057344455355287e-19
2.54396800e+02 1.057105857934816e-19
2.54511600e+02 1.056867421965180e-19
2.54626400e+02 1.056629147264380e-19
2.54741200e+02 1.056391033650706e-19
2.54856000e+02 1.056153080942731e-19
2.54970800e+02 1.055915288959318e-19
2.55085600e+02 1.055677657519613e-19
2.55200400e+02 1.055440186443047e-19
2.55315200e+02 1.055202875549335e-19
2.55430000e+02 1.054965724658476e-19
2.55544800e+02 1.054728733590753e-19
2.55659600e+02 1.054491902166730e-19
2.55774400e+02 1.054255230207253e-19
2.55889200e+02 1.054018717533451e-19
2.56004000e+02 1.053782363966732e-19
2.56118800e+02 1.053546169328784e-19
2.56233600e+02 1.053310133441576e-19
2.56348400e+02 1.053074256127357e-19
2.56463200e+02 1.052838537208650e-19
2.56578000e+02 1.052602976508262e-19
2.56692800e+02 1.052367573849273e-19
2.56807600e+02 1.052132329055041e-19
2.56922400e+02 1.051897241949200e-19
2.57037200e+02 1.051662312355662e-19
2.57152000e+02 1.051427540098611e-19
2.57266800e+02 1.051192925002507e-19
2.57381600e+02 1.050958466892085e-19
2.57496400e+02 1.050724165592352e-19
2.57611200e+02 1.050490020928589e-19
2.57726000e+02 1.050256032726348e-19
2.57840800e+02 1.050022200811455e-19
2.57955600e+02 1.049788525010005e-19
2.58070400e+02 1.049555005148366e-19
2.58185200e+02 1.049321641053175e-19
2.58300000e+02 1.049088432551339e-19
2.58414800e+02 1.048855379470034e-19
2.58529600e+02 1.048622481636704e-19
2.58644400e+02 1.048389738879063e-19
2.58759200e+02 1.048157151025091e-19
2.58874000e+02 1.047924717903034e-19
2.58988800e+02 1.047692439341408e-19
2.59103600e+02 1.047460315168992e-19
2.59218400e+02 1.047228345214832e-19
2.59333200e+02 1.046996529308236e-19
2.59448000e+02 1.046764867278780e-19
2.59562800e+02 1.046533358956303e-19
2.59677600e+02 1.046302004170906e-19
2.59792400e+02 1.046070802752954e-19
2.59907200e+02 1.045839754533072e-19
2.60022000e+02 1.045608859342151e-19
2.60136800e+02 1.045378117011339e-19
2.60251600e+02 1.045147527372047e-19
2.60366400e+02 1.044917090255947e-19
2.60481200e+02 1.044686805494967e-19
2.60596000e+02 1.044456672921298e-19
2.60710800e+02 1.044226692367388e-19
2.60825600e+02 1.043996863665943e-19
2.60940400e+02 1.043767186649927e-19
2.61055200e+02 1.043537661152562e-19
2.61170000e+02 1.043308287007324e-19
2.61284800e+02 1.043079064047948e-19
2.61399600e+02 1.042849992108424e-19
2.61514400e+02 1.042621071022995e-19
2.61629200e+02 1.042392300626160e-19
2.61744000e+02 1.042163680752673e-19
2.61858800e+02 1.041935211237541e-19
2.61973600e+02 1.041706891916023e-19
2.62088400e+02 1.041478722623632e-19
2.62203200e+02 1.041250703196132e-19
2.62318000e+02 1.041022833469540e-19
2.62432800e+02 1.040795113280122e-19
2.62547600e+02 1.040567542464396e-19
2.62662400e+02 1.040340120859131e-19
2.62777200e+02 1.040112848301343e-19
2.62892000e+02 1.039885724628300e-19
2.63006800e+02 1.039658749677516e-19
2.63121600e+02 1.039431923286756e-19
2.63236400e+02 1.039205245294029e-19
2.63351200e+02 1.038978715537595e-19
2.63466000e+02 1.038752333855959e-19
2.63580800e+02 1.038526100087871e-19
2.63695600e+02 1.038300014072329e-19
2.63810400e+02 1.038074075648574e-19
2.63925200e+02 1.037848284656094e-19
2.64040000e+02 1.037622640934619e-19
2.64154800e+02 1.037397144324126e-19
2.64269600e+02 1.037171794664831e-19
2.64384400e+02 1.036946591797196e-19
2.64499200e+02 1.036721535561926e-19
2.64614000e+02 1.036496625799964e-19
2.64728800e+02 1.036271862352499e-19
2.64843600e+02 1.036047245060958e-19
2.64958400e+02 1.035822773767009e-19
2.65073200e+02 1.035598448312561e-19
2.65188000e+02 1.035374268539762e-19
2.65302800e+02 1.035150234290998e-19
2.65417600e+02 1.034926345408896e-19
2.65532400e+02 1.034702601736319e-19
2.65647200e+02 1.034479003116370e-19
2.65762000e+02 1.034255549392386e-19
2.65876800e+02 1.034032240407942e-19
2.65991600e+02 1.033809076006853e-19
2.66106400e+02 1.033586056033164e-19
2.66221200e+02 1.033363180331158e-19
2.66336000e+02 1.033140448745355e-19
2.66450800e+02 1.032917861120506e-19
2.66565600e+02 1.032695417301598e-19
2.66680400e+02 1.032473117133852e-19
2.66795200e+02 1.032250960462720e-19
2.66910000e+02 1.032028947133889e-19
2.67024800e+02 1.031807076993276e-19
2.67139600e+02 1.031585349887032e-19
2.67254400e+02 1.031363765661538e-19
2.67369200e+02 1.031142324163406e-19
2.67484000e+02 1.030921025239479e-19
2.67598800e+02 1.030699868736830e-19
2.67713600e+02 1.030478854502759e-19
2.67828400e+02 1.030257982384800e-19
2.67943200e+02 1.030037252230711e-19
2.68058000e+02 1.029816663888481e-19
2.68172800e+02 1.029596217206326e-19
2.68287600e+02 1.029375912032690e-19
2.68402400e+02 1.029155748216241e-19
2.68517200e+02 1.028935725605877e-19
2.68632000e+02 1.028715844050720e-19
2.68746800e+02 1.028496103400120e-19
2.68861600e+02 1.028276503503649e-19
2.68976400e+02 1.028057044211105e-19
2.69091200e+02 1.027837725372511e-19
2.69206000e+02 1.027618546838113e-19
2.69320800e+02 1.027399508458381e-19
2.69435600e+02 1.027180610084008e-19
2.69550400e+02 1.026961851565910e-19
2.69665200e+02 1.026743232755223e-19
2.69780000e+02 1.026524753503307e-19
2.69894800e+02 1.026306413661742e-19
2.70009600e+02 1.026088213082331e-19
2.70124400e+02 1.025870151617095e-19
2.70239200e+02 1.025652229118276e-19
2.70354000e+02 1.025434445438335e-19
2.70468800e+02 1.025216800429954e-19
2.70583600e+02 1.024999293946032e-19
2.70698400e+02 1.024781925839686e-19
2.70813200e+02 1.024564695964254e-19
2.70928000e+02 1.024347604173288e-19
2.71042800e+02 1.024130650320558e-19
2.71157600e+02 1.023913834260053e-19
2.71272400e+02 1.023697155845975e-19
2.71387200e+02 1.023480614932744e-19
2.71502000e+02 1.023264211374995e-19
2.71616800e+02 1.023047945027578e-19
2.71731600e+02 1.022831815745558e-19
2.71846400e+02 1.022615823384213e-19
2.71961200e+02 1.022399967799036e-19
2.72076000e+02 1.022184248845733e-19
2.72190800e+02 1.021968666380224e-19
2.72305600e+02 1.021753220258639e-19
2.72420400e+02 1.021537910337324e-19
2.72535200e+02 1.021322736472833e-19
2.72650000e+02 1.021107698521934e-19
2.72764800e+02 1.020892796341606e-19
2.72879600e+02 1.020678029789037e-19
2.72994400e+02 1.020463398721625e-19
2.73109200e+02 1.020248902996982e-19
2.73224000e+02 1.020034542472923e-19
2.73338800e+02 1.019820317007476e-19
2.73453600e+02 1.019606226458879e-19
2.73568400e+02 1.019392270685574e-19
2.73683200e+02 1.019178449546214e-19
2.73798000e+02 1.018964762899658e-19
2.73912800e+02 1.018751210604973e-19
2.74027600e+02 1.018537792521432e-19
2.74142400e+02 1.018324508508514e-19
2.74257200e+02 1.018111358425905e-19
2.74372000e+02 1.017898342133496e-19
2.74486800e+02 1.017685459491383e-19
2.74601600e+02 1.017472710359866e-19
2.74716400e+02 1.017260094599451e-19
2.74831200e+02 1.017047612070846e-19
2.74946000e+02 1.016835262634964e-19
2.75060800e+02 1.016623046152921e-19
2.75175600e+02 1.016410962486035e-19
2.75290400e+02 1.016199011495829e-19
2.75405200e+02 1.015987193044024e-19
2.75520000e+02 1.015775506992545e-19
2.75634800e+02 1.015563953203519e-19
2.75749600e+02 1.015352531539272e-19
2.75864400e+02 1.015141241862333e-19
2.75979200e+02 1.014930084035428e-19
2.76094000e+02 1.014719057921486e-19
2.76208800e+02 1.014508163383633e-19
2.76323600e+02 1.014297400285195e-19
2.76438400e+02 1.014086768489697e-19
2.76553200e+02 1.013876267860861e-19
2.76668000e+02 1.013665898262609e-19
2.76782800e+02 1.013455659559060e-19
2.76897600e+02 1.013245551614528e-19
2.77012400e+02 1.013035574293526e-19
2.77127200e+02 1.012825727460763e-19
2.77242000e+02 1.012616010981145e-19
2.77356800e+02 1.012406424719771e-19
2.77471600e+02 1.012196968541938e-19
2.77586400e+02 1.011987642313138e-19
2.77701200e+02 1.011778445899055e-19
2.77816000e+02 1.011569379165570e-19
2.77930800e+02 1.011360441978757e-19
2.78045600e+02 1.011151634204883e-19
2.78160400e+02 1.010942955710409e-19
2.78275200e+02 1.010734406361989e-19
2.78390000e+02 1.010525986026468e-19
2.78504800e+02 1.010317694570885e-19
2.78619600e+02 1.010109531862470e-19
2.78734400e+02 1.009901497768643e-19
2.78849200e+02 1.009693592157018e-19
2.78964000e+02 1.009485814895397e-19
2.79078800e+02 1.009278165851774e-19
2.79193600e+02 1.009070644894332e-19
2.79308400e+02 1.008863251891444e-19
2.79423200e+02 1.008655986711672e-19
2.79538000e+02 1.008448849223768e-19
2.79652800e+02 1.008241839296672e-19
2.79767600e+02 1.008034956799512e-19
2.79882400e+02 1.007828201601604e-19
2.79997200e+02 1.007621573572451e-19
2.80112000e+02 1.007415072581744e-19
2.80226800e+02 1.007208698499361e-19
2.80341600e+02 1.007002451195366e-19
2.80456400e+02 1.006796330540010e-19
2.80571200e+02 1.006590336403728e-19
2.80686000e+02 1.006384468657142e-19
2.80800800e+02 1.006178727171060e-19
2.80915600e+02 1.005973111816471e-19
2.81030400e+02 1.005767622464554e-19
2.81145200e+02 1.005562258986668e-19
2.81260000e+02 1.005357021254356e-19
2.81374800e+02 1.005151909139347e-19
2.81489600e+02 1.004946922513551e-19
2.81604400e+02 1.004742061249061e-19
2.81719200e+02 1.004537325218153e-19
2.81834000e+02 1.004332714293285e-19
2.81948800e+02 1.004128228347097e-19
2.82063600e+02 1.003923867252410e-19
2.82178400e+02 1.003719630882226e-19
2.82293200e+02 1.003515519109727e-19
2.82408000e+02 1.003311531808279e-19
2.82522800e+02 1.003107668851423e-19
2.82637600e+02 1.002903930112884e-19
2.82752400e+02 1.002700315466564e-19
2.82867200e+02 1.002496824786545e-19
2.82982000e+02 1.002293457947089e-19
2.83096800e+02 1.002090214822634e-19
2.83211600e+02 1.001887095287797e-19
2.83326400e+02 1.001684099217374e-19
2.83441200e+02 1.001481226486338e-19
2.83556000e+02 1.001278476969839e-19
2.83670800e+02 1.001075850543203e-19
2.83785600e+02 1.000873347081933e-19
2.83900400e+02 1.000670966461710e-19
2.84015200e+02 1.000468708558389e-19
2.84130000e+02 1.000266573248000e-19
2.84244800e+02 1.000064560406750e-19
2.84359600e+02 9.998626699110202e-20
2.84474400e+02 9.996609016373665e-20
2.84589200e+02 9.994592554625190e-20
2.84704000e+02 9.992577312633815e-20
2.84818800e+02 9.990563289170320e-20
2.84933600e+02 9.988550483007217e-20
2.85048400e+02 9.986538892918749e-20
2.85163200e+02 9.984528517680880e-20
2.85278000e+02 9.982519356071309e-20
2.85392800e+02 9.980511406869448e-20
2.85507600e+02 9.978504668856428e-20
2.85622400e+02 9.976499140815099e-20
2.85737200e+02 9.974494821530018e-20
2.85852000e+02 9.972491709787451e-20
2.85966800e+02 9.970489804375374e-20
2.86081600e+02 9.968489104083461e-20
2.86196400e+02 9.966489607703084e-20
2.86311200e+02 9.964491314027321e-20
2.86426000e+02 9.962494221850929e-20
2.86540800e+02 9.960498329970368e-20
2.86655600e+02 9.958503637183776e-20
2.86770400e+02 9.956510142290980e-20
2.86885200e+02 9.954517844093489e-20
2.87000000e+02 9.952526741394484e-20
2.87114800e+02 9.950536832998830e-20
-----------------------------
