Energy (eV)          EEDF (eV^-(3/2))     First Anisotropy
2.70555555555556e-02 6.60296682075516e-01 8.06342733667474e-04
8.11666666666667e-02 6.35449353856486e-01 1.31085531935529e-03
1.35277777777778e-01 6.11537044330509e-01 1.67663176004763e-03
1.89388888888889e-01 5.88524568198667e-01 1.92372141006368e-03
2.43500000000000e-01 5.66378064232727e-01 2.10568308244474e-03
2.97611111111111e-01 5.45064945345400e-01 2.24378940869218e-03
3.51722222222222e-01 5.24553850890036e-01 2.34954894167990e-03
4.05833333333333e-01 5.04814600239188e-01 2.43019698179000e-03
4.59944444444444e-01 4.85818148481514e-01 2.49070973425900e-03
5.14055555555556e-01 4.67536543682964e-01 2.53472039779187e-03
5.68166666666667e-01 4.49942885756362e-01 2.56499661824358e-03
6.22277777777778e-01 4.33011286880822e-01 2.58371416915972e-03
6.76388888888889e-01 4.16716833408623e-01 2.59262532074652e-03
7.30500000000000e-01 4.01035549206485e-01 2.59316826224697e-03
7.84611111111111e-01 3.85944360357206e-01 2.58654140519038e-03
8.38722222222222e-01 3.71421061268294e-01 2.57375569581009e-03
8.92833333333333e-01 3.57444281934400e-01 2.55567256948777e-03
9.46944444444445e-01 3.43993456515369e-01 2.53303219673402e-03
1.00105555555556e+00 3.31048793075031e-01 2.50647497647256e-03
1.05516666666667e+00 3.18591244469879e-01 2.47655820462001e-03
1.10927777777778e+00 3.06602480297984e-01 2.44376921688346e-03
1.16338888888889e+00 2.95064859940882e-01 2.40853590462331e-03
1.21750000000000e+00 2.83961406606587e-01 2.37123524613325e-03
1.27161111111111e+00 2.73275782266885e-01 2.33220028650188e-03
1.32572222222222e+00 2.62992263874695e-01 2.29172594232598e-03
1.37983333333333e+00 2.53095719959849e-01 2.25007385942944e-03
1.43394444444444e+00 2.43571588457974e-01 2.20747648778719e-03
1.48805555555556e+00 2.34405855283406e-01 2.16414056311115e-03
1.54216666666667e+00 2.25585033708083e-01 2.12025008223712e-03
1.59627777777778e+00 2.17096144517498e-01 2.07596886572376e-03
1.65038888888889e+00 2.08926696912248e-01 2.03144277751128e-03
1.70450000000000e+00 2.01064670128694e-01 1.98680165997226e-03
1.75861111111111e+00 1.93498495709234e-01 1.94216101645277e-03
1.81272222222222e+00 1.86217040610786e-01 1.89762350189307e-03
1.86683333333333e+00 1.79209590687614e-01 1.85328023854548e-03
1.92094444444444e+00 1.72465834973272e-01 1.80921196664756e-03
1.97505555555556e+00 1.65975850508739e-01 1.76549007733465e-03
2.02916666666667e+00 1.59730087741336e-01 1.72217753001296e-03
2.08327777777778e+00 1.53719356473533e-01 1.67932967185314e-03
2.13738888888889e+00 1.47934812340043e-01 1.63699497171193e-03
2.19150000000000e+00 1.42367943793961e-01 1.59521568050681e-03
2.24561111111111e+00 1.37010559559398e-01 1.55402841885509e-03
2.29972222222222e+00 1.31854776650659e-01 1.51346471458796e-03
2.35383333333333e+00 1.26893008698350e-01 1.47355148863689e-03
2.40794444444444e+00 1.22117954812376e-01 1.43431148565409e-03
2.46205555555556e+00 1.17522588839192e-01 1.39576367098196e-03
2.51616666666667e+00 1.13100149023250e-01 1.35792358894573e-03
2.57027777777778e+00 1.08844128057689e-01 1.32080368822220e-03
2.62438888888889e+00 1.04748263509213e-01 1.28441361763998e-03
2.67850000000000e+00 1.00806528603364e-01 1.24876049637285e-03
2.73261111111111e+00 9.70131233430598e-02 1.21384915591856e-03
2.78672222222222e+00 9.33624660160978e-02 1.17968236574029e-03
2.84083333333333e+00 8.98491849388536e-02 1.14626103943286e-03
2.89494444444444e+00 8.64681105671366e-02 1.11358441723217e-03
2.94905555555556e+00 8.32142678895694e-02 1.08165023715053e-03
3.00316666666667e+00 8.00828691071790e-02 1.05045489020416e-03
3.05727777777778e+00 7.70693065885553e-02 1.01999356228542e-03
3.11138888888889e+00 7.41691460900096e-02 9.90260363865054e-04
3.16550000000000e+00 7.13781202308980e-02 9.61248449249752e-04
3.21961111111111e+00 6.86921222063785e-02 9.32950122952465e-04
3.27372222222222e+00 6.61071997695910e-02 9.05356940272756e-04
3.32783333333333e+00 6.36195493903338e-02 8.78459799494556e-04
3.38194444444444e+00 6.12255106673530e-02 8.52249022492284e-04
3.43605555555556e+00 5.89215609423199e-02 8.26714431325228e-04
3.49016666666667e+00 5.67043101164726e-02 8.01845417504448e-04
3.54427777777778e+00 5.45704956623598e-02 7.77631005272272e-04
3.59838888888889e+00 5.25169778232429e-02 7.54059909384993e-04
3.65250000000000e+00 5.05407349931662e-02 7.31120588281611e-04
3.70661111111111e+00 4.86388592659042e-02 7.08801290800821e-04
3.76072222222222e+00 4.68085521715644e-02 6.87090100924831e-04
3.81483333333333e+00 4.50471205429674e-02 6.65974978666324e-04
3.86894444444444e+00 4.33519725583045e-02 6.45443794823893e-04
3.92305555555556e+00 4.17206139274551e-02 6.25484364461778e-04
3.97716666666667e+00 4.01506442218067e-02 6.06084476805263e-04
4.03127777777778e+00 3.86397533422128e-02 5.87231922322507e-04
4.08538888888889e+00 3.71857181198349e-02 5.68914517216346e-04
4.13950000000000e+00 3.57863990449069e-02 5.51120125821968e-04
4.19361111111111e+00 3.44397371154874e-02 5.33836679604297e-04
4.24772222222222e+00 3.31437508173985e-02 5.17052195659407e-04
4.30183333333333e+00 3.18965331986546e-02 5.00754793401002e-04
4.35594444444444e+00 3.06962490669278e-02 4.84932707857275e-04
4.41005555555556e+00 2.95411322891921e-02 4.69574302752659e-04
4.46416666666667e+00 2.84294831929784e-02 4.54668081790058e-04
4.51827777777778e+00 2.73596660654377e-02 4.40202698600514e-04
4.57238888888889e+00 2.63301067464994e-02 4.26166965467982e-04
4.62650000000000e+00 2.53392903126061e-02 4.12549861123519e-04
4.68061111111111e+00 2.43857588456391e-02 3.99340536698602e-04
4.73472222222222e+00 2.34681092937874e-02 3.86528321751014e-04
4.78883333333333e+00 2.25849914007779e-02 3.74102729451411e-04
4.84294444444444e+00 2.17351057212273e-02 3.62053459848682e-04
4.89705555555556e+00 2.09172017085999e-02 3.50370403315756e-04
4.95116666666667e+00 2.01300758751146e-02 3.39043643092750e-04
5.00527777777778e+00 1.93725700209035e-02 3.28063457219316e-04
5.05938888888889e+00 1.86435695297994e-02 3.17420319909454e-04
5.11350000000000e+00 1.79420017292575e-02 3.07104902549425e-04
5.16761111111111e+00 1.72668343107290e-02 2.97108073689041e-04
5.22172222222222e+00 1.66170738145966e-02 2.87420899299908e-04
5.27583333333333e+00 1.59917641643474e-02 2.78034642672873e-04
5.32994444444445e+00 1.53899852611559e-02 2.68940763212773e-04
5.38405555555556e+00 1.48108516300238e-02 2.60130915533939e-04
5.43816666666667e+00 1.42535111168642e-02 2.51596948116147e-04
5.49227777777778e+00 1.37171436346212e-02 2.43330901707186e-04
5.54638888888889e+00 1.32009599565677e-02 2.35325007498347e-04
5.60050000000000e+00 1.27042005550143e-02 2.27571685186193e-04
5.65461111111111e+00 1.22261344829002e-02 2.20063540486008e-04
5.70872222222222e+00 1.17660583007811e-02 2.12793362950823e-04
5.76283333333333e+00 1.13232950391682e-02 2.05754123664213e-04
5.81694444444445e+00 1.08971932033083e-02 1.98938972297985e-04
5.87105555555556e+00 1.04871258145559e-02 1.92341234477918e-04
5.92516666666667e+00 1.00924894878169e-02 1.85954408950946e-04
5.97927777777778e+00 9.71270354371290e-03 1.79772164674130e-04
6.03338888888889e+00 9.34720915415094e-03 1.73788337838056e-04
6.08750000000000e+00 8.99546852004780e-03 1.67996928896849e-04
6.14161111111111e+00 8.65696407946391e-03 1.62392099304948e-04
6.19572222222222e+00 8.33119774769220e-03 1.56968168536336e-04
6.24983333333333e+00 8.01769018266876e-03 1.51719611088997e-04
6.30394444444445e+00 7.71598008023622e-03 1.46641053125155e-04
6.35805555555556e+00 7.42562349536741e-03 1.41727269384268e-04
6.41216666666667e+00 7.14619318893102e-03 1.36973180021467e-04
6.46627777777778e+00 6.87727799904087e-03 1.32373847449979e-04
6.52038888888889e+00 6.61848223605950e-03 1.27924473193205e-04
6.57450000000000e+00 6.36942510036902e-03 1.23620394792851e-04
6.62861111111111e+00 6.12974012170187e-03 1.19457082566157e-04
6.68272222222222e+00 5.89907462098429e-03 1.15430136601951e-04
6.73683333333333e+00 5.67708919028414e-03 1.11535283790790e-04
6.79094444444445e+00 5.46345719377715e-03 1.07768374648790e-04
6.84505555555556e+00 5.25786428712549e-03 1.04125380367089e-04
6.89916666666667e+00 5.06000795494190e-03 1.00602389848340e-04
6.95327777777778e+00 4.86959706566060e-03 9.71956067819186e-05
7.00738888888889e+00 4.68635144315732e-03 9.39013467599108e-05
7.06150000000000e+00 4.51000145449000e-03 9.07160344639570e-05
7.11561111111111e+00 4.34028761292259e-03 8.76362007799614e-05
7.16972222222222e+00 4.17696019681970e-03 8.46584801054343e-05
7.22383333333333e+00 4.01977888146731e-03 8.17796077082091e-05
7.27794444444445e+00 3.86851238570308e-03 7.89964169709427e-05
7.33205555555556e+00 3.72293813160248e-03 7.63058368152068e-05
7.38616666666667e+00 3.58284191697092e-03 7.37048891410128e-05
7.44027777777778e+00 3.44801760016086e-03 7.11906863159059e-05
7.49438888888889e+00 3.31826679674879e-03 6.87604287139743e-05
7.54850000000000e+00 3.19339858762653e-03 6.64114023243615e-05
7.60261111111111e+00 3.07322923792461e-03 6.41409763303529e-05
7.65672222222222e+00 2.95758192713049e-03 6.19466008394538e-05
7.71083333333333e+00 2.84628648842511e-03 5.98258046668594e-05
7.76494444444445e+00 2.73917915846075e-03 5.77761930580583e-05
7.81905555555556e+00 2.63610233639486e-03 5.57954455509923e-05
7.87316666666667e+00 2.53690435199143e-03 5.38813138646115e-05
7.92727777777778e+00 2.44143924244932e-03 5.20316198364776e-05
7.98138888888889e+00 2.34956653762814e-03 5.02442534089781e-05
8.03550000000000e+00 2.26115105335644e-03 4.85171706769524e-05
8.08961111111111e+00 2.17606269241612e-03 4.68483919282134e-05
8.14372222222222e+00 2.09417625342700e-03 4.52359998001988e-05
8.19783333333333e+00 2.01537124629952e-03 4.36781374852290e-05
8.25194444444445e+00 1.93953171505270e-03 4.21730069054117e-05
8.30605555555556e+00 1.86654606719315e-03 4.07188669942379e-05
8.36016666666667e+00 1.79630690951447e-03 3.93140320067371e-05
8.41427777777778e+00 1.72871089007601e-03 3.79568698732730e-05
8.46838888888889e+00 1.66365854612768e-03 3.66458005962434e-05
8.52250000000000e+00 1.60105415775756e-03 3.53792946980770e-05
8.57661111111111e+00 1.54080560697902e-03 3.41558716730195e-05
8.63072222222222e+00 1.48282424239478e-03 3.29740985270554e-05
8.68483333333333e+00 1.42702474853758e-03 3.18325883591942e-05
8.73894444444445e+00 1.37332502040828e-03 3.07299989294816e-05
8.79305555555556e+00 1.32164604266416e-03 2.96650313076279e-05
8.84716666666667e+00 1.27191177335339e-03 2.86364285482329e-05
8.90127777777778e+00 1.22404903202483e-03 2.76429744026710e-05
8.95538888888889e+00 1.17798739204810e-03 2.66834920668481e-05
9.00950000000000e+00 1.13365907698577e-03 2.57568429703427e-05
9.06361111111111e+00 1.09099886081973e-03 2.48619255739499e-05
9.11772222222222e+00 1.04994397211581e-03 2.39976742334726e-05
9.17183333333333e+00 1.01043400151600e-03 2.31630580973163e-05
9.22594444444445e+00 9.72410812899786e-04 2.23570800000297e-05
9.28005555555556e+00 9.35818457840927e-04 2.15787754162389e-05
9.33416666666667e+00 9.00603093283315e-04 2.08272114375666e-05
9.38827777777778e+00 8.66712902314795e-04 2.01014857792731e-05
9.44238888888889e+00 8.34098017922206e-04 1.94007258158848e-05
9.49650000000000e+00 8.02710449615613e-04 1.87240876494380e-05
9.55061111111111e+00 7.72504012783160e-04 1.80707551874183e-05
9.60472222222222e+00 7.43434260827837e-04 1.74399392701248e-05
9.65883333333333e+00 7.15458419670661e-04 1.68308768249317e-05
9.71294444444445e+00 6.88535324844851e-04 1.62428300211879e-05
9.76705555555556e+00 6.62625360925223e-04 1.56750854700565e-05
9.82116666666667e+00 6.37690403236882e-04 1.51269534433612e-05
9.87527777777778e+00 6.13693761757511e-04 1.45977671159543e-05
9.92938888888889e+00 5.90600127130579e-04 1.40868818309756e-05
9.98350000000000e+00 5.68375518710123e-04 1.35936744025345e-05
1.00376111111111e+01 5.46987234457415e-04 1.31175423752782e-05
1.00917222222222e+01 5.26403803160153e-04 1.26579033923386e-05
1.01458333333333e+01 5.06594937755788e-04 1.22141945800703e-05
1.01999444444444e+01 4.87531490900769e-04 1.17858718601023e-05
1.02540555555556e+01 4.69185412082275e-04 1.13724093607280e-05
1.03081666666667e+01 4.51529706343717e-04 1.09732988257010e-05
1.03622777777778e+01 4.34538394563879e-04 1.05880490413696e-05
1.04163888888889e+01 4.18186475230297e-04 1.02161852816320e-05
1.04705000000000e+01 4.02449887651305e-04 9.85724879098330e-06
1.05246111111111e+01 3.87305476413521e-04 9.51079619910350e-06
1.05787222222222e+01 3.72730957738444e-04 9.17639905955253e-06
1.06328333333333e+01 3.58704886253334e-04 8.85364340785224e-06
1.06869444444444e+01 3.45206623586740e-04 8.54212921632415e-06
1.07410555555556e+01 3.32216308000587e-04 8.24146995994300e-06
1.07951666666667e+01 3.19714825164940e-04 7.95129217209384e-06
1.08492777777778e+01 3.07683780032815e-04 7.67123501440673e-06
1.09033888888889e+01 2.96105469773054e-04 7.40094986025474e-06
1.09575000000000e+01 2.84962857721863e-04 7.14009990589682e-06
1.10116111111111e+01 2.74239548220564e-04 6.88835973545842e-06
1.10657222222222e+01 2.63919762780254e-04 6.64541497298645e-06
1.11198333333333e+01 2.53988316567095e-04 6.41096194905694e-06
1.11739444444444e+01 2.44430596160978e-04 6.18470729700239e-06
1.12280555555556e+01 2.35232538052905e-04 5.96636762701512e-06
1.12821666666667e+01 2.26380607951466e-04 5.75566919426291e-06
1.13362777777778e+01 2.17861780868214e-04 5.55234757770468e-06
1.13903888888889e+01 2.09663521952245e-04 5.35614736928129e-06
1.14445000000000e+01 2.01773768046049e-04 5.16682188313552e-06
1.14986111111111e+01 1.94180909871696e-04 4.98413283368539e-06
1.15527222222222e+01 1.86873775145014e-04 4.80785007482985e-06
1.16068333333333e+01 1.79841611934500e-04 4.63775135001296e-06
1.16609444444444e+01 1.73074072909800e-04 4.47362199426690e-06
1.17150555555556e+01 1.66561200116343e-04 4.31525469092072e-06
1.17691666666667e+01 1.60293410322876e-04 4.16244922484626e-06
1.18232777777778e+01 1.54261480920495e-04 4.01501224377339e-06
1.18773888888889e+01 1.48456536352187e-04 3.87275702742367e-06
1.19315000000000e+01 1.42870035053071e-04 3.73550327113397e-06
1.19856111111111e+01 1.37493756838803e-04 3.60307684845539e-06
1.20397222222222e+01 1.32319790943554e-04 3.47530961669723e-06
1.20938333333333e+01 1.27340524242786e-04 3.35203923053375e-06
1.21479444444444e+01 1.22548630098062e-04 3.23310892281867e-06
1.22020555555556e+01 1.17937057576411e-04 3.11836732379701e-06
1.22561666666667e+01 1.13499021075357e-04 3.00766827838641e-06
1.23102777777778e+01 1.09227990338436e-04 2.90087066950557e-06
1.23643888888889e+01 1.05117680846358e-04 2.79783824725753e-06
1.24185000000000e+01 1.01162044569774e-04 2.69843946858277e-06
1.24726111111111e+01 9.73552610405857e-05 2.60254732271537e-06
1.25267222222222e+01 9.36917288782871e-05 2.51003918682446e-06
1.25808333333333e+01 9.01660574546700e-05 2.42079668761852e-06
1.26349444444444e+01 8.67730589938555e-05 2.33470554054059e-06
1.26890555555556e+01 8.35077409388478e-05 2.25165541594934e-06
1.27431666666667e+01 8.03652986053228e-05 2.17153980428449e-06
1.27972777777778e+01 7.73411081119097e-05 2.09425588574006e-06
1.28513888888889e+01 7.44307195764574e-05 2.01970440429974e-06
1.29055000000000e+01 7.16298505683465e-05 1.94778954932885e-06
1.29596111111111e+01 6.89343797871268e-05 1.87841882757768e-06
1.30137222222222e+01 6.63403410601547e-05 1.81150295641300e-06
1.30678333333333e+01 6.38439174431067e-05 1.74695576144375e-06
1.31219444444444e+01 6.14414356253911e-05 1.68469405882362e-06
1.31760555555556e+01 5.91293605251300e-05 1.62463755652941e-06
1.32301666666667e+01 5.69042900875256e-05 1.56670875515771e-06
1.32842777777778e+01 5.47629502789998e-05 1.51083285206718e-06
1.33383888888889e+01 5.27021902696730e-05 1.45693764875654e-06
1.33925000000000e+01 5.07189777971398e-05 1.40495346369148e-06
1.34466111111111e+01 4.88103946910150e-05 1.35481303865492e-06
1.35007222222222e+01 4.69736326212481e-05 1.30645146003315e-06
1.35548333333333e+01 4.52059889225082e-05 1.25980608333076e-06
1.36089444444444e+01 4.35048626322589e-05 1.21481644720193e-06
1.36630555555556e+01 4.18677506636260e-05 1.17142420083151e-06
1.37171666666667e+01 4.02922441222741e-05 1.12957303113600e-06
1.37712777777778e+01 3.87760247619050e-05 1.08920859243804e-06
1.38253888888889e+01 3.73168615731130e-05 1.05027843853266e-06
1.38795000000000e+01 3.59126075006127e-05 1.01273195867901e-06
1.39336111111111e+01 3.45611962746411e-05 9.76520309217523e-07
1.39877222222222e+01 3.32606393994187e-05 9.41596355700462e-07
1.40418333333333e+01 3.20090231975967e-05 9.07914617389066e-07
1.40959444444444e+01 3.08045060045655e-05 8.75431204574299e-07
1.41500555555556e+01 2.96453154585757e-05 8.44103765293838e-07
1.42041666666667e+01 2.85297458928276e-05 8.13891432030809e-07
1.42582777777778e+01 2.74561558257135e-05 7.84754770235506e-07
1.43123888888889e+01 2.64229655454881e-05 7.56655728609161e-07
1.43665000000000e+01 2.54286547858342e-05 7.29557592213864e-07
1.44206111111111e+01 2.44717604824967e-05 7.03424932627877e-07
1.44747222222222e+01 2.35508746402095e-05 6.78223565504564e-07
1.45288333333333e+01 2.26646422406676e-05 6.53920509861911e-07
1.45829444444444e+01 2.18117592556556e-05 6.30483942457552e-07
1.46370555555556e+01 2.09909707282624e-05 6.07883158780124e-07
1.46911666666667e+01 2.02010689262976e-05 5.86088534101990e-07
1.47452777777778e+01 1.94408915652057e-05 5.65071485871806e-07
1.47993888888889e+01 1.87093200978427e-05 5.44804437401717e-07
1.48535000000000e+01 1.80052780686131e-05 5.25260783587727e-07
1.49076111111111e+01 1.73277295251575e-05 5.06414854635050e-07
1.49617222222222e+01 1.66756775075289e-05 4.88241884999082e-07
1.50158333333333e+01 1.60481625673602e-05 4.70717983589459e-07
1.50699444444444e+01 1.54442613608579e-05 4.53820100607312e-07
1.51240555555556e+01 1.48630852901672e-05 4.37525999043182e-07
1.51781666666667e+01 1.43037791958604e-05 4.21814226269080e-07
1.52322777777778e+01 1.37655200986351e-05 4.06664086612884e-07
1.52863888888889e+01 1.32475159883559e-05 3.92055614881671e-07
1.53405000000000e+01 1.27490046586673e-05 3.77969551346813e-07
1.53946111111111e+01 1.22692525824550e-05 3.64387315382402e-07
1.54487222222222e+01 1.18075538417732e-05 3.51290982779304e-07
1.55028333333333e+01 1.13632290796231e-05 3.38663263979423e-07
1.55569444444444e+01 1.09356245035859e-05 3.26487480002706e-07
1.56110555555556e+01 1.05241109238138e-05 3.14747541658420e-07
1.56651666666667e+01 1.01280828272198e-05 3.03427928857709e-07
1.57192777777778e+01 9.74695748651141e-06 2.92513670644808e-07
1.57733888888889e+01 9.38017410274684e-06 2.81990325922335e-07
1.58275000000000e+01 9.02719298015889e-06 2.71843965226965e-07
1.58816111111111e+01 8.68749472996775e-06 2.62061151596437e-07
1.59357222222222e+01 8.36057951249277e-06 2.52628924027749e-07
1.59898333333333e+01 8.04596629514494e-06 2.43534781604759e-07
1.60439444444444e+01 7.74319214685797e-06 2.34766666044181e-07
1.60980555555556e+01 7.45181155691795e-06 2.26312946556720e-07
1.61521666666667e+01 7.17139577942492e-06 2.18162404803596e-07
1.62062777777778e+01 6.90153220242554e-06 2.10304220377847e-07
1.62603888888889e+01 6.64182374078271e-06 2.02727956792323e-07
1.63145000000000e+01 6.39188825189288e-06 1.95423548222064e-07
1.63686111111111e+01 6.15135797197284e-06 1.88381285633875e-07
1.64227222222222e+01 5.91987897928743e-06 1.81591804743184e-07
1.64768333333333e+01 5.69711066889386e-06 1.75046074457162e-07
1.65309444444444e+01 5.48272525300197e-06 1.68735384233405e-07
1.65850555555556e+01 5.27640727865763e-06 1.62651333071128e-07
1.66391666666667e+01 5.07785316357541e-06 1.56785818586126e-07
1.66932777777778e+01 4.88677074944003e-06 1.51131026468268e-07
1.67473888888889e+01 4.70287887201534e-06 1.45679420308289e-07
1.68015000000000e+01 4.52590694743103e-06 1.40423731966102e-07
1.68556111111111e+01 4.35559457306305e-06 1.35356951526106e-07
1.69097222222222e+01 4.19169114737149e-06 1.30472318541444e-07
1.69638333333333e+01 4.03395549807467e-06 1.25763313631052e-07
1.70179444444444e+01 3.88215552833740e-06 1.21223649333007e-07
1.70720555555556e+01 3.73606787525690e-06 1.16847262109373e-07
1.71261666666667e+01 3.59547758119965e-06 1.12628304421496e-07
1.71802777777778e+01 3.46017777750733e-06 1.08561137083719e-07
1.72343888888889e+01 3.32996938010372e-06 1.04640321885836e-07
1.72885000000000e+01 3.20466079655658e-06 1.00860614604113e-07
1.73426111111111e+01 3.08406764349229e-06 9.72169577341561e-08
1.73967222222222e+01 2.96801247735447e-06 9.37044741332462e-08
1.74508333333333e+01 2.85632453118660e-06 9.03184609183317e-08
1.75049444444444e+01 2.74883946408727e-06 8.70543828539175e-08
1.75590555555556e+01 2.64539911939414e-06 8.39078665524017e-08
1.76131666666667e+01 2.54585129196736e-06 8.08746947319313e-08
1.76672777777778e+01 2.45004950423103e-06 7.79508006766213e-08
1.77213888888889e+01 2.35785279064149e-06 7.51322628920868e-08
1.77755000000000e+01 2.26912549026650e-06 7.24153000396614e-08
1.78296111111111e+01 2.18373704670791e-06 6.97962656834419e-08
1.78837222222222e+01 2.10156181741976e-06 6.72716436792132e-08
1.79378333333333e+01 2.02247888737300e-06 6.48380437484433e-08
1.79919444444444e+01 1.94637189163805e-06 6.24921967023591e-08
1.80460555555556e+01 1.87312884416204e-06 6.02309502393929e-08
1.81001666666667e+01 1.80264197298908e-06 5.80512647886178e-08
1.81542777777778e+01 1.73480756168179e-06 5.59502095000829e-08
1.82083888888889e+01 1.66952579670974e-06 5.39249583769101e-08
1.82625000000000e+01 1.60670062058089e-06 5.19727866072009e-08
1.83166111111111e+01 1.54623959018143e-06 5.00910667701109e-08
1.83707222222222e+01 1.48805374173276e-06 4.82772654950547e-08
1.84248333333333e+01 1.43205745888060e-06 4.65289402547656e-08
1.84789444444444e+01 1.37816834706146e-06 4.48437359182862e-08
1.85330555555556e+01 1.32630711226485e-06 4.32193817087098e-08
1.85871666666667e+01 1.27639744435769e-06 4.16536881971061e-08
1.86412777777778e+01 1.22836590479955e-06 4.01445444029634e-08
1.86953888888889e+01 1.18214181858290e-06 3.86899149974086e-08
1.87495000000000e+01 1.13765717023986e-06 3.72878376496342e-08
1.88036111111111e+01 1.09484650354268e-06 3.59364202888220e-08
1.88577222222222e+01 1.05364682586575e-06 3.46338386860283e-08
1.89118333333333e+01 1.01399751480190e-06 3.33783341327884e-08
1.89659444444444e+01 9.75840229198714e-07 3.21682109550150e-08
1.90200555555556e+01 9.39118823313612e-07 3.10018343126803e-08
1.90741666666667e+01 9.03779264199288e-07 2.98776280276117e-08
1.91282777777778e+01 8.69769552198234e-07 2.87940724884439e-08
1.91823888888889e+01 8.37039644428823e-07 2.77497026300085e-08
1.92365000000000e+01 8.05541381150749e-07 2.67431060153264e-08
1.92906111111111e+01 7.75228414749837e-07 2.57729208609261e-08
1.93447222222222e+01 7.46056142007522e-07 2.48378342881330e-08
1.93988333333333e+01 7.17981637991058e-07 2.39365806441948e-08
1.94529444444444e+01 6.90963593056668e-07 2.30679397104002e-08
1.95070555555556e+01 6.64962252065327e-07 2.22307351120231e-08
1.95611666666667e+01 6.39939355885834e-07 2.14238327498984e-08
1.96152777777778e+01 6.15858085099318e-07 2.06461392878294e-08
1.96693888888889e+01 5.92683005822012e-07 1.98966006938563e-08
1.97235000000000e+01 5.70380017566795e-07 1.91742008550144e-08
1.97776111111111e+01 5.48916302962086e-07 1.84779601541342e-08
1.98317222222222e+01 5.28260279785713e-07 1.78069342062659e-08
1.98858333333333e+01 5.08381554162903e-07 1.71602126454895e-08
1.99399444444444e+01 4.89250875957211e-07 1.65369178341913e-08
1.99940555555556e+01 4.70840095731006e-07 1.59362037149037e-08
2.00481666666667e+01 4.53122123325531e-07 1.53572546786496e-08
2.01022777777778e+01 4.36070887999729e-07 1.47992844736539e-08
2.01563888888889e+01 4.19661300068953e-07 1.42615351529940e-08
2.02105000000000e+01 4.03869213987263e-07 1.37432760748705e-08
2.02646111111111e+01 3.88671392746653e-07 1.32438028774963e-08
2.03187222222222e+01 3.74045473908150e-07 1.27624365667645e-08
2.03728333333333e+01 3.59969936468354e-07 1.22985226402425e-08
2.04269444444444e+01 3.46424069271126e-07 1.18514301579738e-08
2.04810555555556e+01 3.33387940532594e-07 1.14205509140008e-08
2.05351666666667e+01 3.20842368512907e-07 1.10052986203941e-08
2.05892777777778e+01 3.08768893291728e-07 1.06051081204464e-08
2.06433888888889e+01 2.97149749605731e-07 1.02194346299919e-08
2.06975000000000e+01 2.85967840708273e-07 9.84775301639505e-09
2.07516111111111e+01 2.75206713162741e-07 9.48955706059518e-09
2.08057222222222e+01 2.64850532786474e-07 9.14435879884725e-09
2.08598333333333e+01 2.54884061193746e-07 8.81168789063660e-09
2.09139444444444e+01 2.45292633427717e-07 8.49109095010226e-09
2.09680555555556e+01 2.36062136381986e-07 8.18213094863218e-09
2.10221666666667e+01 2.27178988034131e-07 7.88438662688331e-09
2.10762777777778e+01 2.18630117460767e-07 7.59745192785367e-09
2.11303888888889e+01 2.10402945604585e-07 7.32093545025684e-09
2.11845000000000e+01 2.02485366765160e-07 7.05445992885379e-09
2.12386111111111e+01 1.94865730751672e-07 6.79766170349697e-09
2.12927222222222e+01 1.87532825847014e-07 6.55019024450122e-09
2.13468333333333e+01 1.80475862201142e-07 6.31170769686280e-09
2.14009444444444e+01 1.73684455992034e-07 6.08188839944625e-09
2.14550555555556e+01 1.67148614146640e-07 5.86041845447184e-09
2.15091666666667e+01 1.60858719636757e-07 5.64699530407039e-09
2.15632777777778e+01 1.54805517328292e-07 5.44132732202402e-09
2.16173888888889e+01 1.48980100362960e-07 5.24313342015124e-09
2.16715000000000e+01 1.43373897052481e-07 5.05214267397957e-09
2.17256111111111e+01 1.37978658242002e-07 4.86809394091505e-09
2.17797222222222e+01 1.32786445245783e-07 4.69073551822796e-09
2.18338333333333e+01 1.27789618090267e-07 4.51982481460359e-09
2.18879444444444e+01 1.22980824298327e-07 4.35512800452425e-09
2.19420555555556e+01 1.18352988070616e-07 4.19641971820653e-09
2.19961666666667e+01 1.13899299874023e-07 4.04348273681544e-09
2.20502777777778e+01 1.09613206421943e-07 3.89610769862606e-09
2.21043888888889e+01 1.05488401031567e-07 3.75409281574144e-09
2.21585000000000e+01 1.01518814344049e-07 3.61724360460715e-09
2.22126111111111e+01 9.76986053772905e-08 3.48537261155070e-09
2.22667222222222e+01 9.40221529824117e-08 3.35829916647087e-09
2.23208333333333e+01 9.04840475201945e-08 3.23584914628449e-09
2.23749444444444e+01 8.70790829191364e-08 3.11785472659938e-09
2.24290555555556e+01 8.38022490150846e-08 3.00415415852395e-09
2.24831666666667e+01 8.06487241791284e-08 2.89459154940189e-09
2.25372777777778e+01 7.76138682229252e-08 2.78901665143402e-09
2.25913888888889e+01 7.46932155709855e-08 2.68728465790527e-09
2.26455000000000e+01 7.18824686898943e-08 2.58925600927815e-09
2.26996111111111e+01 6.91774917533059e-08 2.49479619599677e-09
2.27537222222222e+01 6.65743045917482e-08 2.40377558119551e-09
2.28078333333333e+01 6.40690767997556e-08 2.31606923042303e-09
2.28619444444444e+01 6.16581221121383e-08 2.23155673329342e-09
2.29160555555556e+01 5.93378929799040e-08 2.15012204291084e-09
2.29701666666667e+01 5.71049753502872e-08 2.07165331820445e-09
2.30242777777778e+01 5.49560836432193e-08 1.99604277194242e-09
2.30783888888889e+01 5.28880559168266e-08 1.92318652422179e-09
2.31325000000000e+01 5.08978492148560e-08 1.85298446301262e-09
2.31866111111111e+01 4.89825350812165e-08 1.78534010253439e-09
2.32407222222222e+01 4.71392952754875e-08 1.72016045570882e-09
2.32948333333333e+01 4.53654176008958e-08 1.65735591165392e-09
2.33489444444444e+01 4.36582919221325e-08 1.59684010764435e-09
2.34030555555556e+01 4.20154063247234e-08 1.53852981364040e-09
2.34571666666667e+01 4.04343434189227e-08 1.48234481896867e-09
2.35112777777778e+01 3.89127767826998e-08 1.42820782308984e-09
2.35653888888889e+01 3.74484675385713e-08 1.37604433030679e-09
2.36195000000000e+01 3.60392610592513e-08 1.32578254951571e-09
2.36736111111111e+01 3.46830837917466e-08 1.27735329253379e-09
2.37277222222222e+01 3.33779402232775e-08 1.23068988238269e-09
2.37818333333333e+01 3.21219099275596e-08 1.18572806519352e-09
2.38359444444444e+01 3.09131447450109e-08 1.14240591831920e-09
2.38900555555556e+01 2.97498660633167e-08 1.10066376733612e-09
2.39441666666667e+01 2.86303622003252e-08 1.06044410463255e-09
2.39982777777778e+01 2.75529858854323e-08 1.02169151093679e-09
2.40523888888889e+01 2.65161518357371e-08 9.84352579679639e-10
2.41065000000000e+01 2.55183344234108e-08 9.48375844960941e-10
2.41606111111111e+01 2.45580654270113e-08 9.13711708585711e-10
2.42147222222222e+01 2.36339318828985e-08 8.80312374142420e-10
2.42688333333333e+01 2.27445739940431e-08 8.48131783681683e-10
2.43229444444444e+01 2.18886831333298e-08 8.17125551796522e-10
2.43770555555556e+01 2.10649999180053e-08 7.87250905990357e-10
2.44311666666667e+01 2.02723123565842e-08 7.58466628212358e-10
2.44852777777778e+01 1.95094540654923e-08 7.30732998506448e-10
2.45393888888889e+01 1.87753025528136e-08 7.04011740697903e-10
2.45935000000000e+01 1.80687775666239e-08 6.78265970655417e-10
2.46476111111111e+01 1.73888395028160e-08 6.53460143947792e-10
2.47017222222222e+01 1.67344878835858e-08 6.29560008482575e-10
2.47558333333333e+01 1.61047598768917e-08 6.06532559011146e-10
2.48099444444444e+01 1.54987288825937e-08 5.84345989854090e-10
2.48640555555556e+01 1.49155031690276e-08 5.62969652074579e-10
2.49181666666667e+01 1.43542245608839e-08 5.42374011508889e-10
2.49722777777778e+01 1.38140671764651e-08 5.22530608315872e-10
2.50263888888889e+01 1.32942362124587e-08 5.03412017990634e-10
2.50805000000000e+01 1.27939667744399e-08 4.84991814218299e-10
2.51346111111111e+01 1.23125227495375e-08 4.67244531336151e-10
2.51887222222222e+01 1.18491957289817e-08 4.50145630320633e-10
2.52428333333333e+01 1.14033039598924e-08 4.33671466113491e-10
2.52969444444444e+01 1.09741913441275e-08 4.17799253729338e-10
2.53510555555556e+01 1.05612264728807e-08 4.02507037510207e-10
2.54051666666667e+01 1.01638016976075e-08 3.87773661008226e-10
2.54592777777778e+01 9.78133223591455e-09 3.73578737959415e-10
2.55133888888889e+01 9.41325531109333e-09 3.59902624309236e-10
2.55675000000000e+01 9.05902932403381e-09 3.46726391552557e-10
2.56216111111111e+01 8.71813305501717e-09 3.34031799822067e-10
2.56757222222222e+01 8.39006490072731e-09 3.21801273470793e-10
2.57298333333333e+01 8.07434213212211e-09 3.10017877615141e-10
2.57839444444444e+01 7.77050018552014e-09 2.98665293843902e-10
2.58380555555556e+01 7.47809197902812e-09 2.87727798153950e-10
2.58921666666667e+01 7.19668725469115e-09 2.77190239345463e-10
2.59462777777778e+01 6.92587194539942e-09 2.67038018200657e-10
2.60003888888889e+01 6.66524756561728e-09 2.57257067417670e-10
2.60545000000000e+01 6.41443062504007e-09 2.47833832483243e-10
2.61086111111111e+01 6.17305206342392e-09 2.38755252385116e-10
2.61627222222222e+01 5.94075671028409e-09 2.30008742089374e-10
2.62168333333333e+01 5.71720275946911e-09 2.21582175706535e-10
2.62709444444444e+01 5.50206126718196e-09 2.13463869086982e-10
2.63250555555556e+01 5.29501566796251e-09 2.05642563992129e-10
2.63791666666667e+01 5.09576130888363e-09 1.98107412601232e-10
2.64332777777778e+01 4.90400500127647e-09 1.90847962580572e-10
2.64873888888889e+01 4.71946458932384e-09 1.83854142694682e-10
2.65415000000000e+01 4.54186853488791e-09 1.77116249087958e-10
2.65956111111111e+01 4.37095551734149e-09 1.70624931465143e-10
2.66497222222222e+01 4.20647405096078e-09 1.64371180520923e-10
2.67038333333333e+01 4.04818211292350e-09 1.58346315863190e-10
2.67579444444444e+01 3.89584678785994e-09 1.52541973546081e-10
2.68120555555556e+01 3.74924392513450e-09 1.46950094718150e-10
2.68661666666667e+01 3.60815780902372e-09 1.41562914515365e-10
2.69202777777778e+01 3.47238084130620e-09 1.36372951357634e-10
2.69743888888889e+01 3.34171323579636e-09 1.31372996634247e-10
2.70285000000000e+01 3.21596272437320e-09 1.26556104867951e-10
2.70826111111111e+01 3.09494427364056e-09 1.21915583816033e-10
2.71367222222222e+01 2.97847981398997e-09 1.17444985455497e-10
2.71908333333333e+01 2.86639797622209e-09 1.13138097321993e-10
2.72449444444444e+01 2.75853383985525e-09 1.08988933582015e-10
2.72990555555556e+01 2.65472869045667e-09 1.04991726894361e-10
2.73531666666667e+01 2.55482978610528e-09 1.01140920449937e-10
2.74072777777778e+01 2.45869013264303e-09 9.74311603009983e-11
2.74613888888889e+01 2.36616826738327e-09 9.38572879693476e-11
2.75155000000000e+01 2.27712805095843e-09 9.04143333962312e-11
2.75696111111111e+01 2.19143846670096e-09 8.70975078535900e-11
2.76237222222222e+01 2.10897342878405e-09 8.39021974811226e-11
2.76778333333333e+01 2.02961159574822e-09 8.08239570767603e-11
2.77319444444444e+01 1.95323619228016e-09 7.78585037049259e-11
2.77860555555556e+01 1.87973483738614e-09 7.50017108634534e-11
2.78401666666667e+01 1.80899937903126e-09 7.22496027802597e-11
2.78942777777778e+01 1.74092573500154e-09 6.95983489175677e-11
2.79483888888889e+01 1.67541373975422e-09 6.70442586761435e-11
2.80025000000000e+01 1.61236699703129e-09 6.45837763434359e-11
2.80566111111111e+01 1.55169273781069e-09 6.22134760185043e-11
2.81107222222222e+01 1.49330168444519e-09 5.99300569799513e-11
2.81648333333333e+01 1.43710791863762e-09 5.77303392353526e-11
2.82189444444444e+01 1.38302875524385e-09 5.56112589462723e-11
2.82730555555556e+01 1.33098462060741e-09 5.35698642487436e-11
2.83271666666667e+01 1.28089893547243e-09 5.16033111680511e-11
2.83812777777778e+01 1.23269800230282e-09 4.97088596822908e-11
2.84353888888889e+01 1.18631089684151e-09 4.78838699293036e-11
2.84895000000000e+01 1.14166936375040e-09 4.61257985876799e-11
2.85436111111111e+01 1.09870771603240e-09 4.44321952442129e-11
2.85977222222222e+01 1.05736273882434e-09 4.28006990749798e-11
2.86518333333333e+01 1.01757359592222e-09 4.12290356563731e-11
2.87059444444444e+01 9.79281740421988e-10 3.97150136912412e-11
2.87600555555556e+01 9.42430828571966e-10 3.82565220149890e-11
2.88141666666667e+01 9.06966636866942e-10 3.68515266701473e-11
2.88682777777778e+01 8.72836982262210e-10 3.54980680875572e-11
2.89223888888889e+01 8.39991645389867e-10 3.41942583702948e-11
2.89765000000000e+01 8.08382296664579e-10 3.29382787018176e-11
2.90306111111111e+01 7.77962425068997e-10 3.17283767465198e-11
2.90847222222222e+01 7.48687270027085e-10 3.05628642723358e-11
2.91388333333333e+01 7.20513755222831e-10 2.94401148663671e-11
2.91929444444444e+01 6.93400425325800e-10 2.83585615926215e-11
2.92470555555556e+01 6.67307384992548e-10 2.73166948479651e-11
2.93011666666667e+01 6.42196240163428e-10 2.63130602677297e-11
2.93552777777778e+01 6.18030041568495e-10 2.53462567077045e-11
2.94093888888889e+01 5.94773230359253e-10 2.44149342997328e-11
2.94635000000000e+01 5.72391585786319e-10 2.35177925959401e-11
2.95176111111111e+01 5.50852174775677e-10 2.26535787089838e-11
2.95717222222222e+01 5.30123303686553e-10 2.18210856095251e-11
2.96258333333333e+01 5.10174471454143e-10 2.10191504902731e-11
2.96799444444444e+01 4.90976324785564e-10 2.02466530905853e-11
2.97340555555556e+01 4.72500614968568e-10 1.95025141614090e-11
2.97881666666667e+01 4.54720156305537e-10 1.87856939662074e-11
2.98422777777778e+01 4.37608786111696e-10 1.80951908365933e-11
2.98963888888889e+01 4.21141326218554e-10 1.74300397806820e-11
2.99505000000000e+01 4.05293545926009e-10 1.67893111546736e-11
3.00046111111111e+01 3.90042126299597e-10 1.61721093325914e-11
3.00587222222222e+01 3.75364626009176e-10 1.55775714873486e-11
3.01128333333333e+01 3.61239448153236e-10 1.50048664194478e-11
3.01669444444444e+01 3.47645808533608e-10 1.44531933588237e-11
3.02210555555556e+01 3.34563705072983e-10 1.39217808660600e-11
3.02751666666667e+01 3.21973888383262e-10 1.34098857596612e-11
3.03292777777778e+01 3.09857833441466e-10 1.29167920824972e-11
3.03833888888889e+01 2.98197712331469e-10 1.24418101059973e-11
3.04375000000000e+01 2.86976368011477e-10 1.19842753794473e-11
3.04916111111111e+01 2.76177289034518e-10 1.15435477786596e-11
3.05457222222222e+01 2.65784585358123e-10 1.11190106334772e-11
3.05998333333333e+01 2.55782964855353e-10 1.07100698893529e-11
3.06539444444444e+01 2.46157710850455e-10 1.03161532506584e-11
3.07080555555556e+01 2.36894660464318e-10 9.93670939436157e-12
3.07621666666667e+01 2.27980183774786e-10 9.57120720255552e-12
3.08162777777778e+01 2.19401163761216e-10 9.21913502303080e-12
3.08703888888889e+01 2.11144977003698e-10 8.87999995686965e-12
3.09245000000000e+01 2.03199475108586e-10 8.55332717821162e-12
3.09786111111111e+01 1.95552966809206e-10 8.23865925404564e-12
3.10327222222222e+01 1.88194200836236e-10 7.93555551983196e-12
3.10868333333333e+01 1.81112349287060e-10 7.64359147949357e-12
3.11409444444444e+01 1.74296991719022e-10 7.36235819299039e-12
3.11950555555556e+01 1.67738099816479e-10 7.09146171372693e-12
3.12491666666667e+01 1.61426022634843e-10 6.83052253958764e-12
3.13032777777778e+01 1.55351472399905e-10 6.57917508404401e-12
3.13573888888889e+01 1.49505510841535e-10 6.33706716660095e-12
3.14115000000000e+01 1.43879536041643e-10 6.10385952618731e-12
3.14656111111111e+01 1.38465269760483e-10 5.87922533489308e-12
3.15197222222222e+01 1.33254745306874e-10 5.66284975124708e-12
3.15738333333333e+01 1.28240295763354e-10 5.45442949092005e-12
3.16279444444444e+01 1.23414542722801e-10 5.25367238899646e-12
3.16820555555556e+01 1.18770385431633e-10 5.06029699753891e-12
3.17361666666667e+01 1.14300990341541e-10 4.87403219299826e-12
3.17902777777778e+01 1.09999781054419e-10 4.69461679798587e-12
3.18443888888889e+01 1.05860428645657e-10 4.52179921688385e-12
3.18985000000000e+01 1.01876842351571e-10 4.35533708781696e-12
3.19526111111111e+01 9.80431605957172e-11 4.19499693509893e-12
3.20067222222222e+01 9.43537423995958e-11 4.04055384968355e-12
3.20608333333333e+01 9.08031590458051e-11 3.89179118207363e-12
3.21149444444444e+01 8.73861861025783e-11 3.74850022951142e-12
3.21690555555556e+01 8.40977957364023e-11 3.61047994816510e-12
3.22231666666667e+01 8.09331493139141e-11 3.47753667242343e-12
3.22772777777778e+01 7.78875902822001e-11 3.34948384446520e-12
3.23313888888889e+01 7.49566373170053e-11 3.22614175372851e-12
3.23855000000000e+01 7.21359777287820e-11 3.10733728804592e-12
3.24396111111111e+01 6.94214611088066e-11 2.99290368527539e-12
3.24937222222222e+01 6.68090932469785e-11 2.88268030476687e-12
3.25478333333333e+01 6.42950302291325e-11 2.77651240773346e-12
3.26019444444444e+01 6.18755727897170e-11 2.67425093374880e-12
3.26560555555556e+01 5.95471608685869e-11 2.57575229494843e-12
3.27101666666667e+01 5.73063683726253e-11 2.48087817536038e-12
3.27642777777778e+01 5.51498981344939e-11 2.38949533758475e-12
3.28183888888889e+01 5.30745770610827e-11 2.30147543655372e-12
3.28725000000000e+01 5.10773514645282e-11 2.21669484160930e-12
3.29266111111111e+01 4.91552825633016e-11 2.13503445904315e-12
3.29807222222222e+01 4.73055421753212e-11 2.05637956868676e-12
3.30348333333333e+01 4.55254085387021e-11 1.98061966686530e-12
3.30889444444445e+01 4.38122623129624e-11 1.90764830673043e-12
3.31430555555556e+01 4.21635827248498e-11 1.83736295113334e-12
3.31971666666667e+01 4.05769438592009e-11 1.76966482919653e-12
3.32512777777778e+01 3.90500110893810e-11 1.70445879814107e-12
3.33053888888889e+01 3.75805376420457e-11 1.64165321017688e-12
3.33595000000000e+01 3.61663612911722e-11 1.58115978532273e-12
3.34136111111111e+01 3.48054011725717e-11 1.52289348463111e-12
3.34677222222222e+01 3.34956547341306e-11 1.46677239336577e-12
3.35218333333333e+01 3.22351947767907e-11 1.41271760872651e-12
3.35759444444444e+01 3.10221666230591e-11 1.36065312580286e-12
3.36300555555556e+01 2.98547853879812e-11 1.31050573241078e-12
3.36841666666667e+01 2.87313333528086e-11 1.26220490659518e-12
3.37382777777778e+01 2.76501574374993e-11 1.21568271788991e-12
3.37923888888889e+01 2.66096667683260e-11 1.17087373219775e-12
3.38465000000000e+01 2.56083303370190e-11 1.12771492089716e-12
3.39006111111111e+01 2.46446747452553e-11 1.08614557028983e-12
3.39547222222222e+01 2.37172820450922e-11 1.04610719809877e-12
3.40088333333333e+01 2.28247876438994e-11 1.00754347321502e-12
3.40629444444444e+01 2.19658782994210e-11 9.70400134249499e-13
3.41170555555556e+01 2.11392901874324e-11 9.34624914377341e-13
3.41711666666667e+01 2.03438070421126e-11 9.00167468102794e-13
3.42252777777778e+01 1.95782583663954e-11 8.66979300710019e-13
3.42793888888889e+01 1.88415177096661e-11 8.35013700301598e-13
3.43335000000000e+01 1.81325010102687e-11 8.04225672849690e-13
3.43876111111111e+01 1.74501649984736e-11 7.74571877526326e-13
3.44417222222222e+01 1.67935056672676e-11 7.46010567028496e-13
3.44958333333333e+01 1.61615567889853e-11 7.18501530223748e-13
3.45499444444444e+01 1.55533884956418e-11 6.92006033990983e-13
3.46040555555556e+01 1.49681059106984e-11 6.66486769519030e-13
3.46581666666667e+01 1.44048478323144e-11 6.41907799987959e-13
3.47122777777778e+01 1.38627854661504e-11 6.18234510170124e-13
3.47663888888889e+01 1.33411212058557e-11 5.95433557880657e-13
3.48205000000000e+01 1.28390874594475e-11 5.73472827575007e-13
3.48746111111111e+01 1.23559455185176e-11 5.52321384170571e-13
3.49287222222222e+01 1.18909844753864e-11 5.31949430406932e-13
3.49828333333333e+01 1.14435201728331e-11 5.12328265863371e-13
3.50369444444445e+01 1.10128941988511e-11 4.93430245435303e-13
3.50910555555556e+01 1.05984729178410e-11 4.75228740968801e-13
3.51451666666667e+01 1.01996465382610e-11 4.57698103890289e-13
3.51992777777778e+01 9.81582821536204e-12 4.40813629208047e-13
3.52533888888889e+01 9.44645318768710e-12 4.24551520835290e-13
3.53075000000000e+01 9.09097794606473e-12 4.08888858443325e-13
3.53616111111111e+01 8.74887943294133e-12 3.93803564491824e-13
3.54157222222222e+01 8.41965427560950e-12 3.79274373766108e-13
3.54698333333333e+01 8.10281804258424e-12 3.65280804097921e-13
3.55239444444444e+01 7.79790453180491e-12 3.51803126723123e-13
3.55780555555556e+01 7.50446508465195e-12 3.38822338876830e-13
3.56321666666667e+01 7.22206792577725e-12 3.26320137104422e-13
3.56862777777778e+01 6.95029752777777e-12 3.14278891552701e-13
3.57403888888889e+01 6.68875399977613e-12 3.02681621205283e-13
3.57945000000000e+01 6.43705249900953e-12 2.91511970208248e-13
3.58486111111111e+01 6.19482266390963e-12 2.80754184334098e-13
3.59027222222222e+01 5.96170807114657e-12 2.70393089221975e-13
3.59568333333333e+01 5.73736570911934e-12 2.60414069462849e-13
3.60109444444444e+01 5.52146547394296e-12 2.50803047441649e-13
3.60650555555556e+01 5.31368968372397e-12 2.41546463764597e-13
3.61191666666667e+01 5.11373261111390e-12 2.32631258201328e-13
3.61732777777778e+01 4.92130003345339e-12 2.24044851327199e-13
3.62273888888889e+01 4.73610879984428e-12 2.15775126840076e-13
3.62815000000000e+01 4.55788641451306e-12 2.07810414653995e-13
3.63356111111111e+01 4.38637063539774e-12 2.00139474099728e-13
3.63897222222222e+01 4.22130908967772e-12 1.92751478383890e-13
3.64438333333333e+01 4.06245890098748e-12 1.85635999651283e-13
3.64979444444444e+01 3.90958633253328e-12 1.78782993884885e-13
3.65520555555556e+01 3.76246644316605e-12 1.72182786929012e-13
3.66061666666667e+01 3.62088275639629e-12 1.65826060882507e-13
3.66602777777778e+01 3.48462694186446e-12 1.59703840992022e-13
3.67143888888889e+01 3.35349850879752e-12 1.53807483027063e-13
3.67685000000000e+01 3.22730451100094e-12 1.48128661208518e-13
3.68226111111111e+01 3.10585926263417e-12 1.42659356219166e-13
3.68767222222222e+01 2.98898406596562e-12 1.37391844105943e-13
3.69308333333333e+01 2.87650694742718e-12 1.32318685612795e-13
3.69849444444445e+01 2.76826240491108e-12 1.27432715405397e-13
3.70390555555556e+01 2.66409116424530e-12 1.22727032091696e-13
3.70931666666667e+01 2.56383994483279e-12 1.18194988508303e-13
3.71472777777778e+01 2.46736123411011e-12 1.13830182364063e-13
3.72013888888889e+01 2.37451307049304e-12 1.09626447227646e-13
3.72555000000000e+01 2.28515883449018e-12 1.05577843909444e-13
3.73096111111111e+01 2.19916704745492e-12 1.01678651905920e-13
3.73637222222222e+01 2.11641117880768e-12 9.79233614758364e-14
3.74178333333333e+01 2.03676945915330e-12 9.43066660237995e-14
3.74719444444444e+01 1.96012470134621e-12 9.08234544119913e-14
3.75260555555556e+01 1.88636412805784e-12 8.74688038358015e-14
3.75801666666667e+01 1.81537920583274e-12 8.42379728904237e-14
3.76342777777778e+01 1.74706548538938e-12 8.11263948924702e-14
3.76883888888889e+01 1.68132244793039e-12 7.81296714472499e-14
3.77425000000000e+01 1.61805335723622e-12 7.52435662969190e-14
3.77966111111111e+01 1.55716511716947e-12 7.24639992159289e-14
3.78507222222222e+01 1.49856813516838e-12 6.97870403542306e-14
3.79048333333333e+01 1.44217618992719e-12 6.72089047997783e-14
3.79589444444444e+01 1.38790630469547e-12 6.47259470935142e-14
3.80130555555556e+01 1.33567862518376e-12 6.23346561439303e-14
3.80671666666667e+01 1.28541630206360e-12 6.00316502787420e-14
3.81212777777778e+01 1.23704537788918e-12 5.78136724786353e-14
3.81753888888889e+01 1.19049467827428e-12 5.56775857863998e-14
3.82295000000000e+01 1.14569570716410e-12 5.36203689161264e-14
3.82836111111111e+01 1.10258254593967e-12 5.16391118980487e-14
3.83377222222222e+01 1.06109175675742e-12 4.97310120406698e-14
3.83918333333333e+01 1.02116228886185e-12 4.78933700493715e-14
3.84459444444445e+01 9.82735388871161e-13 4.61235861136963e-14
3.85000555555556e+01 9.45754514325719e-13 4.44191562777764e-14
3.85541666666667e+01 9.10165250489873e-13 4.27776689091804e-14
3.86082777777778e+01 8.75915230284539e-13 4.11968012977288e-14
3.86623888888889e+01 8.42954057232745e-13 3.96743163795143e-14
3.87165000000000e+01 8.11233231304773e-13 3.82080596034141e-14
3.87706111111111e+01 7.80706077477924e-13 3.67959558243417e-14
3.88247222222222e+01 7.51327677291119e-13 3.54360064213466e-14
3.88788333333333e+01 7.23054802510797e-13 3.41262865273517e-14
3.89329444444445e+01 6.95845851605702e-13 3.28649422383337e-14
3.89870555555556e+01 6.69660788533174e-13 3.16501880231516e-14
3.90411666666667e+01 6.44461083828932e-13 3.04803042039929e-14
3.90952777777778e+01 6.20209657913732e-13 2.93536345295912e-14
3.91493888888889e+01 5.96870826533373e-13 2.82685838378031e-14
3.92035000000000e+01 5.74410248251842e-13 2.72236158196708e-14
3.92576111111111e+01 5.52794873867266e-13 2.62172508034700e-14
3.93117222222222e+01 5.31992897945694e-13 2.52480636980971e-14
3.93658333333333e+01 5.11973711853993e-13 2.43146820160996e-14
3.94199444444444e+01 4.92707858778799e-13 2.34157838832803e-14
3.94740555555556e+01 4.74166990382900e-13 2.25500961904938e-14
3.95281666666667e+01 4.56323825092663e-13 2.17163927960987e-14
3.95822777777778e+01 4.39152107955143e-13 2.09134927946189e-14
3.96363888888889e+01 4.22626572005777e-13 2.01402588491776e-14
3.96905000000000e+01 4.06722901089827e-13 1.93955955962030e-14
3.97446111111111e+01 3.91417694045776e-13 1.86784480650210e-14
3.97987222222222e+01 3.76688430386412e-13 1.79878002103706e-14
3.98528333333333e+01 3.62513437044272e-13 1.73226735017263e-14
3.99069444444444e+01 3.48871856521390e-13 1.66821255039068e-14
3.99610555555556e+01 3.35743616198964e-13 1.60652485584512e-14
4.00151666666667e+01 3.23109398801920e-13 1.54711685013230e-14
4.00692777777778e+01 3.10950613974916e-13 1.48990434278597e-14
4.01233888888889e+01 2.99249370927950e-13 1.43480625032274e-14
4.01775000000000e+01 2.87988452111326e-13 1.38174448243420e-14
4.02316111111111e+01 2.77151287855290e-13 1.33064382928454e-14
4.02857222222222e+01 2.66721932068846e-13 1.28143185681110e-14
4.03398333333333e+01 2.56685038694193e-13 1.23403880607641e-14
4.03939444444445e+01 2.47025839154157e-13 1.18839749205864e-14
4.04480555555556e+01 2.37730120621282e-13 1.14444320958337e-14
4.05021666666667e+01 2.28784205104650e-13 1.10211364185987e-14
4.05562777777778e+01 2.20174929323701e-13 1.06134877238815e-14
4.06103888888889e+01 2.11889625339391e-13 1.02209080011306e-14
4.06645000000000e+01 2.03916101914219e-13 9.84284058242876e-15
4.07186111111111e+01 1.96242626555518e-13 9.47874933886712e-15
4.07727222222222e+01 1.88857908307833e-13 9.12811793363844e-15
4.08268333333333e+01 1.81751081081700e-13 8.79044910402313e-15
4.08809444444444e+01 1.74911687684599e-13 8.46526393978516e-15
4.09350555555556e+01 1.68329664433939e-13 8.15210121218024e-15
4.09891666666667e+01 1.61995326349062e-13 7.85051672163038e-15
4.10432777777778e+01 1.55899352900482e-13 7.56008266944778e-15
4.10973888888889e+01 1.50032774295383e-13 7.28038705272194e-15
4.11515000000000e+01 1.44386958279206e-13 7.01103308529844e-15
4.12056111111111e+01 1.38953597421192e-13 6.75163862480936e-15
4.12597222222222e+01 1.33724696929699e-13 6.50183563990114e-15
4.13138333333333e+01 1.28692562848285e-13 6.26126969806503e-15
4.13679444444444e+01 1.23849790748337e-13 6.02959945119688e-15
4.14220555555556e+01 1.19189254833980e-13 5.80649615702719e-15
4.14761666666667e+01 1.14704097456972e-13 5.59164321392611e-15
4.15302777777778e+01 1.10387719026160e-13 5.38473571286396e-15
4.15843888888889e+01 1.06233768296654e-13 5.18548000589501e-15
4.16385000000000e+01 1.02236133024413e-13 4.99359329321775e-15
4.16926111111111e+01 9.83889309636246e-14 4.80880321469637e-15
4.17467222222222e+01 9.46865012387643e-14 4.63084746987236e-15
4.18008333333333e+01 9.11233959869268e-14 4.45947345266610e-15
4.18549444444444e+01 8.76943723512960e-14 4.29443788465973e-15
4.19090555555556e+01 8.43943847666527e-14 4.13550647380251e-15
4.19631666666667e+01 8.12185775351816e-14 3.98245358269836e-15
4.20172777777778e+01 7.81622776816593e-14 3.83506190912951e-15
4.20713888888889e+01 7.52209880775001e-14 3.69312217836534e-15
4.21255000000000e+01 7.23903808235500e-14 3.55643284869621e-15
4.21796111111111e+01 6.96662908756660e-14 3.42479982025006e-15
4.22337222222222e+01 6.70447099353070e-14 3.29803616400183e-15
4.22878333333333e+01 6.45217805319424e-14 3.17596186125567e-15
4.23419444444445e+01 6.20937903537876e-14 3.05840354225519e-15
4.23960555555556e+01 5.97571667854006e-14 2.94519424281214e-15
4.24501666666667e+01 5.75084716508300e-14 2.83617316779773e-15
4.25042777777778e+01 5.53443961545851e-14 2.73118546336084e-15
4.25583888888889e+01 5.32617560129765e-14 2.63008199755116e-15
4.26125000000000e+01 5.12574867686684e-14 2.53271915035672e-15
4.26666111111111e+01 4.93286392771895e-14 2.43895860615279e-15
4.27207222222222e+01 4.74723753808871e-14 2.34866716046285e-15
4.27748333333333e+01 4.56859637190143e-14 2.26171653418542e-15
4.28289444444444e+01 4.39667757134373e-14 2.17798318729606e-15
4.28830555555556e+01 4.23122817008692e-14 2.09734814532031e-15
4.29371666666667e+01 4.07200472106483e-14 2.01969683072075e-15
4.29912777777778e+01 3.91877293825891e-14 1.94491890050716e-15
4.30453888888889e+01 3.77130735196286e-14 1.87290808984045e-15
4.30995000000000e+01 3.62939097701990e-14 1.80356206233803e-15
4.31536111111111e+01 3.49281499323951e-14 1.73678226214726e-15
4.32077222222222e+01 3.36137843907214e-14 1.67247377616347e-15
4.32618333333333e+01 3.23488791494492e-14 1.61054520156932e-15
4.33159444444444e+01 3.11315729901772e-14 1.55090851306759e-15
4.33700555555556e+01 2.99600747331800e-14 1.49347893916587e-15
4.34241666666667e+01 2.88326606018140e-14 1.43817484197913e-15
4.34782777777778e+01 2.77476716861030e-14 1.38491760146962e-15
4.35323888888889e+01 2.67035115017689e-14 1.33363150396062e-15
4.35865000000000e+01 2.56986436411189e-14 1.28424363542027e-15
4.36406111111111e+01 2.47315895101940e-14 1.23668377603986e-15
4.36947222222222e+01 2.38009261596969e-14 1.19088430200253e-15
4.37488333333333e+01 2.29052841844756e-14 1.14678009104495e-15
4.38029444444444e+01 2.20433457108504e-14 1.10430842784712e-15
4.38570555555556e+01 2.12138424574557e-14 1.06340891583814e-15
4.39111666666667e+01 2.04155538690535e-14 1.02402339152008e-15
4.39652777777778e+01 1.96473053205740e-14 9.86095841955376e-16
4.40193888888889e+01 1.89079663887371e-14 9.49572325301355e-16
4.40735000000000e+01 1.81964491887149e-14 9.14400894739962e-16
4.41276111111111e+01 1.75117067718908e-14 8.80531523353855e-16
4.41817222222222e+01 1.68527315899519e-14 8.47916034099242e-16
4.42358333333333e+01 1.62185540076284e-14 8.16508032481781e-16
4.42899444444445e+01 1.56082408775612e-14 7.86262839142647e-16
4.43440555555556e+01 1.50208941672416e-14 7.57137426992360e-16
4.43981666666667e+01 1.44556496376198e-14 7.29090360146368e-16
4.44522777777778e+01 1.39116755714386e-14 7.02081735116131e-16
4.45063888888889e+01 1.33881715494209e-14 6.76073124172435e-16
4.45605000000000e+01 1.28843672725084e-14 6.51027521125105e-16
4.46146111111111e+01 1.23995214273749e-14 6.26909287793749e-16
4.46687222222222e+01 1.19329205988588e-14 6.03684104091233e-16
4.47228333333333e+01 1.14838782169155e-14 5.81318920033400e-16
4.47769444444444e+01 1.10517335475103e-14 5.59781907707424e-16
4.48310555555556e+01 1.06358507203949e-14 5.39042416463730e-16
4.48851666666667e+01 1.02356177934693e-14 5.19070929397011e-16
4.49392777777778e+01 9.85044585235308e-15 4.99839021435034e-16
4.49933888888889e+01 9.47976814383879e-15 4.81319318975920e-16
4.50475000000000e+01 9.12303924195523e-15 4.63485461245106e-16
4.51016111111111e+01 8.77973424467806e-15 4.46312062156248e-16
4.51557222222222e+01 8.44934800383157e-15 4.29774674733031e-16
4.52098333333333e+01 8.13139437948153e-15 4.13849756903505e-16
4.52639444444444e+01 7.82540552540787e-15 3.98514637280709e-16
4.53180555555556e+01 7.53093120070209e-15 3.83747483228303e-16
4.53721666666667e+01 7.24753810726954e-15 3.69527269848285e-16
4.54262777777778e+01 6.97480925226224e-15 3.55833750114736e-16
4.54803888888889e+01 6.71234333450330e-15 3.42647426111256e-16
4.55345000000000e+01 6.45975415400067e-15 3.29949521492196e-16
4.55886111111111e+01 6.21667004316738e-15 3.17721954311036e-16
4.56427222222222e+01 5.98273332152066e-15 3.05947311664012e-16
4.56968333333333e+01 5.75759976775710e-15 2.94608825311698e-16
4.57509444444444e+01 5.54093811381102e-15 2.83690347301801e-16
4.58050555555556e+01 5.33242955741694e-15 2.73176327211662e-16
4.58591666666667e+01 5.13176729301456e-15 2.63051790050224e-16
4.59132777777778e+01 4.93865606030631e-15 2.53302314976806e-16
4.59673888888889e+01 4.75281170980262e-15 2.43914014806480e-16
4.60215000000000e+01 4.57396078471610e-15 2.34873516386315e-16
4.60756111111111e+01 4.40184011822922e-15 2.26167941238791e-16
4.61297222222222e+01 4.23619644737110e-15 2.17784887491974e-16
4.61838333333333e+01 4.07678603922172e-15 2.09712412506429e-16
4.62379444444445e+01 3.92337433266540e-15 2.01939015510657e-16
4.62920555555556e+01 3.77573559325075e-15 1.94453621384644e-16
4.63461666666667e+01 3.63365258103836e-15 1.87245564914996e-16
4.64002777777778e+01 3.49691623094774e-15 1.80304575632150e-16
4.64543888888889e+01 3.36532534513280e-15 1.73620763208191e-16
4.65085000000000e+01 3.23868629693348e-15 1.67184603474339e-16
4.65626111111111e+01 3.11681274571560e-15 1.60986924632649e-16
4.66167222222222e+01 2.99952536346020e-15 1.55018894379881e-16
4.66708333333333e+01 2.88665157009823e-15 1.49272007527723e-16
4.67249444444444e+01 2.77802527984393e-15 1.43738073634389e-16
4.67790555555556e+01 2.67348665681135e-15 1.38409205450096e-16
4.68331666666667e+01 2.57288187982715e-15 1.33277807699679e-16
4.68872777777778e+01 2.47606291609369e-15 1.28336566280005e-16
4.69413888888889e+01 2.38288730336924e-15 1.23578437856870e-16
4.69955000000000e+01 2.29321794034487e-15 1.18996639902808e-16
4.70496111111111e+01 2.20692288473287e-15 1.14584640875963e-16
4.71037222222222e+01 2.12387515966699e-15 1.10336151045592e-16
4.71578333333333e+01 2.04395256630669e-15 1.06245113671122e-16
4.72119444444444e+01 1.96703750422125e-15 1.02305696193032e-16
4.72660555555556e+01 1.89301679834910e-15 9.85122820006659e-17
4.73201666666667e+01 1.82178153246868e-15 9.48594624410431e-17
4.73742777777778e+01 1.75322688893601e-15 9.13420291232306e-17
4.74283888888889e+01 1.68725199445293e-15 8.79549665073552e-17
4.74825000000000e+01 1.62375977163917e-15 8.46934448073359e-17
4.75366111111111e+01 1.56265679606601e-15 8.15528129959776e-17
4.75907222222222e+01 1.50385315917010e-15 7.85285922684578e-17
4.76448333333333e+01 1.44726233556809e-15 7.56164697576525e-17
4.76989444444445e+01 1.39280105587459e-15 7.28122922604534e-17
4.77530555555556e+01 1.34038918417714e-15 7.01120603730752e-17
4.78071666666667e+01 1.28994960012189e-15 6.75119227985964e-17
4.78612777777778e+01 1.24140808543652e-15 6.50081708650906e-17
4.79153888888889e+01 1.19469321472325e-15 6.25972332465572e-17
4.79695000000000e+01 1.14973625036145e-15 6.02756709070492e-17
4.80236111111111e+01 1.10647104127831e-15 5.80401721190327e-17
4.80777222222222e+01 1.06483392587937e-15 5.58875478066952e-17
4.81318333333333e+01 1.02476363810084e-15 5.38147270686242e-17
4.81859444444445e+01 9.86201217354708e-16 5.18187527101147e-17
4.82400555555556e+01 9.49089921772435e-16 4.98967770654068e-17
4.82941666666667e+01 9.13375144713321e-16 4.80460579430008e-17
4.83482777777778e+01 8.79004334414713e-16 4.62639547210019e-17
4.84023888888889e+01 8.45926916665797e-16 4.45479245869471e-17
4.84565000000000e+01 8.14094220391233e-16 4.28955189364231e-17
4.85106111111111e+01 7.83459405974256e-16 4.13043798254664e-17
4.85647222222222e+01 7.53977396522818e-16 3.97722366533245e-17
4.86188333333333e+01 7.25604811349886e-16 3.82969029729638e-17
4.86729444444444e+01 6.98299902207629e-16 3.75834156405015e-17
