Energy (eV)          EEDF (eV^-(3/2))     First Anisotropy
8.37500000000000e-02 1.44807981971271e-01 1.88438682037296e-04
2.51250000000000e-01 1.38678193212148e-01 3.05607319401693e-04
4.18750000000000e-01 1.32807881242357e-01 3.88973957556408e-04
5.86250000000000e-01 1.27186062289561e-01 4.44118497052757e-04
7.53750000000000e-01 1.21802217529579e-01 4.83752849820736e-04
9.21250000000000e-01 1.16646273404916e-01 5.12963504831499e-04
1.08875000000000e+00 1.11708582776420e-01 5.34518469726018e-04
1.25625000000000e+00 1.06979906872792e-01 5.50165741661429e-04
1.42375000000000e+00 1.02451398004193e-01 5.61111320546789e-04
1.59125000000000e+00 9.81145830075787e-02 5.68237405240626e-04
1.75875000000000e+00 9.39613473928100e-02 5.72216533007519e-04
1.92625000000000e+00 8.99839201598641e-02 5.73577250454675e-04
2.09375000000000e+00 8.61748592587381e-02 5.72744668458215e-04
2.26125000000000e+00 8.25270376648429e-02 5.70066920095388e-04
2.42875000000000e+00 7.90336300438320e-02 5.65833197116518e-04
2.59625000000000e+00 7.56880999809142e-02 5.60286496355068e-04
2.76375000000000e+00 7.24841877507554e-02 5.53632902571424e-04
2.93125000000000e+00 6.94158986050862e-02 5.46048523254900e-04
3.09875000000000e+00 6.64774915560999e-02 5.37684783621119e-04
3.26625000000000e+00 6.36634686346556e-02 5.28672546626568e-04
3.43375000000000e+00 6.09685646031851e-02 5.19125371963855e-04
3.60125000000000e+00 5.83877371040587e-02 5.09142131511260e-04
3.76875000000000e+00 5.59161572249739e-02 4.98809135264413e-04
3.93625000000000e+00 5.35492004637162e-02 4.88201879026408e-04
4.10375000000000e+00 5.12824380753858e-02 4.77386495690050e-04
4.27125000000000e+00 4.91116287859002e-02 4.66420971267563e-04
4.43875000000000e+00 4.70327108562674e-02 4.55356172040517e-04
4.60625000000000e+00 4.50417944827831e-02 4.44236718463646e-04
4.77375000000000e+00 4.31351545189304e-02 4.33101733539162e-04
4.94125000000000e+00 4.13092235053651e-02 4.21985487462227e-04
5.10875000000000e+00 3.95605849949443e-02 4.10917955862627e-04
5.27625000000000e+00 3.78859671603112e-02 3.99925305542613e-04
5.44375000000000e+00 3.62822366720716e-02 3.89030318961779e-04
5.61125000000000e+00 3.47463928361122e-02 3.78252766650566e-04
5.77875000000000e+00 3.32755619790872e-02 3.67609735102685e-04
5.94625000000000e+00 3.18669920715709e-02 3.57115916399646e-04
6.11375000000000e+00 3.05180475788141e-02 3.46783864780746e-04
6.28125000000000e+00 2.92262045294710e-02 3.36624224532093e-04
6.44875000000000e+00 2.79890457930685e-02 3.26645932885116e-04
6.61625000000000e+00 2.68042565573828e-02 3.16856401055493e-04
6.78375000000000e+00 2.56696199972608e-02 3.07261676092514e-04
6.95125000000000e+00 2.45830131267820e-02 2.97866585826608e-04
7.11875000000000e+00 2.35424028270002e-02 2.88674868884092e-04
7.28625000000000e+00 2.25458420418336e-02 2.79689291471157e-04
7.45375000000000e+00 2.15914661349834e-02 2.70911752404042e-04
7.62125000000000e+00 2.06774894010665e-02 2.62343377671910e-04
7.78875000000000e+00 1.98022017244336e-02 2.53984605656937e-04
7.95625000000000e+00 1.89639653794205e-02 2.45835263997830e-04
8.12375000000000e+00 1.81612119660470e-02 2.37894638964335e-04
8.29125000000000e+00 1.73924394754284e-02 2.30161538108207e-04
8.45875000000000e+00 1.66562094794095e-02 2.22634346867843e-04
8.62625000000000e+00 1.59511444391638e-02 2.15311079727285e-04
8.79375000000000e+00 1.52759251277191e-02 2.08189426463704e-04
8.96125000000000e+00 1.46292881615906e-02 2.01266793959377e-04
9.12875000000000e+00 1.40100236368998e-02 1.94540344003291e-04
9.29625000000000e+00 1.34169728655580e-02 1.88007027462846e-04
9.46375000000000e+00 1.28490262072787e-02 1.81663615166784e-04
9.63125000000000e+00 1.23051209933611e-02 1.75506725805785e-04
9.79875000000000e+00 1.17842395383616e-02 1.69532851126402e-04
9.96625000000000e+00 1.12854072359310e-02 1.63738378666820e-04
1.01337500000000e+01 1.08076907352573e-02 1.58119612258630e-04
1.03012500000000e+01 1.03501961946994e-02 1.52672790497283e-04
1.04687500000000e+01 9.91206760934583e-03 1.47394103364570e-04
1.06362500000000e+01 9.49248520936814e-03 1.42279707169276e-04
1.08037500000000e+01 9.09066392617349e-03 1.37325737956696e-04
1.09712500000000e+01 8.70585192348516e-03 1.32528323523815e-04
1.11387500000000e+01 8.33732919060325e-03 1.27883594164531e-04
1.13062500000000e+01 7.98440619521336e-03 1.23387692258031e-04
1.14737500000000e+01 7.64642259322243e-03 1.19036780803322e-04
1.16412500000000e+01 7.32274599320782e-03 1.14827050993762e-04
1.18087500000000e+01 7.01277077316794e-03 1.10754728917179e-04
1.19762500000000e+01 6.71591694736020e-03 1.06816081459650e-04
1.21437500000000e+01 6.43162908110641e-03 1.03007421484234e-04
1.23112500000000e+01 6.15937525153482e-03 9.93251123497915e-05
1.24787500000000e+01 5.89864605231452e-03 9.57655718293933e-05
1.26462500000000e+01 5.64895364051988e-03 9.23252754827603e-05
1.28137500000000e+01 5.40983082384163e-03 8.90007595324976e-05
1.29812500000000e+01 5.18083018643672e-03 8.57886232896813e-05
1.31487500000000e+01 4.96152325178140e-03 8.26855311704915e-05
1.33162500000000e+01 4.75149968096105e-03 7.96882143420542e-05
1.34837500000000e+01 4.55036650489685e-03 7.67934720324474e-05
1.36512500000000e+01 4.35774738907257e-03 7.39981725368797e-05
1.38187500000000e+01 4.17328192938588e-03 7.12992539493554e-05
1.39862500000000e+01 3.99662497780655e-03 6.86937246466806e-05
1.41537500000000e+01 3.82744599657990e-03 6.61786635494117e-05
1.43212500000000e+01 3.66542843976705e-03 6.37512201822658e-05
1.44887500000000e+01 3.51026916096494e-03 6.14086145546266e-05
1.46562500000000e+01 3.36167784609773e-03 5.91481368800425e-05
1.48237500000000e+01 3.21937647021854e-03 5.69671471520078e-05
1.49912500000000e+01 3.08309877730486e-03 5.48630745918586e-05
1.51587500000000e+01 2.95258978207463e-03 5.28334169832644e-05
1.53262500000000e+01 2.82760529289052e-03 5.08757399065646e-05
1.54937500000000e+01 2.70791145485999e-03 4.89876758850613e-05
1.56612500000000e+01 2.59328431227614e-03 4.71669234543360e-05
1.58287500000000e+01 2.48350938958056e-03 4.54112461646908e-05
1.59962500000000e+01 2.37838129006429e-03 4.37184715259433e-05
1.61637500000000e+01 2.27770331155592e-03 4.20864899029872e-05
1.63312500000000e+01 2.18128707837782e-03 4.05132533697796e-05
1.64987500000000e+01 2.08895218888179e-03 3.89967745287363e-05
1.66662500000000e+01 2.00052587790473e-03 3.75351253018825e-05
1.68337500000000e+01 1.91584269351267e-03 3.61264356995232e-05
1.70012500000000e+01 1.83474418742845e-03 3.47688925716660e-05
1.71687500000000e+01 1.75707861856363e-03 3.34607383469364e-05
1.73362500000000e+01 1.68270066910016e-03 3.22002697632737e-05
1.75037500000000e+01 1.61147117259033e-03 3.09858365942815e-05
1.76712500000000e+01 1.54325685356643e-03 2.98158403747234e-05
1.78387500000000e+01 1.47793007817288e-03 2.86887331283036e-05
1.80062500000000e+01 1.41536861535413e-03 2.76030161005522e-05
1.81737500000000e+01 1.35545540815168e-03 2.65572384993348e-05
1.83412500000000e+01 1.29807835468215e-03 2.55499962452371e-05
1.85087500000000e+01 1.24313009838665e-03 2.45799307338241e-05
1.86762500000000e+01 1.19050782715902e-03 2.36457276115469e-05
1.88437500000000e+01 1.14011308097704e-03 2.27461155668571e-05
1.90112500000000e+01 1.09185156767670e-03 2.18798651378993e-05
1.91787500000000e+01 1.04563298652485e-03 2.10457875379724e-05
1.93462500000000e+01 1.00137085926007e-03 2.02427334997946e-05
1.95137500000000e+01 9.58982368285700e-04 1.94695921394544e-05
1.96812500000000e+01 9.18388201712196e-04 1.87252898408004e-05
1.98487500000000e+01 8.79512404958925e-04 1.80087891608935e-05
2.00162500000000e+01 8.42282238637734e-04 1.73190877570395e-05
2.01837500000000e+01 8.06628042452369e-04 1.66552173358149e-05
2.03512500000000e+01 7.72483104859089e-04 1.60162426244049e-05
2.05187500000000e+01 7.39783538244611e-04 1.54012603644913e-05
2.06862500000000e+01 7.08468159387832e-04 1.48093983288493e-05
2.08537500000000e+01 6.78478374981655e-04 1.42398143607442e-05
2.10212500000000e+01 6.49758072000734e-04 1.36916954361553e-05
2.11887500000000e+01 6.22253512710006e-04 1.31642567487998e-05
2.13562500000000e+01 5.95913234117551e-04 1.26567408178768e-05
2.15237500000000e+01 5.70687951683665e-04 1.21684166184070e-05
2.16912500000000e+01 5.46530467105975e-04 1.16985787340035e-05
2.18587500000000e+01 5.23395580008045e-04 1.12465465318706e-05
2.20262500000000e+01 5.01240003366252e-04 1.08116633597988e-05
2.21937500000000e+01 4.80022282516674e-04 1.03932957648922e-05
2.23612500000000e+01 4.59702717590460e-04 9.99083273374136e-06
2.25287500000000e+01 4.40243289232545e-04 9.60368495373215e-06
2.26962500000000e+01 4.21607587464722e-04 9.23128409516191e-06
2.28637500000000e+01 4.03760743559978e-04 8.87308211381831e-06
2.30312500000000e+01 3.86669364800622e-04 8.52855057366179e-06
2.31987500000000e+01 3.70301471998123e-04 8.19717998924044e-06
2.33662500000000e+01 3.54626439657771e-04 7.87847918745710e-06
2.35337500000000e+01 3.39614938676194e-04 7.57197468829979e-06
2.37012500000000e+01 3.25238881464510e-04 7.27721010414072e-06
2.38687500000000e+01 3.11471369394447e-04 6.99374555720450e-06
2.40362500000000e+01 2.98286642469094e-04 6.72115711480184e-06
2.42037500000000e+01 2.85660031124104e-04 6.45903624192411e-06
2.43712500000000e+01 2.73567910069185e-04 6.20698927079286e-06
2.45387500000000e+01 2.61987654083493e-04 5.96463688695754e-06
2.47062500000000e+01 2.50897595682233e-04 5.73161363153693e-06
2.48737500000000e+01 2.40276984575250e-04 5.50756741920124e-06
2.50412500000000e+01 2.30105948841754e-04 5.29215907149360e-06
2.52087500000000e+01 2.20365457748540e-04 5.08506186509394e-06
2.53762500000000e+01 2.11037286142130e-04 4.88596109463197e-06
2.55437500000000e+01 2.02103980348210e-04 4.69455364965999e-06
2.57112500000000e+01 1.93548825514561e-04 4.51054760540081e-06
2.58787500000000e+01 1.85355814336379e-04 4.33366182689250e-06
2.60462500000000e+01 1.77509617105466e-04 4.16362558615627e-06
2.62137500000000e+01 1.69995553027249e-04 4.00017819202001e-06
2.63812500000000e+01 1.62799562751976e-04 3.84306863223657e-06
2.65487500000000e+01 1.55908182068657e-04 3.69205522754181e-06
2.67162500000000e+01 1.49308516712576e-04 3.54690529730436e-06
2.68837500000000e+01 1.42988218239197e-04 3.40739483642595e-06
2.70512500000000e+01 1.36935460919345e-04 3.27330820315772e-06
2.72187500000000e+01 1.31138919612422e-04 3.14443781750541e-06
2.73862500000000e+01 1.25587748576261e-04 3.02058386990283e-06
2.75537500000000e+01 1.20271561173974e-04 2.90155403984089e-06
2.77212500000000e+01 1.15180410439806e-04 2.78716322414601e-06
2.78887500000000e+01 1.10304770467659e-04 2.67723327460932e-06
2.80562500000000e+01 1.05635518587439e-04 2.57159274467489e-06
2.82237500000000e+01 1.01163918295889e-04 2.47007664490294e-06
2.83912500000000e+01 9.68816029099738e-05 2.37252620693038e-06
2.85587500000000e+01 9.27805599122115e-05 2.27878865565870e-06
2.87262500000000e+01 8.88531159586881e-05 2.18871698940605e-06
2.88937500000000e+01 8.50919225216809e-05 2.10216976776697e-06
2.90612500000000e+01 8.14899421400399e-05 2.01901090693083e-06
2.92287500000000e+01 7.80404352515959e-05 1.93910948221593e-06
2.93962500000000e+01 7.47369475829590e-05 1.86233953758352e-06
2.95637500000000e+01 7.15732980731132e-05 1.78857990190247e-06
2.97312500000000e+01 6.85435673082100e-05 1.71771401174138e-06
2.98987500000000e+01 6.56420864459230e-05 1.64962974047198e-06
3.00662500000000e+01 6.28634266086400e-05 1.58421923347318e-06
3.02337500000000e+01 6.02023887256452e-05 1.52137874923181e-06
3.04012500000000e+01 5.76539938052878e-05 1.46100850614186e-06
3.05687500000000e+01 5.52134736189330e-05 1.40301253480990e-06
3.07362500000000e+01 5.28762617792666e-05 1.34729853568015e-06
3.09037500000000e+01 5.06379851962584e-05 1.29377774179845e-06
3.10712500000000e+01 4.84944558947988e-05 1.24236478653956e-06
3.12387500000000e+01 4.64416631786992e-05 1.19297757612801e-06
3.14062500000000e+01 4.44757661263928e-05 1.14553716678758e-06
3.15737500000000e+01 4.25930864042970e-05 1.09996764636005e-06
3.17412500000000e+01 4.07901013843883e-05 1.05619602023825e-06
3.19087500000000e+01 3.90634375531148e-05 1.01415210146411e-06
3.20762500000000e+01 3.74098641993112e-05 9.73768404846445e-07
3.22437500000000e+01 3.58262873693079e-05 9.34980044958275e-07
3.24112500000000e+01 3.43097440779232e-05 8.97724637877805e-07
3.25787500000000e+01 3.28573967645068e-05 8.61942206541633e-07
3.27462500000000e+01 3.14665279836611e-05 8.27575089583067e-07
3.29137500000000e+01 3.01345353207074e-05 7.94567853532442e-07
3.30812500000000e+01 2.88589265223823e-05 7.62867208260539e-07
3.32487500000000e+01 2.76373148336541e-05 7.32421925549989e-07
3.34162500000000e+01 2.64674145319341e-05 7.03182760683416e-07
3.35837500000000e+01 2.53470366503262e-05 6.75102376940857e-07
3.37512500000000e+01 2.42740848819142e-05 6.48135272902388e-07
3.39187500000000e+01 2.32465516574221e-05 6.22237712455509e-07
3.40862500000000e+01 2.22625143889081e-05 5.97367657410320e-07
3.42537500000000e+01 2.13201318724664e-05 5.73484702628538e-07
3.44212500000000e+01 2.04176408432026e-05 5.50550013575823e-07
3.45887500000000e+01 1.95533526760400e-05 5.28526266209874e-07
3.47562500000000e+01 1.87256502261811e-05 5.07377589119752e-07
3.49237500000000e+01 1.79329848033146e-05 4.87069507834795e-07
3.50912500000000e+01 1.71738732739054e-05 4.67568891224301e-07
3.52587500000000e+01 1.64468952861459e-05 4.48843899911878e-07
3.54262500000000e+01 1.57506906123767e-05 4.30863936631005e-07
3.55937500000000e+01 1.50839566040034e-05 4.13599598450866e-07
3.57612500000000e+01 1.44454457541480e-05 3.97022630804050e-07
3.59287500000000e+01 1.38339633634753e-05 3.81105883250046e-07
3.60962500000000e+01 1.32483653048243e-05 3.65823266910803e-07
3.62637500000000e+01 1.26875558824654e-05 3.51149713516866e-07
3.64312500000000e+01 1.21504857819753e-05 3.37061136004768e-07
3.65987500000000e+01 1.16361501068949e-05 3.23534390608426e-07
3.67662500000000e+01 1.11435864984962e-05 3.10547240389364e-07
3.69337500000000e+01 1.06718733351407e-05 2.98078320152519e-07
3.71012500000000e+01 1.02201280078596e-05 2.86107102696281e-07
3.72687500000000e+01 9.78750526892939e-06 2.74613866347228e-07
3.74362500000000e+01 9.37319565035299e-06 2.63579663731845e-07
3.76037500000000e+01 8.97642394928758e-06 2.52986291739187e-07
3.77712500000000e+01 8.59644777758472e-06 2.42816262630088e-07
3.79387500000000e+01 8.23255617272915e-06 2.33052776250172e-07
3.81062500000000e+01 7.88406826757727e-06 2.23679693305380e-07
3.82737500000000e+01 7.55033201640614e-06 2.14681509660293e-07
3.84412500000000e+01 7.23072297488942e-06 2.06043331620949e-07
3.86087500000000e+01 6.92464313171751e-06 1.97750852165210e-07
3.87762500000000e+01 6.63151978967579e-06 1.89790328085122e-07
3.89437500000000e+01 6.35080449408719e-06 1.82148558006977e-07
3.91112500000000e+01 6.08197200661448e-06 1.74812861256041e-07
3.92787500000000e+01 5.82451932250180e-06 1.67771057534140e-07
3.94462500000000e+01 5.57796472941696e-06 1.61011447379437e-07
3.96137500000000e+01 5.34184690613326e-06 1.54522793378848e-07
3.97812500000000e+01 5.11572405936460e-06 1.48294302104682e-07
3.99487500000000e+01 4.89917309713873e-06 1.42315606748072e-07
4.01162500000000e+01 4.69178883716199e-06 1.36576750422811e-07
4.02837500000000e+01 4.49318324869438e-06 1.31068170114189e-07
4.04512500000000e+01 4.30298472651630e-06 1.25780681248325e-07
4.06187500000000e+01 4.12083739562878e-06 1.20705462858432e-07
4.07862500000000e+01 3.94640044538588e-06 1.15834043325326e-07
4.09537500000000e+01 3.77934749181374e-06 1.11158286670299e-07
4.11212500000000e+01 3.61936596692284e-06 1.06670379379322e-07
4.12887500000000e+01 3.46615653387103e-06 1.02362817738323e-07
4.14562500000000e+01 3.31943252688295e-06 9.82283956600130e-08
4.16237500000000e+01 3.17891941487791e-06 9.42601929835063e-08
4.17912500000000e+01 3.04435428780266e-06 9.04515642286320e-08
4.19587500000000e+01 2.91548536470792e-06 8.67961277875547e-08
4.21262500000000e+01 2.79207152264831e-06 8.32877555369455e-08
4.22937500000000e+01 2.67388184552408e-06 7.99205628545857e-08
4.24612500000000e+01 2.56069519202064e-06 7.66888990248875e-08
4.26287500000000e+01 2.45229978183737e-06 7.35873380183951e-08
4.27962500000000e+01 2.34849279943160e-06 7.06106696309003e-08
4.29637500000000e+01 2.24908001453628e-06 6.77538909683441e-08
4.31312500000000e+01 2.15387541874123e-06 6.50121982641906e-08
4.32987500000000e+01 2.06270087745820e-06 6.23809790164733e-08
4.34662500000000e+01 1.97538579661836e-06 5.98558044321920e-08
4.36337500000000e+01 1.89176680347858e-06 5.74324221672049e-08
4.38012500000000e+01 1.81168744093940e-06 5.51067493502101e-08
4.39687500000000e+01 1.73499787480265e-06 5.28748658798428e-08
4.41362500000000e+01 1.66155461342099e-06 5.07330079843317e-08
4.43037500000000e+01 1.59122023921476e-06 4.86775620335587e-08
4.44712500000000e+01 1.52386315155393e-06 4.67050585937541e-08
4.46387500000000e+01 1.45935732052391e-06 4.48121667154259e-08
4.48062500000000e+01 1.39758205111462e-06 4.29956884454857e-08
4.49737500000000e+01 1.33842175739149e-06 4.12525535548767e-08
4.51412500000000e+01 1.28176574622595e-06 3.95798144733402e-08
4.53087500000000e+01 1.22750801018069e-06 3.79746414232752e-08
4.54762500000000e+01 1.17554702916217e-06 3.64343177449562e-08
4.56437500000000e+01 1.12578558046933e-06 3.49562354056713e-08
4.58112500000000e+01 1.07813055688290e-06 3.35378906856220e-08
4.59787500000000e+01 1.03249279245526e-06 3.21768800337044e-08
4.61462500000000e+01 9.88786895674492e-07 3.08708960865552e-08
4.63137500000000e+01 9.46931089690843e-07 2.96177238445019e-08
4.64812500000000e+01 9.06847059306370e-07 2.84152369982956e-08
4.66487500000000e+01 8.68459804441632e-07 2.72613944007428e-08
4.68162500000000e+01 8.31697499805191e-07 2.61542366775823e-08
4.69837500000000e+01 7.96491360503368e-07 2.50918829721670e-08
4.71512500000000e+01 7.62775513338807e-07 2.40725278187193e-08
4.73187500000000e+01 7.30486873557017e-07 2.30944381391360e-08
4.74862500000000e+01 6.99565026810304e-07 2.21559503585054e-08
4.76537500000000e+01 6.69952116118212e-07 2.12554676346919e-08
4.78212500000000e+01 6.41592733612995e-07 2.03914571975208e-08
4.79887500000000e+01 6.14433816867535e-07 1.95624477932664e-08
4.81562500000000e+01 5.88424549611765e-07 1.87670272303180e-08
4.83237500000000e+01 5.63516266651799e-07 1.80038400220526e-08
4.84912500000000e+01 5.39662362813885e-07 1.72715851231024e-08
4.86587500000000e+01 5.16818205742803e-07 1.65690137553470e-08
4.88262500000000e+01 4.94941052391541e-07 1.58949273201087e-08
4.89937500000000e+01 4.73989969046012e-07 1.52481753931608e-08
4.91612500000000e+01 4.53925754735148e-07 1.46276537992946e-08
4.93287500000000e+01 4.34710867883097e-07 1.40323027633158e-08
4.94962500000000e+01 4.16309356066249e-07 1.34611051344600e-08
4.96637500000000e+01 3.98686788743691e-07 1.29130846813397e-08
4.98312500000000e+01 3.81810192835209e-07 1.23873044546422e-08
4.99987500000000e+01 3.65647991026306e-07 1.18828652149106e-08
5.01662500000000e+01 3.50169942684788e-07 1.13989039228403e-08
5.03337500000000e+01 3.35347087278394e-07 1.09345922896269e-08
5.05012500000000e+01 3.21151690187566e-07 1.04891353849950e-08
5.06687500000000e+01 3.07557190812003e-07 1.00617703006309e-08
5.08362500000000e+01 2.94538152873882e-07 9.65176486683224e-09
5.10037500000000e+01 2.82070216824767e-07 9.25841642027134e-09
5.11712500000000e+01 2.70130054267162e-07 8.88105062085270e-09
5.13387500000000e+01 2.58695324305408e-07 8.51902031572281e-09
5.15062500000000e+01 2.47744631744279e-07 8.17170444856790e-09
5.16737500000000e+01 2.37257487057045e-07 7.83850701240745e-09
5.18412500000000e+01 2.27214268048106e-07 7.51885604416148e-09
5.20087500000000e+01 2.17596183138464e-07 7.21220265933744e-09
5.21762500000000e+01 2.08385236205340e-07 6.91802012524742e-09
5.23437500000000e+01 1.99564192910143e-07 6.63580297122904e-09
5.25112500000000e+01 1.91116548451796e-07 6.36506613440244e-09
5.26787500000000e+01 1.83026496685074e-07 6.10534413955433e-09
5.28462500000000e+01 1.75278900546179e-07 5.85619031179543e-09
5.30137500000000e+01 1.67859263730216e-07 5.61717602069009e-09
5.31812500000000e+01 1.60753703567571e-07 5.38788995460909e-09
5.33487500000000e+01 1.53948925048447e-07 5.16793742410497e-09
5.35162500000000e+01 1.47432195946952e-07 4.95693969315678e-09
5.36837500000000e+01 1.41191322998196e-07 4.75453333717697e-09
5.38512500000000e+01 1.35214629083825e-07 4.56036962671643e-09
5.40187500000000e+01 1.29490931383298e-07 4.37411393584524e-09
5.41862500000000e+01 1.24009520450031e-07 4.19544517422771e-09
5.43537500000000e+01 1.18760140173261e-07 4.02405524194906e-09
5.45212500000000e+01 1.13732968588132e-07 3.85964850618760e-09
5.46887500000000e+01 1.08918599498094e-07 3.70194129886260e-09
5.48562500000000e+01 1.04308024875245e-07 3.55066143442232e-09
5.50237500000000e+01 9.98926180056604e-08 3.40554774696975e-09
5.51912500000000e+01 9.56641173482041e-08 3.26634964595529e-09
5.53587500000000e+01 9.16146110765902e-08 3.13282668969565e-09
5.55262500000000e+01 8.77365222757941e-08 3.00474817600856e-09
5.56937500000000e+01 8.40225947651036e-08 2.88189274928009e-09
5.58612500000000e+01 8.04658795212876e-08 2.76404802330886e-09
5.60287500000000e+01 7.70597216764779e-08 2.65101021929736e-09
5.61962500000000e+01 7.37977480664368e-08 2.54258381838543e-09
5.63637500000000e+01 7.06738553059123e-08 2.43858122814522e-09
5.65312500000000e+01 6.76821983687692e-08 2.33882246247960e-09
5.66987500000000e+01 6.48171796515282e-08 2.24313483438834e-09
5.68662500000000e+01 6.20734384998505e-08 2.15135266108783e-09
5.70337500000000e+01 5.94458411783715e-08 2.06331698099010e-09
5.72012500000000e+01 5.69294712651159e-08 1.97887528206700e-09
5.73687500000000e+01 5.45196204525209e-08 1.89788124114367e-09
5.75362500000000e+01 5.22117797378578e-08 1.82019447368434e-09
5.77037500000000e+01 5.00016309865659e-08 1.74568029364998e-09
5.78712500000000e+01 4.78850388527148e-08 1.67420948302471e-09
5.80387500000000e+01 4.58580430414773e-08 1.60565807062379e-09
5.82062500000000e+01 4.39168508991354e-08 1.53990711981109e-09
5.83737500000000e+01 4.20578303167549e-08 1.47684252476913e-09
5.85412500000000e+01 4.02775029342500e-08 1.41635481497883e-09
5.87087500000000e+01 3.85725376321241e-08 1.35833896757979e-09
5.88762500000000e+01 3.69397442987073e-08 1.30269422729508e-09
5.90437500000000e+01 3.53760678612303e-08 1.24932393361702e-09
5.92112500000000e+01 3.38785825695649e-08 1.19813535496267e-09
5.93787500000000e+01 3.24444865219373e-08 1.14903952951919e-09
5.95462500000000e+01 3.10710964223699e-08 1.10195111251063e-09
5.97137500000000e+01 2.97558425600432e-08 1.05678822962822e-09
5.98812500000000e+01 2.84962640011834e-08 1.01347233637657e-09
6.00487500000000e+01 2.72900039844800e-08 9.71928083098249e-10
6.02162500000000e+01 2.61348055114175e-08 9.32083185448390e-10
6.03837500000000e+01 2.50285071232698e-08 8.93868300100399e-10
6.05512500000000e+01 2.39690388568570e-08 8.57216905472395e-10
6.07187500000000e+01 2.29544183714967e-08 8.22065187272524e-10
6.08862500000000e+01 2.19827472399032e-08 7.88351928669321e-10
6.10537500000000e+01 2.10522073960946e-08 7.56018404901034e-10
6.12212500000000e+01 2.01610577336616e-08 7.25008282145306e-10
6.13887500000000e+01 1.93076308480335e-08 6.95267520477745e-10
6.15562500000000e+01 1.84903299166453e-08 6.66744280754813e-10
6.17237500000000e+01 1.77076257111685e-08 6.39388835262924e-10
6.18912500000000e+01 1.69580537362162e-08 6.13153481982172e-10
6.20587500000000e+01 1.62402114891674e-08 5.87992462319031e-10
6.22262500000000e+01 1.55527558359851e-08 5.63861882168261e-10
6.23937500000000e+01 1.48944004981162e-08 5.40719636169882e-10
6.25612500000000e+01 1.42639136457731e-08 5.18525335032377e-10
6.27287500000000e+01 1.36601155930919e-08 4.97240235798553e-10
6.28962500000000e+01 1.30818765908561e-08 4.76827174935385e-10
6.30637500000000e+01 1.25281147126554e-08 4.57250504133924e-10
6.32312500000000e+01 1.19977938305243e-08 4.38476028709970e-10
6.33987500000000e+01 1.14899216762724e-08 4.20470948500549e-10
6.35662500000000e+01 1.10035479848803e-08 4.03203801155487e-10
6.37337500000000e+01 1.05377627164856e-08 3.86644407727399e-10
6.39012500000000e+01 1.00916943536336e-08 3.70763820467282e-10
6.40687500000000e+01 9.66450827060628e-09 3.55534272736675e-10
6.42362500000000e+01 9.25540517177735e-09 3.40929130950889e-10
6.44037500000000e+01 8.86361959607379e-09 3.26922848471242e-10
6.45712500000000e+01 8.48841848474326e-09 3.13490921367592e-10
6.47387500000000e+01 8.12909980974901e-09 3.00609845975542e-10
6.49062500000000e+01 7.78499126022533e-09 2.88257078175811e-10
6.50737500000000e+01 7.45544898453597e-09 2.76410994326135e-10
6.52412500000000e+01 7.13985638558181e-09 2.65050853778881e-10
6.54087500000000e+01 6.83762296710373e-09 2.54156762920247e-10
6.55762500000000e+01 6.54818322882199e-09 2.43709640669508e-10
6.57437500000000e+01 6.27099560834488e-09 2.33691185379234e-10
6.59112500000000e+01 6.00554146786686e-09 2.24083843079786e-10
6.60787500000000e+01 5.75132412376024e-09 2.14870777013712e-10
6.62462500000000e+01 5.50786791724470e-09 2.06035838407798e-10
6.64137500000000e+01 5.27471732439577e-09 1.97563538432692e-10
6.65812500000000e+01 5.05143610382711e-09 1.89439021302011e-10
6.67487500000000e+01 4.83760648045173e-09 1.81648038464783e-10
6.69162500000000e+01 4.63282836379504e-09 1.74176923846929e-10
6.70837500000000e+01 4.43671859939704e-09 1.67012570099299e-10
6.72512500000000e+01 4.24891025190298e-09 1.60142405811479e-10
6.74187500000000e+01 4.06905191850114e-09 1.53554373652218e-10
6.75862500000000e+01 3.89680707142314e-09 1.47236909398928e-10
6.77537500000000e+01 3.73185342827647e-09 1.41178921820215e-10
6.79212500000000e+01 3.57388234903112e-09 1.35369773376846e-10
6.80887500000000e+01 3.42259825853214e-09 1.29799261707974e-10
6.82562500000000e+01 3.27771809345736e-09 1.24457601870771e-10
6.84237500000000e+01 3.13897077268582e-09 1.19335409302893e-10
6.85912500000000e+01 3.00609669008559e-09 1.14423683478478e-10
6.87587500000000e+01 2.87884722877221e-09 1.09713792229502e-10
6.89262500000000e+01 2.75698429592877e-09 1.05197456705523e-10
6.90937500000000e+01 2.64027987731727e-09 1.00866736945883e-10
6.92612500000000e+01 2.52851561064772e-09 9.67140180394970e-11
6.94287500000000e+01 2.42148237700671e-09 9.27319968483965e-11
6.95962500000000e+01 2.31897990958102e-09 8.89136692721110e-11
6.97637500000000e+01 2.22081641894415e-09 8.52523180309378e-11
6.99312500000000e+01 2.12680823420459e-09 8.17415009470104e-11
7.00987500000000e+01 2.03677945934449e-09 7.83750397029498e-11
7.02662500000000e+01 1.95056164410569e-09 7.51470090586924e-11
7.04337500000000e+01 1.86799346880727e-09 7.20517265078706e-11
7.06012500000000e+01 1.78892044250489e-09 6.90837423558852e-11
7.07687500000000e+01 1.71319461392724e-09 6.62378302025269e-11
7.09362500000000e+01 1.64067429464868e-09 6.35089778126985e-11
7.11037500000000e+01 1.57122379398005e-09 6.08923783594585e-11
7.12712500000000e+01 1.50471316508173e-09 5.83834220242435e-11
7.14387500000000e+01 1.44101796182386e-09 5.59776879397432e-11
7.16062500000000e+01 1.38001900593872e-09 5.36709364614874e-11
7.17737500000000e+01 1.32160216402971e-09 5.14591017547762e-11
7.19412500000000e+01 1.26565813401962e-09 4.93382846841156e-11
7.21087500000000e+01 1.21208224063865e-09 4.73047459928522e-11
7.22762500000000e+01 1.16077423956953e-09 4.53548997611960e-11
7.24437500000000e+01 1.11163812988323e-09 4.34853071312972e-11
7.26112500000000e+01 1.06458197441438e-09 4.16926702885064e-11
7.27787500000000e+01 1.01951772774030e-09 3.99738266883869e-11
7.29462500000000e+01 9.76361071441690e-10 3.83257435194688e-11
7.31137500000000e+01 9.35031256336914e-10 3.67455123921484e-11
7.32812500000000e+01 8.95450951394472e-10 3.52303442445185e-11
7.34487500000000e+01 8.57546099041150e-10 3.37775644562926e-11
7.36162500000000e+01 8.21245776595010e-10 3.23846081623445e-11
7.37837500000000e+01 7.86482063563998e-10 3.10490157577297e-11
7.39512500000000e+01 7.53189914561862e-10 2.97684285863848e-11
7.41187500000000e+01 7.21307037603589e-10 2.85405848060186e-11
7.42862500000000e+01 6.90773777552663e-10 2.73633154220124e-11
7.44537500000000e+01 6.61533004502050e-10 2.62345404834388e-11
7.46212500000000e+01 6.33530006880069e-10 2.51522654345907e-11
7.47887500000000e+01 6.06712389081135e-10 2.41145776156762e-11
7.49562500000000e+01 5.81029973429850e-10 2.31196429065982e-11
7.51237500000000e+01 5.56434706294987e-10 2.21657025079799e-11
7.52912500000000e+01 5.32880568177728e-10 2.12510698538410e-11
7.54587500000000e+01 5.10323487605892e-10 2.03741276505511e-11
7.56262500000000e+01 4.88721258673073e-10 1.95333250369069e-11
7.57937500000000e+01 4.68033462068373e-10 1.87271748603929e-11
7.59612500000000e+01 4.48221389448998e-10 1.79542510648824e-11
7.61287500000000e+01 4.29247971014177e-10 1.72131861852300e-11
7.62962500000000e+01 4.11077706144931e-10 1.65026689443918e-11
7.64637500000000e+01 3.93676596979877e-10 1.58214419488889e-11
7.66312500000000e+01 3.77012084802809e-10 1.51682994785976e-11
7.67987500000000e+01 3.61052989123012e-10 1.45420853670135e-11
7.69662500000000e+01 3.45769449334349e-10 1.39416909682966e-11
7.71337500000000e+01 3.31132868843929e-10 1.33660532075507e-11
7.73012500000000e+01 3.17115861565848e-10 1.28141527109386e-11
7.74687500000000e+01 3.03692200679865e-10 1.22850120123705e-11
7.76362500000000e+01 2.90836769559155e-10 1.17776938336366e-11
7.78037500000000e+01 2.78525514775306e-10 1.12912994349846e-11
7.79712500000000e+01 2.66735401092642e-10 1.08249670332607e-11
7.81387500000000e+01 2.55444368367649e-10 1.03778702848540e-11
7.83062500000000e+01 2.44631290272880e-10 9.94921683079589e-12
7.84737500000000e+01 2.34275934768086e-10 9.53824690147167e-12
7.86412500000000e+01 2.24358926244624e-10 9.14423197850941e-12
7.88087500000000e+01 2.14861709272316e-10 8.76647351150577e-12
7.89762500000000e+01 2.05766513880914e-10 8.40430168734800e-12
7.91437500000000e+01 1.97056322311217e-10 8.05707424998058e-12
7.93112500000000e+01 1.88714837173629e-10 7.72417536855274e-12
7.94787500000000e+01 1.80726450954587e-10 7.40501455196823e-12
7.96462500000000e+01 1.73076216813783e-10 7.09902560793890e-12
7.98137500000000e+01 1.65749820617563e-10 6.80566564472120e-12
7.99812500000000e+01 1.58733554156162e-10 6.52441411378920e-12
8.01487500000000e+01 1.52014289494667e-10 6.25477189176829e-12
8.03162500000000e+01 1.45579454409711e-10 5.99626040002367e-12
8.04837500000000e+01 1.39417008865950e-10 5.74842076036170e-12
8.06512500000000e+01 1.33515422488297e-10 5.51081298536586e-12
8.08187500000000e+01 1.27863652987768e-10 5.28301520194982e-12
8.09862500000000e+01 1.22451125500573e-10 5.06462290676718e-12
8.11537500000000e+01 1.17267712801788e-10 4.85524825217359e-12
8.13212500000000e+01 1.12303716356598e-10 4.65451936149020e-12
8.14887500000000e+01 1.07549848173648e-10 4.46207967236823e-12
8.16562500000000e+01 1.02997213426546e-10 4.27758730710377e-12
8.18237500000000e+01 9.86372938110080e-11 4.10071446879885e-12
8.19912500000000e+01 9.44619316065063e-11 3.93114686230973e-12
8.21587500000000e+01 9.04633144125904e-11 3.76858313896751e-12
8.23262500000000e+01 8.66339605313292e-11 3.61273436409611e-12
8.24937500000000e+01 8.29667049685206e-11 3.46332350639398e-12
8.26612500000000e+01 7.94546860274764e-11 3.32008494828354e-12
8.28287500000000e+01 7.60913324702984e-11 3.18276401636869e-12
8.29962500000000e+01 7.28703512226235e-11 3.05111653117649e-12
8.31637500000000e+01 6.97857155988333e-11 2.92490837539220e-12
8.33312500000000e+01 6.68316540256948e-11 2.80391507982965e-12
8.34987500000000e+01 6.40026392433360e-11 2.68792142640985e-12
8.36662500000000e+01 6.12933779633478e-11 2.57672106745035e-12
8.38337500000000e+01 5.86988009646647e-11 2.47011616059643e-12
8.40012500000000e+01 5.62140536086897e-11 2.36791701875275e-12
8.41687500000000e+01 5.38344867559203e-11 2.26994177440015e-12
8.43362500000000e+01 5.15556480670761e-11 2.17601605770754e-12
8.45037500000000e+01 4.93732736724551e-11 2.08597268787300e-12
8.46712500000000e+01 4.72832801939288e-11 1.99965137715135e-12
8.48387500000000e+01 4.52817571046512e-11 1.91689844704767e-12
8.50062500000000e+01 4.33649594121837e-11 1.83756655617753e-12
8.51737500000000e+01 4.15293006513472e-11 1.76151443931530e-12
8.53412500000000e+01 3.97713461736903e-11 1.68860665717118e-12
8.55087500000000e+01 3.80878067210169e-11 1.61871335645692e-12
8.56762500000000e+01 3.64755322709493e-11 1.55171003981753e-12
8.58437500000000e+01 3.49315061430122e-11 1.48747734522430e-12
8.60112500000000e+01 3.34528393542081e-11 1.42590083444058e-12
8.61787500000000e+01 3.20367652135241e-11 1.36687079018780e-12
8.63462500000000e+01 3.06806341452555e-11 1.31028202165467e-12
8.65137500000000e+01 2.93819087314613e-11 1.25603367800664e-12
8.66812500000000e+01 2.81381589642737e-11 1.20402906956738e-12
8.68487500000000e+01 2.69470576991803e-11 1.15417549635715e-12
8.70162500000000e+01 2.58063763007707e-11 1.10638408368568e-12
8.71837500000000e+01 2.47139804728008e-11 1.06056962451003e-12
8.73512500000000e+01 2.36678262647724e-11 1.01665042827938e-12
8.75187500000000e+01 2.26659562475557e-11 9.74548176000313e-13
8.76862500000000e+01 2.17064958509003e-11 9.34187781266995e-13
8.78537500000000e+01 2.07876498559800e-11 8.95497257011159e-13
8.80212500000000e+01 1.99076990364109e-11 8.58407587736872e-13
8.81887500000000e+01 1.90649969414560e-11 8.22852607014639e-13
8.83562500000000e+01 1.82579668153982e-11 7.88768880018746e-13
8.85237500000000e+01 1.74850986473185e-11 7.56095590900514e-13
8.86912500000000e+01 1.67449463457572e-11 7.24774434798695e-13
8.88587500000000e+01 1.60361250329742e-11 6.94749514296427e-13
8.90262500000000e+01 1.53573084537437e-11 6.65967240141883e-13
8.91937500000000e+01 1.47072264938361e-11 6.38376236057322e-13
8.93612500000000e+01 1.40846628035440e-11 6.11927247468489e-13
8.95287500000000e+01 1.34884525218047e-11 5.86573053993119e-13
8.96962500000000e+01 1.29174800966623e-11 5.62268385533965e-13
8.98637500000000e+01 1.23706771979904e-11 5.38969841828098e-13
9.00312500000000e+01 1.18470207185705e-11 5.16635815310358e-13
9.01987500000000e+01 1.13455308597850e-11 4.95226417154588e-13
9.03662500000000e+01 1.08652692983444e-11 4.74703406361983e-13
9.05337500000000e+01 1.04053374306173e-11 4.55030121771163e-13
9.07012500000000e+01 9.96487469127933e-12 4.36171416869785e-13
9.08687500000000e+01 9.54305694313346e-12 4.18093597292420e-13
9.10362500000000e+01 9.13909493509103e-12 4.00764360894178e-13
9.12037500000000e+01 8.75223282542644e-12 3.84152740294064e-13
9.13712500000000e+01 8.38174676754348e-12 3.68229047786444e-13
9.15387500000000e+01 8.02694355560662e-12 3.52964822523164e-13
9.17062500000000e+01 7.68715932750355e-12 3.38332779872856e-13
9.18737500000000e+01 7.36175832271180e-12 3.24306762867811e-13
9.20412500000000e+01 7.05013169274544e-12 3.10861695652507e-13
9.22087500000000e+01 6.75169636195614e-12 2.97973538851361e-13
9.23762500000000e+01 6.46589393655710e-12 2.85619246776719e-13
9.25437500000000e+01 6.19218965982841e-12 2.73776726401292e-13
9.27112500000000e+01 5.93007141154909e-12 2.62424798022403e-13
9.28787500000000e+01 5.67904874978365e-12 2.51543157548381e-13
9.30462500000000e+01 5.43865199323026e-12 2.41112340340281e-13
9.32137500000000e+01 5.20843134241352e-12 2.31113686544890e-13
9.33812500000000e+01 4.98795603807758e-12 2.21529307857612e-13
9.35487500000000e+01 4.77681355520482e-12 2.12342055656305e-13
9.37162500000000e+01 4.57460883115218e-12 2.03535490449623e-13
9.38837500000000e+01 4.38096352646073e-12 1.95093852585703e-13
9.40512500000000e+01 4.19551531695558e-12 1.87002034169278e-13
9.42187500000000e+01 4.01791721581151e-12 1.79245552137423e-13
9.43862500000000e+01 3.84783692431588e-12 1.71810522446202e-13
9.45537500000000e+01 3.68495621011403e-12 1.64683635322448e-13
9.47212500000000e+01 3.52897031177385e-12 1.57852131536761e-13
9.48887500000000e+01 3.37958736855542e-12 1.51303779655660e-13
9.50562500000000e+01 3.23652787431874e-12 1.45026854232538e-13
9.52237500000000e+01 3.09952415454780e-12 1.39010114898704e-13
9.53912500000000e+01 2.96831986551250e-12 1.33242786317432e-13
9.55587500000000e+01 2.84266951463123e-12 1.27714538965447e-13
9.57262500000000e+01 2.72233800113673e-12 1.22415470707713e-13
9.58937500000000e+01 2.60710017618581e-12 1.17336089132850e-13
9.60612500000000e+01 2.49674042158981e-12 1.12467294617792e-13
9.62287500000000e+01 2.39105224637759e-12 1.07800364091645e-13
9.63962500000000e+01 2.28983790043616e-12 1.03326935469896e-13
9.65637500000000e+01 2.19290800450617e-12 9.90389927313364e-14
9.67312500000000e+01 2.10008119583979e-12 9.49288516111960e-14
9.68987500000000e+01 2.01118378885805e-12 9.09891458850794e-14
9.70662500000000e+01 1.92604945017279e-12 8.72128142193283e-14
9.72337500000000e+01 1.84451888736496e-12 8.35930875644554e-14
9.74012500000000e+01 1.76643955093720e-12 8.01234770692445e-14
9.75687500000000e+01 1.69166534888283e-12 7.67977624940417e-14
9.77362500000000e+01 1.62005637333730e-12 7.36099811026465e-14
9.79037500000000e+01 1.55147863880055e-12 7.05544170130496e-14
9.80712500000000e+01 1.48580383144065e-12 6.76255909880996e-14
9.82387500000000e+01 1.42290906900944e-12 6.48182506479343e-14
9.84062500000000e+01 1.36267667092106e-12 6.21273610867818e-14
9.85737500000000e+01 1.30499393806323e-12 5.95480958774430e-14
9.87412500000000e+01 1.24975294192912e-12 5.70758284474564e-14
9.89087500000000e+01 1.19685032267545e-12 5.47061238116050e-14
9.90762500000000e+01 1.14618709572886e-12 5.24347306460615e-14
9.92437500000000e+01 1.09766846657868e-12 5.02575736900684e-14
9.94112500000000e+01 1.05120365340966e-12 4.81707464616357e-14
9.95787500000000e+01 1.00670571724273e-12 4.61705042742925e-14
9.97462500000000e+01 9.64091399265956e-13 4.42532575424626e-14
9.99137500000000e+01 9.23280965051358e-13 4.24155653635550e-14
1.00081250000000e+02 8.84198055366127e-13 4.06541293653389e-14
1.00248750000000e+02 8.46769543299046e-13 3.89657878076521e-14
1.00416250000000e+02 8.10925397434823e-13 3.73475099279432e-14
1.00583750000000e+02 7.76598550820323e-13 3.57963905205768e-14
1.00751250000000e+02 7.43724775477512e-13 3.43096447402496e-14
1.00918750000000e+02 7.12242562228331e-13 3.28846031202632e-14
1.01086250000000e+02 6.82093005606638e-13 3.15187067967773e-14
1.01253750000000e+02 6.53219693641878e-13 3.02095029305388e-14
1.01421250000000e+02 6.25568602308267e-13 2.89546403179311e-14
1.01588750000000e+02 5.99087994441982e-13 2.77518651835201e-14
1.01756250000000e+02 5.73728322937242e-13 2.65990171466031e-14
1.01923750000000e+02 5.49442138040137e-13 2.54940253545711e-14
1.02091250000000e+02 5.26183998566755e-13 2.44349047761922e-14
1.02258750000000e+02 5.03910386879489e-13 2.34197526482111e-14
1.02426250000000e+02 4.82579627462429e-13 2.24467450689298e-14
1.02593750000000e+02 4.62151808943504e-13 2.15141337326943e-14
1.02761250000000e+02 4.42588709417457e-13 2.06202427994680e-14
1.02928750000000e+02 4.23853724929930e-13 1.97634658939080e-14
1.03096250000000e+02 4.05911800988864e-13 1.89422632285923e-14
1.03263750000000e+02 3.88729366975038e-13 1.81551588462688e-14
1.03431250000000e+02 3.72274273329045e-13 1.74007379762047e-14
1.03598750000000e+02 3.56515731397181e-13 1.66776444999229e-14
1.03766250000000e+02 3.41424255823670e-13 1.59845785218027e-14
1.03933750000000e+02 3.26971609381466e-13 1.53202940402098e-14
1.04101250000000e+02 3.13130750138386e-13 1.46835967150010e-14
1.04268750000000e+02 2.99875780859726e-13 1.40733417274197e-14
1.04436250000000e+02 2.87181900552688e-13 1.34884317285612e-14
1.04603750000000e+02 2.75025358061953e-13 1.29278148727473e-14
1.04771250000000e+02 2.63383407629577e-13 1.23904829323002e-14
1.04938750000000e+02 2.52234266336057e-13 1.18754694903471e-14
1.05106250000000e+02 2.41557073342931e-13 1.13818482084331e-14
1.05273750000000e+02 2.31331850860666e-13 1.09087311658455e-14
1.05441250000000e+02 2.21539466768786e-13 1.04552672676857e-14
1.05608750000000e+02 2.12161598818311e-13 1.00206407188457e-14
1.05776250000000e+02 2.03180700349523e-13 9.60406956116272e-15
1.05943750000000e+02 1.94579967460915e-13 9.20480427113914e-15
1.06111250000000e+02 1.86343307567892e-13 8.82212641572372e-15
1.06278750000000e+02 1.78455309292396e-13 8.45534736375109e-15
1.06446250000000e+02 1.70901213627122e-13 8.10380705073795e-15
1.06613750000000e+02 1.63666886320359e-13 7.76687279482888e-15
1.06781250000000e+02 1.56738791429801e-13 7.44393816177515e-15
1.06948750000000e+02 1.50103965995831e-13 7.13442187691873e-15
1.07116250000000e+02 1.43749995786899e-13 6.83776678223641e-15
1.07283750000000e+02 1.37664992071612e-13 6.55343883657925e-15
1.07451250000000e+02 1.31837569374065e-13 6.28092615732082e-15
1.07618750000000e+02 1.26256824170810e-13 6.01973810170074e-15
1.07786250000000e+02 1.20912314489581e-13 5.76940438622019e-15
1.07953750000000e+02 1.15794040371620e-13 5.52947424251548e-15
1.08121250000000e+02 1.10892425161043e-13 5.29951560819975e-15
1.08288750000000e+02 1.06198297586232e-13 5.07911435122558e-15
1.08456250000000e+02 1.01702874599734e-13 4.86787352638136e-15
1.08623750000000e+02 9.73977449445498e-14 4.66541266259092e-15
1.08791250000000e+02 9.32748534160742e-14 4.47136707974235e-15
1.08958750000000e+02 8.93264857902337e-14 4.28538723382278e-15
1.09126250000000e+02 8.55452543896227e-14 4.10713808918777e-15
1.09293750000000e+02 8.19240842606320e-14 3.93629851684203e-15
1.09461250000000e+02 7.84561999357068e-14 3.77256071765465e-15
1.09628750000000e+02 7.51351127559629e-14 3.61562966947642e-15
1.09796250000000e+02 7.19546087304439e-14 3.46522259716986e-15
1.09963750000000e+02 6.89087369093005e-14 3.32106846460300e-15
1.10131250000000e+02 6.59917982491390e-14 3.18290748769760e-15
1.10298750000000e+02 6.31983349497049e-14 3.05049066766017e-15
1.10466250000000e+02 6.05231202419492e-14 2.92357934355965e-15
1.10633750000000e+02 5.79611486083708e-14 2.80194476345100e-15
1.10801250000000e+02 5.55076264173363e-14 2.68536767327638e-15
1.10968750000000e+02 5.31579629538536e-14 2.57363792280778e-15
1.11136250000000e+02 5.09077618300162e-14 2.46655408792518e-15
1.11303750000000e+02 4.87528127590483e-14 2.36392310855382e-15
1.11471250000000e+02 4.66890836775581e-14 2.26555994161204e-15
1.11638750000000e+02 4.47127132012593e-14 2.17128722834762e-15
1.11806250000000e+02 4.28200034000459e-14 2.08093497546675e-15
1.11973750000000e+02 4.10074128789014e-14 1.99434024948448e-15
1.12141250000000e+02 3.92715501516958e-14 1.91134688374865e-15
1.12308750000000e+02 3.76091672954736e-14 1.83180519761233e-15
1.12476250000000e+02 3.60171538733579e-14 1.75557172725151e-15
1.12643750000000e+02 3.44925311147015e-14 1.68250896764555e-15
1.12811250000000e+02 3.30324463415947e-14 1.61248512525782e-15
1.12978750000000e+02 3.16341676313009e-14 1.54537388097325e-15
1.13146250000000e+02 3.02950787046352e-14 1.48105416286768e-15
1.13313750000000e+02 2.90126740307184e-14 1.41940992840169e-15
1.13481250000000e+02 2.77845541389512e-14 1.36032995564823e-15
1.13648750000000e+02 2.66084211294326e-14 1.30370764317992e-15
1.13816250000000e+02 2.54820743734261e-14 1.24944081825681e-15
1.13983750000000e+02 2.44034063958256e-14 1.19743155297081e-15
1.14151250000000e+02 2.33703989319200e-14 1.14758598801698e-15
1.14318750000000e+02 2.23811191510753e-14 1.09981416377551e-15
1.14486250000000e+02 2.14337160402712e-14 1.05402985840136e-15
1.14653750000000e+02 2.05264169407233e-14 1.01015043263116e-15
1.14821250000000e+02 1.96575242311123e-14 9.68096681028846e-16
1.14988750000000e+02 1.88254121512135e-14 9.27792689403074e-16
1.15156250000000e+02 1.80285237599835e-14 8.89165698140737e-16
1.15323750000000e+02 1.72653680224119e-14 8.52145971211094e-16
1.15491250000000e+02 1.65345170196896e-14 8.16666670605556e-16
1.15658750000000e+02 1.58346032774698e-14 7.82663735987731e-16
1.15826250000000e+02 1.51643172072264e-14 7.50075769337634e-16
1.15993750000000e+02 1.45224046559205e-14 7.18843924383073e-16
1.16161250000000e+02 1.39076645593908e-14 6.88911800619656e-16
1.16328750000000e+02 1.33189466950764e-14 6.60225341729128e-16
1.16496250000000e+02 1.27551495298688e-14 6.32732738213731e-16
1.16663750000000e+02 1.22152181590648e-14 6.06384334071627e-16
1.16831250000000e+02 1.16981423325643e-14 5.81132537345860e-16
1.16998750000000e+02 1.12029545646207e-14 5.56931734386244e-16
1.17166250000000e+02 1.07287283236059e-14 5.33738207670081e-16
1.17333750000000e+02 1.02745762984035e-14 5.11510057034183e-16
1.17501250000000e+02 9.83964873818658e-15 4.90207124176701e-16
1.17668750000000e+02 9.42313186247308e-15 4.69790920293094e-16
1.17836250000000e+02 9.02424633848465e-15 4.50224556716240e-16
1.18003750000000e+02 8.64224582295940e-15 4.31472678436082e-16
1.18171250000000e+02 8.27641556569043e-15 4.13501400379374e-16
1.18338750000000e+02 7.92607107217722e-15 3.96278246334969e-16
1.18506250000000e+02 7.59055682288758e-15 3.79772090414937e-16
1.18673750000000e+02 7.26924504673391e-15 3.63953100946290e-16
1.18841250000000e+02 6.96153454646869e-15 3.48792686692468e-16
1.19008750000000e+02 6.66684957380156e-15 3.34263445307945e-16
1.19176250000000e+02 6.38463875213319e-15 3.20339113933245e-16
1.19343750000000e+02 6.11437404489040e-15 3.06994521841598e-16
1.19511250000000e+02 5.85554976753202e-15 2.94205545052092e-16
1.19678750000000e+02 5.60768164137706e-15 2.81949062827711e-16
1.19846250000000e+02 5.37030588748477e-15 2.70202915980028e-16
1.20013750000000e+02 5.14297835889118e-15 2.58945866905604e-16
1.20181250000000e+02 4.92527370957843e-15 2.48157561282203e-16
1.20348750000000e+02 4.71678459862206e-15 2.37818491355949e-16
1.20516250000000e+02 4.51712092802708e-15 2.27909960753378e-16
1.20683750000000e+02 4.32590911282679e-15 2.18414050755111e-16
1.20851250000000e+02 4.14279138207868e-15 2.09313587970467e-16
1.21018750000000e+02 3.96742510944949e-15 2.00592113354869e-16
1.21186250000000e+02 3.79948217213690e-15 1.92233852514317e-16
1.21353750000000e+02 3.63864833692834e-15 1.84223687243472e-16
1.21521250000000e+02 3.48462267224828e-15 1.76547128246163e-16
1.21688750000000e+02 3.33711698509376e-15 1.69190288989229e-16
1.21856250000000e+02 3.19585528180476e-15 1.62139860642629e-16
1.22023750000000e+02 3.06057325166034e-15 1.55383088060738e-16
1.22191250000000e+02 2.93101777233448e-15 1.48907746761596e-16
1.22358750000000e+02 2.80694643628610e-15 1.42702120862661e-16
1.22526250000000e+02 2.68812709719733e-15 1.36754981933383e-16
1.22693750000000e+02 2.57433743561111e-15 1.31055568726498e-16
1.22861250000000e+02 2.46536454295573e-15 1.25593567751572e-16
1.23028750000000e+02 2.36100452317763e-15 1.20359094655814e-16
1.23196250000000e+02 2.26106211123736e-15 1.15342676378633e-16
1.23363750000000e+02 2.16535030775480e-15 1.10535234047824e-16
1.23531250000000e+02 2.07369002911994e-15 1.05928066586559e-16
1.23698750000000e+02 1.98590977241472e-15 1.01512835001678e-16
1.23866250000000e+02 1.90184529451878e-15 9.72815473249821e-17
1.24033750000000e+02 1.82133930479893e-15 9.32265441804078e-17
1.24201250000000e+02 1.74424117080712e-15 8.93404849510836e-17
1.24368750000000e+02 1.67040663643640e-15 8.56163345213552e-17
1.24536250000000e+02 1.59969755200746e-15 8.20473505698968e-17
1.24703750000000e+02 1.53198161578071e-15 7.86270713910159e-17
1.24871250000000e+02 1.46713212641031e-15 7.53493042222105e-17
1.25038750000000e+02 1.40502774587691e-15 7.22081140569525e-17
1.25206250000000e+02 1.34555227245556e-15 6.91978129225334e-17
1.25373750000000e+02 1.28859442329399e-15 6.63129496036555e-17
1.25541250000000e+02 1.23404762619449e-15 6.35482997932528e-17
1.25708750000000e+02 1.18180982020967e-15 6.08988566527870e-17
1.25876250000000e+02 1.13178326467919e-15 5.83598217650078e-17
1.26043750000000e+02 1.08387435635002e-15 5.59265964628721e-17
1.26211250000000e+02 1.03799345423805e-15 5.35947735189924e-17
1.26378750000000e+02 9.94054711903438e-16 5.13601291806332e-17
1.26546250000000e+02 9.51975916825778e-16 4.92186155358965e-17
1.26713750000000e+02 9.11678336578635e-16 4.71663531973360e-17
1.26881250000000e+02 8.73086571515547e-16 4.51996242898092e-17
1.27048750000000e+02 8.36128413691909e-16 4.33148657299240e-17
1.27216250000000e+02 8.00734711758762e-16 4.15086627849582e-17
1.27383750000000e+02 7.66839241575690e-16 3.97777428996441e-17
1.27551250000000e+02 7.34378582300725e-16 3.81189697796822e-17
1.27718750000000e+02 7.03291997725432e-16 3.65293377213123e-17
1.27886250000000e+02 6.73521322633133e-16 3.50059661767190e-17
1.28053750000000e+02 6.45010853967635e-16 3.35460945454666e-17
1.28221250000000e+02 6.17707246608841e-16 3.21470771825699e-17
1.28388750000000e+02 5.91559413560228e-16 3.08063786141958e-17
1.28556250000000e+02 5.66518430361429e-16 2.95215689523656e-17
1.28723750000000e+02 5.42537443547081e-16 2.82903195003840e-17
1.28891250000000e+02 5.19571582980654e-16 2.71103985410700e-17
1.29058750000000e+02 4.97577877899215e-16 2.59796673001857e-17
1.29226250000000e+02 4.76515176512079e-16 2.48960760777839e-17
1.29393750000000e+02 4.56344069002863e-16 2.38576605404912e-17
1.29561250000000e+02 4.37026813790916e-16 2.28625381680356e-17
1.29728750000000e+02 4.18527266914127e-16 2.19089048476084e-17
1.29896250000000e+02 4.00810814400995e-16 2.09950316099105e-17
1.30063750000000e+02 3.83844307505420e-16 2.01192615009941e-17
1.30231250000000e+02 3.67596000683032e-16 1.92800065842532e-17
1.30398750000000e+02 3.52035492193022e-16 1.84757450671518e-17
1.30566250000000e+02 3.37133667214305e-16 1.77050185475015e-17
1.30733750000000e+02 3.22862643369625e-16 1.69664293743191e-17
1.30901250000000e+02 3.09195718555630e-16 1.62586381184979e-17
1.31068750000000e+02 2.96107320981336e-16 1.55803611487274e-17
1.31236250000000e+02 2.83572961321484e-16 1.49303683082838e-17
1.31403750000000e+02 2.71569186895262e-16 1.43074806884966e-17
1.31571250000000e+02 2.60073537784670e-16 1.37105684948700e-17
1.31738750000000e+02 2.49064504810410e-16 1.31385490020077e-17
1.31906250000000e+02 2.38521489286679e-16 1.25903845936447e-17
1.32073750000000e+02 2.28424764479556e-16 1.20650808842488e-17
1.32241250000000e+02 2.18755438696881e-16 1.15616849187975e-17
1.32408750000000e+02 2.09495419940545e-16 1.10792834474801e-17
1.32576250000000e+02 2.00627382055079e-16 1.06170012722067e-17
1.32743750000000e+02 1.92134732309173e-16 1.01739996619390e-17
1.32911250000000e+02 1.84001580349501e-16 9.74947483397882e-18
1.33078750000000e+02 1.76212708468730e-16 9.34265649847121e-18
1.33246250000000e+02 1.68753543132109e-16 8.95280646349180e-18
1.33413750000000e+02 1.61610127709343e-16 8.57921729819905e-18
1.33581250000000e+02 1.54769096360742e-16 8.22121105163475e-18
1.33748750000000e+02 1.48217649028785e-16 7.87813802485829e-18
1.33916250000000e+02 1.41943527488300e-16 7.71261486900587e-18
