################################
# DATA CONSIDERED FOR THE TESTS#
################################

# elastic momentum transfer constant rate coefficient = 1.000000e-12 (m3s-1)
#                                     gas temperature = 300.000000 (K)
#                           mass of the heavy species = 40.000000 (uam)
#               decades of decay ensured for the eedf = 15 
#                 number of cells for the energy grid = 6000 

E/N(Td)              Te_th(eV)            Te_sim(eV)           RelError(Te)         RelError(EEDF)
0.00000000000000e+00 2.58519910116516e-02 2.58511457690312e-02 3.26954554508391e-05 4.37402702920273e-05 
1.00000000000000e+00 3.01268347033801e-02 3.01258506619421e-02 3.26632866562905e-05 4.36540497861714e-05 
2.00000000000000e+00 4.29513657785653e-02 4.29499667949807e-02 3.25713410804301e-05 4.34080735048583e-05 
3.00000000000000e+00 6.43255842372075e-02 6.43234839759188e-02 3.26504813532854e-05 4.36197527623825e-05 
4.00000000000000e+00 9.42494900793065e-02 9.42464021930992e-02 3.27628956366211e-05 4.39213033980960e-05 
5.00000000000000e+00 1.32723083304862e-01 1.32718750603653e-01 3.26446696489769e-05 4.36041924428619e-05 
6.00000000000000e+00 1.79746363913875e-01 1.79740485482307e-01 3.27040360651462e-05 4.37632806937271e-05 
7.00000000000000e+00 2.35319331906345e-01 2.35311635974598e-01 3.27042053204790e-05 4.37637381306259e-05 
8.00000000000000e+00 2.99441987282271e-01 2.99432260307345e-01 3.24836707580600e-05 4.31741729650044e-05 
9.00000000000000e+00 3.72114330041654e-01 3.72102096292661e-01 3.28763178560189e-05 4.42265670623585e-05 
1.00000000000000e+01 4.53336360184494e-01 4.53321479083314e-01 3.28257393124099e-05 4.40903158544788e-05 
1.10000000000000e+01 5.43108077710791e-01 5.43090262895476e-01 3.28016025652432e-05 4.40253559163032e-05 
1.20000000000000e+01 6.41429482620545e-01 6.41408447746472e-01 3.27937437287495e-05 4.40042234879726e-05 
1.30000000000000e+01 7.48300574913756e-01 7.48276179380250e-01 3.26012491817885e-05 4.34880114134434e-05 
1.40000000000000e+01 8.63721354590423e-01 8.63693166325676e-01 3.26358316803688e-05 4.35805355777284e-05 
1.50000000000000e+01 9.87691821650547e-01 9.87659554311060e-01 3.26694407913047e-05 4.36705492318992e-05 
1.60000000000000e+01 1.12021197609413e+00 1.12017534333411e+00 3.27016321919031e-05 4.37568338680096e-05 
1.70000000000000e+01 1.26128181792117e+00 1.26124053337496e+00 3.27322138641986e-05 4.38388974332243e-05 
1.80000000000000e+01 1.41090134713166e+00 1.41085527021353e+00 3.26577887431676e-05 4.36393318734247e-05 
1.90000000000000e+01 1.56907056372561e+00 1.56901926236620e+00 3.26953806920313e-05 4.37400689645557e-05 
2.00000000000000e+01 1.73578946770302e+00 1.73573265553470e+00 3.27298727059258e-05 4.38326042092991e-05 
2.10000000000000e+01 1.91105805906389e+00 1.91099559551363e+00 3.26853231705488e-05 4.37131039635273e-05 
2.20000000000000e+01 2.09487633780821e+00 2.09480779076559e+00 3.27212835346169e-05 4.38095667298411e-05 
2.30000000000000e+01 2.28724430393599e+00 2.28716953281667e+00 3.26904822499832e-05 4.37269423755209e-05 
2.40000000000000e+01 2.48816195744723e+00 2.48808067589419e+00 3.26673080072186e-05 4.36648284321693e-05 
2.50000000000000e+01 2.69762929834192e+00 2.69754107428372e+00 3.27042927107551e-05 4.37639772195130e-05 
2.60000000000000e+01 2.91564632662007e+00 2.91555058190703e+00 3.28382465883133e-05 4.41239851738238e-05 
2.70000000000000e+01 3.14221304228167e+00 3.14210963617638e+00 3.29086869360790e-05 4.43138794993040e-05 
2.80000000000000e+01 3.37732944532674e+00 3.37721852956962e+00 3.28412607989559e-05 4.41321040927025e-05 
2.90000000000000e+01 3.62099553575526e+00 3.62087726121387e+00 3.26635424487280e-05 4.36547379802247e-05 
3.00000000000000e+01 3.87321131356724e+00 3.87308437320512e+00 3.27739314584990e-05 4.39509556696916e-05 
3.10000000000000e+01 4.13397677876267e+00 4.13384132360092e+00 3.27663092945435e-05 4.39304785091311e-05 
3.20000000000000e+01 4.40329193134156e+00 4.40314811232934e+00 3.26617027586768e-05 4.36498090478416e-05 
3.30000000000000e+01 4.68115677130391e+00 4.68100328163237e+00 3.27888338369382e-05 4.39910152373834e-05 
3.40000000000000e+01 4.96757129864971e+00 4.96740828921112e+00 3.28147154400999e-05 4.40606439404015e-05 
3.50000000000000e+01 5.26253551337897e+00 5.26236313554674e+00 3.27556615619540e-05 4.39018625004747e-05 
3.60000000000000e+01 5.56604941549169e+00 5.56586781981617e+00 3.26255952771900e-05 4.35531372025089e-05 
3.70000000000000e+01 5.87811300498787e+00 5.87792088506428e+00 3.26839452429352e-05 4.37094117703502e-05 
3.80000000000000e+01 6.19872628186750e+00 6.19852378850177e+00 3.26669313213184e-05 4.36638172242137e-05 
3.90000000000000e+01 6.52788924613059e+00 6.52767652978015e+00 3.25857781004686e-05 4.34466517825517e-05 
4.00000000000000e+01 6.86560189777713e+00 6.86537765268883e+00 3.26621163945229e-05 4.36509161039943e-05 
4.10000000000000e+01 7.21186423680714e+00 7.21162861349503e+00 3.26716233654458e-05 4.36763833386099e-05 
4.20000000000000e+01 7.56667626322060e+00 7.56642941237894e+00 3.26234178746605e-05 4.35473078784541e-05 
4.30000000000000e+01 7.93003797701751e+00 7.92977859244154e+00 3.27091215357678e-05 4.37769257151864e-05 
4.40000000000000e+01 8.30194937819788e+00 8.30167761058177e+00 3.27353978845360e-05 4.38474403410522e-05 
4.50000000000000e+01 8.68241046676172e+00 8.68212646708059e+00 3.27097736528115e-05 4.37786747956553e-05 
4.60000000000000e+01 9.07142124270900e+00 9.07112516164449e+00 3.26388838737105e-05 4.35887107642036e-05 
4.70000000000000e+01 9.46898170603975e+00 9.46867223736964e+00 3.26823601219621e-05 4.37051619622487e-05 
4.80000000000000e+01 9.87509185675395e+00 9.87476915113824e+00 3.26787457157878e-05 4.36954805448531e-05 
4.90000000000000e+01 1.02897516948516e+01 1.02894159031219e+01 3.26336086290819e-05 4.35745810957277e-05 
5.00000000000000e+01 1.07129612203327e+01 1.07126110361999e+01 3.26878932549678e-05 4.37199834965823e-05 
