Energy (eV)          EEDF (eV^-(3/2))     First Anisotropy
1.29000000000000e-02 1.71288692567425e+00 1.97057737761279e-03
3.87000000000000e-02 1.65483063389151e+00 3.20962851707282e-03
6.45000000000000e-02 1.59874209197307e+00 4.12117188157372e-03
9.03000000000000e-02 1.54455460534699e+00 4.74687994372166e-03
1.16100000000000e-01 1.49220373997558e+00 5.21605433648775e-03
1.41900000000000e-01 1.44162724573721e+00 5.57974333818600e-03
1.67700000000000e-01 1.39276498240506e+00 5.86542727943096e-03
1.93500000000000e-01 1.34555884813471e+00 6.09031374453802e-03
2.19300000000000e-01 1.29995271037554e+00 6.26620122298649e-03
2.45100000000000e-01 1.25589233912387e+00 6.40168512115205e-03
2.70900000000000e-01 1.21332534243831e+00 6.50330430074502e-03
2.96700000000000e-01 1.17220110414087e+00 6.57619641301144e-03
3.22500000000000e-01 1.13247072362945e+00 6.62449989052139e-03
3.48300000000000e-01 1.09408695773049e+00 6.65161442590042e-03
3.74100000000000e-01 1.05700416452235e+00 6.66037732698913e-03
3.99900000000000e-01 1.02117824906273e+00 6.65318729539753e-03
4.25700000000000e-01 9.86566610955643e-01 6.63209396022591e-03
4.51500000000000e-01 9.53128093695537e-01 6.59886432009341e-03
4.77300000000000e-01 9.20822935728294e-01 6.55503314671990e-03
5.03100000000000e-01 8.89612723171003e-01 6.50194196052270e-03
5.28900000000000e-01 8.59460344134226e-01 6.44076967947530e-03
5.54700000000000e-01 8.30329944592456e-01 6.37255708023470e-03
5.80500000000000e-01 8.02186885750295e-01 6.29822657988434e-03
6.06300000000000e-01 7.74997702853655e-01 6.21859842308932e-03
6.32100000000000e-01 7.48730065397010e-01 6.13440406875410e-03
6.57900000000000e-01 7.23352738679369e-01 6.04629736680997e-03
6.83700000000000e-01 6.98835546663267e-01 5.95486397082619e-03
7.09500000000000e-01 6.75149336092610e-01 5.86062932723524e-03
7.35300000000000e-01 6.52265941826699e-01 5.76406550491264e-03
7.61100000000000e-01 6.30158153349220e-01 5.66559707150216e-03
7.86900000000000e-01 6.08799682412369e-01 5.56560617965911e-03
8.12700000000000e-01 5.88165131777645e-01 5.46443699344504e-03
8.38500000000000e-01 5.68229965016134e-01 5.36239955973755e-03
8.64300000000000e-01 5.48970477332382e-01 5.25977320978428e-03
8.90100000000000e-01 5.30363767377151e-01 5.15680956054049e-03
9.15900000000000e-01 5.12387710015553e-01 5.05373517316804e-03
9.41700000000000e-01 4.95020930018179e-01 4.95075391628874e-03
9.67500000000000e-01 4.78242776643931e-01 4.84804907371747e-03
9.93300000000000e-01 4.62033299084338e-01 4.74578523003098e-03
1.01910000000000e+00 4.46373222740167e-01 4.64410996213682e-03
1.04490000000000e+00 4.31243926302100e-01 4.54315536074855e-03
1.07070000000000e+00 4.16627419608244e-01 4.44303940215991e-03
1.09650000000000e+00 4.02506322252122e-01 4.34386718779598e-03
1.12230000000000e+00 3.88863842915737e-01 4.24573206658717e-03
1.14810000000000e+00 3.75683759403106e-01 4.14871665317369e-03
1.17390000000000e+00 3.62950399350535e-01 4.05289375323028e-03
1.19970000000000e+00 3.50648621590705e-01 3.95832720574839e-03
1.22550000000000e+00 3.38763798148388e-01 3.86507265087593e-03
1.25130000000000e+00 3.27281796846407e-01 3.77317823086165e-03
1.27710000000000e+00 3.16188964501142e-01 3.68268523074657e-03
1.30290000000000e+00 3.05472110687607e-01 3.59362866466809e-03
1.32870000000000e+00 2.95118492054787e-01 3.50603781297002e-03
1.35450000000000e+00 2.85115797172592e-01 3.41993671473125e-03
1.38030000000000e+00 2.75452131892404e-01 3.33534461982035e-03
1.40610000000000e+00 2.66116005203812e-01 3.25227640414142e-03
1.43190000000000e+00 2.57096315570713e-01 3.17074295135170e-03
1.45770000000000e+00 2.48382337730541e-01 3.09075150399289e-03
1.48350000000000e+00 2.39963709940915e-01 3.01230598668034e-03
1.50930000000000e+00 2.31830421658550e-01 2.93540730373200e-03
1.53510000000000e+00 2.23972801635774e-01 2.86005361338608e-03
1.56090000000000e+00 2.16381506420505e-01 2.78624058055096e-03
1.58670000000000e+00 2.09047509246000e-01 2.71396160984779e-03
1.61250000000000e+00 2.01962089297180e-01 2.64320806054278e-03
1.63830000000000e+00 1.95116821340757e-01 2.57396944482096e-03
1.66410000000000e+00 1.88503565706837e-01 2.50623361072260e-03
1.68990000000000e+00 1.82114458610081e-01 2.43998691094688e-03
1.71570000000000e+00 1.75941902798923e-01 2.37521435862226e-03
1.74150000000000e+00 1.69978558521725e-01 2.31189977104888e-03
1.76730000000000e+00 1.64217334799111e-01 2.25002590233274e-03
1.79310000000000e+00 1.58651380992130e-01 2.18957456575479e-03
1.81890000000000e+00 1.53274078656197e-01 2.13052674664841e-03
1.84470000000000e+00 1.48079033671138e-01 2.07286270649562e-03
1.87050000000000e+00 1.43060068637975e-01 2.01656207889519e-03
1.89630000000000e+00 1.38211215533420e-01 1.96160395800356e-03
1.92210000000000e+00 1.33526708613327e-01 1.90796698000263e-03
1.94790000000000e+00 1.29000977556681e-01 1.85562939810482e-03
1.97370000000000e+00 1.24628640841960e-01 1.80456915156648e-03
1.99950000000000e+00 1.20404499347996e-01 1.75476392914492e-03
2.02530000000000e+00 1.16323530171731e-01 1.70619122740135e-03
2.05110000000000e+00 1.12380880655510e-01 1.65882840422140e-03
2.07690000000000e+00 1.08571862616814e-01 1.61265272789796e-03
2.10270000000000e+00 1.04891946773567e-01 1.56764142209490e-03
2.12850000000000e+00 1.01336757358393e-01 1.52377170698751e-03
2.15430000000000e+00 9.79020669154139e-02 1.48102083685348e-03
2.18010000000000e+00 9.45837912734074e-02 1.43936613436887e-03
2.20590000000000e+00 9.13779846893406e-02 1.39878502184492e-03
2.23170000000000e+00 8.82808351565094e-02 1.35925504962516e-03
2.25750000000000e+00 8.52886598717022e-02 1.32075392184625e-03
2.28330000000000e+00 8.23979008559996e-02 1.28325951975190e-03
2.30910000000000e+00 7.96051207240014e-02 1.24674992273606e-03
2.33490000000000e+00 7.69069985964505e-02 1.21120342727909e-03
2.36070000000000e+00 7.43003261513946e-02 1.17659856392909e-03
2.38650000000000e+00 7.17820038091878e-02 1.14291411247052e-03
2.41230000000000e+00 6.93490370467981e-02 1.11012911541199e-03
2.43810000000000e+00 6.69985328370370e-02 1.07822288991626e-03
2.46390000000000e+00 6.47276962084764e-02 1.04717503828709e-03
2.48970000000000e+00 6.25338269219642e-02 1.01696545711953e-03
2.51550000000000e+00 6.04143162597849e-02 9.87574345213267e-04
2.54130000000000e+00 5.83666439236479e-02 9.58982210341765e-04
2.56710000000000e+00 5.63883750378149e-02 9.31169874963506e-04
2.59290000000000e+00 5.44771572538025e-02 9.04118480955951e-04
2.61870000000000e+00 5.26307179532183e-02 8.77809493447381e-04
2.64450000000000e+00 5.08468615454024e-02 8.52224703816640e-04
2.67030000000000e+00 4.91234668566635e-02 8.27346231926049e-04
2.69610000000000e+00 4.74584846080026e-02 8.03156527648413e-04
2.72190000000000e+00 4.58499349783269e-02 7.79638371744939e-04
2.74770000000000e+00 4.42959052502558e-02 7.56774876146904e-04
2.77350000000000e+00 4.27945475357190e-02 7.34549483690504e-04
2.79930000000000e+00 4.13440765786436e-02 7.12945967350867e-04
2.82510000000000e+00 3.99427676321155e-02 6.91948429018103e-04
2.85090000000000e+00 3.85889544074929e-02 6.71541297855394e-04
2.87670000000000e+00 3.72810270930317e-02 6.51709328276321e-04
2.90250000000000e+00 3.60174304396671e-02 6.32437597576123e-04
2.92830000000000e+00 3.47966619116761e-02 6.13711503249248e-04
2.95410000000000e+00 3.36172699000201e-02 5.95516760023245e-04
2.97990000000000e+00 3.24778519962452e-02 5.77839396637014e-04
3.00570000000000e+00 3.13770533248858e-02 5.60665752389476e-04
3.03150000000000e+00 3.03135649323898e-02 5.43982473482877e-04
3.05730000000000e+00 2.92861222306496e-02 5.27776509183375e-04
3.08310000000000e+00 2.82935034932867e-02 5.12035107819729e-04
3.10890000000000e+00 2.73345284029047e-02 4.96745812639609e-04
3.13470000000000e+00 2.64080566475795e-02 4.81896457541657e-04
3.16050000000000e+00 2.55129865649213e-02 4.67475162699952e-04
3.18630000000000e+00 2.46482538320939e-02 4.53470330096521e-04
3.21210000000000e+00 2.38128302002344e-02 4.39870638976268e-04
3.23790000000000e+00 2.30057222717680e-02 4.26665041237682e-04
3.26370000000000e+00 2.22259703191649e-02 4.13842756771652e-04
3.28950000000000e+00 2.14726471437333e-02 4.01393268759807e-04
3.31530000000000e+00 2.07448569730926e-02 3.89306318942931e-04
3.34110000000000e+00 2.00417343960157e-02 3.77571902869179e-04
3.36690000000000e+00 1.93624433333732e-02 3.66180265131044e-04
3.39270000000000e+00 1.87061760439566e-02 3.55121894599317e-04
3.41850000000000e+00 1.80721521639973e-02 3.44387519661635e-04
3.44430000000000e+00 1.74596177792408e-02 3.33968103472582e-04
3.47010000000000e+00 1.68678445284711e-02 3.23854839221686e-04
3.49590000000000e+00 1.62961287374211e-02 3.14039145425148e-04
3.52170000000000e+00 1.57437905820367e-02 3.04512661246658e-04
3.54750000000000e+00 1.52101732801021e-02 2.95267241852092e-04
3.57330000000000e+00 1.46946423102639e-02 2.86294953802526e-04
3.59910000000000e+00 1.41965846575254e-02 2.77588070489549e-04
3.62490000000000e+00 1.37154080843132e-02 2.69139067616462e-04
3.65070000000000e+00 1.32505404262516e-02 2.60940618728619e-04
3.67650000000000e+00 1.28014289118048e-02 2.52985590795804e-04
3.70230000000000e+00 1.23675395049793e-02 2.45267039849257e-04
3.72810000000000e+00 1.19483562703048e-02 2.37778206675620e-04
3.75390000000000e+00 1.15433807593381e-02 2.30512512569862e-04
3.77970000000000e+00 1.11521314179609e-02 2.23463555148939e-04
3.80550000000000e+00 1.07741430137667e-02 2.16625104227742e-04
3.83130000000000e+00 1.04089660828550e-02 2.09991097758666e-04
3.85710000000000e+00 1.00561663953770e-02 2.03555637835909e-04
3.88290000000000e+00 9.71532443919467e-03 1.97312986765445e-04
3.90870000000000e+00 9.38603492104156e-03 1.91257563201421e-04
3.93450000000000e+00 9.06790628459077e-03 1.85383938349600e-04
3.96030000000000e+00 8.76056024485748e-03 1.79686832238276e-04
3.98610000000000e+00 8.46363133838243e-03 1.74161110056993e-04
4.01190000000000e+00 8.17676648866131e-03 1.68801778563237e-04
4.03770000000000e+00 7.89962458630350e-03 1.63603982557193e-04
4.06350000000000e+00 7.63187608342077e-03 1.58563001424502e-04
4.08930000000000e+00 7.37320260176377e-03 1.53674245746886e-04
4.11510000000000e+00 7.12329655414017e-03 1.48933253980434e-04
4.14090000000000e+00 6.88186077866451e-03 1.44335689201194e-04
4.16670000000000e+00 6.64860818540463e-03 1.39877335917722e-04
4.19250000000000e+00 6.42326141500463e-03 1.35554096950093e-04
4.21830000000000e+00 6.20555250887842e-03 1.31361990374874e-04
4.24410000000000e+00 5.99522259058165e-03 1.27297146535469e-04
4.26990000000000e+00 5.79202155798320e-03 1.23355805117199e-04
4.29570000000000e+00 5.59570778587012e-03 1.19534312286444e-04
4.32150000000000e+00 5.40604783863242e-03 1.15829117893120e-04
4.34730000000000e+00 5.22281619268612e-03 1.12236772735726e-04
4.37310000000000e+00 5.04579496830440e-03 1.08753925888171e-04
4.39890000000000e+00 4.87477367053804e-03 1.05377322087552e-04
4.42470000000000e+00 4.70954893891703e-03 1.02103799182035e-04
4.45050000000000e+00 4.54992430563582e-03 9.89302856379644e-05
4.47630000000000e+00 4.39570996193449e-03 9.58537981053029e-05
4.50210000000000e+00 4.24672253239825e-03 9.28714390404901e-05
4.52790000000000e+00 4.10278485690676e-03 8.99803943858002e-05
4.55370000000000e+00 3.96372577997401e-03 8.71779313042588e-05
4.57950000000000e+00 3.82937994722826e-03 8.44613959691644e-05
4.60530000000000e+00 3.69958760879016e-03 8.18282114072669e-05
4.63110000000000e+00 3.57419442931497e-03 7.92758753946484e-05
4.65690000000000e+00 3.45305130447331e-03 7.68019584043308e-05
4.68270000000000e+00 3.33601418365203e-03 7.44041016046507e-05
4.70850000000000e+00 3.22294389866443e-03 7.20800149074431e-05
4.73430000000000e+00 3.11370599826616e-03 6.98274750650592e-05
4.76010000000000e+00 3.00817058827994e-03 6.76443238152616e-05
4.78590000000000e+00 2.90621217713921e-03 6.55284660730414e-05
4.81170000000000e+00 2.80770952666672e-03 6.34778681683980e-05
4.83750000000000e+00 2.71254550791094e-03 6.14905561291416e-05
4.86330000000000e+00 2.62060696186869e-03 5.95646140077748e-05
4.88910000000000e+00 2.53178456492834e-03 5.76981822515209e-05
4.91490000000000e+00 2.44597269887378e-03 5.58894561145768e-05
4.94070000000000e+00 2.36306932529437e-03 5.41366841116751e-05
4.96650000000000e+00 2.28297586425159e-03 5.24381665120513e-05
4.99230000000000e+00 2.20559707705826e-03 5.07922538729172e-05
5.01810000000000e+00 2.13084095303070e-03 4.91973456115662e-05
5.04390000000000e+00 2.05861860007936e-03 4.76518886152313e-05
5.06970000000000e+00 1.98884413900769e-03 4.61543758878350e-05
5.09550000000000e+00 1.92143460139376e-03 4.47033452327886e-05
5.12130000000000e+00 1.85630983093287e-03 4.32973779710018e-05
5.14710000000000e+00 1.79339238812419e-03 4.19350976932776e-05
5.17290000000000e+00 1.73260745818790e-03 4.06151690462862e-05
5.19870000000000e+00 1.67388276210328e-03 3.93362965513194e-05
5.22450000000000e+00 1.61714847066221e-03 3.80972234550411e-05
5.25030000000000e+00 1.56233712143562e-03 3.68967306114652e-05
5.27610000000000e+00 1.50938353855425e-03 3.57336353944012e-05
5.30190000000000e+00 1.45822475520847e-03 3.46067906396288e-05
5.32770000000000e+00 1.40879993877472e-03 3.35150836160665e-05
5.35350000000000e+00 1.36105031847982e-03 3.24574350252219e-05
5.37930000000000e+00 1.31491911551698e-03 3.14327980282204e-05
5.40510000000000e+00 1.27035147553040e-03 3.04401572997234e-05
5.43090000000000e+00 1.22729440338828e-03 2.94785281080591e-05
5.45670000000000e+00 1.18569670016662e-03 2.85469554209076e-05
5.48250000000000e+00 1.14550890226886e-03 2.76445130358881e-05
5.50830000000000e+00 1.10668322260895e-03 2.67703027354155e-05
5.53410000000000e+00 1.06917349378808e-03 2.59234534652050e-05
5.55990000000000e+00 1.03293511319719e-03 2.51031205358135e-05
5.58570000000000e+00 9.97924989980312e-04 2.43084848466248e-05
5.61150000000000e+00 9.64101493795475e-04 2.35387521316945e-05
5.63730000000000e+00 9.31424405312272e-04 2.27931522268852e-05
5.66310000000000e+00 8.99854868387292e-04 2.20709383577340e-05
5.68890000000000e+00 8.69355343860499e-04 2.13713864475077e-05
5.71470000000000e+00 8.39889564917622e-04 2.06937944449124e-05
5.74050000000000e+00 8.11422493965490e-04 2.00374816709380e-05
5.76630000000000e+00 7.83920280969027e-04 1.94017881843278e-05
5.79210000000000e+00 7.57350223200361e-04 1.87860741651769e-05
5.81790000000000e+00 7.31680726352198e-04 1.81897193161748e-05
5.84370000000000e+00 7.06881266969204e-04 1.76121222810166e-05
5.86950000000000e+00 6.82922356152734e-04 1.70527000795206e-05
5.89530000000000e+00 6.59775504495749e-04 1.65108875590021e-05
5.92110000000000e+00 6.37413188206224e-04 1.59861368614614e-05
5.94690000000000e+00 6.15808816378755e-04 1.54779169061559e-05
5.97270000000000e+00 5.94936699375465e-04 1.49857128871360e-05
5.99850000000000e+00 5.74772018278599e-04 1.45090257853378e-05
6.02430000000000e+00 5.55290795378489e-04 1.40473718948302e-05
6.05010000000000e+00 5.36469865661788e-04 1.36002823628293e-05
6.07590000000000e+00 5.18286849266087e-04 1.31673027430986e-05
6.10170000000000e+00 5.00720124868145e-04 1.27479925623668e-05
6.12750000000000e+00 4.83748803974094e-04 1.23419248994009e-05
6.15330000000000e+00 4.67352706081045e-04 1.19486859763825e-05
6.17910000000000e+00 4.51512334680568e-04 1.15678747622460e-05
6.20490000000000e+00 4.36208854075501e-04 1.11991025876442e-05
6.23070000000000e+00 4.21424066982530e-04 1.08419927712140e-05
6.25650000000000e+00 4.07140392893896e-04 1.04961802568277e-05
6.28230000000000e+00 3.93340847172517e-04 1.01613112615201e-05
6.30810000000000e+00 3.80009020855649e-04 9.83704293378972e-06
6.33390000000000e+00 3.67129061143077e-04 9.52304302198273e-06
6.35970000000000e+00 3.54685652546645e-04 9.21898955247253e-06
6.38550000000000e+00 3.42663998678687e-04 8.92457051735906e-06
6.41130000000000e+00 3.31049804657734e-04 8.63948357141586e-06
6.43710000000000e+00 3.19829260110540e-04 8.36343573802234e-06
6.46290000000000e+00 3.08989022750253e-04 8.09614312382546e-06
6.48870000000000e+00 2.98516202511173e-04 7.83733064188031e-06
6.51450000000000e+00 2.88398346221245e-04 7.58673174302740e-06
6.54030000000000e+00 2.78623422794064e-04 7.34408815527085e-06
6.56610000000000e+00 2.69179808922778e-04 7.10914963092712e-06
6.59190000000000e+00 2.60056275258875e-04 6.88167370132065e-06
6.61770000000000e+00 2.51241973059433e-04 6.66142543880951e-06
6.64350000000000e+00 2.42726421286935e-04 6.44817722592847e-06
6.66930000000000e+00 2.34499494146330e-04 6.24170853144419e-06
6.69510000000000e+00 2.26551409044501e-04 6.04180569312282e-06
6.72090000000000e+00 2.18872714957847e-04 5.84826170701412e-06
6.74670000000000e+00 2.11454281194115e-04 5.66087602306353e-06
6.77250000000000e+00 2.04287286535150e-04 5.47945434686823e-06
6.79830000000000e+00 1.97363208747631e-04 5.30380844739745e-06
6.82410000000000e+00 1.90673814449334e-04 5.13375597050342e-06
6.84990000000000e+00 1.84211149318859e-04 4.96912025805370e-06
6.87570000000000e+00 1.77967528637194e-04 4.80973017252017e-06
6.90150000000000e+00 1.71935528149859e-04 4.65541992686524e-06
6.92730000000000e+00 1.66107975238763e-04 4.50602891956905e-06
6.95310000000000e+00 1.60477940393288e-04 4.36140157464734e-06
6.97890000000000e+00 1.55038728970444e-04 4.22138718651263e-06
7.00470000000000e+00 1.49783873234305e-04 4.08583976953640e-06
7.03050000000000e+00 1.44707124665266e-04 3.95461791217337e-06
7.05630000000000e+00 1.39802446529958e-04 3.82758463551315e-06
7.08210000000000e+00 1.35064006703002e-04 3.70460725612842e-06
7.10790000000000e+00 1.30486170732066e-04 3.58555725309244e-06
7.13370000000000e+00 1.26063495137964e-04 3.47031013904220e-06
7.15950000000000e+00 1.21790720941849e-04 3.35874533516729e-06
7.18530000000000e+00 1.17662767411788e-04 3.25074605000781e-06
7.21110000000000e+00 1.13674726021294e-04 3.14619916194797e-06
7.23690000000000e+00 1.09821854612622e-04 3.04499510529548e-06
7.26270000000000e+00 1.06099571757901e-04 2.94702775983965e-06
7.28850000000000e+00 1.02503451311376e-04 2.85219434378465e-06
7.31430000000000e+00 9.90292171463097e-05 2.76039530995685e-06
7.34010000000000e+00 9.56727380702603e-05 2.67153424518863e-06
7.36590000000000e+00 9.24300229127049e-05 2.58551777278329e-06
7.39170000000000e+00 8.92972157791607e-05 2.50225545796891e-06
7.41750000000000e+00 8.62705914661623e-05 2.42165971625158e-06
7.44330000000000e+00 8.33465510316432e-05 2.34364572458077e-06
7.46910000000000e+00 8.05216175154539e-05 2.26813133524251e-06
7.49490000000000e+00 7.77924318049280e-05 2.19503699239825e-06
7.52070000000000e+00 7.51557486405799e-05 2.12428565118979e-06
7.54650000000000e+00 7.26084327571852e-05 2.05580269933294e-06
7.57230000000000e+00 7.01474551556540e-05 1.98951588112482e-06
7.59810000000000e+00 6.77698895012653e-05 1.92535522379207e-06
7.62390000000000e+00 6.54729086439785e-05 1.86325296610902e-06
7.64970000000000e+00 6.32537812566850e-05 1.80314348921741e-06
7.67550000000000e+00 6.11098685874029e-05 1.74496324958092e-06
7.70130000000000e+00 5.90386213215510e-05 1.68865071400980e-06
7.72710000000000e+00 5.70375765505738e-05 1.63414629669300e-06
7.75290000000000e+00 5.51043548433103e-05 1.58139229817678e-06
7.77870000000000e+00 5.32366574166255e-05 1.53033284623058e-06
7.80450000000000e+00 5.14322634019408e-05 1.48091383854317e-06
7.83030000000000e+00 4.96890272044111e-05 1.43308288719302e-06
7.85610000000000e+00 4.80048759516102e-05 1.38678926483913e-06
7.88190000000000e+00 4.63778070286895e-05 1.34198385257984e-06
7.90770000000000e+00 4.48058856970803e-05 1.29861908942871e-06
7.93350000000000e+00 4.32872427939064e-05 1.25664892335835e-06
7.95930000000000e+00 4.18200725093736e-05 1.21602876386414e-06
7.98510000000000e+00 4.04026302394908e-05 1.17671543600144e-06
8.01090000000000e+00 3.90332305115716e-05 1.13866713585140e-06
8.03670000000000e+00 3.77102449800478e-05 1.10184338737142e-06
8.06250000000000e+00 3.64321004902129e-05 1.06620500058812e-06
8.08830000000000e+00 3.51972772075925e-05 1.03171403109149e-06
8.11410000000000e+00 3.40043068107182e-05 9.98333740790495e-07
8.13990000000000e+00 3.28517707451537e-05 9.66028559891364e-07
8.16570000000000e+00 3.17382985367007e-05 9.34764050060999e-07
8.19150000000000e+00 3.06625661617748e-05 9.04506868739176e-07
8.21730000000000e+00 2.96232944730173e-05 8.75224734564212e-07
8.24310000000000e+00 2.86192476782676e-05 8.46886393877856e-07
8.26890000000000e+00 2.76492318710896e-05 8.19461588276138e-07
8.29470000000000e+00 2.67120936111048e-05 7.92921023174068e-07
8.32050000000000e+00 2.58067185524422e-05 7.67236337352878e-07
8.34630000000000e+00 2.49320301186763e-05 7.42380073459515e-07
8.37210000000000e+00 2.40869882226757e-05 7.18325649429052e-07
8.39790000000000e+00 2.32705880298416e-05 6.95047330801518e-07
8.42370000000000e+00 2.24818587632644e-05 6.72520203905500e-07
8.44950000000000e+00 2.17198625493782e-05 6.50720149881751e-07
8.47530000000000e+00 2.09836933027412e-05 6.29623819520846e-07
8.50110000000000e+00 2.02724756486136e-05 6.09208608889681e-07
8.52690000000000e+00 1.95853638820552e-05 5.89452635722400e-07
8.55270000000000e+00 1.89215409623021e-05 5.70334716552067e-07
8.57850000000000e+00 1.82802175412278e-05 5.51834344560191e-07
8.60430000000000e+00 1.76606310247343e-05 5.33931668121759e-07
8.63010000000000e+00 1.70620446659552e-05 5.16607470024260e-07
8.65590000000000e+00 1.64837466891946e-05 4.99843147339764e-07
8.68170000000000e+00 1.59250494435581e-05 4.83620691929794e-07
8.70750000000000e+00 1.53852885852714e-05 4.67922671563321e-07
8.73330000000000e+00 1.48638222877124e-05 4.52732211628787e-07
8.75910000000000e+00 1.43600304782193e-05 4.38032977421757e-07
8.78490000000000e+00 1.38733141007652e-05 4.23809156990237e-07
8.81070000000000e+00 1.34030944036238e-05 4.10045444520310e-07
8.83650000000000e+00 1.29488122511798e-05 3.96727024245269e-07
8.86230000000000e+00 1.25099274590627e-05 3.83839554861916e-07
8.88810000000000e+00 1.20859181518175e-05 3.71369154438256e-07
8.91390000000000e+00 1.16762801423451e-05 3.59302385797218e-07
8.93970000000000e+00 1.12805263323764e-05 3.47626242361568e-07
8.96550000000000e+00 1.08981861332662e-05 3.36328134445622e-07
8.99130000000000e+00 1.05288049064192e-05 3.25395875979792e-07
9.01710000000000e+00 1.01719434226817e-05 3.14817671654449e-07
9.04290000000000e+00 9.82717734005630e-06 3.04582104470004e-07
9.06870000000000e+00 9.49409669911987e-06 2.94678123680478e-07
9.09450000000000e+00 9.17230543554253e-06 2.85095033118274e-07
9.12030000000000e+00 8.86142090913001e-06 2.75822479888215e-07
9.14610000000000e+00 8.56107344882829e-06 2.66850443419275e-07
9.17190000000000e+00 8.27090591314980e-06 2.58169224862798e-07
9.19770000000000e+00 7.99057326549849e-06 2.49769436826371e-07
9.22350000000000e+00 7.71974216388875e-06 2.41641993432793e-07
9.24930000000000e+00 7.45809056457027e-06 2.33778100693970e-07
9.27510000000000e+00 7.20530733908766e-06 2.26169247189832e-07
9.30090000000000e+00 6.96109190431932e-06 2.18807195042709e-07
9.32670000000000e+00 6.72515386505576e-06 2.11683971177909e-07
9.35250000000000e+00 6.49721266869224e-06 2.04791858861463e-07
9.37830000000000e+00 6.27699727162524e-06 1.98123389506357e-07
9.40410000000000e+00 6.06424581695604e-06 1.91671334738805e-07
9.42990000000000e+00 5.85870532311814e-06 1.85428698716378e-07
9.45570000000000e+00 5.66013138305829e-06 1.79388710690067e-07
9.48150000000000e+00 5.46828787361343e-06 1.73544817802605e-07
9.50730000000000e+00 5.28294667473794e-06 1.67890678115617e-07
9.53310000000000e+00 5.10388739824740e-06 1.62420153858367e-07
9.55890000000000e+00 4.93089712575621e-06 1.57127304891144e-07
9.58470000000000e+00 4.76377015549752e-06 1.52006382376508e-07
9.61050000000000e+00 4.60230775772442e-06 1.47051822651846e-07
9.63630000000000e+00 4.44631793840151e-06 1.42258241296885e-07
9.66210000000000e+00 4.29561521090587e-06 1.37620427390015e-07
9.68790000000000e+00 4.15002037546591e-06 1.33133337947467e-07
9.71370000000000e+00 4.00936030607599e-06 1.28792092539549e-07
9.73950000000000e+00 3.87346774463319e-06 1.24591968078375e-07
9.76530000000000e+00 3.74218110205169e-06 1.20528393771663e-07
9.79110000000000e+00 3.61534426611805e-06 1.16596946237335e-07
9.81690000000000e+00 3.49280641585906e-06 1.12793344773851e-07
9.84270000000000e+00 3.37442184220136e-06 1.09113446781351e-07
9.86850000000000e+00 3.26004977470961e-06 1.05553243328828e-07
9.89430000000000e+00 3.14955421419715e-06 1.02108854862710e-07
9.92010000000000e+00 3.04280377101009e-06 9.87765270523827e-08
9.94590000000000e+00 2.93967150879267e-06 9.55526267683075e-08
9.97170000000000e+00 2.84003479354789e-06 9.24336381885334e-08
9.99750000000000e+00 2.74377514781412e-06 8.94161590295452e-08
1.00233000000000e+01 2.65077810978427e-06 8.64968968974941e-08
1.00491000000000e+01 2.56093309719979e-06 8.36726657560048e-08
1.00749000000000e+01 2.47413327585804e-06 8.09403825068490e-08
1.01007000000000e+01 2.39027543257623e-06 7.82970636799185e-08
1.01265000000000e+01 2.30925985246129e-06 7.57398222290223e-08
1.01523000000000e+01 2.23099020033937e-06 7.32658644301424e-08
1.01781000000000e+01 2.15537340620429e-06 7.08724868789052e-08
1.02039000000000e+01 2.08231955454847e-06 6.85570735841128e-08
1.02297000000000e+01 2.01174177744493e-06 6.63170931542809e-08
1.02555000000000e+01 1.94355615125309e-06 6.41500960742292e-08
1.02813000000000e+01 1.87768159682569e-06 6.20537120688612e-08
1.03071000000000e+01 1.81403978309795e-06 6.00256475513605e-08
1.03329000000000e+01 1.75255503394464e-06 5.80636831531170e-08
1.03587000000000e+01 1.69315423819394e-06 5.61656713327854e-08
1.03845000000000e+01 1.63576676269137e-06 5.43295340619579e-08
1.04103000000000e+01 1.58032436831033e-06 5.25532605850078e-08
1.04361000000000e+01 1.52676112880933e-06 5.08349052507448e-08
1.04619000000000e+01 1.47501335243942e-06 4.91725854135994e-08
1.04877000000000e+01 1.42501950620875e-06 4.75644794021132e-08
1.05135000000000e+01 1.37672014271398e-06 4.60088245525930e-08
1.05393000000000e+01 1.33005782945174e-06 4.45039153058547e-08
1.05651000000000e+01 1.28497708052595e-06 4.30481013650435e-08
1.05909000000000e+01 1.24142429066983e-06 4.16397859125803e-08
1.06167000000000e+01 1.19934767150423e-06 4.02774238843519e-08
1.06425000000000e+01 1.15869718995630e-06 3.89595202993156e-08
1.06683000000000e+01 1.11942450876545e-06 3.76846286427502e-08
1.06941000000000e+01 1.08148292900584e-06 3.64513493014424e-08
1.07199000000000e+01 1.04482733455689e-06 3.52583280491502e-08
1.07457000000000e+01 1.00941413845595e-06 3.41042545807339e-08
1.07715000000000e+01 9.75201231069328e-07 3.29878610934036e-08
1.07973000000000e+01 9.42147930019943e-07 3.19079209135771e-08
1.08231000000000e+01 9.10214931812119e-07 3.08632471678884e-08
1.08489000000000e+01 8.79364265096037e-07 2.98526914969379e-08
1.08747000000000e+01 8.49559245516212e-07 2.88751428104156e-08
1.09005000000000e+01 8.20764432090325e-07 2.79295260822754e-08
1.09263000000000e+01 7.92945585066555e-07 2.70148011846782e-08
1.09521000000000e+01 7.66069625209278e-07 2.61299617594629e-08
1.09779000000000e+01 7.40104594464734e-07 2.52740341259463e-08
1.10037000000000e+01 7.15019617959882e-07 2.44460762238858e-08
1.10295000000000e+01 6.90784867289264e-07 2.36451765904825e-08
1.10553000000000e+01 6.67371525046211e-07 2.28704533703307e-08
1.10811000000000e+01 6.44751750556230e-07 2.21210533572616e-08
1.11069000000000e+01 6.22898646771809e-07 2.13961510670571e-08
1.11327000000000e+01 6.01786228289289e-07 2.06949478400462e-08
1.11585000000000e+01 5.81389390449771e-07 2.00166709726242e-08
1.11843000000000e+01 5.61683879487296e-07 1.93605728767677e-08
1.12101000000000e+01 5.42646263688839e-07 1.87259302666505e-08
1.12359000000000e+01 5.24253905531781e-07 1.81120433714866e-08
1.12617000000000e+01 5.06484934765760e-07 1.75182351737616e-08
1.12875000000000e+01 4.89318222406883e-07 1.69438506720384e-08
1.13133000000000e+01 4.72733355613360e-07 1.63882561675459e-08
1.13391000000000e+01 4.56710613412716e-07 1.58508385737893e-08
1.13649000000000e+01 4.41230943251690e-07 1.53310047484426e-08
1.13907000000000e+01 4.26275938340949e-07 1.48281808468070e-08
1.14165000000000e+01 4.11827815767680e-07 1.43418116961431e-08
1.14423000000000e+01 3.97869395350026e-07 1.38713601902055e-08
1.14681000000000e+01 3.84384079208227e-07 1.34163067033315e-08
1.14939000000000e+01 3.71355832028177e-07 1.29761485234545e-08
1.15197000000000e+01 3.58769161993918e-07 1.25503993034354e-08
1.15455000000000e+01 3.46609102366412e-07 1.21385885301212e-08
1.15713000000000e+01 3.34861193686670e-07 1.17402610105612e-08
1.15971000000000e+01 3.23511466582095e-07 1.13549763748297e-08
1.16229000000000e+01 3.12546425155577e-07 1.09823085949201e-08
1.16487000000000e+01 3.01953030937598e-07 1.06218455191940e-08
1.16745000000000e+01 2.91718687382257e-07 1.02731884218844e-08
1.17003000000000e+01 2.81831224888794e-07 9.93595156716730e-09
1.17261000000000e+01 2.72278886330780e-07 9.60976178733509e-09
1.17519000000000e+01 2.63050313075787e-07 9.29425807461536e-09
1.17777000000000e+01 2.54134531478900e-07 8.98909118619738e-09
1.18035000000000e+01 2.45520939834019e-07 8.69392326203937e-09
1.18293000000000e+01 2.37199295767427e-07 8.40842745504552e-09
1.18551000000000e+01 2.29159704058641e-07 8.13228757321459e-09
1.18809000000000e+01 2.21392604874063e-07 7.86519773337357e-09
1.19067000000000e+01 2.13888762399432e-07 7.60686202612273e-09
1.19325000000000e+01 2.06639253857573e-07 7.35699419163157e-09
1.19583000000000e+01 1.99635458898367e-07 7.11531730593522e-09
1.19841000000000e+01 1.92869049348347e-07 6.88156347739252e-09
1.20099000000000e+01 1.86331979307706e-07 6.65547355297811e-09
1.20357000000000e+01 1.80016475582970e-07 6.43679683409141e-09
1.20615000000000e+01 1.73915028443934e-07 6.22529080157549e-09
1.20873000000000e+01 1.68020382693880e-07 6.02072084964806e-09
1.21131000000000e+01 1.62325529042472e-07 5.82286002845763e-09
1.21389000000000e+01 1.56823695771037e-07 5.63148879498586e-09
1.21647000000000e+01 1.51508340680362e-07 5.44639477202684e-09
1.21905000000000e+01 1.46373143311395e-07 5.26737251498256e-09
1.22163000000000e+01 1.41411997429625e-07 5.09422328622174e-09
1.22421000000000e+01 1.36619003764194e-07 4.92675483675809e-09
1.22679000000000e+01 1.31988462993103e-07 4.76478119501139e-09
1.22937000000000e+01 1.27514868966183e-07 4.60812246242251e-09
1.23195000000000e+01 1.23192902157763e-07 4.45660461570084e-09
1.23453000000000e+01 1.19017423341249e-07 4.31005931548953e-09
1.23711000000000e+01 1.14983467478102e-07 4.16832372124156e-09
1.23969000000000e+01 1.11086237813935e-07 4.03124031210539e-09
1.24227000000000e+01 1.07321100174721e-07 3.89865671362601e-09
1.24485000000000e+01 1.03683577456321e-07 3.77042553007327e-09
1.24743000000000e+01 1.00169344300787e-07 3.64640418221542e-09
1.25001000000000e+01 9.67742219531021e-08 3.52645475036188e-09
1.25259000000000e+01 9.34941732922442e-08 3.41044382250432e-09
1.25517000000000e+01 9.03252980306704e-08 3.29824234739159e-09
1.25775000000000e+01 8.72638280765057e-08 3.18972549237831e-09
1.26033000000000e+01 8.43061230529264e-08 3.08477250589297e-09
1.26291000000000e+01 8.14486659694080e-08 2.98326658437554e-09
1.26549000000000e+01 7.86880590396919e-08 2.88509474354045e-09
1.26807000000000e+01 7.60210196414964e-08 2.79014769382438e-09
1.27065000000000e+01 7.34443764131688e-08 2.69831971988335e-09
1.27323000000000e+01 7.09550654826372e-08 2.60950856400816e-09
1.27581000000000e+01 6.85501268241772e-08 2.52361531333105e-09
1.27839000000000e+01 6.62267007386620e-08 2.44054429070080e-09
1.28097000000000e+01 6.39820244531100e-08 2.36020294910733e-09
1.28355000000000e+01 6.18134288354868e-08 2.28250176954077e-09
1.28613000000000e+01 5.97183352208554e-08 2.20735416217365e-09
1.28871000000000e+01 5.76942523451000e-08 2.13467637075851e-09
1.29129000000000e+01 5.57387733825780e-08 2.06438738013660e-09
1.29387000000000e+01 5.38495730841764e-08 1.99640882675673e-09
1.29645000000000e+01 5.20244050123720e-08 1.93066491210682e-09
1.29903000000000e+01 5.02610988700044e-08 1.86708231896349e-09
1.30161000000000e+01 4.85575579195880e-08 1.80559013036835e-09
1.30419000000000e+01 4.69117564900932e-08 1.74611975124236e-09
1.30677000000000e+01 4.53217375682321e-08 1.68860483255288e-09
1.30935000000000e+01 4.37856104713853e-08 1.63298119795045e-09
1.31193000000000e+01 4.23015485994014e-08 1.57918677279501e-09
1.31451000000000e+01 4.08677872625971e-08 1.52716151549420e-09
1.31709000000000e+01 3.94826215833746e-08 1.47684735107846e-09
1.31967000000000e+01 3.81444044689610e-08 1.42818810694051e-09
1.32225000000000e+01 3.68515446528597e-08 1.38112945066872e-09
1.32483000000000e+01 3.56025048026843e-08 1.33561882990648e-09
1.32741000000000e+01 3.43957996921248e-08 1.29160541417163e-09
1.32999000000000e+01 3.32299944348740e-08 1.24904003857248e-09
1.33257000000000e+01 3.21037027784116e-08 1.20787514935850e-09
1.33515000000000e+01 3.10155854556195e-08 1.16806475124641e-09
1.33773000000000e+01 2.99643485922663e-08 1.12956435646356e-09
1.34031000000000e+01 2.89487421684692e-08 1.09233093545310e-09
1.34289000000000e+01 2.79675585323020e-08 1.05632286918688e-09
1.34547000000000e+01 2.70196309637828e-08 1.02149990303360e-09
1.34805000000000e+01 2.61038322875344e-08 9.87823102131798e-10
1.35063000000000e+01 2.52190735324655e-08 9.55254808218738e-10
1.35321000000000e+01 2.43643026368822e-08 9.23758597867831e-10
1.35579000000000e+01 2.35385031974863e-08 8.93299242088703e-10
1.35837000000000e+01 2.27406932607769e-08 8.63842667245641e-10
1.36095000000000e+01 2.19699241554139e-08 8.35355917251571e-10
1.36353000000000e+01 2.12252793641591e-08 8.07807116995929e-10
1.36611000000000e+01 2.05058734340502e-08 7.81165436966345e-10
1.36869000000000e+01 1.98108509235135e-08 7.55401059025321e-10
1.37127000000000e+01 1.91393853851637e-08 7.30485143304235e-10
1.37385000000000e+01 1.84906783830793e-08 7.06389796178336e-10
1.37643000000000e+01 1.78639585433872e-08 6.83088039287539e-10
1.37901000000000e+01 1.72584806370265e-08 6.60553779568925e-10
1.38159000000000e+01 1.66735246936002e-08 6.38761780268031e-10
1.38417000000000e+01 1.61083951452632e-08 6.17687632897060e-10
1.38675000000000e+01 1.55624199996258e-08 5.97307730109156e-10
1.38933000000000e+01 1.50349500406918e-08 5.77599239458875e-10
1.39191000000000e+01 1.45253580568788e-08 5.58540078020001e-10
1.39449000000000e+01 1.40330380952052e-08 5.40108887832806e-10
1.39707000000000e+01 1.35574047407542e-08 5.22285012153673e-10
1.39965000000000e+01 1.30978924205604e-08 5.05048472480943e-10
1.40223000000000e+01 1.26539547310904e-08 4.88379946331703e-10
1.40481000000000e+01 1.22250637885170e-08 4.72260745745015e-10
1.40739000000000e+01 1.18107096010160e-08 4.56672796487944e-10
1.40997000000000e+01 1.14103994623370e-08 4.41598617941399e-10
1.41255000000000e+01 1.10236573659301e-08 4.27021303643692e-10
1.41513000000000e+01 1.06500234389284e-08 4.12924502470346e-10
1.41771000000000e+01 1.02890533953161e-08 3.99292400429355e-10
1.42029000000000e+01 9.94031800763032e-09 3.86109703051877e-10
1.42287000000000e+01 9.60340259656942e-09 3.73361618358919e-10
1.42545000000000e+01 9.27790653789978e-09 3.61033840385231e-10
1.42803000000000e+01 8.96344278607598e-09 3.49112533242189e-10
1.43061000000000e+01 8.65963741400705e-09 3.37584315702119e-10
1.43319000000000e+01 8.36612916842185e-09 3.26436246287045e-10
1.43577000000000e+01 8.08256904030484e-09 3.15655808845380e-10
1.43835000000000e+01 7.80861984989140e-09 3.05230898600639e-10
1.44093000000000e+01 7.54395584572926e-09 2.95149808656766e-10
1.44351000000000e+01 7.28826231732925e-09 2.85401216945167e-10
1.44609000000000e+01 7.04123522094483e-09 2.75974173599030e-10
1.44867000000000e+01 6.80258081803538e-09 2.66858088740973e-10
1.45125000000000e+01 6.57201532598330e-09 2.58042720670547e-10
1.45383000000000e+01 6.34926458064975e-09 2.49518164438476e-10
1.45641000000000e+01 6.13406371036753e-09 2.41274840795077e-10
1.45899000000000e+01 5.92615682098372e-09 2.33303485500590e-10
1.46157000000000e+01 5.72529669157735e-09 2.25595138985599e-10
1.46415000000000e+01 5.53124448049036e-09 2.18141136350114e-10
1.46673000000000e+01 5.34376944132238e-09 2.10933097690253e-10
1.46931000000000e+01 5.16264864855138e-09 2.03962918741805e-10
1.47189000000000e+01 4.98766673245427e-09 1.97222761830327e-10
1.47447000000000e+01 4.81861562301193e-09 1.90705047117760e-10
1.47705000000000e+01 4.65529430249428e-09 1.84402444135860e-10
1.47963000000000e+01 4.49750856643127e-09 1.78307863597074e-10
1.48221000000000e+01 4.34507079268541e-09 1.72414449473794e-10
1.48479000000000e+01 4.19779971835131e-09 1.66715571337203e-10
1.48737000000000e+01 4.05552022421701e-09 1.61204816947244e-10
1.48995000000000e+01 3.91806312653070e-09 1.55875985085481e-10
1.49253000000000e+01 3.78526497582523e-09 1.50723078622912e-10
1.49511000000000e+01 3.65696786256128e-09 1.45740297815056e-10
1.49769000000000e+01 3.53301922935805e-09 1.40922033816878e-10
1.50027000000000e+01 3.41327168958804e-09 1.36262862410357e-10
1.50285000000000e+01 3.29758285212053e-09 1.31757537937741e-10
1.50543000000000e+01 3.18581515200503e-09 1.27400987433759e-10
1.50801000000000e+01 3.07783568689356e-09 1.23188304950286e-10
1.51059000000000e+01 2.97351605900724e-09 1.19114746067152e-10
1.51317000000000e+01 2.87273222245920e-09 1.15175722583004e-10
1.51575000000000e+01 2.77536433575227e-09 1.11366797380347e-10
1.51833000000000e+01 2.68129661927620e-09 1.07683679459036e-10
1.52091000000000e+01 2.59041721763471e-09 1.04122219132717e-10
1.52349000000000e+01 2.50261806663886e-09 1.00678403382890e-10
1.52607000000000e+01 2.41779476480860e-09 9.73483513654189e-11
1.52865000000000e+01 2.33584644922945e-09 9.41283100645008e-11
1.53123000000000e+01 2.25667567561706e-09 9.10146500892754e-11
1.53381000000000e+01 2.18018830244670e-09 8.80038616083882e-11
1.53639000000000e+01 2.10629337901013e-09 8.50925504180040e-11
1.53897000000000e+01 2.03490303726661e-09 8.22774341388851e-11
1.54155000000000e+01 1.96593238735948e-09 7.95553385383172e-11
1.54413000000000e+01 1.89929941667417e-09 7.69231939727903e-11
1.54671000000000e+01 1.83492489231737e-09 7.43780319474765e-11
1.54929000000000e+01 1.77273226690173e-09 7.19169817886770e-11
1.55187000000000e+01 1.71264758752370e-09 6.95372674255398e-11
1.55445000000000e+01 1.65459940782663e-09 6.72362042774667e-11
1.55703000000000e+01 1.59851870304424e-09 6.50111962437445e-11
1.55961000000000e+01 1.54433878792369e-09 6.28597327920482e-11
1.56219000000000e+01 1.49199523743052e-09 6.07793861425792e-11
1.56477000000000e+01 1.44142581014117e-09 5.87678085447038e-11
1.56735000000000e+01 1.39257037423211e-09 5.68227296430541e-11
1.56993000000000e+01 1.34537083597735e-09 5.49419539301634e-11
1.57251000000000e+01 1.29977107066957e-09 5.31233582827970e-11
1.57509000000000e+01 1.25571685588253e-09 5.13648895792338e-11
1.57767000000000e+01 1.21315580699546e-09 4.96645623948447e-11
1.58025000000000e+01 1.17203731490285e-09 4.80204567733990e-11
1.58283000000000e+01 1.13231248583540e-09 4.64307160716172e-11
1.58541000000000e+01 1.09393408322074e-09 4.48935448745641e-11
1.58799000000000e+01 1.05685647151466e-09 4.34072069795622e-11
1.59057000000000e+01 1.02103556193618e-09 4.19700234463749e-11
1.59315000000000e+01 9.86428760041768e-10 4.05803707114863e-11
1.59573000000000e+01 9.52994915076582e-10 3.92366787643753e-11
1.59831000000000e+01 9.20694271042307e-10 3.79374293837484e-11
1.60089000000000e+01 8.89488419423525e-10 3.66811544317645e-11
1.60347000000000e+01 8.59340253516364e-10 3.54664342043480e-11
1.60605000000000e+01 8.30213924305126e-10 3.42918958357508e-11
1.60863000000000e+01 8.02074797834421e-10 3.31562117555805e-11
1.61121000000000e+01 7.74889414026123e-10 3.20580981965740e-11
1.61379000000000e+01 7.48625446892179e-10 3.09963137514504e-11
1.61637000000000e+01 7.23251666095960e-10 2.99696579772326e-11
1.61895000000000e+01 6.98737899816436e-10 2.89769700454779e-11
1.62153000000000e+01 6.75054998871036e-10 2.80171274369095e-11
1.62411000000000e+01 6.52174802054519e-10 2.70890446789948e-11
1.62669000000000e+01 6.30070102652639e-10 2.61916721250567e-11
1.62927000000000e+01 6.08714616090795e-10 2.53239947735536e-11
1.63185000000000e+01 5.88082948679191e-10 2.44850311262120e-11
1.63443000000000e+01 5.68150567417338e-10 2.36738320837325e-11
1.63701000000000e+01 5.48893770822001e-10 2.28894798778368e-11
1.63959000000000e+01 5.30289660743902e-10 2.21310870384603e-11
1.64217000000000e+01 5.12316115139653e-10 2.13977953949384e-11
1.64475000000000e+01 4.94951761766561e-10 2.06887751100667e-11
1.64733000000000e+01 4.78175952769012e-10 2.00032237459573e-11
1.64991000000000e+01 4.61968740126223e-10 1.93403653606433e-11
1.65249000000000e+01 4.46310851932158e-10 1.86994496344256e-11
1.65507000000000e+01 4.31183669479419e-10 1.80797510249810e-11
1.65765000000000e+01 4.16569205119839e-10 1.74805679502881e-11
1.66023000000000e+01 4.02450080875470e-10 1.69012219984551e-11
1.66281000000000e+01 3.88809507774531e-10 1.63410571635669e-11
1.66539000000000e+01 3.75631265887733e-10 1.57994391066959e-11
1.66797000000000e+01 3.62899685041250e-10 1.52757544412481e-11
1.67055000000000e+01 3.50599626183405e-10 1.47694100418463e-11
1.67313000000000e+01 3.38716463382908e-10 1.42798323759751e-11
1.67571000000000e+01 3.27236066437242e-10 1.38064668576385e-11
1.67829000000000e+01 3.16144784070518e-10 1.33487772223102e-11
1.68087000000000e+01 3.05429427700820e-10 1.29062449224716e-11
1.68345000000000e+01 2.95077255757736e-10 1.24783685430628e-11
1.68603000000000e+01 2.85075958531427e-10 1.20646632361921e-11
1.68861000000000e+01 2.75413643535220e-10 1.16646601744700e-11
1.69119000000000e+01 2.66078821364317e-10 1.12779060223542e-11
1.69377000000000e+01 2.57060392033812e-10 1.09039624249146e-11
1.69635000000000e+01 2.48347631779756e-10 1.05424055134443e-11
1.69893000000000e+01 2.39930180307595e-10 1.01928254273632e-11
1.70151000000000e+01 2.31798028472795e-10 9.85482585187679e-12
1.70409000000000e+01 2.23941506379027e-10 9.52802357087344e-12
1.70667000000000e+01 2.16351271879752e-10 9.21204803455733e-12
1.70925000000000e+01 2.09018299469517e-10 8.90654094133289e-12
1.71183000000000e+01 2.01933869551785e-10 8.61115583347176e-12
1.71441000000000e+01 1.95089558070509e-10 8.32555770610842e-12
1.71699000000000e+01 1.88477226493133e-10 8.04942262912574e-12
1.71957000000000e+01 1.82089012133108e-10 7.78243738150613e-12
1.72215000000000e+01 1.75917318800419e-10 7.52429909773871e-12
1.72473000000000e+01 1.69954807768994e-10 7.27471492588470e-12
1.72731000000000e+01 1.64194389050265e-10 7.03340169691762e-12
1.72989000000000e+01 1.58629212962508e-10 6.80008560496729e-12
1.73247000000000e+01 1.53252661985919e-10 6.57450189810798e-12
1.73505000000000e+01 1.48058342893760e-10 6.35639457934453e-12
1.73763000000000e+01 1.43040079150210e-10 6.14551611745982e-12
1.74021000000000e+01 1.38191903565879e-10 5.94162716739909e-12
1.74279000000000e+01 1.33508051202258e-10 5.74449629987703e-12
1.74537000000000e+01 1.28982952516660e-10 5.55389973990432e-12
1.74795000000000e+01 1.24611226739513e-10 5.36962111393896e-12
1.75053000000000e+01 1.20387675476111e-10 5.19145120537895e-12
1.75311000000000e+01 1.16307276525235e-10 5.01918771812165e-12
1.75569000000000e+01 1.12365177907284e-10 4.85263504792379e-12
1.75827000000000e+01 1.08556692094808e-10 4.69160406130504e-12
1.76085000000000e+01 1.04877290438597e-10 4.53591188174696e-12
1.76343000000000e+01 1.01322597782693e-10 4.38538168294676e-12
1.76601000000000e+01 9.78883872619119e-11 4.23984248889346e-12
1.76859000000000e+01 9.45705752757038e-11 4.09912898054174e-12
1.77117000000000e+01 9.13652166323664e-11 3.96308130886600e-12
1.77375000000000e+01 8.82684998578393e-11 3.83154491408416e-12
1.77633000000000e+01 8.52767426635015e-11 3.70437035084815e-12
1.77891000000000e+01 8.23863875675826e-11 3.58141311920457e-12
1.78149000000000e+01 7.95939976649811e-11 3.46253350113498e-12
1.78407000000000e+01 7.68962525404596e-11 3.34759640249187e-12
1.78665000000000e+01 7.42899443203578e-11 3.23647120015289e-12
1.78923000000000e+01 7.17719738581279e-11 3.12903159422103e-12
1.79181000000000e+01 6.93393470491563e-11 3.02515546510428e-12
1.79439000000000e+01 6.69891712704912e-11 2.92472473531426e-12
1.79697000000000e+01 6.47186519412401e-11 2.82762523582779e-12
1.79955000000000e+01 6.25250891995498e-11 2.73374657686137e-12
1.80213000000000e+01 6.04058746922155e-11 2.64298202291289e-12
1.80471000000000e+01 5.83584884731026e-11 2.55522837192959e-12
1.80729000000000e+01 5.63804960066929e-11 2.47038583846681e-12
1.80987000000000e+01 5.44695452731921e-11 2.38835794070527e-12
1.81245000000000e+01 5.26233639717557e-11 2.30905139119997e-12
1.81503000000000e+01 5.08397568185095e-11 2.23237599123765e-12
1.81761000000000e+01 4.91166029361491e-11 2.15824452868369e-12
1.82019000000000e+01 4.74518533320172e-11 2.08657267920329e-12
1.82277000000000e+01 4.58435284616573e-11 2.01727891074566e-12
1.82535000000000e+01 4.42897158749487e-11 1.95028439118376e-12
1.82793000000000e+01 4.27885679420229e-11 1.88551289900526e-12
1.83051000000000e+01 4.13382996562570e-11 1.82289073695400e-12
1.83309000000000e+01 3.99371865117323e-11 1.76234664852491e-12
1.83567000000000e+01 3.85835624526340e-11 1.70381173721797e-12
1.83825000000000e+01 3.72758178921536e-11 1.64721938846026e-12
1.84083000000000e+01 3.60123977985383e-11 1.59250519410797e-12
1.84341000000000e+01 3.47917998460110e-11 1.53960687944339e-12
1.84599000000000e+01 3.36125726283637e-11 1.48846423258451e-12
1.84857000000000e+01 3.24733139330979e-11 1.43901903622739e-12
1.85115000000000e+01 3.13726690740621e-11 1.39121500164455e-12
1.85373000000000e+01 3.03093292806016e-11 1.34499770486480e-12
1.85631000000000e+01 2.92820301413069e-11 1.30031452496261e-12
1.85889000000000e+01 2.82895501005090e-11 1.25711458438712e-12
1.86147000000000e+01 2.73307090057347e-11 1.21534869126387e-12
1.86405000000000e+01 2.64043667043934e-11 1.17496928360369e-12
1.86663000000000e+01 2.55094216880282e-11 1.13593037535611e-12
1.86921000000000e+01 2.46448097825187e-11 1.09818750424618e-12
1.87179000000000e+01 2.38095028826769e-11 1.06169768133599e-12
1.87437000000000e+01 2.30025077297336e-11 1.02641934225376e-12
1.87695000000000e+01 2.22228647302596e-11 9.92312300035578e-13
1.87953000000000e+01 2.14696468151185e-11 9.59337699526444e-13
1.88211000000000e+01 2.07419583370945e-11 9.27457973289195e-13
1.88469000000000e+01 2.00389340058823e-11 8.96636798971428e-13
1.88727000000000e+01 1.93597378591764e-11 8.66839058082333e-13
1.88985000000000e+01 1.87035622686321e-11 8.38030796132852e-13
1.89243000000000e+01 1.80696269795194e-11 8.10179184094107e-13
1.89501000000000e+01 1.74571781829267e-11 7.83252481130583e-13
1.89759000000000e+01 1.68654876194106e-11 7.57219998565923e-13
1.90017000000000e+01 1.62938517130267e-11 7.32052065040658e-13
1.90275000000000e+01 1.57415907347113e-11 7.07719992822446e-13
1.90533000000000e+01 1.52080479940197e-11 6.84196045230792e-13
1.90791000000000e+01 1.46925890582587e-11 6.61453405139367e-13
1.91049000000000e+01 1.41946009980867e-11 6.39466144520377e-13
1.91307000000000e+01 1.37134916586828e-11 6.18209194996539e-13
1.91565000000000e+01 1.32486889556185e-11 5.97658319367313e-13
1.91823000000000e+01 1.27996401945956e-11 5.77790084077271e-13
1.92081000000000e+01 1.23658114142404e-11 5.58581832595426e-13
1.92339000000000e+01 1.19466867511730e-11 5.40011659675420e-13
1.92597000000000e+01 1.15417678265976e-11 5.22058386467454e-13
1.92855000000000e+01 1.11505731536825e-11 5.04701536453837e-13
1.93113000000000e+01 1.07726375650269e-11 4.87921312180889e-13
1.93371000000000e+01 1.04075116595332e-11 4.71698572760877e-13
1.93629000000000e+01 1.00547612680265e-11 4.56014812118588e-13
1.93887000000000e+01 9.71396693698643e-12 4.40852137957861e-13
1.94145000000000e+01 9.38472342977726e-12 4.26193251424295e-13
1.94403000000000e+01 9.06663924478347e-12 4.12021427441115e-13
1.94661000000000e+01 8.75933614987723e-12 3.98320495695959e-13
1.94919000000000e+01 8.46244873266471e-12 3.85074822257034e-13
1.95177000000000e+01 8.17562396597627e-12 3.72269291797862e-13
1.95435000000000e+01 7.89852078808379e-12 3.59889290410468e-13
1.95693000000000e+01 7.63080969714610e-12 3.47920688987556e-13
1.95951000000000e+01 7.37217235940016e-12 3.36349827154873e-13
1.96209000000000e+01 7.12230123063220e-12 3.25163497735548e-13
1.96467000000000e+01 6.88089919047856e-12 3.14348931728817e-13
1.96725000000000e+01 6.64767918912155e-12 3.03893783786130e-13
1.96983000000000e+01 6.42236390596013e-12 2.93786118168172e-13
1.97241000000000e+01 6.20468541984950e-12 2.84014395166919e-13
1.97499000000000e+01 5.99438489051760e-12 2.74567457977316e-13
1.97757000000000e+01 5.79121225077955e-12 2.65434520003722e-13
1.98015000000000e+01 5.59492590918418e-12 2.56605152586737e-13
1.98273000000000e+01 5.40529246273900e-12 2.48069273136510e-13
1.98531000000000e+01 5.22208641937197e-12 2.39817133659059e-13
1.98789000000000e+01 5.04508992980014e-12 2.31839309662623e-13
1.99047000000000e+01 4.87409252848632e-12 2.24126689431469e-13
1.99305000000000e+01 4.70889088337564e-12 2.16670463654981e-13
1.99563000000000e+01 4.54928855411459e-12 2.09462115400295e-13
1.99821000000000e+01 4.39509575846484e-12 2.02493410417103e-13
2.00079000000000e+01 4.24612914663426e-12 1.95756387763626e-13
2.00337000000000e+01 4.10221158325673e-12 1.89243350743144e-13
2.00595000000000e+01 3.96317193676144e-12 1.82946858140797e-13
2.00853000000000e+01 3.82884487588130e-12 1.76859715750719e-13
2.01111000000000e+01 3.69907067305844e-12 1.70974968183889e-13
2.01369000000000e+01 3.57369501451310e-12 1.65285890947434e-13
2.01627000000000e+01 3.45256881674994e-12 1.59785982786371e-13
2.01885000000000e+01 3.33554804928371e-12 1.54468958279109e-13
2.02143000000000e+01 3.22249356337339e-12 1.49328740678324e-13
2.02401000000000e+01 3.11327092656121e-12 1.44359454989064e-13
2.02659000000000e+01 3.00775026281976e-12 1.39555421276246e-13
2.02917000000000e+01 2.90580609811713e-12 1.34911148193952e-13
2.03175000000000e+01 2.80731721121644e-12 1.30421326729169e-13
2.03433000000000e+01 2.71216648953236e-12 1.26080824152876e-13
2.03691000000000e+01 2.62024078987316e-12 1.21884678171626e-13
2.03949000000000e+01 2.53143080390280e-12 1.17828091272968e-13
2.04207000000000e+01 2.44563092816297e-12 1.13906425258302e-13
2.04465000000000e+01 2.36273913850063e-12 1.10115195956952e-13
2.04723000000000e+01 2.28265686875166e-12 1.06450068115464e-13
2.04981000000000e+01 2.20528889353637e-12 1.02906850456321e-13
2.05239000000000e+01 2.13054321502755e-12 9.94814909004691e-14
2.05497000000000e+01 2.05833095355634e-12 9.61700719482205e-14
2.05755000000000e+01 1.98856624192594e-12 9.29688062133005e-14
2.06013000000000e+01 1.92116612330741e-12 8.98740321049594e-14
2.06271000000000e+01 1.85605045259612e-12 8.68822096532429e-14
2.06529000000000e+01 1.79314180111171e-12 8.39899164726842e-14
2.06787000000000e+01 1.73236536452807e-12 8.11938438598314e-14
2.07045000000000e+01 1.67364887392388e-12 7.84907930201757e-14
2.07303000000000e+01 1.61692250984812e-12 7.58776714201947e-14
2.07561000000000e+01 1.56211881929809e-12 7.33514892603654e-14
2.07819000000000e+01 1.50917263551144e-12 7.09093560651385e-14
2.08077000000000e+01 1.45802100047673e-12 6.85484773860023e-14
2.08335000000000e+01 1.40860309007045e-12 6.62661516138868e-14
2.08593000000000e+01 1.36086014173133e-12 6.40597668972859e-14
2.08851000000000e+01 1.31473538458615e-12 6.19267981625936e-14
2.09109000000000e+01 1.27017397194381e-12 5.98648042332701e-14
2.09367000000000e+01 1.22712291607740e-12 5.78714250445601e-14
2.09625000000000e+01 1.18553102521686e-12 5.59443789505989e-14
2.09883000000000e+01 1.14534884267705e-12 5.40814601208460e-14
2.10141000000000e+01 1.10652858804913e-12 5.22805360228811e-14
2.10399000000000e+01 1.06902410038515e-12 5.05395449887041e-14
2.10657000000000e+01 1.03279078330829e-12 4.88564938617727e-14
2.10915000000000e+01 9.97785551983589e-13 4.72294557220980e-14
2.11173000000000e+01 9.63966781885981e-13 4.56565676868138e-14
2.11431000000000e+01 9.31294259304827e-13 4.41360287837165e-14
2.11689000000000e+01 8.99729133526006e-13 4.26660978953566e-14
2.11947000000000e+01 8.69233870634751e-13 4.12450917713467e-14
2.12205000000000e+01 8.39772208884277e-13 3.98713831066198e-14
2.12463000000000e+01 8.11309115577144e-13 3.85433986834534e-14
2.12721000000000e+01 7.83810745408072e-13 3.72596175751486e-14
2.12979000000000e+01 7.57244400218674e-13 3.60185694093147e-14
2.13237000000000e+01 7.31578490116263e-13 3.48188326887874e-14
2.13495000000000e+01 7.06782495910483e-13 3.36590331682692e-14
2.13753000000000e+01 6.82826932823112e-13 3.25378422848415e-14
2.14011000000000e+01 6.59683315427879e-13 3.14539756405657e-14
2.14269000000000e+01 6.37324123778600e-13 3.04061915354460e-14
2.14527000000000e+01 6.15722770685364e-13 2.93932895490817e-14
2.14785000000000e+01 5.94853570099853e-13 2.84141091693944e-14
2.15043000000000e+01 5.74691706572209e-13 2.74675284668715e-14
2.15301000000000e+01 5.55213205743118e-13 2.65524628128165e-14
2.15559000000000e+01 5.36394905836034e-13 2.56678636401434e-14
2.15817000000000e+01 5.18214430115641e-13 2.48127172453064e-14
2.16075000000000e+01 5.00650160279800e-13 2.39860436300025e-14
2.16333000000000e+01 4.83681210753348e-13 2.31868953813239e-14
2.16591000000000e+01 4.67287403853177e-13 2.24143565890878e-14
2.16849000000000e+01 4.51449245795063e-13 2.16675417991098e-14
2.17107000000000e+01 4.36147903513718e-13 2.09455950012279e-14
2.17365000000000e+01 4.21365182268495e-13 2.02476886509253e-14
2.17623000000000e+01 4.07083504008125e-13 1.95730227234376e-14
2.17881000000000e+01 3.93285886468755e-13 1.89208237992648e-14
2.18139000000000e+01 3.79955922980428e-13 1.82903441800492e-14
2.18397000000000e+01 3.67077762958012e-13 1.76808610338102e-14
2.18655000000000e+01 3.54636093053350e-13 1.70916755685613e-14
2.18913000000000e+01 3.42616118946246e-13 1.65221122333692e-14
2.19171000000000e+01 3.31003547752623e-13 1.59715179459443e-14
2.19429000000000e+01 3.19784571028932e-13 1.54392613458812e-14
2.19687000000000e+01 3.08945848352611e-13 1.49247320726991e-14
2.19945000000000e+01 2.98474491459061e-13 1.44273400678591e-14
2.20203000000000e+01 2.88358048916285e-13 1.39465148999619e-14
2.20461000000000e+01 2.78584491318955e-13 1.34817051123582e-14
2.20719000000000e+01 2.69142196984321e-13 1.30323775924268e-14
2.20977000000000e+01 2.60019938132924e-13 1.25980169618022e-14
2.21235000000000e+01 2.51206867537715e-13 1.21781249868548e-14
2.21493000000000e+01 2.42692505625669e-13 1.17722200087548e-14
2.21751000000000e+01 2.34466728016593e-13 1.13798363924655e-14
2.22009000000000e+01 2.26519753484271e-13 1.10005239940422e-14
2.22267000000000e+01 2.18842132325674e-13 1.06338476456254e-14
2.22525000000000e+01 2.11424735124363e-13 1.02793866575438e-14
2.22783000000000e+01 2.04258741894751e-13 9.93673433695678e-15
2.23041000000000e+01 1.97335631594313e-13 9.60549752248941e-15
2.23299000000000e+01 1.90647171991258e-13 9.28529613432782e-15
2.23557000000000e+01 1.84185409875627e-13 8.97576273926227e-15
2.23815000000000e+01 1.77942661602178e-13 8.67654213018134e-15
2.24073000000000e+01 1.71911503953807e-13 8.38729091953804e-15
2.24331000000000e+01 1.66084765314637e-13 8.10767714632328e-15
2.24589000000000e+01 1.60455517142297e-13 7.83737989609909e-15
2.24847000000000e+01 1.55017065729225e-13 7.57608893365715e-15
2.25105000000000e+01 1.49762944243220e-13 7.32350434788375e-15
2.25363000000000e+01 1.44686905037768e-13 7.07933620842650e-15
2.25621000000000e+01 1.39782912223000e-13 6.84330423376985e-15
2.25879000000000e+01 1.35045134488449e-13 6.61513747034136e-15
2.26137000000000e+01 1.30467938169074e-13 6.39457398228240e-15
2.26395000000000e+01 1.26045880546294e-13 6.18136055152867e-15
2.26653000000000e+01 1.21773703376088e-13 5.97525238785856e-15
2.26911000000000e+01 1.17646326636444e-13 5.77601284857838e-15
2.27169000000000e+01 1.13658842486732e-13 5.58341316752393e-15
2.27427000000000e+01 1.09806509431821e-13 5.39723219306974e-15
2.27685000000000e+01 1.06084746683991e-13 5.21725613484646e-15
2.27943000000000e+01 1.02489128715945e-13 5.04327831887674e-15
2.28201000000000e+01 9.90153799984396e-14 4.87509895085072e-15
2.28459000000000e+01 9.56593699162756e-14 4.71252488727056e-15
2.28717000000000e+01 9.24171078566085e-14 4.55536941420235e-15
2.28975000000000e+01 8.92847384637313e-14 4.40345203338296e-15
2.29233000000000e+01 8.62585370546939e-14 4.25659825543740e-15
2.29491000000000e+01 8.33349051903024e-14 4.11463939997073e-15
2.29749000000000e+01 8.05103663962359e-14 3.97741240230596e-15
2.30007000000000e+01 7.77815620291898e-14 3.84475962664696e-15
2.30265000000000e+01 7.51452472831318e-14 3.71652868545331e-15
2.30523000000000e+01 7.25982873309216e-14 3.59257226482061e-15
2.30781000000000e+01 7.01376535967052e-14 3.47274795566665e-15
2.31039000000000e+01 6.77604201546523e-14 3.35691809053051e-15
2.31297000000000e+01 6.54637602497540e-14 3.24494958579821e-15
2.31555000000000e+01 6.32449429365446e-14 3.13671378917463e-15
2.31813000000000e+01 6.11013298317493e-14 3.03208633222717e-15
2.32071000000000e+01 5.90303719769977e-14 2.93094698783297e-15
2.32329000000000e+01 5.70296068078712e-14 2.83317953236652e-15
2.32587000000000e+01 5.50966552256818e-14 2.73867161246997e-15
2.32845000000000e+01 5.32292187684989e-14 2.64731461625445e-15
2.33103000000000e+01 5.14250768780611e-14 2.55900354878444e-15
2.33361000000000e+01 4.96820842593230e-14 2.47363691170331e-15
2.33619000000000e+01 4.79981683294963e-14 2.39111658686233e-15
2.33877000000000e+01 4.63713267535539e-14 2.31134772382009e-15
2.34135000000000e+01 4.47996250632639e-14 2.23423863108343e-15
2.34393000000000e+01 4.32811943569246e-14 2.15970067096601e-15
2.34651000000000e+01 4.18142290770638e-14 2.08764815794397e-15
2.34909000000000e+01 4.03969848634602e-14 2.01799826039238e-15
2.35167000000000e+01 3.90277764789351e-14 1.95067090559042e-15
2.35425000000000e+01 3.77049758054456e-14 1.88558868788633e-15
2.35683000000000e+01 3.64270099080989e-14 1.82267677991727e-15
2.35941000000000e+01 3.51923591647841e-14 1.76186284678249e-15
2.36199000000000e+01 3.39995554591979e-14 1.70307696307166e-15
2.36457000000000e+01 3.28471804351162e-14 1.64625153265341e-15
2.36715000000000e+01 3.17338638098338e-14 1.59132121113234e-15
2.36973000000000e+01 3.06582817447697e-14 1.53822283088576e-15
2.37231000000000e+01 2.96191552712976e-14 1.48689532859450e-15
2.37489000000000e+01 2.86152487699316e-14 1.43727967518476e-15
2.37747000000000e+01 2.76453685010578e-14 1.38931880810083e-15
2.38005000000000e+01 2.67083611854654e-14 1.34295756583135e-15
2.38263000000000e+01 2.58031126329889e-14 1.29814262461389e-15
2.38521000000000e+01 2.49285464176303e-14 1.25482243724569e-15
2.38779000000000e+01 2.40836225975875e-14 1.21294717393052e-15
2.39037000000000e+01 2.32673364786652e-14 1.17246866509369e-15
2.39295000000000e+01 2.24787174195985e-14 1.13334034610006e-15
2.39553000000000e+01 2.17168276778687e-14 1.09551720381163e-15
2.39811000000000e+01 2.09807612946392e-14 1.05895572492354e-15
2.40069000000000e+01 2.02696430174847e-14 1.02361384601937e-15
2.40327000000000e+01 1.95826272596335e-14 9.89450905288604e-16
2.40585000000000e+01 1.89188970944852e-14 9.56427595850793e-16
2.40843000000000e+01 1.82776632842072e-14 9.24505920633274e-16
2.41101000000000e+01 1.76581633412573e-14 8.93649148750538e-16
2.41359000000000e+01 1.70596606217132e-14 8.63821773335385e-16
2.41617000000000e+01 1.64814434493338e-14 8.34989470773631e-16
2.41875000000000e+01 1.59228242693089e-14 8.07119061295585e-16
2.42133000000000e+01 1.53831388306915e-14 7.80178470879239e-16
2.42391000000000e+01 1.48617453965407e-14 7.54136694421528e-16
2.42649000000000e+01 1.43580239808361e-14 7.28963760135444e-16
2.42907000000000e+01 1.38713756112555e-14 7.04630695132271e-16
2.43165000000000e+01 1.34012216169408e-14 6.81109492149518e-16
2.43423000000000e+01 1.29470029404031e-14 6.58373077386411e-16
2.43681000000000e+01 1.25081794727510e-14 6.36395279410099e-16
2.43939000000000e+01 1.20842294114501e-14 6.15150799096965e-16
2.44197000000000e+01 1.16746486398503e-14 5.94615180574630e-16
2.44455000000000e+01 1.12789501277436e-14 5.74764783131324e-16
2.44713000000000e+01 1.08966633522393e-14 5.55576754060443e-16
2.44971000000000e+01 1.05273337382679e-14 5.37029002409177e-16
2.45229000000000e+01 1.01705221180479e-14 5.19100173601173e-16
2.45487000000000e+01 9.82580420887483e-15 5.01769624904107e-16
2.45745000000000e+01 9.49277010860804e-15 4.85017401714040e-16
2.46003000000000e+01 9.17102380825896e-15 4.68824214629422e-16
2.46261000000000e+01 8.86018272109887e-15 4.53171417288458e-16
2.46519000000000e+01 8.55987722772710e-15 4.38040984944422e-16
2.46777000000000e+01 8.26975023655873e-15 4.23415493754357e-16
2.47035000000000e+01 7.98945675920897e-15 4.09278100757450e-16
2.47293000000000e+01 7.71866350026937e-15 3.95612524520113e-16
2.47551000000000e+01 7.45704846098815e-15 3.82403026425585e-16
2.47809000000000e+01 7.20430055638325e-15 3.69634392586600e-16
2.48067000000000e+01 6.96011924533294e-15 3.57291916360401e-16
2.48325000000000e+01 6.72421417320404e-15 3.45361381446047e-16
2.48583000000000e+01 6.49630482659284e-15 3.33829045544621e-16
2.48841000000000e+01 6.27612019976819e-15 3.22681624563610e-16
2.49099000000000e+01 6.06339847242008e-15 3.11906277347371e-16
2.49357000000000e+01 5.85788669833063e-15 3.01490590916144e-16
2.49615000000000e+01 5.65934050459706e-15 2.91422566196683e-16
2.49873000000000e+01 5.46752380104932e-15 2.81690604228158e-16
2.50131000000000e+01 5.28220849951653e-15 2.72283492827502e-16
2.50389000000000e+01 5.10317424260866e-15 2.63190393698914e-16
2.50647000000000e+01 4.93020814169075e-15 2.54400829972725e-16
2.50905000000000e+01 4.76310452373824e-15 2.45904674159325e-16
2.51163000000000e+01 4.60166468677231e-15 2.37692136504375e-16
2.51421000000000e+01 4.44569666358450e-15 2.29753753731891e-16
2.51679000000000e+01 4.29501499346952e-15 2.22080378162324e-16
2.51937000000000e+01 4.14944050169504e-15 2.14663167193144e-16
2.52195000000000e+01 4.00880008644593e-15 2.07493573129850e-16
2.52453000000000e+01 3.87292651298991e-15 2.00563333355748e-16
2.52711000000000e+01 3.74165821481966e-15 1.93864460829231e-16
2.52969000000000e+01 3.61483910153499e-15 1.87389234897617e-16
2.53227000000000e+01 3.49231837323657e-15 1.81130192417049e-16
2.53485000000000e+01 3.37395034121070e-15 1.75080119168243e-16
2.53743000000000e+01 3.25959425469159e-15 1.69232041558240e-16
2.54001000000000e+01 3.14911413349545e-15 1.63579218598635e-16
2.54259000000000e+01 3.04237860632721e-15 1.58115134151082e-16
2.54517000000000e+01 2.93926075456766e-15 1.52833489431167e-16
2.54775000000000e+01 2.83963796135519e-15 1.47728195762060e-16
2.55033000000000e+01 2.74339176578280e-15 1.42793367569612e-16
2.55291000000000e+01 2.65040772203688e-15 1.38023315610865e-16
2.55549000000000e+01 2.56057526331035e-15 1.33412540428204e-16
2.55807000000000e+01 2.47378757032825e-15 1.28955726021629e-16
2.56065000000000e+01 2.38994144432960e-15 1.24647733731889e-16
2.56323000000000e+01 2.30893718435424e-15 1.20483596327457e-16
2.56581000000000e+01 2.23067846868907e-15 1.16458512288549e-16
2.56839000000000e+01 2.15507224033237e-15 1.12567840281631e-16
2.57097000000000e+01 2.08202859634028e-15 1.08807093818075e-16
2.57355000000000e+01 2.01146068092368e-15 1.05171936090810e-16
2.57613000000000e+01 1.94328458216848e-15 1.01658174983066e-16
2.57871000000000e+01 1.87741923225643e-15 9.99556987853164e-17
