SPECIES: e / A
PROCESS: E + A -> E + A, Elastic
PARAM.:  m/M = 0.0000195921, complete set
COMMENT: [e + A(gnd) -> e + A(gnd), Elastic]
UPDATED: 2018-06-05 11:00:00
COLUMNS: Energy (eV) | Cross section (m2)
-----------------------------
0.00000000e+00 7.595503857953483e-18
1.64736842e-01 4.154118999414778e-18
3.29473684e-01 2.937405714342066e-18
4.94210526e-01 2.398381722557861e-18
6.58947368e-01 2.077059499707389e-18
8.23684211e-01 1.857778493862971e-18
9.88421053e-01 1.695911979894536e-18
1.15315789e+00 1.570109398431425e-18
1.31789474e+00 1.468702857171033e-18
1.48263158e+00 1.384706333138259e-18
1.64736842e+00 1.313647770953037e-18
1.81210526e+00 1.252514005049584e-18
1.97684211e+00 1.199190861278930e-18
2.14157895e+00 1.152145312059165e-18
2.30631579e+00 1.110235002835591e-18
2.47105263e+00 1.072588913526484e-18
2.63578947e+00 1.038529749853694e-18
2.80052632e+00 1.007521847998369e-18
2.96526316e+00 9.791352381140218e-19
3.13000000e+00 9.530202588363852e-19
3.29473684e+00 9.288892469314853e-19
3.45947368e+00 9.065030838415445e-19
3.62421053e+00 8.856611465016825e-19
3.78894737e+00 8.661936890863341e-19
3.95368421e+00 8.479559899472682e-19
4.11842105e+00 8.308237998829557e-19
4.28315789e+00 8.146897630693265e-19
4.44789474e+00 7.994605741859537e-19
4.61263158e+00 7.850546992157125e-19
4.77736842e+00 7.714005324240436e-19
4.94210526e+00 7.584348941800880e-19
5.10684211e+00 7.461017975450552e-19
5.27157895e+00 7.343514285855164e-19
5.43631579e+00 7.231392979791536e-19
5.60105263e+00 7.124255309132490e-19
5.76578947e+00 7.021742694007936e-19
5.93052632e+00 6.923531665691297e-19
6.09526316e+00 6.829329566497336e-19
6.26000000e+00 6.738870876313667e-19
6.42473684e+00 6.651914060629243e-19
6.58947368e+00 6.568238854765187e-19
6.75421053e+00 6.487643914715381e-19
6.91894737e+00 6.409944777508736e-19
7.08368421e+00 6.334972084022638e-19
7.24842105e+00 6.262570025247920e-19
7.41315789e+00 6.192594979543235e-19
7.57789474e+00 6.124914313739389e-19
7.74263158e+00 6.059405325308789e-19
7.90736842e+00 5.995954306394652e-19
8.07210526e+00 5.934455713449683e-19
8.23684211e+00 5.874811428684131e-19
8.40157895e+00 5.816930101562878e-19
8.56631579e+00 5.760726560295825e-19
8.73105263e+00 5.706121284695777e-19
8.89578947e+00 5.653039932981788e-19
9.06052632e+00 5.601412916122768e-19
9.22526316e+00 5.551175014177956e-19
9.39000000e+00 5.502265029823538e-19
9.55473684e+00 5.454625474879544e-19
9.71947368e+00 5.408202286185596e-19
9.88421053e+00 5.362944567632418e-19
1.00489474e+01 5.318804355550320e-19
1.02136842e+01 5.275736404995811e-19
1.03784211e+01 5.233697994771417e-19
1.05431579e+01 5.192648749268472e-19
1.07078947e+01 5.152550475444003e-19
1.08726316e+01 5.113367013435389e-19
1.10373684e+01 5.075064099484741e-19
1.12021053e+01 5.037609239991846e-19
1.13668421e+01 5.000971595643500e-19
1.15315789e+01 4.965121874680109e-19
1.16963158e+01 4.930032234460062e-19
1.18610526e+01 4.895676190570109e-19
1.20257895e+01 4.862028532807478e-19
1.21905263e+01 4.829065247428051e-19
1.23552632e+01 4.796763445115722e-19
1.25200000e+01 4.765101294181926e-19
1.26847368e+01 4.734057958552425e-19
1.28494737e+01 4.703613540141081e-19
1.30142105e+01 4.673749025248488e-19
1.31789474e+01 4.644446234657427e-19
1.33436842e+01 4.615687777127532e-19
1.35084211e+01 4.587457006018885e-19
1.36731579e+01 4.559737978798761e-19
1.38378947e+01 4.532515419207723e-19
1.40026316e+01 4.505774681881129e-19
1.41673684e+01 4.479501719239883e-19
1.43321053e+01 4.453683050480422e-19
1.44968421e+01 4.428305732508413e-19
1.46615789e+01 4.403357332673807e-19
1.48263158e+01 4.378825903176792e-19
1.49910526e+01 4.354699957024940e-19
1.51557895e+01 4.330968445431671e-19
1.53205263e+01 4.307620736555013e-19
1.54852632e+01 4.284646595483722e-19
1.56500000e+01 4.262036165385203e-19
1.58147368e+01 4.239779949736341e-19
1.59794737e+01 4.217868795564502e-19
1.61442105e+01 4.196293877631522e-19
1.63089474e+01 4.175046683498613e-19
1.64736842e+01 4.154118999414778e-19
1.66384211e+01 4.133502896975613e-19
1.68031579e+01 4.113190720503264e-19
1.69678947e+01 4.093175075101939e-19
1.71326316e+01 4.073448815346632e-19
1.72973684e+01 4.054005034565769e-19
1.74621053e+01 4.034837054681278e-19
1.76268421e+01 4.015938416572128e-19
1.77915789e+01 3.997302870929769e-19
1.79563158e+01 3.978924369576063e-19
1.81210526e+01 3.960797057216323e-19
1.82857895e+01 3.942915263601907e-19
1.84505263e+01 3.925273496078562e-19
1.86152632e+01 3.907866432498270e-19
1.87800000e+01 3.890688914473824e-19
1.89447368e+01 3.873735940956722e-19
1.91094737e+01 3.857002662120218e-19
1.92742105e+01 3.840484373530550e-19
1.94389474e+01 3.824176510590425e-19
1.96036842e+01 3.808074643239864e-19
1.97684211e+01 3.792174470900440e-19
1.99331579e+01 3.776471817649799e-19
2.00978947e+01 3.760962627614176e-19
2.02626316e+01 3.745642960567363e-19
2.04273684e+01 3.730508987725276e-19
2.05921053e+01 3.715556987725941e-19
2.07568421e+01 3.700783342785305e-19
2.09215789e+01 3.686184535019857e-19
2.10863158e+01 3.671757142927582e-19
2.12510526e+01 3.657497838019235e-19
2.14157895e+01 3.643403381592423e-19
2.15805263e+01 3.629470621641384e-19
2.17452632e+01 3.615696489895768e-19
2.19100000e+01 3.602077998982117e-19
2.20747368e+01 3.588612239702059e-19
2.22394737e+01 3.575296378421612e-19
2.24042105e+01 3.562127654566245e-19
2.25689474e+01 3.549103378216704e-19
2.27336842e+01 3.536220927800828e-19
2.28984211e+01 3.523477747876853e-19
2.30631579e+01 3.510871347003968e-19
2.32278947e+01 3.498399295696081e-19
2.33926316e+01 3.486059224454976e-19
2.35573684e+01 3.473848821879259e-19
2.37221053e+01 3.461765832845649e-19
2.38868421e+01 3.449808056759384e-19
2.40515789e+01 3.437973345870647e-19
2.42163158e+01 3.426259603654088e-19
2.43810526e+01 3.414664783248668e-19
2.45457895e+01 3.403186885955203e-19
2.47105263e+01 3.391823959789073e-19
2.48752632e+01 3.380574098085743e-19
2.50400000e+01 3.369435438156834e-19
2.52047368e+01 3.358406159994565e-19
2.53694737e+01 3.347484485022564e-19
2.55342105e+01 3.336668674891058e-19
2.56989474e+01 3.325957030314621e-19
2.58636842e+01 3.315347889950696e-19
2.60284211e+01 3.304839629317222e-19
2.61931579e+01 3.294430659747760e-19
2.63578947e+01 3.284119427382594e-19
2.65226316e+01 3.273904412194347e-19
2.66873684e+01 3.263784127046739e-19
2.68521053e+01 3.253757116785142e-19
2.70168421e+01 3.243821957357691e-19
2.71815789e+01 3.233977254965727e-19
2.73463158e+01 3.224221645242446e-19
2.75110526e+01 3.214553792458618e-19
2.76757895e+01 3.204972388754368e-19
2.78405263e+01 3.195476153395983e-19
2.80052632e+01 3.186063832056805e-19
2.81700000e+01 3.176734196121284e-19
2.83347368e+01 3.167486042011319e-19
2.84994737e+01 3.158318190534052e-19
2.86642105e+01 3.149229486250295e-19
2.88289474e+01 3.140218796862850e-19
2.89936842e+01 3.131285012623960e-19
2.91584211e+01 3.122427045761204e-19
2.93231579e+01 3.113643829921156e-19
2.94878947e+01 3.104934319630164e-19
2.96526316e+01 3.096297489771618e-19
2.98173684e+01 3.087732335079140e-19
2.99821053e+01 3.079237869645102e-19
3.01468421e+01 3.070813126443931e-19
3.03115789e+01 3.062457156869695e-19
3.04763158e+01 3.054169030287443e-19
3.06410526e+01 3.045947833597841e-19
3.08057895e+01 3.037792670814615e-19
3.09705263e+01 3.029702662654394e-19
3.11352632e+01 3.021676946138482e-19
3.13000000e+01 3.013714674206187e-19
3.14647368e+01 3.005815015339298e-19
3.16294737e+01 2.997977153197326e-19
3.17942105e+01 2.990200286263164e-19
3.19589474e+01 2.982483627498795e-19
3.21236842e+01 2.974826404010729e-19
3.22884211e+01 2.967227856724842e-19
3.24531579e+01 2.959687240070299e-19
3.26178947e+01 2.952203821672275e-19
3.27826316e+01 2.944776882053171e-19
3.29473684e+01 2.937405714342065e-19
3.31121053e+01 2.930089623992121e-19
3.32768421e+01 2.922827928505695e-19
3.34415789e+01 2.915619957166909e-19
3.36063158e+01 2.908465050781439e-19
3.37710526e+01 2.901362561423288e-19
3.39357895e+01 2.894311852188337e-19
3.41005263e+01 2.887312296954447e-19
3.42652632e+01 2.880363280147912e-19
3.44300000e+01 2.873464196516068e-19
3.45947368e+01 2.866614450905860e-19
3.47594737e+01 2.859813458048195e-19
3.49242105e+01 2.853060642347889e-19
3.50889474e+01 2.846355437679049e-19
3.52536842e+01 2.839697287185718e-19
3.54184211e+01 2.833085643087626e-19
3.55831579e+01 2.826519966490894e-19
3.57478947e+01 2.819999727203539e-19
3.59126316e+01 2.813524403555643e-19
3.60773684e+01 2.807093482224038e-19
3.62421053e+01 2.800706458061384e-19
3.64068421e+01 2.794362833929505e-19
3.65715789e+01 2.788062120536852e-19
3.67363158e+01 2.781803836279992e-19
3.69010526e+01 2.775587507088978e-19
3.70657895e+01 2.769412666276519e-19
3.72305263e+01 2.763278854390809e-19
3.73952632e+01 2.757185619071938e-19
3.75600000e+01 2.751132514911769e-19
3.77247368e+01 2.745119103317172e-19
3.78894737e+01 2.739144952376549e-19
3.80542105e+01 2.733209636729533e-19
3.82189474e+01 2.727312737439772e-19
3.83836842e+01 2.721453841870734e-19
3.85484211e+01 2.715632543564422e-19
3.87131579e+01 2.709848442122936e-19
3.88778947e+01 2.704101143092798e-19
3.90426316e+01 2.698390257851965e-19
3.92073684e+01 2.692715403499451e-19
3.93721053e+01 2.687076202747496e-19
3.95368421e+01 2.681472283816209e-19
3.97015789e+01 2.675903280330619e-19
3.98663158e+01 2.670368831220060e-19
4.00310526e+01 2.664868580619846e-19
4.01957895e+01 2.659402177775160e-19
4.03605263e+01 2.653969276947101e-19
4.05252632e+01 2.648569537320838e-19
4.06900000e+01 2.643202622915807e-19
4.08547368e+01 2.637868202497906e-19
4.10194737e+01 2.632565949493625e-19
4.11842105e+01 2.627295541906075e-19
4.13489474e+01 2.622056662232855e-19
4.15136842e+01 2.616848997385708e-19
4.16784211e+01 2.611672238611940e-19
4.18431579e+01 2.606526081417522e-19
4.20078947e+01 2.601410225491871e-19
4.21726316e+01 2.596324374634236e-19
4.23373684e+01 2.591268236681673e-19
4.25021053e+01 2.586241523438538e-19
4.26668421e+01 2.581243950607500e-19
4.28315789e+01 2.576275237722002e-19
4.29963158e+01 2.571335108080145e-19
4.31610526e+01 2.566423288679977e-19
4.33257895e+01 2.561539510156112e-19
4.34905263e+01 2.556683506717695e-19
4.36552632e+01 2.551855016087638e-19
4.38200000e+01 2.547053779443124e-19
4.39847368e+01 2.542279541357334e-19
4.41494737e+01 2.537532049742371e-19
4.43142105e+01 2.532811055793347e-19
4.44789474e+01 2.528116313933627e-19
4.46436842e+01 2.523447581761161e-19
4.48084211e+01 2.518804619995923e-19
4.49731579e+01 2.514187192428401e-19
4.51378947e+01 2.509595065869116e-19
4.53026316e+01 2.505028010099167e-19
4.54673684e+01 2.500485797821750e-19
4.56321053e+01 2.495968204614641e-19
4.57968421e+01 2.491475008883627e-19
4.59615789e+01 2.487005991816851e-19
4.61263158e+01 2.482560937340055e-19
4.62910526e+01 2.478139632072698e-19
4.64557895e+01 2.473741865284941e-19
4.66205263e+01 2.469367428855449e-19
4.67852632e+01 2.465016117230031e-19
4.69500000e+01 2.460687727381068e-19
4.71147368e+01 2.456382058767723e-19
4.72794737e+01 2.452098913296919e-19
4.74442105e+01 2.447838095285055e-19
4.76089474e+01 2.443599411420458e-19
4.77736842e+01 2.439382670726546e-19
4.79384211e+01 2.435187684525688e-19
4.81031579e+01 2.431014266403739e-19
4.82678947e+01 2.426862232175252e-19
4.84326316e+01 2.422731399849338e-19
4.85973684e+01 2.418621589596153e-19
4.87621053e+01 2.414532623714026e-19
4.89268421e+01 2.410464326597178e-19
4.90915789e+01 2.406416524704054e-19
4.92563158e+01 2.402389046526223e-19
4.94210526e+01 2.398381722557861e-19
4.95857895e+01 2.394394385265783e-19
4.97505263e+01 2.390426869060026e-19
4.99152632e+01 2.386479010264968e-19
5.00800000e+01 2.382550647090963e-19
5.02447368e+01 2.378641619606495e-19
5.04094737e+01 2.374751769710830e-19
5.05742105e+01 2.370880941107157e-19
5.07389474e+01 2.367028979276212e-19
5.09036842e+01 2.363195731450371e-19
5.10684211e+01 2.359381046588199e-19
5.12331579e+01 2.355584775349456e-19
5.13978947e+01 2.351806770070541e-19
5.15626316e+01 2.348046884740364e-19
5.17273684e+01 2.344304974976649e-19
5.18921053e+01 2.340580898002646e-19
5.20568421e+01 2.336874512624244e-19
5.22215789e+01 2.333185679207495e-19
5.23863158e+01 2.329514259656513e-19
5.25510526e+01 2.325860117391761e-19
5.27157895e+01 2.322223117328713e-19
5.28805263e+01 2.318603125856877e-19
5.30452632e+01 2.315000010819181e-19
5.32100000e+01 2.311413641491705e-19
5.33747368e+01 2.307843888563766e-19
5.35394737e+01 2.304290624118330e-19
5.37042105e+01 2.300753721612763e-19
5.38689474e+01 2.297233055859902e-19
5.40336842e+01 2.293728503009443e-19
5.41984211e+01 2.290239940529641e-19
5.43631579e+01 2.286767247189322e-19
5.45278947e+01 2.283310303040180e-19
5.46926316e+01 2.279868989399380e-19
5.48573684e+01 2.276443188832446e-19
5.50221053e+01 2.273032785136422e-19
5.51868421e+01 2.269637663323327e-19
5.53515789e+01 2.266257709603861e-19
5.55163158e+01 2.262892811371394e-19
5.56810526e+01 2.259542857186204e-19
5.58457895e+01 2.256207736759979e-19
5.60105263e+01 2.252887340940565e-19
5.61752632e+01 2.249581561696960e-19
5.63400000e+01 2.246290292104555e-19
5.65047368e+01 2.243013426330607e-19
5.66694737e+01 2.239750859619942e-19
5.68342105e+01 2.236502488280892e-19
5.69989474e+01 2.233268209671455e-19
5.71636842e+01 2.230047922185670e-19
5.73284211e+01 2.226841525240211e-19
5.74931579e+01 2.223648919261193e-19
5.76578947e+01 2.220470005671183e-19
5.78226316e+01 2.217304686876414e-19
5.79873684e+01 2.214152866254206e-19
5.81521053e+01 2.211014448140572e-19
5.83168421e+01 2.207889337818026e-19
5.84815789e+01 2.204777441503576e-19
5.86463158e+01 2.201678666336903e-19
5.88110526e+01 2.198592920368724e-19
5.89757895e+01 2.195520112549328e-19
5.91405263e+01 2.192460152717298e-19
5.93052632e+01 2.189412951588396e-19
5.94700000e+01 2.186378420744620e-19
5.96347368e+01 2.183356472623433e-19
5.97994737e+01 2.180347020507146e-19
5.99642105e+01 2.177349978512470e-19
6.01289474e+01 2.174365261580217e-19
6.02936842e+01 2.171392785465166e-19
6.04584211e+01 2.168432466726074e-19
6.06231579e+01 2.165484222715835e-19
6.07878947e+01 2.162547971571794e-19
6.09526316e+01 2.159623632206193e-19
6.11173684e+01 2.156711124296774e-19
6.12821053e+01 2.153810368277507e-19
6.14468421e+01 2.150921285329460e-19
6.16115789e+01 2.148043797371808e-19
6.17763158e+01 2.145177827052967e-19
6.19410526e+01 2.142323297741861e-19
6.21057895e+01 2.139480133519316e-19
6.22705263e+01 2.136648259169579e-19
6.24352632e+01 2.133827600171961e-19
6.26000000e+01 2.131018082692602e-19
6.27647368e+01 2.128219633576350e-19
6.29294737e+01 2.125432180338764e-19
6.30942105e+01 2.122655651158226e-19
6.32589474e+01 2.119889974868170e-19
6.34236842e+01 2.117135080949421e-19
6.35884211e+01 2.114390899522639e-19
6.37531579e+01 2.111657361340880e-19
6.39178947e+01 2.108934397782251e-19
6.40826316e+01 2.106221940842680e-19
6.42473684e+01 2.103519923128779e-19
6.44121053e+01 2.100828277850811e-19
6.45768421e+01 2.098146938815761e-19
6.47415789e+01 2.095475840420491e-19
6.49063158e+01 2.092814917645006e-19
6.50710526e+01 2.090164106045800e-19
6.52357895e+01 2.087523341749307e-19
6.54005263e+01 2.084892561445430e-19
6.55652632e+01 2.082271702381175e-19
6.57300000e+01 2.079660702354353e-19
6.58947368e+01 2.077059499707389e-19
6.60594737e+01 2.074468033321201e-19
6.62242105e+01 2.071886242609170e-19
6.63889474e+01 2.069314067511192e-19
6.65536842e+01 2.066751448487806e-19
6.67184211e+01 2.064198326514412e-19
6.68831579e+01 2.061654643075553e-19
6.70478947e+01 2.059120340159288e-19
6.72126316e+01 2.056595360251632e-19
6.73773684e+01 2.054079646331076e-19
6.75421053e+01 2.051573141863178e-19
6.77068421e+01 2.049075790795224e-19
6.78715789e+01 2.046587537550970e-19
6.80363158e+01 2.044108327025437e-19
6.82010526e+01 2.041638104579797e-19
6.83657895e+01 2.039176816036305e-19
6.85305263e+01 2.036724407673316e-19
6.86952632e+01 2.034280826220357e-19
6.88600000e+01 2.031846018853266e-19
6.90247368e+01 2.029419933189396e-19
6.91894737e+01 2.027002517282885e-19
6.93542105e+01 2.024593719619980e-19
6.95189474e+01 2.022193489114428e-19
6.96836842e+01 2.019801775102930e-19
6.98484211e+01 2.017418527340639e-19
7.00131579e+01 2.015043695996739e-19
7.01778947e+01 2.012677231650059e-19
7.03426316e+01 2.010319085284759e-19
7.05073684e+01 2.007969208286064e-19
7.06721053e+01 2.005627552436055e-19
7.08368421e+01 2.003294069909511e-19
7.10015789e+01 2.000968713269813e-19
7.11663158e+01 1.998651435464884e-19
7.13310526e+01 1.996342189823201e-19
7.14957895e+01 1.994040930049837e-19
7.16605263e+01 1.991747610222570e-19
7.18252632e+01 1.989462184788032e-19
7.19900000e+01 1.987184608557906e-19
7.21547368e+01 1.984914836705177e-19
7.23194737e+01 1.982652824760424e-19
7.24842105e+01 1.980398528608162e-19
7.26489474e+01 1.978151904483228e-19
7.28136842e+01 1.975912908967211e-19
7.29784211e+01 1.973681498984931e-19
7.31431579e+01 1.971457631800954e-19
7.33078947e+01 1.969241265016157e-19
7.34726316e+01 1.967032356564335e-19
7.36373684e+01 1.964830864708841e-19
7.38021053e+01 1.962636748039281e-19
7.39668421e+01 1.960449965468239e-19
7.41315789e+01 1.958270476228044e-19
7.42963158e+01 1.956098239867580e-19
7.44610526e+01 1.953933216249135e-19
7.46257895e+01 1.951775365545281e-19
7.47905263e+01 1.949624648235797e-19
7.49552632e+01 1.947481025104636e-19
7.51200000e+01 1.945344457236912e-19
7.52847368e+01 1.943214906015942e-19
7.54494737e+01 1.941092333120307e-19
7.56142105e+01 1.938976700520959e-19
7.57789474e+01 1.936867970478361e-19
7.59436842e+01 1.934766105539655e-19
7.61084211e+01 1.932671068535873e-19
7.62731579e+01 1.930582822579172e-19
7.64378947e+01 1.928501331060109e-19
7.66026316e+01 1.926426557644945e-19
7.67673684e+01 1.924358466272978e-19
7.69321053e+01 1.922297021153917e-19
7.70968421e+01 1.920242186765275e-19
7.72615789e+01 1.918193927849798e-19
7.74263158e+01 1.916152209412929e-19
7.75910526e+01 1.914116996720292e-19
7.77557895e+01 1.912088255295212e-19
7.79205263e+01 1.910065950916263e-19
7.80852632e+01 1.908050049614841e-19
7.82500000e+01 1.906040517672770e-19
7.84147368e+01 1.904037321619932e-19
7.85794737e+01 1.902040428231925e-19
7.87442105e+01 1.900049804527752e-19
7.89089474e+01 1.898065417767527e-19
7.90736842e+01 1.896087235450220e-19
7.92384211e+01 1.894115225311416e-19
7.94031579e+01 1.892149355321108e-19
7.95678947e+01 1.890189593681510e-19
7.97326316e+01 1.888235908824900e-19
7.98973684e+01 1.886288269411478e-19
8.00621053e+01 1.884346644327263e-19
8.02268421e+01 1.882411002681997e-19
8.03915789e+01 1.880481313807088e-19
8.05563158e+01 1.878557547253563e-19
8.07210526e+01 1.876639672790054e-19
8.08857895e+01 1.874727660400801e-19
8.10505263e+01 1.872821480283681e-19
8.12152632e+01 1.870921102848255e-19
8.13800000e+01 1.869026498713836e-19
8.15447368e+01 1.867137638707589e-19
8.17094737e+01 1.865254493862638e-19
8.18742105e+01 1.863377035416200e-19
8.20389474e+01 1.861505234807744e-19
8.22036842e+01 1.859639063677163e-19
8.23684211e+01 1.857778493862971e-19
8.25331579e+01 1.855923497400516e-19
8.26978947e+01 1.854074046520216e-19
8.28626316e+01 1.852230113645815e-19
8.30273684e+01 1.850391671392652e-19
8.31921053e+01 1.848558692565956e-19
8.33568421e+01 1.846731150159154e-19
8.35215789e+01 1.844909017352201e-19
8.36863158e+01 1.843092267509929e-19
8.38510526e+01 1.841280874180407e-19
8.40157895e+01 1.839474811093327e-19
8.41805263e+01 1.837674052158404e-19
8.43452632e+01 1.835878571463791e-19
8.45100000e+01 1.834088343274513e-19
8.46747368e+01 1.832303342030919e-19
8.48394737e+01 1.830523542347149e-19
8.50042105e+01 1.828748919009618e-19
8.51689474e+01 1.826979446975514e-19
8.53336842e+01 1.825215101371317e-19
8.54984211e+01 1.823455857491327e-19
8.56631579e+01 1.821701690796212e-19
8.58278947e+01 1.819952576911572e-19
8.59926316e+01 1.818208491626515e-19
8.61573684e+01 1.816469410892249e-19
8.63221053e+01 1.814735310820692e-19
8.64868421e+01 1.813006167683089e-19
8.66515789e+01 1.811281957908654e-19
8.68163158e+01 1.809562658083215e-19
8.69810526e+01 1.807848244947884e-19
8.71457895e+01 1.806138695397730e-19
8.73105263e+01 1.804433986480475e-19
8.74752632e+01 1.802734095395199e-19
8.76400000e+01 1.801038999491058e-19
8.78047368e+01 1.799348676266018e-19
8.79694737e+01 1.797663103365597e-19
8.81342105e+01 1.795982258581629e-19
8.82989474e+01 1.794306119851030e-19
8.84636842e+01 1.792634665254583e-19
8.86284211e+01 1.790967873015735e-19
8.87931579e+01 1.789305721499406e-19
8.89578947e+01 1.787648189210806e-19
8.91226316e+01 1.785995254794273e-19
8.92873684e+01 1.784346897032112e-19
8.94521053e+01 1.782703094843454e-19
8.96168421e+01 1.781063827283122e-19
8.97815789e+01 1.779429073540515e-19
8.99463158e+01 1.777798812938490e-19
9.01110526e+01 1.776173024932269e-19
9.02757895e+01 1.774551689108352e-19
9.04405263e+01 1.772934785183440e-19
9.06052632e+01 1.771322293003365e-19
9.07700000e+01 1.769714192542041e-19
9.09347368e+01 1.768110463900414e-19
9.10994737e+01 1.766511087305434e-19
9.12642105e+01 1.764916043109025e-19
9.14289474e+01 1.763325311787073e-19
9.15936842e+01 1.761738873938426e-19
9.17584211e+01 1.760156710283895e-19
9.19231579e+01 1.758578801665270e-19
9.20878947e+01 1.757005129044353e-19
9.22526316e+01 1.755435673501984e-19
9.24173684e+01 1.753870416237091e-19
9.25821053e+01 1.752309338565741e-19
9.27468421e+01 1.750752421920208e-19
9.29115789e+01 1.749199647848041e-19
9.30763158e+01 1.747650998011145e-19
9.32410526e+01 1.746106454184877e-19
9.34057895e+01 1.744565998257139e-19
9.35705263e+01 1.743029612227488e-19
9.37352632e+01 1.741497278206256e-19
9.39000000e+01 1.739968978413667e-19
9.40647368e+01 1.738444695178982e-19
9.42294737e+01 1.736924410939629e-19
9.43942105e+01 1.735408108240363e-19
9.45589474e+01 1.733895769732415e-19
9.47236842e+01 1.732387378172668e-19
9.48884211e+01 1.730882916422824e-19
9.50531579e+01 1.729382367448589e-19
9.52178947e+01 1.727885714318862e-19
9.53826316e+01 1.726392940204934e-19
9.55473684e+01 1.724904028379692e-19
9.57121053e+01 1.723418962216833e-19
9.58768421e+01 1.721937725190081e-19
9.60415789e+01 1.720460300872420e-19
9.62063158e+01 1.718986672935324e-19
9.63710526e+01 1.717516825148001e-19
9.65357895e+01 1.716050741376642e-19
9.67005263e+01 1.714588405583679e-19
9.68652632e+01 1.713129801827044e-19
9.70300000e+01 1.711674914259441e-19
9.71947368e+01 1.710223727127627e-19
9.73594737e+01 1.708776224771688e-19
9.75242105e+01 1.707332391624334e-19
9.76889474e+01 1.705892212210197e-19
9.78536842e+01 1.704455671145130e-19
9.80184211e+01 1.703022753135519e-19
9.81831579e+01 1.701593442977602e-19
9.83478947e+01 1.700167725556785e-19
9.85126316e+01 1.698745585846977e-19
9.86773684e+01 1.697327008909921e-19
9.88421053e+01 1.695911979894536e-19
9.90068421e+01 1.694500484036267e-19
9.91715789e+01 1.693092506656430e-19
9.93363158e+01 1.691688033161580e-19
9.95010526e+01 1.690287049042872e-19
9.96657895e+01 1.688889539875428e-19
9.98305263e+01 1.687495491317719e-19
9.99952632e+01 1.686104889110944e-19
1.00160000e+02 1.684717719078417e-19
1.00324737e+02 1.683333967124960e-19
1.00489474e+02 1.681953619236305e-19
1.00654211e+02 1.680576661478492e-19
1.00818947e+02 1.679203079997282e-19
1.00983684e+02 1.677832861017573e-19
1.01148421e+02 1.676465990842814e-19
1.01313158e+02 1.675102455854437e-19
1.01477895e+02 1.673742242511282e-19
1.01642632e+02 1.672385337349033e-19
1.01807368e+02 1.671031726979661e-19
1.01972105e+02 1.669681398090866e-19
1.02136842e+02 1.668334337445529e-19
1.02301579e+02 1.666990531881167e-19
1.02466316e+02 1.665649968309391e-19
1.02631053e+02 1.664312633715372e-19
1.02795789e+02 1.662978515157311e-19
1.02960526e+02 1.661647599765911e-19
1.03125263e+02 1.660319874743859e-19
1.03290000e+02 1.658995327365303e-19
1.03454737e+02 1.657673944975348e-19
1.03619474e+02 1.656355714989540e-19
1.03784211e+02 1.655040624893369e-19
1.03948947e+02 1.653728662241767e-19
1.04113684e+02 1.652419814658611e-19
1.04278421e+02 1.651114069836240e-19
1.04443158e+02 1.649811415534960e-19
1.04607895e+02 1.648511839582571e-19
1.04772632e+02 1.647215329873880e-19
1.04937368e+02 1.645921874370236e-19
1.05102105e+02 1.644631461099054e-19
1.05266842e+02 1.643344078153354e-19
1.05431579e+02 1.642059713691297e-19
1.05596316e+02 1.640778355935728e-19
1.05761053e+02 1.639499993173724e-19
1.05925789e+02 1.638224613756142e-19
1.06090526e+02 1.636952206097174e-19
1.06255263e+02 1.635682758673905e-19
1.06420000e+02 1.634416260025876e-19
1.06584737e+02 1.633152698754648e-19
1.06749474e+02 1.631892063523370e-19
1.06914211e+02 1.630634343056354e-19
1.07078947e+02 1.629379526138653e-19
1.07243684e+02 1.628127601615635e-19
1.07408421e+02 1.626878558392571e-19
1.07573158e+02 1.625632385434224e-19
1.07737895e+02 1.624389071764432e-19
1.07902632e+02 1.623148606465711e-19
1.08067368e+02 1.621910978678845e-19
1.08232105e+02 1.620676177602492e-19
1.08396842e+02 1.619444192492785e-19
1.08561579e+02 1.618215012662939e-19
1.08726316e+02 1.616988627482864e-19
1.08891053e+02 1.615765026378777e-19
1.09055789e+02 1.614544198832822e-19
1.09220526e+02 1.613326134382685e-19
1.09385263e+02 1.612110822621223e-19
1.09550000e+02 1.610898253196086e-19
1.09714737e+02 1.609688415809350e-19
1.09879474e+02 1.608481300217150e-19
1.10044211e+02 1.607276896229309e-19
1.10208947e+02 1.606075193708987e-19
1.10373684e+02 1.604876182572315e-19
1.10538421e+02 1.603679852788042e-19
1.10703158e+02 1.602486194377184e-19
1.10867895e+02 1.601295197412671e-19
1.11032632e+02 1.600106852019004e-19
1.11197368e+02 1.598921148371907e-19
1.11362105e+02 1.597738076697992e-19
1.11526842e+02 1.596557627274412e-19
1.11691579e+02 1.595379790428534e-19
1.11856316e+02 1.594204556537601e-19
1.12021053e+02 1.593031916028403e-19
1.12185789e+02 1.591861859376949e-19
1.12350526e+02 1.590694377108144e-19
1.12515263e+02 1.589529459795465e-19
1.12680000e+02 1.588367098060642e-19
1.12844737e+02 1.587207282573340e-19
1.13009474e+02 1.586050004050845e-19
1.13174211e+02 1.584895253257753e-19
1.13338947e+02 1.583743021005660e-19
1.13503684e+02 1.582593298152852e-19
1.13668421e+02 1.581446075604006e-19
1.13833158e+02 1.580301344309881e-19
1.13997895e+02 1.579159095267026e-19
1.14162632e+02 1.578019319517475e-19
1.14327368e+02 1.576882008148457e-19
1.14492105e+02 1.575747152292102e-19
1.14656842e+02 1.574614743125148e-19
1.14821579e+02 1.573484771868657e-19
1.14986316e+02 1.572357229787727e-19
1.15151053e+02 1.571232108191209e-19
1.15315789e+02 1.570109398431425e-19
1.15480526e+02 1.568989091903888e-19
1.15645263e+02 1.567871180047027e-19
1.15810000e+02 1.566755654341912e-19
1.15974737e+02 1.565642506311980e-19
1.16139474e+02 1.564531727522765e-19
1.16304211e+02 1.563423309581630e-19
1.16468947e+02 1.562317244137502e-19
1.16633684e+02 1.561213522880602e-19
1.16798421e+02 1.560112137542191e-19
1.16963158e+02 1.559013079894305e-19
1.17127895e+02 1.557916341749496e-19
1.17292632e+02 1.556821914960578e-19
1.17457368e+02 1.555729791420374e-19
1.17622105e+02 1.554639963061460e-19
1.17786842e+02 1.553552421855916e-19
1.17951579e+02 1.552467159815082e-19
1.18116316e+02 1.551384168989304e-19
1.18281053e+02 1.550303441467695e-19
1.18445789e+02 1.549224969377891e-19
1.18610526e+02 1.548148744885809e-19
1.18775263e+02 1.547074760195408e-19
1.18940000e+02 1.546003007548456e-19
1.19104737e+02 1.544933479224285e-19
1.19269474e+02 1.543866167539570e-19
1.19434211e+02 1.542801064848087e-19
1.19598947e+02 1.541738163540488e-19
1.19763684e+02 1.540677456044070e-19
1.19928421e+02 1.539618934822551e-19
1.20093158e+02 1.538562592375844e-19
1.20257895e+02 1.537508421239833e-19
1.20422632e+02 1.536456413986152e-19
1.20587368e+02 1.535406563221965e-19
1.20752105e+02 1.534358861589751e-19
1.20916842e+02 1.533313301767080e-19
1.21081579e+02 1.532269876466405e-19
1.21246316e+02 1.531228578434847e-19
1.21411053e+02 1.530189400453981e-19
1.21575789e+02 1.529152335339628e-19
1.21740526e+02 1.528117375941646e-19
1.21905263e+02 1.527084515143721e-19
1.22070000e+02 1.526053745863166e-19
1.22234737e+02 1.525025061050712e-19
1.22399474e+02 1.523998453690308e-19
1.22564211e+02 1.522973916798920e-19
1.22728947e+02 1.521951443426332e-19
1.22893684e+02 1.520931026654946e-19
1.23058421e+02 1.519912659599587e-19
1.23223158e+02 1.518896335407308e-19
1.23387895e+02 1.517882047257195e-19
1.23552632e+02 1.516869788360176e-19
1.23717368e+02 1.515859551958830e-19
1.23882105e+02 1.514851331327197e-19
1.24046842e+02 1.513845119770590e-19
1.24211579e+02 1.512840910625408e-19
1.24376316e+02 1.511838697258953e-19
1.24541053e+02 1.510838473069241e-19
1.24705789e+02 1.509840231484825e-19
1.24870526e+02 1.508843965964611e-19
1.25035263e+02 1.507849669997676e-19
1.25200000e+02 1.506857337103093e-19
1.25364737e+02 1.505866960829754e-19
1.25529474e+02 1.504878534756186e-19
1.25694211e+02 1.503892052490389e-19
1.25858947e+02 1.502907507669649e-19
1.26023684e+02 1.501924893960376e-19
1.26188421e+02 1.500944205057928e-19
1.26353158e+02 1.499965434686442e-19
1.26517895e+02 1.498988576598663e-19
1.26682632e+02 1.498013624575783e-19
1.26847368e+02 1.497040572427266e-19
1.27012105e+02 1.496069413990691e-19
1.27176842e+02 1.495100143131582e-19
1.27341579e+02 1.494132753743250e-19
1.27506316e+02 1.493167239746628e-19
1.27671053e+02 1.492203595090110e-19
1.27835789e+02 1.491241813749397e-19
1.28000526e+02 1.490281889727333e-19
1.28165263e+02 1.489323817053750e-19
1.28330000e+02 1.488367589785313e-19
1.28494737e+02 1.487413202005364e-19
1.28659474e+02 1.486460647823769e-19
1.28824211e+02 1.485509921376765e-19
1.28988947e+02 1.484561016826807e-19
1.29153684e+02 1.483613928362421e-19
1.29318421e+02 1.482668650198050e-19
1.29483158e+02 1.481725176573909e-19
1.29647895e+02 1.480783501755837e-19
1.29812632e+02 1.479843620035150e-19
1.29977368e+02 1.478905525728493e-19
1.30142105e+02 1.477969213177703e-19
1.30306842e+02 1.477034676749658e-19
1.30471579e+02 1.476101910836137e-19
1.30636316e+02 1.475170909853683e-19
1.30801053e+02 1.474241668243455e-19
1.30965789e+02 1.473314180471094e-19
1.31130526e+02 1.472388441026585e-19
1.31295263e+02 1.471464444424116e-19
1.31460000e+02 1.470542185201941e-19
1.31624737e+02 1.469621657922252e-19
1.31789474e+02 1.468702857171033e-19
1.31954211e+02 1.467785777557935e-19
1.32118947e+02 1.466870413716142e-19
1.32283684e+02 1.465956760302234e-19
1.32448421e+02 1.465044811996061e-19
1.32613158e+02 1.464134563500611e-19
1.32777895e+02 1.463226009541881e-19
1.32942632e+02 1.462319144868750e-19
1.33107368e+02 1.461413964252847e-19
1.33272105e+02 1.460510462488433e-19
1.33436842e+02 1.459608634392264e-19
1.33601579e+02 1.458708474803476e-19
1.33766316e+02 1.457809978583454e-19
1.33931053e+02 1.456913140615716e-19
1.34095789e+02 1.456017955805783e-19
1.34260526e+02 1.455124419081060e-19
1.34425263e+02 1.454232525390719e-19
1.34590000e+02 1.453342269705576e-19
1.34754737e+02 1.452453647017969e-19
1.34919474e+02 1.451566652341647e-19
1.35084211e+02 1.450681280711644e-19
1.35248947e+02 1.449797527184170e-19
1.35413684e+02 1.448915386836491e-19
1.35578421e+02 1.448034854766813e-19
1.35743158e+02 1.447155926094169e-19
1.35907895e+02 1.446278595958307e-19
1.36072632e+02 1.445402859519576e-19
1.36237368e+02 1.444528711958810e-19
1.36402105e+02 1.443656148477224e-19
1.36566842e+02 1.442785164296296e-19
1.36731579e+02 1.441915754657664e-19
1.36896316e+02 1.441047914823010e-19
1.37061053e+02 1.440181640073956e-19
1.37225789e+02 1.439316925711956e-19
1.37390526e+02 1.438453767058187e-19
1.37555263e+02 1.437592159453444e-19
1.37720000e+02 1.436732098258034e-19
1.37884737e+02 1.435873578851671e-19
1.38049474e+02 1.435016596633372e-19
1.38214211e+02 1.434161147021354e-19
1.38378947e+02 1.433307225452930e-19
1.38543684e+02 1.432454827384406e-19
1.38708421e+02 1.431603948290983e-19
1.38873158e+02 1.430754583666653e-19
1.39037895e+02 1.429906729024097e-19
1.39202632e+02 1.429060379894593e-19
1.39367368e+02 1.428215531827908e-19
1.39532105e+02 1.427372180392205e-19
1.39696842e+02 1.426530321173944e-19
1.39861579e+02 1.425689949777787e-19
1.40026316e+02 1.424851061826498e-19
1.40191053e+02 1.424013652960849e-19
1.40355789e+02 1.423177718839524e-19
1.40520526e+02 1.422343255139029e-19
1.40685263e+02 1.421510257553590e-19
1.40850000e+02 1.420678721795068e-19
1.41014737e+02 1.419848643592859e-19
1.41179474e+02 1.419020018693807e-19
1.41344211e+02 1.418192842862112e-19
1.41508947e+02 1.417367111879235e-19
1.41673684e+02 1.416542821543813e-19
1.41838421e+02 1.415719967671565e-19
1.42003158e+02 1.414898546095205e-19
1.42167895e+02 1.414078552664353e-19
1.42332632e+02 1.413259983245447e-19
1.42497368e+02 1.412442833721654e-19
1.42662105e+02 1.411627099992787e-19
1.42826842e+02 1.410812777975212e-19
1.42991579e+02 1.409999863601770e-19
1.43156316e+02 1.409188352821684e-19
1.43321053e+02 1.408378241600480e-19
1.43485789e+02 1.407569525919901e-19
1.43650526e+02 1.406762201777821e-19
1.43815263e+02 1.405956265188167e-19
1.43980000e+02 1.405151712180830e-19
1.44144737e+02 1.404348538801587e-19
1.44309474e+02 1.403546741112019e-19
1.44474211e+02 1.402746315189428e-19
1.44638947e+02 1.401947257126759e-19
1.44803684e+02 1.401149563032518e-19
1.44968421e+02 1.400353229030692e-19
1.45133158e+02 1.399558251260673e-19
1.45297895e+02 1.398764625877174e-19
1.45462632e+02 1.397972349050157e-19
1.45627368e+02 1.397181416964752e-19
1.45792105e+02 1.396391825821179e-19
1.45956842e+02 1.395603571834675e-19
1.46121579e+02 1.394816651235411e-19
1.46286316e+02 1.394031060268426e-19
1.46451053e+02 1.393246795193544e-19
1.46615789e+02 1.392463852285300e-19
1.46780526e+02 1.391682227832871e-19
1.46945263e+02 1.390901918139996e-19
1.47110000e+02 1.390122919524906e-19
1.47274737e+02 1.389345228320250e-19
1.47439474e+02 1.388568840873021e-19
1.47604211e+02 1.387793753544489e-19
1.47768947e+02 1.387019962710123e-19
1.47933684e+02 1.386247464759525e-19
1.48098421e+02 1.385476256096353e-19
1.48263158e+02 1.384706333138260e-19
1.48427895e+02 1.383937692316814e-19
1.48592632e+02 1.383170330077436e-19
1.48757368e+02 1.382404242879328e-19
1.48922105e+02 1.381639427195404e-19
1.49086842e+02 1.380875879512223e-19
1.49251579e+02 1.380113596329920e-19
1.49416316e+02 1.379352574162140e-19
1.49581053e+02 1.378592809535969e-19
1.49745789e+02 1.377834298991871e-19
1.49910526e+02 1.377077039083617e-19
1.50075263e+02 1.376321026378223e-19
1.50240000e+02 1.375566257455884e-19
1.50404737e+02 1.374812728909908e-19
1.50569474e+02 1.374060437346652e-19
1.50734211e+02 1.373309379385457e-19
1.50898947e+02 1.372559551658586e-19
1.51063684e+02 1.371810950811158e-19
1.51228421e+02 1.371063573501088e-19
1.51393158e+02 1.370317416399022e-19
1.51557895e+02 1.369572476188275e-19
1.51722632e+02 1.368828749564771e-19
1.51887368e+02 1.368086233236978e-19
1.52052105e+02 1.367344923925850e-19
1.52216842e+02 1.366604818364766e-19
1.52381579e+02 1.365865913299467e-19
1.52546316e+02 1.365128205487998e-19
1.52711053e+02 1.364391691700646e-19
1.52875789e+02 1.363656368719886e-19
1.53040526e+02 1.362922233340315e-19
1.53205263e+02 1.362189282368598e-19
1.53370000e+02 1.361457512623407e-19
1.53534737e+02 1.360726920935367e-19
1.53699474e+02 1.359997504146993e-19
1.53864211e+02 1.359269259112635e-19
1.54028947e+02 1.358542182698424e-19
1.54193684e+02 1.357816271782211e-19
1.54358421e+02 1.357091523253511e-19
1.54523158e+02 1.356367934013452e-19
1.54687895e+02 1.355645500974711e-19
1.54852632e+02 1.354924221061468e-19
1.55017368e+02 1.354204091209343e-19
1.55182105e+02 1.353485108365347e-19
1.55346842e+02 1.352767269487824e-19
1.55511579e+02 1.352050571546399e-19
1.55676316e+02 1.351335011521923e-19
1.55841053e+02 1.350620586406421e-19
1.56005789e+02 1.349907293203037e-19
1.56170526e+02 1.349195128925983e-19
1.56335263e+02 1.348484090600485e-19
1.56500000e+02 1.347774175262733e-19
1.56664737e+02 1.347065379959827e-19
1.56829474e+02 1.346357701749725e-19
1.56994211e+02 1.345651137701195e-19
1.57158947e+02 1.344945684893759e-19
1.57323684e+02 1.344241340417649e-19
1.57488421e+02 1.343538101373748e-19
1.57653158e+02 1.342835964873548e-19
1.57817895e+02 1.342134928039096e-19
1.57982632e+02 1.341434988002945e-19
1.58147368e+02 1.340736141908105e-19
1.58312105e+02 1.340038386907993e-19
1.58476842e+02 1.339341720166388e-19
1.58641579e+02 1.338646138857376e-19
1.58806316e+02 1.337951640165309e-19
1.58971053e+02 1.337258221284753e-19
1.59135789e+02 1.336565879420441e-19
1.59300526e+02 1.335874611787224e-19
1.59465263e+02 1.335184415610030e-19
1.59630000e+02 1.334495288123809e-19
1.59794737e+02 1.333807226573493e-19
1.59959474e+02 1.333120228213947e-19
1.60124211e+02 1.332434290309923e-19
1.60288947e+02 1.331749410136013e-19
1.60453684e+02 1.331065584976609e-19
1.60618421e+02 1.330382812125848e-19
1.60783158e+02 1.329701088887580e-19
1.60947895e+02 1.329020412575310e-19
1.61112632e+02 1.328340780512162e-19
1.61277368e+02 1.327662190030834e-19
1.61442105e+02 1.326984638473550e-19
1.61606842e+02 1.326308123192021e-19
1.61771579e+02 1.325632641547397e-19
1.61936316e+02 1.324958190910228e-19
1.62101053e+02 1.324284768660419e-19
1.62265789e+02 1.323612372187186e-19
1.62430526e+02 1.322940998889015e-19
1.62595263e+02 1.322270646173621e-19
1.62760000e+02 1.321601311457904e-19
1.62924737e+02 1.320932992167906e-19
1.63089474e+02 1.320265685738775e-19
1.63254211e+02 1.319599389614715e-19
1.63418947e+02 1.318934101248953e-19
1.63583684e+02 1.318269818103694e-19
1.63748421e+02 1.317606537650081e-19
1.63913158e+02 1.316944257368154e-19
1.64077895e+02 1.316282974746812e-19
1.64242632e+02 1.315622687283771e-19
1.64407368e+02 1.314963392485524e-19
1.64572105e+02 1.314305087867303e-19
1.64736842e+02 1.313647770953037e-19
1.64901579e+02 1.312991439275319e-19
1.65066316e+02 1.312336090375358e-19
1.65231053e+02 1.311681721802949e-19
1.65395789e+02 1.311028331116427e-19
1.65560526e+02 1.310375915882636e-19
1.65725263e+02 1.309724473676886e-19
1.65890000e+02 1.309074002082914e-19
1.66054737e+02 1.308424498692854e-19
1.66219474e+02 1.307775961107190e-19
1.66384211e+02 1.307128386934726e-19
1.66548947e+02 1.306481773792544e-19
1.66713684e+02 1.305836119305970e-19
1.66878421e+02 1.305191421108538e-19
1.67043158e+02 1.304547676841951e-19
1.67207895e+02 1.303904884156047e-19
1.67372632e+02 1.303263040708761e-19
1.67537368e+02 1.302622144166090e-19
1.67702105e+02 1.301982192202060e-19
1.67866842e+02 1.301343182498684e-19
1.68031579e+02 1.300705112745935e-19
1.68196316e+02 1.300067980641704e-19
1.68361053e+02 1.299431783891769e-19
1.68525789e+02 1.298796520209759e-19
1.68690526e+02 1.298162187317118e-19
1.68855263e+02 1.297528782943076e-19
1.69020000e+02 1.296896304824608e-19
1.69184737e+02 1.296264750706405e-19
1.69349474e+02 1.295634118340836e-19
1.69514211e+02 1.295004405487921e-19
1.69678947e+02 1.294375609915289e-19
1.69843684e+02 1.293747729398152e-19
1.70008421e+02 1.293120761719269e-19
1.70173158e+02 1.292494704668911e-19
1.70337895e+02 1.291869556044834e-19
1.70502632e+02 1.291245313652241e-19
1.70667368e+02 1.290621975303750e-19
1.70832105e+02 1.289999538819367e-19
1.70996842e+02 1.289378002026448e-19
1.71161579e+02 1.288757362759670e-19
1.71326316e+02 1.288137618861001e-19
1.71491053e+02 1.287518768179662e-19
1.71655789e+02 1.286900808572104e-19
1.71820526e+02 1.286283737901972e-19
1.71985263e+02 1.285667554040073e-19
1.72150000e+02 1.285052254864348e-19
1.72314737e+02 1.284437838259842e-19
1.72479474e+02 1.283824302118670e-19
1.72644211e+02 1.283211644339988e-19
1.72808947e+02 1.282599862829964e-19
1.72973684e+02 1.281988955501747e-19
1.73138421e+02 1.281378920275437e-19
1.73303158e+02 1.280769755078056e-19
1.73467895e+02 1.280161457843517e-19
1.73632632e+02 1.279554026512595e-19
1.73797368e+02 1.278947459032901e-19
1.73962105e+02 1.278341753358847e-19
1.74126842e+02 1.277736907451622e-19
1.74291579e+02 1.277132919279159e-19
1.74456316e+02 1.276529786816111e-19
1.74621053e+02 1.275927508043819e-19
1.74785789e+02 1.275326080950284e-19
1.74950526e+02 1.274725503530142e-19
1.75115263e+02 1.274125773784629e-19
1.75280000e+02 1.273526889721562e-19
1.75444737e+02 1.272928849355304e-19
1.75609474e+02 1.272331650706739e-19
1.75774211e+02 1.271735291803245e-19
1.75938947e+02 1.271139770678667e-19
1.76103684e+02 1.270545085373288e-19
1.76268421e+02 1.269951233933802e-19
1.76433158e+02 1.269358214413288e-19
1.76597895e+02 1.268766024871185e-19
1.76762632e+02 1.268174663373262e-19
1.76927368e+02 1.267584127991592e-19
1.77092105e+02 1.266994416804528e-19
1.77256842e+02 1.266405527896674e-19
1.77421579e+02 1.265817459358860e-19
1.77586316e+02 1.265230209288118e-19
1.77751053e+02 1.264643775787651e-19
1.77915789e+02 1.264058156966813e-19
1.78080526e+02 1.263473350941080e-19
1.78245263e+02 1.262889355832026e-19
1.78410000e+02 1.262306169767295e-19
1.78574737e+02 1.261723790880580e-19
1.78739474e+02 1.261142217311595e-19
1.78904211e+02 1.260561447206051e-19
1.79068947e+02 1.259981478715630e-19
1.79233684e+02 1.259402309997962e-19
1.79398421e+02 1.258823939216599e-19
1.79563158e+02 1.258246364540994e-19
1.79727895e+02 1.257669584146469e-19
1.79892632e+02 1.257093596214200e-19
1.80057368e+02 1.256518398931187e-19
1.80222105e+02 1.255943990490230e-19
1.80386842e+02 1.255370369089909e-19
1.80551579e+02 1.254797532934558e-19
1.80716316e+02 1.254225480234240e-19
1.80881053e+02 1.253654209204725e-19
1.81045789e+02 1.253083718067468e-19
1.81210526e+02 1.252514005049584e-19
1.81375263e+02 1.251945068383823e-19
1.81540000e+02 1.251376906308552e-19
1.81704737e+02 1.250809517067728e-19
1.81869474e+02 1.250242898910875e-19
1.82034211e+02 1.249677050093066e-19
1.82198947e+02 1.249111968874894e-19
1.82363684e+02 1.248547653522454e-19
1.82528421e+02 1.247984102307321e-19
1.82693158e+02 1.247421313506522e-19
1.82857895e+02 1.246859285402523e-19
1.83022632e+02 1.246298016283198e-19
1.83187368e+02 1.245737504441814e-19
1.83352105e+02 1.245177748177003e-19
1.83516842e+02 1.244618745792747e-19
1.83681579e+02 1.244060495598352e-19
1.83846316e+02 1.243502995908425e-19
1.84011053e+02 1.242946245042860e-19
1.84175789e+02 1.242390241326807e-19
1.84340526e+02 1.241834983090659e-19
1.84505263e+02 1.241280468670027e-19
1.84670000e+02 1.240726696405719e-19
1.84834737e+02 1.240173664643719e-19
1.84999474e+02 1.239621371735171e-19
1.85164211e+02 1.239069816036349e-19
1.85328947e+02 1.238518995908647e-19
1.85493684e+02 1.237968909718551e-19
1.85658421e+02 1.237419555837620e-19
1.85823158e+02 1.236870932642470e-19
1.85987895e+02 1.236323038514749e-19
1.86152632e+02 1.235775871841118e-19
1.86317368e+02 1.235229431013234e-19
1.86482105e+02 1.234683714427725e-19
1.86646842e+02 1.234138720486174e-19
1.86811579e+02 1.233594447595101e-19
1.86976316e+02 1.233050894165939e-19
1.87141053e+02 1.232508058615015e-19
1.87305789e+02 1.231965939363535e-19
1.87470526e+02 1.231424534837559e-19
1.87635263e+02 1.230883843467986e-19
1.87800000e+02 1.230343863690534e-19
1.87964737e+02 1.229804593945719e-19
1.88129474e+02 1.229266032678839e-19
1.88294211e+02 1.228728178339952e-19
1.88458947e+02 1.228191029383861e-19
1.88623684e+02 1.227654584270093e-19
1.88788421e+02 1.227118841462879e-19
1.88953158e+02 1.226583799431138e-19
1.89117895e+02 1.226049456648460e-19
1.89282632e+02 1.225515811593082e-19
1.89447368e+02 1.224982862747878e-19
1.89612105e+02 1.224450608600332e-19
1.89776842e+02 1.223919047642527e-19
1.89941579e+02 1.223388178371124e-19
1.90106316e+02 1.222857999287343e-19
1.90271053e+02 1.222328508896948e-19
1.90435789e+02 1.221799705710229e-19
1.90600526e+02 1.221271588241981e-19
1.90765263e+02 1.220744155011491e-19
1.90930000e+02 1.220217404542517e-19
1.91094737e+02 1.219691335363273e-19
1.91259474e+02 1.219165946006412e-19
1.91424211e+02 1.218641235009005e-19
1.91588947e+02 1.218117200912528e-19
1.91753684e+02 1.217593842262844e-19
1.91918421e+02 1.217071157610185e-19
1.92083158e+02 1.216549145509136e-19
1.92247895e+02 1.216027804518618e-19
1.92412632e+02 1.215507133201869e-19
1.92577368e+02 1.214987130126434e-19
1.92742105e+02 1.214467793864141e-19
1.92906842e+02 1.213949122991088e-19
1.93071579e+02 1.213431116087626e-19
1.93236316e+02 1.212913771738344e-19
1.93401053e+02 1.212397088532050e-19
1.93565789e+02 1.211881065061758e-19
1.93730526e+02 1.211365699924669e-19
1.93895263e+02 1.210850991722157e-19
1.94060000e+02 1.210336939059753e-19
1.94224737e+02 1.209823540547128e-19
1.94389474e+02 1.209310794798077e-19
1.94554211e+02 1.208798700430504e-19
1.94718947e+02 1.208287256066409e-19
1.94883684e+02 1.207776460331865e-19
1.95048421e+02 1.207266311857013e-19
1.95213158e+02 1.206756809276036e-19
1.95377895e+02 1.206247951227151e-19
1.95542632e+02 1.205739736352591e-19
1.95707368e+02 1.205232163298589e-19
1.95872105e+02 1.204725230715365e-19
1.96036842e+02 1.204218937257109e-19
1.96201579e+02 1.203713281581968e-19
1.96366316e+02 1.203208262352027e-19
1.96531053e+02 1.202703878233300e-19
1.96695789e+02 1.202200127895712e-19
1.96860526e+02 1.201697010013081e-19
1.97025263e+02 1.201194523263112e-19
1.97190000e+02 1.200692666327372e-19
1.97354737e+02 1.200191437891284e-19
1.97519474e+02 1.199690836644109e-19
1.97684211e+02 1.199190861278930e-19
1.97848947e+02 1.198691510492642e-19
1.98013684e+02 1.198192782985931e-19
1.98178421e+02 1.197694677463269e-19
1.98343158e+02 1.197197192632892e-19
1.98507895e+02 1.196700327206788e-19
1.98672632e+02 1.196204079900687e-19
1.98837368e+02 1.195708449434040e-19
1.99002105e+02 1.195213434530013e-19
1.99166842e+02 1.194719033915466e-19
1.99331579e+02 1.194225246320943e-19
1.99496316e+02 1.193732070480659e-19
1.99661053e+02 1.193239505132484e-19
1.99825789e+02 1.192747549017930e-19
1.99990526e+02 1.192256200882140e-19
2.00155263e+02 1.191765459473871e-19
2.00320000e+02 1.191275323545481e-19
2.00484737e+02 1.190785791852920e-19
2.00649474e+02 1.190296863155712e-19
2.00814211e+02 1.189808536216943e-19
2.00978947e+02 1.189320809803247e-19
2.01143684e+02 1.188833682684798e-19
2.01308421e+02 1.188347153635290e-19
2.01473158e+02 1.187861221431929e-19
2.01637895e+02 1.187375884855415e-19
2.01802632e+02 1.186891142689937e-19
2.01967368e+02 1.186406993723152e-19
2.02132105e+02 1.185923436746178e-19
2.02296842e+02 1.185440470553579e-19
2.02461579e+02 1.184958093943351e-19
2.02626316e+02 1.184476305716912e-19
2.02791053e+02 1.183995104679090e-19
2.02955789e+02 1.183514489638106e-19
2.03120526e+02 1.183034459405568e-19
2.03285263e+02 1.182555012796453e-19
2.03450000e+02 1.182076148629098e-19
2.03614737e+02 1.181597865725186e-19
2.03779474e+02 1.181120162909735e-19
2.03944211e+02 1.180643039011087e-19
2.04108947e+02 1.180166492860892e-19
2.04273684e+02 1.179690523294100e-19
2.04438421e+02 1.179215129148946e-19
2.04603158e+02 1.178740309266943e-19
2.04767895e+02 1.178266062492862e-19
2.04932632e+02 1.177792387674728e-19
2.05097368e+02 1.177319283663804e-19
2.05262105e+02 1.176846749314582e-19
2.05426842e+02 1.176374783484767e-19
2.05591579e+02 1.175903385035270e-19
2.05756316e+02 1.175432552830195e-19
2.05921053e+02 1.174962285736826e-19
2.06085789e+02 1.174492582625617e-19
2.06250526e+02 1.174023442370182e-19
2.06415263e+02 1.173554863847278e-19
2.06580000e+02 1.173086845936802e-19
2.06744737e+02 1.172619387521774e-19
2.06909474e+02 1.172152487488325e-19
2.07074211e+02 1.171686144725690e-19
2.07238947e+02 1.171220358126196e-19
2.07403684e+02 1.170755126585249e-19
2.07568421e+02 1.170290449001323e-19
2.07733158e+02 1.169826324275950e-19
2.07897895e+02 1.169362751313711e-19
2.08062632e+02 1.168899729022221e-19
2.08227368e+02 1.168437256312122e-19
2.08392105e+02 1.167975332097070e-19
2.08556842e+02 1.167513955293724e-19
2.08721579e+02 1.167053124821738e-19
2.08886316e+02 1.166592839603748e-19
2.09051053e+02 1.166133098565360e-19
2.09215789e+02 1.165673900635146e-19
2.09380526e+02 1.165215244744624e-19
2.09545263e+02 1.164757129828257e-19
2.09710000e+02 1.164299554823433e-19
2.09874737e+02 1.163842518670466e-19
2.10039474e+02 1.163386020312576e-19
2.10204211e+02 1.162930058695881e-19
2.10368947e+02 1.162474632769390e-19
2.10533684e+02 1.162019741484992e-19
2.10698421e+02 1.161565383797443e-19
2.10863158e+02 1.161111558664357e-19
2.11027895e+02 1.160658265046198e-19
2.11192632e+02 1.160205501906268e-19
2.11357368e+02 1.159753268210699e-19
2.11522105e+02 1.159301562928439e-19
2.11686842e+02 1.158850385031247e-19
2.11851579e+02 1.158399733493680e-19
2.12016316e+02 1.157949607293086e-19
2.12181053e+02 1.157500005409590e-19
2.12345789e+02 1.157050926826089e-19
2.12510526e+02 1.156602370528237e-19
2.12675263e+02 1.156154335504443e-19
2.12840000e+02 1.155706820745853e-19
2.13004737e+02 1.155259825246345e-19
2.13169474e+02 1.154813348002522e-19
2.13334211e+02 1.154367388013696e-19
2.13498947e+02 1.153921944281883e-19
2.13663684e+02 1.153477015811793e-19
2.13828421e+02 1.153032601610819e-19
2.13993158e+02 1.152588700689032e-19
2.14157895e+02 1.152145312059165e-19
2.14322632e+02 1.151702434736610e-19
2.14487368e+02 1.151260067739405e-19
2.14652105e+02 1.150818210088227e-19
2.14816842e+02 1.150376860806382e-19
2.14981579e+02 1.149936018919795e-19
2.15146316e+02 1.149495683457003e-19
2.15311053e+02 1.149055853449144e-19
2.15475789e+02 1.148616527929951e-19
2.15640526e+02 1.148177705935739e-19
2.15805263e+02 1.147739386505399e-19
2.15970000e+02 1.147301568680388e-19
2.16134737e+02 1.146864251504721e-19
2.16299474e+02 1.146427434024963e-19
2.16464211e+02 1.145991115290216e-19
2.16628947e+02 1.145555294352116e-19
2.16793684e+02 1.145119970264821e-19
2.16958421e+02 1.144685142085002e-19
2.17123158e+02 1.144250808871839e-19
2.17287895e+02 1.143816969687004e-19
2.17452632e+02 1.143383623594661e-19
2.17617368e+02 1.142950769661453e-19
2.17782105e+02 1.142518406956494e-19
2.17946842e+02 1.142086534551363e-19
2.18111579e+02 1.141655151520090e-19
2.18276316e+02 1.141224256939155e-19
2.18441053e+02 1.140793849887476e-19
2.18605789e+02 1.140363929446398e-19
2.18770526e+02 1.139934494699690e-19
2.18935263e+02 1.139505544733534e-19
2.19100000e+02 1.139077078636517e-19
2.19264737e+02 1.138649095499622e-19
2.19429474e+02 1.138221594416223e-19
2.19594211e+02 1.137794574482074e-19
2.19758947e+02 1.137368034795301e-19
2.19923684e+02 1.136941974456398e-19
2.20088421e+02 1.136516392568211e-19
2.20253158e+02 1.136091288235940e-19
2.20417895e+02 1.135666660567123e-19
2.20582632e+02 1.135242508671631e-19
2.20747368e+02 1.134818831661664e-19
2.20912105e+02 1.134395628651735e-19
2.21076842e+02 1.133972898758669e-19
2.21241579e+02 1.133550641101594e-19
2.21406316e+02 1.133128854801931e-19
2.21571053e+02 1.132707538983388e-19
2.21735789e+02 1.132286692771951e-19
2.21900526e+02 1.131866315295880e-19
2.22065263e+02 1.131446405685697e-19
2.22230000e+02 1.131026963074180e-19
2.22394737e+02 1.130607986596358e-19
2.22559474e+02 1.130189475389497e-19
2.22724211e+02 1.129771428593102e-19
2.22888947e+02 1.129353845348901e-19
2.23053684e+02 1.128936724800841e-19
2.23218421e+02 1.128520066095083e-19
2.23383158e+02 1.128103868379990e-19
2.23547895e+02 1.127688130806122e-19
2.23712632e+02 1.127272852526230e-19
2.23877368e+02 1.126858032695248e-19
2.24042105e+02 1.126443670470282e-19
2.24206842e+02 1.126029765010610e-19
2.24371579e+02 1.125616315477667e-19
2.24536316e+02 1.125203321035044e-19
2.24701053e+02 1.124790780848480e-19
2.24865789e+02 1.124378694085850e-19
2.25030526e+02 1.123967059917163e-19
2.25195263e+02 1.123555877514555e-19
2.25360000e+02 1.123145146052278e-19
2.25524737e+02 1.122734864706697e-19
2.25689474e+02 1.122325032656281e-19
2.25854211e+02 1.121915649081598e-19
2.26018947e+02 1.121506713165303e-19
2.26183684e+02 1.121098224092141e-19
2.26348421e+02 1.120690181048928e-19
2.26513158e+02 1.120282583224554e-19
2.26677895e+02 1.119875429809971e-19
2.26842632e+02 1.119468719998188e-19
2.27007368e+02 1.119062452984266e-19
2.27172105e+02 1.118656627965305e-19
2.27336842e+02 1.118251244140446e-19
2.27501579e+02 1.117846300710858e-19
2.27666316e+02 1.117441796879734e-19
2.27831053e+02 1.117037731852284e-19
2.27995789e+02 1.116634104835727e-19
2.28160526e+02 1.116230915039288e-19
2.28325263e+02 1.115828161674188e-19
2.28490000e+02 1.115425843953638e-19
2.28654737e+02 1.115023961092835e-19
2.28819474e+02 1.114622512308952e-19
2.28984211e+02 1.114221496821136e-19
2.29148947e+02 1.113820913850498e-19
2.29313684e+02 1.113420762620106e-19
2.29478421e+02 1.113021042354982e-19
2.29643158e+02 1.112621752282095e-19
2.29807895e+02 1.112222891630353e-19
2.29972632e+02 1.111824459630597e-19
2.30137368e+02 1.111426455515596e-19
2.30302105e+02 1.111028878520040e-19
2.30466842e+02 1.110631727880533e-19
2.30631579e+02 1.110235002835591e-19
2.30796316e+02 1.109838702625630e-19
2.30961053e+02 1.109442826492962e-19
2.31125789e+02 1.109047373681792e-19
2.31290526e+02 1.108652343438207e-19
2.31455263e+02 1.108257735010174e-19
2.31620000e+02 1.107863547647533e-19
2.31784737e+02 1.107469780601987e-19
2.31949474e+02 1.107076433127103e-19
2.32114211e+02 1.106683504478302e-19
2.32278947e+02 1.106290993912851e-19
2.32443684e+02 1.105898900689863e-19
2.32608421e+02 1.105507224070286e-19
2.32773158e+02 1.105115963316899e-19
2.32937895e+02 1.104725117694306e-19
2.33102632e+02 1.104334686468932e-19
2.33267368e+02 1.103944668909013e-19
2.33432105e+02 1.103555064284594e-19
2.33596842e+02 1.103165871867523e-19
2.33761579e+02 1.102777090931443e-19
2.33926316e+02 1.102388720751788e-19
2.34091053e+02 1.102000760605776e-19
2.34255789e+02 1.101613209772407e-19
2.34420526e+02 1.101226067532452e-19
2.34585263e+02 1.100839333168452e-19
2.34750000e+02 1.100453005964708e-19
2.34914737e+02 1.100067085207280e-19
2.35079474e+02 1.099681570183979e-19
2.35244211e+02 1.099296460184362e-19
2.35408947e+02 1.098911754499726e-19
2.35573684e+02 1.098527452423102e-19
2.35738421e+02 1.098143553249253e-19
2.35903158e+02 1.097760056274664e-19
2.36067895e+02 1.097376960797538e-19
2.36232632e+02 1.096994266117794e-19
2.36397368e+02 1.096611971537055e-19
2.36562105e+02 1.096230076358649e-19
2.36726842e+02 1.095848579887601e-19
2.36891579e+02 1.095467481430628e-19
2.37056316e+02 1.095086780296132e-19
2.37221053e+02 1.094706475794198e-19
2.37385789e+02 1.094326567236585e-19
2.37550526e+02 1.093947053936725e-19
2.37715263e+02 1.093567935209715e-19
2.37880000e+02 1.093189210372310e-19
2.38044737e+02 1.092810878742924e-19
2.38209474e+02 1.092432939641618e-19
2.38374211e+02 1.092055392390100e-19
2.38538947e+02 1.091678236311717e-19
2.38703684e+02 1.091301470731449e-19
2.38868421e+02 1.090925094975909e-19
2.39033158e+02 1.090549108373332e-19
2.39197895e+02 1.090173510253573e-19
2.39362632e+02 1.089798299948103e-19
2.39527368e+02 1.089423476790001e-19
2.39692105e+02 1.089049040113950e-19
2.39856842e+02 1.088674989256235e-19
2.40021579e+02 1.088301323554733e-19
2.40186316e+02 1.087928042348913e-19
2.40351053e+02 1.087555144979827e-19
2.40515789e+02 1.087182630790109e-19
2.40680526e+02 1.086810499123964e-19
2.40845263e+02 1.086438749327173e-19
2.41010000e+02 1.086067380747078e-19
2.41174737e+02 1.085696392732583e-19
2.41339474e+02 1.085325784634148e-19
2.41504211e+02 1.084955555803784e-19
2.41668947e+02 1.084585705595047e-19
2.41833684e+02 1.084216233363037e-19
2.41998421e+02 1.083847138464389e-19
2.42163158e+02 1.083478420257269e-19
2.42327895e+02 1.083110078101373e-19
2.42492632e+02 1.082742111357918e-19
2.42657368e+02 1.082374519389640e-19
2.42822105e+02 1.082007301560788e-19
2.42986842e+02 1.081640457237119e-19
2.43151579e+02 1.081273985785897e-19
2.43316316e+02 1.080907886575882e-19
2.43481053e+02 1.080542158977331e-19
2.43645789e+02 1.080176802361991e-19
2.43810526e+02 1.079811816103097e-19
2.43975263e+02 1.079447199575361e-19
2.44140000e+02 1.079082952154977e-19
2.44304737e+02 1.078719073219608e-19
2.44469474e+02 1.078355562148387e-19
2.44634211e+02 1.077992418321909e-19
2.44798947e+02 1.077629641122229e-19
2.44963684e+02 1.077267229932857e-19
2.45128421e+02 1.076905184138753e-19
2.45293158e+02 1.076543503126323e-19
2.45457895e+02 1.076182186283414e-19
2.45622632e+02 1.075821232999310e-19
2.45787368e+02 1.075460642664730e-19
2.45952105e+02 1.075100414671819e-19
2.46116842e+02 1.074740548414149e-19
2.46281579e+02 1.074381043286708e-19
2.46446316e+02 1.074021898685904e-19
2.46611053e+02 1.073663114009554e-19
2.46775789e+02 1.073304688656882e-19
2.46940526e+02 1.072946622028516e-19
2.47105263e+02 1.072588913526484e-19
2.47270000e+02 1.072231562554205e-19
2.47434737e+02 1.071874568516491e-19
2.47599474e+02 1.071517930819539e-19
2.47764211e+02 1.071161648870931e-19
2.47928947e+02 1.070805722079622e-19
2.48093684e+02 1.070450149855945e-19
2.48258421e+02 1.070094931611602e-19
2.48423158e+02 1.069740066759658e-19
2.48587895e+02 1.069385554714543e-19
2.48752632e+02 1.069031394892041e-19
2.48917368e+02 1.068677586709294e-19
2.49082105e+02 1.068324129584789e-19
2.49246842e+02 1.067971022938362e-19
2.49411579e+02 1.067618266191187e-19
2.49576316e+02 1.067265858765777e-19
2.49741053e+02 1.066913800085981e-19
2.49905789e+02 1.066562089576972e-19
2.50070526e+02 1.066210726665255e-19
2.50235263e+02 1.065859710778650e-19
2.50400000e+02 1.065509041346301e-19
2.50564737e+02 1.065158717798661e-19
2.50729474e+02 1.064808739567496e-19
2.50894211e+02 1.064459106085876e-19
2.51058947e+02 1.064109816788175e-19
2.51223684e+02 1.063760871110064e-19
2.51388421e+02 1.063412268488509e-19
2.51553158e+02 1.063064008361767e-19
2.51717895e+02 1.062716090169382e-19
2.51882632e+02 1.062368513352180e-19
2.52047368e+02 1.062021277352268e-19
2.52212105e+02 1.061674381613028e-19
2.52376842e+02 1.061327825579113e-19
2.52541579e+02 1.060981608696445e-19
2.52706316e+02 1.060635730412210e-19
2.52871053e+02 1.060290190174856e-19
2.53035789e+02 1.059944987434085e-19
2.53200526e+02 1.059600121640856e-19
2.53365263e+02 1.059255592247375e-19
2.53530000e+02 1.058911398707095e-19
2.53694737e+02 1.058567540474710e-19
2.53859474e+02 1.058224017006157e-19
2.54024211e+02 1.057880827758602e-19
2.54188947e+02 1.057537972190447e-19
2.54353684e+02 1.057195449761320e-19
2.54518421e+02 1.056853259932074e-19
2.54683158e+02 1.056511402164782e-19
2.54847895e+02 1.056169875922736e-19
2.55012632e+02 1.055828680670440e-19
2.55177368e+02 1.055487815873608e-19
2.55342105e+02 1.055147280999162e-19
2.55506842e+02 1.054807075515227e-19
2.55671579e+02 1.054467198891125e-19
2.55836316e+02 1.054127650597379e-19
2.56001053e+02 1.053788430105700e-19
2.56165789e+02 1.053449536888991e-19
2.56330526e+02 1.053110970421340e-19
2.56495263e+02 1.052772730178017e-19
2.56660000e+02 1.052434815635473e-19
2.56824737e+02 1.052097226271331e-19
2.56989474e+02 1.051759961564389e-19
2.57154211e+02 1.051423020994614e-19
2.57318947e+02 1.051086404043136e-19
2.57483684e+02 1.050750110192249e-19
2.57648421e+02 1.050414138925406e-19
2.57813158e+02 1.050078489727213e-19
2.57977895e+02 1.049743162083432e-19
2.58142632e+02 1.049408155480969e-19
2.58307368e+02 1.049073469407881e-19
2.58472105e+02 1.048739103353361e-19
2.58636842e+02 1.048405056807746e-19
2.58801579e+02 1.048071329262507e-19
2.58966316e+02 1.047737920210246e-19
2.59131053e+02 1.047404829144696e-19
2.59295789e+02 1.047072055560714e-19
2.59460526e+02 1.046739598954283e-19
2.59625263e+02 1.046407458822503e-19
2.59790000e+02 1.046075634663590e-19
2.59954737e+02 1.045744125976874e-19
2.60119474e+02 1.045412932262795e-19
2.60284211e+02 1.045082053022900e-19
2.60448947e+02 1.044751487759839e-19
2.60613684e+02 1.044421235977363e-19
2.60778421e+02 1.044091297180320e-19
2.60943158e+02 1.043761670874653e-19
2.61107895e+02 1.043432356567395e-19
2.61272632e+02 1.043103353766668e-19
2.61437368e+02 1.042774661981679e-19
2.61602105e+02 1.042446280722715e-19
2.61766842e+02 1.042118209501145e-19
2.61931579e+02 1.041790447829412e-19
2.62096316e+02 1.041462995221031e-19
2.62261053e+02 1.041135851190587e-19
2.62425789e+02 1.040809015253735e-19
2.62590526e+02 1.040482486927188e-19
2.62755263e+02 1.040156265728724e-19
2.62920000e+02 1.039830351177177e-19
2.63084737e+02 1.039504742792436e-19
2.63249474e+02 1.039179440095441e-19
2.63414211e+02 1.038854442608182e-19
2.63578947e+02 1.038529749853695e-19
2.63743684e+02 1.038205361356056e-19
2.63908421e+02 1.037881276640386e-19
2.64073158e+02 1.037557495232837e-19
2.64237895e+02 1.037234016660600e-19
2.64402632e+02 1.036910840451896e-19
2.64567368e+02 1.036587966135972e-19
2.64732105e+02 1.036265393243102e-19
2.64896842e+02 1.035943121304585e-19
2.65061579e+02 1.035621149852735e-19
2.65226316e+02 1.035299478420887e-19
2.65391053e+02 1.034978106543388e-19
2.65555789e+02 1.034657033755596e-19
2.65720526e+02 1.034336259593878e-19
2.65885263e+02 1.034015783595606e-19
2.66050000e+02 1.033695605299156e-19
2.66214737e+02 1.033375724243903e-19
2.66379474e+02 1.033056139970219e-19
2.66544211e+02 1.032736852019472e-19
2.66708947e+02 1.032417859934018e-19
2.66873684e+02 1.032099163257206e-19
2.67038421e+02 1.031780761533369e-19
2.67203158e+02 1.031462654307824e-19
2.67367895e+02 1.031144841126868e-19
2.67532632e+02 1.030827321537776e-19
2.67697368e+02 1.030510095088800e-19
2.67862105e+02 1.030193161329163e-19
2.68026842e+02 1.029876519809058e-19
2.68191579e+02 1.029560170079644e-19
2.68356316e+02 1.029244111693047e-19
2.68521053e+02 1.028928344202353e-19
2.68685789e+02 1.028612867161609e-19
2.68850526e+02 1.028297680125816e-19
2.69015263e+02 1.027982782650931e-19
2.69180000e+02 1.027668174293861e-19
2.69344737e+02 1.027353854612463e-19
2.69509474e+02 1.027039823165538e-19
2.69674211e+02 1.026726079512833e-19
2.69838947e+02 1.026412623215034e-19
2.70003684e+02 1.026099453833766e-19
2.70168421e+02 1.025786570931589e-19
2.70333158e+02 1.025473974071997e-19
2.70497895e+02 1.025161662819415e-19
2.70662632e+02 1.024849636739194e-19
2.70827368e+02 1.024537895397612e-19
2.70992105e+02 1.024226438361871e-19
2.71156842e+02 1.023915265200091e-19
2.71321579e+02 1.023604375481310e-19
2.71486316e+02 1.023293768775485e-19
2.71651053e+02 1.022983444653481e-19
2.71815789e+02 1.022673402687078e-19
2.71980526e+02 1.022363642448960e-19
2.72145263e+02 1.022054163512719e-19
2.72310000e+02 1.021744965452848e-19
2.72474737e+02 1.021436047844744e-19
2.72639474e+02 1.021127410264697e-19
2.72804211e+02 1.020819052289898e-19
2.72968947e+02 1.020510973498428e-19
2.73133684e+02 1.020203173469258e-19
2.73298421e+02 1.019895651782251e-19
2.73463158e+02 1.019588408018152e-19
2.73627895e+02 1.019281441758593e-19
2.73792632e+02 1.018974752586085e-19
2.73957368e+02 1.018668340084017e-19
2.74122105e+02 1.018362203836658e-19
2.74286842e+02 1.018056343429148e-19
2.74451579e+02 1.017750758447499e-19
2.74616316e+02 1.017445448478593e-19
2.74781053e+02 1.017140413110179e-19
2.74945789e+02 1.016835651930870e-19
2.75110526e+02 1.016531164530143e-19
2.75275263e+02 1.016226950498333e-19
2.75440000e+02 1.015923009426633e-19
2.75604737e+02 1.015619340907093e-19
2.75769474e+02 1.015315944532613e-19
2.75934211e+02 1.015012819896948e-19
2.76098947e+02 1.014709966594698e-19
2.76263684e+02 1.014407384221311e-19
2.76428421e+02 1.014105072373077e-19
2.76593158e+02 1.013803030647130e-19
2.76757895e+02 1.013501258641442e-19
2.76922632e+02 1.013199755954824e-19
2.77087368e+02 1.012898522186919e-19
2.77252105e+02 1.012597556938205e-19
2.77416842e+02 1.012296859809990e-19
2.77581579e+02 1.011996430404409e-19
2.77746316e+02 1.011696268324426e-19
2.77911053e+02 1.011396373173825e-19
2.78075789e+02 1.011096744557214e-19
2.78240526e+02 1.010797382080021e-19
2.78405263e+02 1.010498285348490e-19
2.78570000e+02 1.010199453969681e-19
2.78734737e+02 1.009900887551465e-19
2.78899474e+02 1.009602585702526e-19
2.79064211e+02 1.009304548032356e-19
2.79228947e+02 1.009006774151253e-19
2.79393684e+02 1.008709263670320e-19
2.79558421e+02 1.008412016201461e-19
2.79723158e+02 1.008115031357382e-19
2.79887895e+02 1.007818308751585e-19
2.80052632e+02 1.007521847998369e-19
2.80217368e+02 1.007225648712827e-19
2.80382105e+02 1.006929710510843e-19
2.80546842e+02 1.006634033009090e-19
2.80711579e+02 1.006338615825029e-19
2.80876316e+02 1.006043458576908e-19
2.81041053e+02 1.005748560883755e-19
2.81205789e+02 1.005453922365382e-19
2.81370526e+02 1.005159542642380e-19
2.81535263e+02 1.004865421336114e-19
2.81700000e+02 1.004571558068729e-19
2.81864737e+02 1.004277952463139e-19
2.82029474e+02 1.003984604143032e-19
2.82194211e+02 1.003691512732862e-19
2.82358947e+02 1.003398677857853e-19
2.82523684e+02 1.003106099143991e-19
2.82688421e+02 1.002813776218027e-19
2.82853158e+02 1.002521708707473e-19
2.83017895e+02 1.002229896240599e-19
2.83182632e+02 1.001938338446433e-19
2.83347368e+02 1.001647034954756e-19
2.83512105e+02 1.001355985396104e-19
2.83676842e+02 1.001065189401763e-19
2.83841579e+02 1.000774646603770e-19
2.84006316e+02 1.000484356634906e-19
2.84171053e+02 1.000194319128700e-19
2.84335789e+02 9.999045337194224e-20
2.84500526e+02 9.996150000420859e-20
2.84665263e+02 9.993257177324421e-20
2.84830000e+02 9.990366864269804e-20
2.84994737e+02 9.987479057629252e-20
2.85159474e+02 9.984593753782352e-20
2.85324211e+02 9.981710949116005e-20
2.85488947e+02 9.978830640024406e-20
2.85653684e+02 9.975952822909038e-20
2.85818421e+02 9.973077494178637e-20
2.85983158e+02 9.970204650249185e-20
2.86147895e+02 9.967334287543882e-20
2.86312632e+02 9.964466402493136e-20
2.86477368e+02 9.961600991534541e-20
2.86642105e+02 9.958738051112852e-20
2.86806842e+02 9.955877577679977e-20
2.86971579e+02 9.953019567694957e-20
2.87136316e+02 9.950164017623936e-20
2.87301053e+02 9.947310923940158e-20
2.87465789e+02 9.944460283123940e-20
2.87630526e+02 9.941612091662651e-20
2.87795263e+02 9.938766346050702e-20
2.87960000e+02 9.935923042789529e-20
2.88124737e+02 9.933082178387560e-20
2.88289474e+02 9.930243749360217e-20
2.88454211e+02 9.927407752229880e-20
2.88618947e+02 9.924574183525883e-20
2.88783684e+02 9.921743039784487e-20
2.88948421e+02 9.918914317548868e-20
2.89113158e+02 9.916088013369096e-20
2.89277895e+02 9.913264123802120e-20
2.89442632e+02 9.910442645411741e-20
2.89607368e+02 9.907623574768614e-20
2.89772105e+02 9.904806908450210e-20
2.89936842e+02 9.901992643040808e-20
2.90101579e+02 9.899180775131484e-20
2.90266316e+02 9.896371301320074e-20
2.90431053e+02 9.893564218211181e-20
2.90595789e+02 9.890759522416139e-20
2.90760526e+02 9.887957210553003e-20
2.90925263e+02 9.885157279246536e-20
2.91090000e+02 9.882359725128182e-20
2.91254737e+02 9.879564544836056e-20
2.91419474e+02 9.876771735014929e-20
2.91584211e+02 9.873981292316204e-20
2.91748947e+02 9.871193213397905e-20
2.91913684e+02 9.868407494924656e-20
2.92078421e+02 9.865624133567664e-20
2.92243158e+02 9.862843126004710e-20
2.92407895e+02 9.860064468920124e-20
2.92572632e+02 9.857288159004768e-20
2.92737368e+02 9.854514192956032e-20
2.92902105e+02 9.851742567477795e-20
2.93066842e+02 9.848973279280435e-20
2.93231579e+02 9.846206325080787e-20
2.93396316e+02 9.843441701602149e-20
2.93561053e+02 9.840679405574249e-20
2.93725789e+02 9.837919433733239e-20
2.93890526e+02 9.835161782821673e-20
2.94055263e+02 9.832406449588497e-20
2.94220000e+02 9.829653430789021e-20
2.94384737e+02 9.826902723184921e-20
2.94549474e+02 9.824154323544206e-20
2.94714211e+02 9.821408228641207e-20
2.94878947e+02 9.818664435256573e-20
2.95043684e+02 9.815922940177236e-20
2.95208421e+02 9.813183740196406e-20
2.95373158e+02 9.810446832113558e-20
2.95537895e+02 9.807712212734405e-20
2.95702632e+02 9.804979878870899e-20
2.95867368e+02 9.802249827341195e-20
2.96032105e+02 9.799522054969651e-20
2.96196842e+02 9.796796558586809e-20
2.96361579e+02 9.794073335029379e-20
2.96526316e+02 9.791352381140218e-20
2.96691053e+02 9.788633693768321e-20
2.96855789e+02 9.785917269768807e-20
2.97020526e+02 9.783203106002895e-20
2.97185263e+02 9.780491199337902e-20
2.97350000e+02 9.777781546647214e-20
2.97514737e+02 9.775074144810281e-20
2.97679474e+02 9.772368990712593e-20
2.97844211e+02 9.769666081245676e-20
2.98008947e+02 9.766965413307069e-20
2.98173684e+02 9.764266983800311e-20
2.98338421e+02 9.761570789634923e-20
2.98503158e+02 9.758876827726403e-20
2.98667895e+02 9.756185094996195e-20
2.98832632e+02 9.753495588371693e-20
2.98997368e+02 9.750808304786214e-20
2.99162105e+02 9.748123241178984e-20
2.99326842e+02 9.745440394495128e-20
2.99491579e+02 9.742759761685651e-20
2.99656316e+02 9.740081339707425e-20
2.99821053e+02 9.737405125523179e-20
2.99985789e+02 9.734731116101476e-20
3.00150526e+02 9.732059308416708e-20
3.00315263e+02 9.729389699449072e-20
3.00480000e+02 9.726722286184561e-20
3.00644737e+02 9.724057065614954e-20
3.00809474e+02 9.721394034737791e-20
3.00974211e+02 9.718733190556365e-20
3.01138947e+02 9.716074530079711e-20
3.01303684e+02 9.713418050322587e-20
3.01468421e+02 9.710763748305460e-20
3.01633158e+02 9.708111621054494e-20
3.01797895e+02 9.705461665601535e-20
3.01962632e+02 9.702813878984098e-20
3.02127368e+02 9.700168258245354e-20
3.02292105e+02 9.697524800434106e-20
3.02456842e+02 9.694883502604797e-20
3.02621579e+02 9.692244361817472e-20
3.02786316e+02 9.689607375137782e-20
3.02951053e+02 9.686972539636957e-20
3.03115789e+02 9.684339852391804e-20
3.03280526e+02 9.681709310484689e-20
3.03445263e+02 9.679080911003516e-20
3.03610000e+02 9.676454651041726e-20
3.03774737e+02 9.673830527698277e-20
3.03939474e+02 9.671208538077626e-20
3.04104211e+02 9.668588679289727e-20
3.04268947e+02 9.665970948450010e-20
3.04433684e+02 9.663355342679366e-20
3.04598421e+02 9.660741859104135e-20
3.04763158e+02 9.658130494856104e-20
3.04927895e+02 9.655521247072473e-20
3.05092632e+02 9.652914112895860e-20
3.05257368e+02 9.650309089474277e-20
3.05422105e+02 9.647706173961124e-20
3.05586842e+02 9.645105363515171e-20
3.05751579e+02 9.642506655300545e-20
3.05916316e+02 9.639910046486722e-20
3.06081053e+02 9.637315534248509e-20
3.06245789e+02 9.634723115766029e-20
3.06410526e+02 9.632132788224723e-20
3.06575263e+02 9.629544548815313e-20
3.06740000e+02 9.626958394733808e-20
3.06904737e+02 9.624374323181491e-20
3.07069474e+02 9.621792331364891e-20
3.07234211e+02 9.619212416495786e-20
3.07398947e+02 9.616634575791183e-20
3.07563684e+02 9.614058806473307e-20
3.07728421e+02 9.611485105769587e-20
3.07893158e+02 9.608913470912650e-20
3.08057895e+02 9.606343899140293e-20
3.08222632e+02 9.603776387695494e-20
3.08387368e+02 9.601210933826376e-20
3.08552105e+02 9.598647534786206e-20
3.08716842e+02 9.596086187833392e-20
3.08881579e+02 9.593526890231445e-20
3.09046316e+02 9.590969639248992e-20
3.09211053e+02 9.588414432159753e-20
3.09375789e+02 9.585861266242525e-20
3.09540526e+02 9.583310138781183e-20
3.09705263e+02 9.580761047064647e-20
3.09870000e+02 9.578213988386893e-20
3.10034737e+02 9.575668960046925e-20
3.10199474e+02 9.573125959348770e-20
3.10364211e+02 9.570584983601461e-20
3.10528947e+02 9.568046030119034e-20
3.10693684e+02 9.565509096220503e-20
3.10858421e+02 9.562974179229861e-20
3.11023158e+02 9.560441276476062e-20
3.11187895e+02 9.557910385293005e-20
3.11352632e+02 9.555381503019534e-20
3.11517368e+02 9.552854626999409e-20
3.11682105e+02 9.550329754581317e-20
3.11846842e+02 9.547806883118837e-20
3.12011579e+02 9.545286009970444e-20
3.12176316e+02 9.542767132499495e-20
3.12341053e+02 9.540250248074207e-20
3.12505789e+02 9.537735354067660e-20
3.12670526e+02 9.535222447857778e-20
3.12835263e+02 9.532711526827315e-20
3.13000000e+02 9.530202588363851e-20
3.13164737e+02 9.527695629859773e-20
-----------------------------
