Energy (eV)          EEDF (eV^-(3/2))     First Anisotropy
3.32857142857143e-02 2.51501655963321e-01 2.49130736505645e-04
9.98571428571429e-02 2.45370808075423e-01 4.07742238140140e-04
1.66428571428571e-01 2.39389411680740e-01 5.28699436446248e-04
2.33000000000000e-01 2.33553823580470e-01 6.14969467467846e-04
2.99571428571429e-01 2.27860489442135e-01 6.82408770383160e-04
3.66142857142857e-01 2.22305941521557e-01 7.37180607619841e-04
4.32714285714286e-01 2.16886796647130e-01 7.82557974180711e-04
4.99285714285714e-01 2.11599754090216e-01 8.20566380663640e-04
5.65857142857143e-01 2.06441593597390e-01 8.52580857273705e-04
6.32428571428571e-01 2.01409173424726e-01 8.79594967323539e-04
6.99000000000000e-01 1.96499428395545e-01 9.02359697054044e-04
7.65571428571429e-01 1.91709368069025e-01 9.21462310777447e-04
8.32142857142857e-01 1.87036074888443e-01 9.37374391657673e-04
8.98714285714286e-01 1.82476702430334e-01 9.50482753137195e-04
9.65285714285714e-01 1.78028473647812e-01 9.61110219110053e-04
1.03185714285714e+00 1.73688679195196e-01 9.69530102591960e-04
1.09842857142857e+00 1.69454675764446e-01 9.75976601813915e-04
1.16500000000000e+00 1.65323884496567e-01 9.80652456430897e-04
1.23157142857143e+00 1.61293789425850e-01 9.83734720599426e-04
1.29814285714286e+00 1.57361935849559e-01 9.85379183439801e-04
1.36471428571429e+00 1.53525928938605e-01 9.85723819418455e-04
1.43128571428571e+00 1.49783432242464e-01 9.84891531548552e-04
1.49785714285714e+00 1.46132166265875e-01 9.82992346469374e-04
1.56442857142857e+00 1.42569907080974e-01 9.80125199857498e-04
1.63100000000000e+00 1.39094484972448e-01 9.76379401541976e-04
1.69757142857143e+00 1.35703783136047e-01 9.71835856098625e-04
1.76414285714286e+00 1.32395736327575e-01 9.66568077914201e-04
1.83071428571429e+00 1.29168329668389e-01 9.60643047072539e-04
1.89728571428571e+00 1.26019597396441e-01 9.54121944040055e-04
1.96385714285714e+00 1.22947621668847e-01 9.47060773035145e-04
2.03042857142857e+00 1.19950531394028e-01 9.39510900359855e-04
2.09700000000000e+00 1.17026501091911e-01 9.31519519844360e-04
2.16357142857143e+00 1.14173749795222e-01 9.23130062381522e-04
2.23014285714286e+00 1.11390539924309e-01 9.14382549643267e-04
2.29671428571429e+00 1.08675176270247e-01 9.05313904926903e-04
2.36328571428571e+00 1.06026004948140e-01 8.95958233186763e-04
2.42985714285714e+00 1.03441412389718e-01 8.86347065329911e-04
2.49642857142857e+00 1.00919824360663e-01 8.76509576839589e-04
2.56300000000000e+00 9.84597050017079e-02 8.66472782421661e-04
2.62957142857143e+00 9.60595559022338e-02 8.56261713668562e-04
2.69614285714286e+00 9.37179151597758e-02 8.45899575125255e-04
2.76271428571429e+00 9.14333565180985e-02 8.35407884888258e-04
2.82928571428571e+00 8.92044884887585e-02 8.24806605938470e-04
2.89585714285714e+00 8.70299535035349e-02 8.14114262070537e-04
2.96242857142857e+00 8.49084270876374e-02 8.03348044128437e-04
3.02900000000000e+00 8.28386170529472e-02 7.92523906244745e-04
3.09557142857143e+00 8.08192627174345e-02 7.81656656164418e-04
3.16214285714286e+00 7.88491341174671e-02 7.70760034976554e-04
3.22871428571429e+00 7.69270312789358e-02 7.59846790084157e-04
3.29528571428571e+00 7.50517834794554e-02 7.48928745452543e-04
3.36185714285714e+00 7.32222485352744e-02 7.38016863754181e-04
3.42842857142857e+00 7.14373121056385e-02 7.27121304292100e-04
3.49500000000000e+00 6.96958870140373e-02 7.16251476013326e-04
3.56157142857143e+00 6.79969125907446e-02 7.05416088421469e-04
3.62814285714286e+00 6.63393540123159e-02 6.94623196393266e-04
3.69471428571429e+00 6.47222016860730e-02 6.83880241615715e-04
3.76128571428571e+00 6.31444706301423e-02 6.73194093568102e-04
3.82785714285714e+00 6.16051998735033e-02 6.62571085627816e-04
3.89442857142857e+00 6.01034518707086e-02 6.52017049160282e-04
3.96100000000000e+00 5.86383119308231e-02 6.41537344896866e-04
4.02757142857143e+00 5.72088876638083e-02 6.31136893686260e-04
4.09414285714286e+00 5.58143084262406e-02 6.20820203342893e-04
4.16071428571429e+00 5.44537248019839e-02 6.10591393635969e-04
4.22728571428571e+00 5.31263080810894e-02 6.00454221640835e-04
4.29385714285714e+00 5.18312497550322e-02 5.90412103881061e-04
4.36042857142857e+00 5.05677610242825e-02 5.80468137451789e-04
4.42700000000000e+00 4.93350723178495e-02 5.70625119511590e-04
4.49357142857143e+00 4.81324328271900e-02 5.60885566749122e-04
4.56014285714286e+00 4.69591100408158e-02 5.51251732168658e-04
4.62671428571429e+00 4.58143893063865e-02 5.41725620777874e-04
4.69328571428571e+00 4.46975733926173e-02 5.32309005908840e-04
4.75985714285714e+00 4.36079820645996e-02 5.23003443296789e-04
4.82642857142857e+00 4.25449516694958e-02 5.13810284629487e-04
4.89300000000000e+00 4.15078347323105e-02 5.04730690051832e-04
4.95957142857143e+00 4.04959995635369e-02 4.95765640887589e-04
5.02614285714286e+00 3.95088298682470e-02 4.86915950430974e-04
5.09271428571429e+00 3.85457243769982e-02 4.78182274055545e-04
5.15928571428571e+00 3.76060964774730e-02 4.69565120008520e-04
5.22585714285714e+00 3.66893738571773e-02 4.61064858574210e-04
5.29242857142857e+00 3.57949981548649e-02 4.52681730962690e-04
5.35900000000000e+00 3.49224246204428e-02 4.44415857497804e-04
5.42557142857143e+00 3.40711217847193e-02 4.36267246107778e-04
5.49214285714286e+00 3.32405711309637e-02 4.28235799381368e-04
5.55871428571429e+00 3.24302667839110e-02 4.20321321182779e-04
5.62528571428571e+00 3.16397152000006e-02 4.12523523916745e-04
5.69185714285714e+00 3.08684348667633e-02 4.04842034573977e-04
5.75842857142857e+00 3.01159560095471e-02 3.97276400639746e-04
5.82500000000000e+00 2.93818203053807e-02 3.89826095516164e-04
5.89157142857143e+00 2.86655806050145e-02 3.82490524262063e-04
5.95814285714286e+00 2.79668006569061e-02 3.75269028243043e-04
6.02471428571429e+00 2.72850548452411e-02 3.68160889488089e-04
6.09128571428571e+00 2.66199279294277e-02 3.61165335628985e-04
6.15785714285714e+00 2.59710147911778e-02 3.54281543909618e-04
6.22442857142857e+00 2.53379201877607e-02 3.47508645134896e-04
6.29100000000000e+00 2.47202585112648e-02 3.40845727273349e-04
6.35757142857143e+00 2.41176535546631e-02 3.34291839361133e-04
6.42414285714286e+00 2.35297382798179e-02 3.27845994564871e-04
6.49071428571429e+00 2.29561545968325e-02 3.21507173045242e-04
6.55728571428571e+00 2.23965531449560e-02 3.15274325328211e-04
6.62385714285714e+00 2.18505930797910e-02 3.09146374956750e-04
6.69042857142857e+00 2.13179418656947e-02 3.03122221124906e-04
6.75700000000000e+00 2.07982750732345e-02 2.97200741060393e-04
6.82357142857143e+00 2.02912761823148e-02 2.91380792679788e-04
6.89014285714286e+00 1.97966363871541e-02 2.85661216586962e-04
6.95671428571429e+00 1.93140544104745e-02 2.80040837934155e-04
7.02328571428571e+00 1.88432363192244e-02 2.74518468718126e-04
7.08985714285714e+00 1.83838953455472e-02 2.69092909513862e-04
7.15642857142857e+00 1.79357517121183e-02 2.63762951214133e-04
7.22300000000000e+00 1.74985324617358e-02 2.58527376583778e-04
7.28957142857143e+00 1.70719712916422e-02 2.53384962054062e-04
7.35614285714286e+00 1.66558083895639e-02 2.48334478999774e-04
7.42271428571429e+00 1.62497902772573e-02 2.43374694920725e-04
7.48928571428571e+00 1.58536696555093e-02 2.38504374992466e-04
7.55585714285714e+00 1.54672052535107e-02 2.33722283173812e-04
7.62242857142857e+00 1.50901616819040e-02 2.29027183332715e-04
7.68900000000000e+00 1.47223092894103e-02 2.24417840234023e-04
7.75557142857143e+00 1.43634240234076e-02 2.19893020735381e-04
7.82214285714286e+00 1.40132872920728e-02 2.15451494572977e-04
7.88871428571429e+00 1.36716858326584e-02 2.11092035080337e-04
7.95528571428571e+00 1.33384115811159e-02 2.06813420218671e-04
8.02185714285714e+00 1.30132615453663e-02 2.02614433255734e-04
8.08842857142857e+00 1.26960376816630e-02 1.98493863469030e-04
8.15500000000000e+00 1.23865467739651e-02 1.94450506745172e-04
8.22157142857143e+00 1.20846003166139e-02 1.90483166357896e-04
8.28814285714286e+00 1.17900143984140e-02 1.86590653419129e-04
8.35471428571429e+00 1.15026095917393e-02 1.82771787283042e-04
8.42128571428571e+00 1.12222108428655e-02 1.79025396212015e-04
8.48785714285714e+00 1.09486473653464e-02 1.75350317762440e-04
8.55442857142857e+00 1.06817525359921e-02 1.71745399197043e-04
8.62100000000000e+00 1.04213637933807e-02 1.68209497818664e-04
8.68757142857143e+00 1.01673225391323e-02 1.64741481456293e-04
8.75414285714286e+00 9.91947404043094e-03 1.61340228689409e-04
8.82071428571429e+00 9.67766733667384e-03 1.58004629039366e-04
8.88728571428572e+00 9.44175514721998e-03 1.54733583380381e-04
8.95385714285714e+00 9.21159378168327e-03 1.51526004126335e-04
9.02042857142857e+00 8.98704305241392e-03 1.48380815444077e-04
9.08700000000000e+00 8.76796618911195e-03 1.45296953406979e-04
9.15357142857143e+00 8.55422975575197e-03 1.42273366277736e-04
9.22014285714286e+00 8.34570356860844e-03 1.39309014580925e-04
9.28671428571429e+00 8.14226061767681e-03 1.36402871152608e-04
9.35328571428571e+00 7.94377698907129e-03 1.33553921373756e-04
9.41985714285714e+00 7.75013178955055e-03 1.30761163223704e-04
9.48642857142857e+00 7.56120707288419e-03 1.28023607358850e-04
9.55300000000000e+00 7.37688776801325e-03 1.25340277145732e-04
9.61957142857143e+00 7.19706160914588e-03 1.22710208803467e-04
9.68614285714286e+00 7.02161906681704e-03 1.20132451376806e-04
9.75271428571429e+00 6.85045328174716e-03 1.17606066693362e-04
9.81928571428571e+00 6.68345999956188e-03 1.15130129474578e-04
9.88585714285714e+00 6.52053750729209e-03 1.12703727301763e-04
9.95242857142857e+00 6.36158657142268e-03 1.10325960605519e-04
1.00190000000000e+01 6.20651037745073e-03 1.07995942595289e-04
1.00855714285714e+01 6.05521447121118e-03 1.05712799309537e-04
1.01521428571429e+01 5.90760670087455e-03 1.03475669862740e-04
1.02187142857143e+01 5.76359715946388e-03 1.01283705565213e-04
1.02852857142857e+01 5.62309813446985e-03 9.91360703615995e-05
1.03518571428571e+01 5.48602405011757e-03 9.70319415241370e-05
1.04184285714286e+01 5.35229141545612e-03 9.49705081438832e-05
1.04850000000000e+01 5.22181877735178e-03 9.29509717706353e-05
1.05515714285714e+01 5.09452666694838e-03 9.09725468019535e-05
1.06181428571429e+01 4.97033755260075e-03 8.90344598787298e-05
1.06847142857143e+01 4.84917579154217e-03 8.71359494428914e-05
1.07512857142857e+01 4.73096758720616e-03 8.52762660446640e-05
1.08178571428571e+01 4.61564094081234e-03 8.34546728415535e-05
1.08844285714286e+01 4.50312560768237e-03 8.16704443098556e-05
1.09510000000000e+01 4.39335305755197e-03 7.99228667255759e-05
1.10175714285714e+01 4.28625642966825e-03 7.82112384406208e-05
1.10841428571429e+01 4.18177049314173e-03 7.65348693428314e-05
1.11507142857143e+01 4.07983160632095e-03 7.48930804502705e-05
1.12172857142857e+01 3.98037768076567e-03 7.32852041241860e-05
1.12838571428571e+01 3.88334814063655e-03 7.17105844413281e-05
1.13504285714286e+01 3.78868388593472e-03 7.01685760951921e-05
1.14170000000000e+01 3.69632725900309e-03 6.86585447556652e-05
1.14835714285714e+01 3.60622200685775e-03 6.71798672613749e-05
1.15501428571429e+01 3.51831324779277e-03 6.57319311408515e-05
1.16167142857143e+01 3.43254743723038e-03 6.43141342449401e-05
1.16832857142857e+01 3.34887233731734e-03 6.29258848902321e-05
1.17498571428571e+01 3.26723698285260e-03 6.15666021349865e-05
1.18164285714286e+01 3.18759165035362e-03 6.02357148432755e-05
1.18830000000000e+01 3.10988782978926e-03 5.89326619521951e-05
1.19495714285714e+01 3.03407819297270e-03 5.76568926021952e-05
1.20161428571429e+01 2.96011656543548e-03 5.64078657149284e-05
1.20827142857143e+01 2.88795789771903e-03 5.51850496633435e-05
1.21492857142857e+01 2.81755823972297e-03 5.39879223641743e-05
1.22158571428571e+01 2.74887471211203e-03 5.28159714806159e-05
1.22824285714286e+01 2.68186548028608e-03 5.16686936259877e-05
1.23490000000000e+01 2.61648973053300e-03 5.05455945605922e-05
1.24155714285714e+01 2.55270764350252e-03 4.94461892764602e-05
1.24821428571429e+01 2.49048037051991e-03 4.83700016269332e-05
1.25487142857143e+01 2.42977000945054e-03 4.73165640327816e-05
1.26152857142857e+01 2.37053958306187e-03 4.62854175376930e-05
1.26818571428571e+01 2.31275301502425e-03 4.52761119554292e-05
1.27484285714286e+01 2.25637510800743e-03 4.42882051927438e-05
1.28150000000000e+01 2.20137152356653e-03 4.33212633928285e-05
1.28815714285714e+01 2.14770875987603e-03 4.23748609868329e-05
1.29481428571429e+01 2.09535413178368e-03 4.14485803701059e-05
1.30147142857143e+01 2.04427575051864e-03 4.05420116419776e-05
1.30812857142857e+01 1.99444250544266e-03 3.96547526346902e-05
1.31478571428571e+01 1.94582404390319e-03 3.87864090186130e-05
1.32144285714286e+01 1.89839075280262e-03 3.79365937269397e-05
1.32810000000000e+01 1.85211374163591e-03 3.71049270587077e-05
1.33475714285714e+01 1.80696482379760e-03 3.62910367063834e-05
1.34141428571429e+01 1.76291649978651e-03 3.54945574738058e-05
1.34807142857143e+01 1.71994194014436e-03 3.47151310469122e-05
1.35472857142857e+01 1.67801497006807e-03 3.39524060039081e-05
1.36138571428571e+01 1.63711005249427e-03 3.32060378889443e-05
1.36804285714286e+01 1.59720227259071e-03 3.24756887235624e-05
1.37470000000000e+01 1.55826732345425e-03 3.17610270792565e-05
1.38135714285714e+01 1.52028149041513e-03 3.10617280880787e-05
1.38801428571429e+01 1.48322163689559e-03 3.03774731975896e-05
1.39467142857143e+01 1.44706519006414e-03 2.97079499696750e-05
1.40132857142857e+01 1.41179012786224e-03 2.90528520777605e-05
1.40798571428571e+01 1.37737496480008e-03 2.84118793569096e-05
1.41464285714286e+01 1.34379873890705e-03 2.77847373891316e-05
1.42130000000000e+01 1.31104099967447e-03 2.71711375531216e-05
1.42795714285714e+01 1.27908179487492e-03 2.65707970230772e-05
1.43461428571429e+01 1.24790165865603e-03 2.59834385562990e-05
1.44127142857143e+01 1.21748159947758e-03 2.54087903172723e-05
1.44792857142857e+01 1.18780308917540e-03 2.48465858662150e-05
1.45458571428571e+01 1.15884805103230e-03 2.42965641916780e-05
1.46124285714286e+01 1.13059884879776e-03 2.37584693586922e-05
1.46790000000000e+01 1.10303827652446e-03 2.32320505415322e-05
1.47455714285714e+01 1.07614954749843e-03 2.27170620145910e-05
1.48121428571429e+01 1.04991628421501e-03 2.22132629686551e-05
1.48787142857143e+01 1.02432250823536e-03 2.17204173575347e-05
1.49452857142857e+01 9.99352630968661e-04 2.12382938810957e-05
1.50118571428571e+01 9.74991443652748e-04 2.07666660049993e-05
1.50784285714286e+01 9.51224108114934e-04 2.03053116622716e-05
1.51450000000000e+01 9.28036148205985e-04 1.98540132735489e-05
1.52115714285714e+01 9.05413440501927e-04 1.94125577328503e-05
1.52781428571429e+01 8.83342205865169e-04 1.89807362489384e-05
1.53447142857143e+01 8.61809000914566e-04 1.85583442119448e-05
1.54112857142857e+01 8.40800710256924e-04 1.81451811731790e-05
1.54778571428571e+01 8.20304538070723e-04 1.77410508555345e-05
1.55444285714286e+01 8.00308000332061e-04 1.73457609004442e-05
1.56110000000000e+01 7.80798917595743e-04 1.69591228790058e-05
1.56775714285714e+01 7.61765407184493e-04 1.65809522747195e-05
1.57441428571429e+01 7.43195876084782e-04 1.62110683467224e-05
1.58107142857143e+01 7.25079013773608e-04 1.58492940140610e-05
1.58772857142857e+01 7.07403785672083e-04 1.54954558339197e-05
1.59438571428571e+01 6.90159426075100e-04 1.51493840053606e-05
1.60104285714286e+01 6.73335431610108e-04 1.48109121548203e-05
1.60770000000000e+01 6.56921555154068e-04 1.44798773406931e-05
1.61435714285714e+01 6.40907799271541e-04 1.41561200345222e-05
1.62101428571429e+01 6.25284410234334e-04 1.38394840032527e-05
1.62767142857143e+01 6.10041871989050e-04 1.35298162090134e-05
1.63432857142857e+01 5.95170900641017e-04 1.32269667869238e-05
1.64098571428571e+01 5.80662438514152e-04 1.29307890441763e-05
1.64764285714286e+01 5.66507648647099e-04 1.26411392782479e-05
1.65430000000000e+01 5.52697909667776e-04 1.23578767768854e-05
1.66095714285714e+01 5.39224810280222e-04 1.20808637988042e-05
1.66761428571429e+01 5.26080144230433e-04 1.18099654724412e-05
1.67427142857143e+01 5.13255905233134e-04 1.15450497093156e-05
1.68092857142857e+01 5.00744282324292e-04 1.12859871822100e-05
1.68758571428571e+01 4.88537654870124e-04 1.10326513211017e-05
1.69424285714286e+01 4.76628587936096e-04 1.07849181591323e-05
1.70090000000000e+01 4.65009827968696e-04 1.05426663294516e-05
1.70755714285714e+01 4.53674298163054e-04 1.03057770461564e-05
1.71421428571429e+01 4.42615094225398e-04 1.00741340173243e-05
1.72087142857143e+01 4.31825480106427e-04 9.84762337022955e-06
1.72752857142857e+01 4.21298884085935e-04 9.62613363042786e-06
1.73418571428571e+01 4.11028894579012e-04 9.40955571565221e-06
1.74084285714286e+01 4.01009256239497e-04 9.19778280532689e-06
1.74750000000000e+01 3.91233866322110e-04 8.99071033535769e-06
1.75415714285714e+01 3.81696770789871e-04 8.78823597979663e-06
1.76081428571429e+01 3.72392160747216e-04 8.59025957621828e-06
1.76747142857143e+01 3.63314368851641e-04 8.39668306125461e-06
1.77412857142857e+01 3.54457866015359e-04 8.20741045091588e-06
1.78078571428571e+01 3.45817257881123e-04 8.02234783327346e-06
1.78744285714286e+01 3.37387281543666e-04 7.84140325793700e-06
1.79410000000000e+01 3.29162802485213e-04 7.66448672959206e-06
1.80075714285714e+01 3.21138811304345e-04 7.49151019070163e-06
1.80741428571429e+01 3.13310420713698e-04 7.32238745752871e-06
1.81407142857143e+01 3.05672862522004e-04 7.15703416463607e-06
1.82072857142857e+01 2.98221484855722e-04 6.99536774663154e-06
1.82738571428571e+01 2.90951749197381e-04 6.83730743023269e-06
1.83404285714286e+01 2.83859227627011e-04 6.68277414066831e-06
1.84070000000000e+01 2.76939600240824e-04 6.53169049454570e-06
1.84735714285714e+01 2.70188652402151e-04 6.38398078376885e-06
1.85401428571429e+01 2.63602272214416e-04 6.23957092073406e-06
1.86067142857143e+01 2.57176447982857e-04 6.09838839060039e-06
1.86732857142857e+01 2.50907265874303e-04 5.96036223454417e-06
1.87398571428571e+01 2.44790907428113e-04 5.82542304163150e-06
1.88064285714286e+01 2.38823647235127e-04 5.69350286956372e-06
1.88730000000000e+01 2.33001850763471e-04 5.56453523729202e-06
1.89395714285714e+01 2.27321972048113e-04 5.43845511023883e-06
1.90061428571429e+01 2.21780551563921e-04 5.31519885338566e-06
1.90727142857143e+01 2.16374214090790e-04 5.19470419026803e-06
1.91392857142857e+01 2.11099666742579e-04 5.07691018775321e-06
1.92058571428571e+01 2.05953696875121e-04 4.96175724801601e-06
1.92724285714286e+01 2.00933170133313e-04 4.84918704143868e-06
1.93390000000000e+01 1.96035028619930e-04 4.73914249926579e-06
1.94055714285714e+01 1.91256288953725e-04 4.63156780014961e-06
1.94721428571429e+01 1.86594040479256e-04 4.52640833002132e-06
1.95387142857143e+01 1.82045443471283e-04 4.42361064689475e-06
1.96052857142857e+01 1.77607727474715e-04 4.32312246713165e-06
1.96718571428571e+01 1.73278189546270e-04 4.22489265772032e-06
1.97384285714286e+01 1.69054192611311e-04 4.12887117947260e-06
1.98050000000000e+01 1.64933163921636e-04 4.03500907991892e-06
1.98715714285714e+01 1.60912593423256e-04 3.94325848115204e-06
1.99381428571429e+01 1.56990032249701e-04 3.85357254552209e-06
2.00047142857143e+01 1.53163091211743e-04 3.76590544545216e-06
2.00712857142857e+01 1.49429439399352e-04 3.68021235112238e-06
2.01378571428571e+01 1.45786802703721e-04 3.59644942317921e-06
2.02044285714286e+01 1.42232962434728e-04 3.51457376465472e-06
2.02710000000000e+01 1.38765754022163e-04 3.43454341423093e-06
2.03375714285714e+01 1.35383065643730e-04 3.35631733532721e-06
2.04041428571429e+01 1.32082836956970e-04 3.27985538679061e-06
2.04707142857143e+01 1.28863057828952e-04 3.20511829702942e-06
2.05372857142857e+01 1.25721767158942e-04 3.13206765302797e-06
2.06038571428571e+01 1.22657051636031e-04 3.06066589356137e-06
2.06704285714286e+01 1.19667044575890e-04 2.99087626850225e-06
2.07370000000000e+01 1.16749924827054e-04 2.92266283253230e-06
2.08035714285714e+01 1.13903915617618e-04 2.85599043539874e-06
2.08701428571429e+01 1.11127283487998e-04 2.79082469688613e-06
2.09367142857143e+01 1.08418337222454e-04 2.72713198466599e-06
2.10032857142857e+01 1.05775426857663e-04 2.66487940454301e-06
2.10698571428571e+01 1.03196942638354e-04 2.60403479421190e-06
2.11364285714286e+01 1.00681314038579e-04 2.54456668881958e-06
2.12030000000000e+01 9.82270088407089e-05 2.48644431516487e-06
2.12695714285714e+01 9.58325321659333e-05 2.42963758303898e-06
2.13361428571429e+01 9.34964255760626e-05 2.37411706386412e-06
2.14027142857143e+01 9.12172661747991e-05 2.31985397173763e-06
2.14692857142857e+01 8.89936657728978e-05 2.26682015480546e-06
2.15358571428571e+01 8.68242700102204e-05 2.21498808957084e-06
2.16024285714286e+01 8.47077575322459e-05 2.16433085175302e-06
2.16690000000000e+01 8.26428392145465e-05 2.11482211098860e-06
2.17355714285714e+01 8.06282573477593e-05 2.06643612316649e-06
2.18021428571429e+01 7.86627848816697e-05 2.01914771220443e-06
2.18687142857143e+01 7.67452246692556e-05 1.97293225383695e-06
2.19352857142857e+01 7.48744087637281e-05 1.92776566801179e-06
2.20018571428571e+01 7.30491976804587e-05 1.88362441374116e-06
2.20684285714286e+01 7.12684797041126e-05 1.84048546444451e-06
2.21350000000000e+01 6.95311702356430e-05 1.79832630314649e-06
2.22015714285714e+01 6.78362111071037e-05 1.75712491571601e-06
2.22681428571429e+01 6.61825699454803e-05 1.71685977532634e-06
2.23347142857143e+01 6.45692395368219e-05 1.67750982859749e-06
2.24012857142857e+01 6.29952372343477e-05 1.63905448891486e-06
2.24678571428571e+01 6.14596043379442e-05 1.60147363180067e-06
2.25344285714286e+01 5.99614055112014e-05 1.56474757405263e-06
2.26010000000000e+01 5.84997282315894e-05 1.52885706942090e-06
2.26675714285714e+01 5.70736822144082e-05 1.49378330266282e-06
2.27341428571429e+01 5.56823988774042e-05 1.45950787629687e-06
2.28007142857143e+01 5.43250308059066e-05 1.42601279876389e-06
2.28672857142857e+01 5.30007512544692e-05 1.39328047857158e-06
2.29338571428571e+01 5.17087536251923e-05 1.36129372015627e-06
2.30004285714286e+01 5.04482509772307e-05 1.33003570623444e-06
2.30670000000000e+01 4.92184755638628e-05 1.29948999393270e-06
2.31335714285714e+01 4.80186783481803e-05 1.26964050957419e-06
2.32001428571429e+01 4.68481285525272e-05 1.24047153739200e-06
2.32667142857143e+01 4.57061132085934e-05 1.21196770942007e-06
2.33332857142857e+01 4.45919367378229e-05 1.18411400037383e-06
2.33998571428571e+01 4.35049205128091e-05 1.15689572396756e-06
2.34664285714286e+01 4.24444024446064e-05 1.13029851798495e-06
2.35330000000000e+01 4.14097365929717e-05 1.10430834083135e-06
2.35995714285714e+01 4.04002927591715e-05 1.07891146697305e-06
2.36661428571429e+01 3.94154561068098e-05 1.05409447732359e-06
2.37327142857143e+01 3.84546267833804e-05 1.02984425061570e-06
2.37992857142857e+01 3.75172195670028e-05 1.00614795893507e-06
2.38658571428571e+01 3.66026634976519e-05 9.82993064456350e-07
2.39324285714286e+01 3.57104015299323e-05 9.60367306814866e-07
2.39990000000000e+01 3.48398902049354e-05 9.38258700047827e-07
2.40655714285714e+01 3.39905993078756e-05 9.16655528613240e-07
2.41321428571429e+01 3.31620115489990e-05 8.95546339204180e-07
2.41987142857143e+01 3.23536222452417e-05 8.74919933387865e-07
2.42652857142857e+01 3.15649390228173e-05 8.54765363716732e-07
2.43318571428571e+01 3.07954815071530e-05 8.35071930845766e-07
2.43984285714286e+01 3.00447810307442e-05 8.15829172851404e-07
2.44650000000000e+01 2.93123803568929e-05 7.97026862527638e-07
2.45315714285714e+01 2.85978333918451e-05 7.78655003917944e-07
2.45981428571429e+01 2.79007049162620e-05 7.60703825347378e-07
2.46647142857143e+01 2.72205703174374e-05 7.43163773145308e-07
2.47312857142857e+01 2.65570153389112e-05 7.26025508265265e-07
2.47978571428571e+01 2.59096358197616e-05 7.09279903746879e-07
2.48644285714286e+01 2.52780374488016e-05 6.92918035682233e-07
2.49310000000000e+01 2.46618355320029e-05 6.76931180833509e-07
2.49975714285714e+01 2.40606547504515e-05 6.61310813617091e-07
2.50641428571429e+01 2.34741289343725e-05 6.46048600174208e-07
2.51307142857143e+01 2.29019008378740e-05 6.31136393019826e-07
2.51972857142857e+01 2.23436219281573e-05 6.16566228109248e-07
2.52638571428571e+01 2.17989521663029e-05 6.02330322609765e-07
2.53304285714286e+01 2.12675598004581e-05 5.88421067260873e-07
2.53970000000000e+01 2.07491211700431e-05 5.74831024281091e-07
2.54635714285714e+01 2.02433205022278e-05 5.61552924749629e-07
2.55301428571429e+01 1.97498497217680e-05 5.48579663562193e-07
2.55967142857143e+01 1.92684082615210e-05 5.35904294870970e-07
2.56632857142857e+01 1.87987028849950e-05 5.23520029542744e-07
2.57298571428571e+01 1.83404475020194e-05 5.11420233207262e-07
2.57964285714286e+01 1.78933629947411e-05 4.99598419796608e-07
2.58630000000000e+01 1.74571770527967e-05 4.88048249710838e-07
2.59295714285714e+01 1.70316240021784e-05 4.76763527548131e-07
2.59961428571429e+01 1.66164446452061e-05 4.65738197814741e-07
2.60627142857143e+01 1.62113861011339e-05 4.54966341040501e-07
2.61292857142857e+01 1.58162016567681e-05 4.44442171579110e-07
2.61958571428571e+01 1.54306506114688e-05 4.34160035902651e-07
2.62624285714286e+01 1.50544981307481e-05 4.24114407138469e-07
2.63290000000000e+01 1.46875151075162e-05 4.14299883465254e-07
2.63955714285714e+01 1.43294780181768e-05 4.04711186147976e-07
2.64621428571429e+01 1.39801687879622e-05 3.95343155890166e-07
2.65287142857143e+01 1.36393746568506e-05 3.86190749525953e-07
2.65952857142857e+01 1.33068880538150e-05 3.77249038118791e-07
2.66618571428571e+01 1.29825064664868e-05 3.68513205474081e-07
2.67284285714286e+01 1.26660323179778e-05 3.59978543519776e-07
2.67950000000000e+01 1.23572728500771e-05 3.51640450906845e-07
2.68615714285714e+01 1.20560400022423e-05 3.43494431310223e-07
2.69281428571429e+01 1.17621502982773e-05 3.35536090328005e-07
2.69947142857143e+01 1.14754247335414e-05 3.27761132665274e-07
2.70612857142857e+01 1.11956886690929e-05 3.20165360492648e-07
2.71278571428571e+01 1.09227717220884e-05 3.12744672151484e-07
2.71944285714286e+01 1.06565076621447e-05 3.05495058248113e-07
2.72610000000000e+01 1.03967343130160e-05 2.98412600434945e-07
2.73275714285714e+01 1.01432934508358e-05 2.91493469943081e-07
2.73941428571429e+01 9.89603070875624e-06 2.84733924947020e-07
2.74607142857143e+01 9.65479548206665e-06 2.78130308167906e-07
2.75272857142857e+01 9.41944083908649e-06 2.71679045457838e-07
2.75938571428571e+01 9.18982342899951e-06 2.65376644674589e-07
2.76604285714286e+01 8.96580339465609e-06 2.59219692379429e-07
2.77270000000000e+01 8.74724428980856e-06 2.53204852777323e-07
2.77935714285714e+01 8.53401299353953e-06 2.47328866450983e-07
2.78601428571429e+01 8.32597963001647e-06 2.41588548121709e-07
2.79267142857143e+01 8.12301748867545e-06 2.35980784610112e-07
2.79932857142857e+01 7.92500294921474e-06 2.30502533616365e-07
2.80598571428571e+01 7.73181540408894e-06 2.25150822743721e-07
2.81264285714286e+01 7.54333718514389e-06 2.19922746706755e-07
2.81930000000000e+01 7.35945349394930e-06 2.14815466411350e-07
2.82595714285714e+01 7.18005232983778e-06 2.09826207863621e-07
2.83261428571429e+01 7.00502442237906e-06 2.04952260267714e-07
2.83927142857143e+01 6.83426316423676e-06 2.00190974291170e-07
2.84592857142857e+01 6.66766454803209e-06 1.95539761014926e-07
2.85258571428571e+01 6.50512710116523e-06 1.90996091087148e-07
2.85924285714286e+01 6.34655182408859e-06 1.86557492363116e-07
2.86590000000000e+01 6.19184213166491e-06 1.82221549107690e-07
2.87255714285714e+01 6.04090379265133e-06 1.77985901055790e-07
2.87921428571429e+01 5.89364487287737e-06 1.73848241796809e-07
2.88587142857143e+01 5.74997567876219e-06 1.69806317299456e-07
2.89252857142857e+01 5.60980870417082e-06 1.65857925008650e-07
2.89918571428571e+01 5.47305857560131e-06 1.62000913113206e-07
2.90584285714286e+01 5.33964200025005e-06 1.58233178550735e-07
2.91250000000000e+01 5.20947771665132e-06 1.54552666317176e-07
2.91915714285714e+01 5.08248644378528e-06 1.50957368658489e-07
2.92581428571429e+01 4.95859083326332e-06 1.47445323698736e-07
2.93247142857143e+01 4.83771542181305e-06 1.44014614185910e-07
2.93912857142857e+01 4.71978658654613e-06 1.40663366715771e-07
2.94578571428571e+01 4.60473249886204e-06 1.37389751098820e-07
2.95244285714286e+01 4.49248308075212e-06 1.34191978673830e-07
2.95910000000000e+01 4.38296996325216e-06 1.31068301710800e-07
2.96575714285714e+01 4.27612644364326e-06 1.28017012716096e-07
2.97241428571429e+01 4.17188744521681e-06 1.25036443267660e-07
2.97907142857143e+01 4.07018947730334e-06 1.22124962948948e-07
2.98572857142857e+01 3.97097059762105e-06 1.19280978682374e-07
2.99238571428571e+01 3.87417037350949e-06 1.16502934182706e-07
2.99904285714286e+01 3.77972984516546e-06 1.13789308531549e-07
3.00570000000000e+01 3.68759149067234e-06 1.11138615661651e-07
3.01235714285714e+01 3.59769919000647e-06 1.08549403760015e-07
3.01901428571429e+01 3.50999819118040e-06 1.06020254279141e-07
3.02567142857143e+01 3.42443507661769e-06 1.03549781031069e-07
3.03232857142857e+01 3.34095773146179e-06 1.01136629615333e-07
3.03898571428571e+01 3.25951531097368e-06 9.87794769474552e-08
3.04564285714286e+01 3.18005820959991e-06 9.64770300540658e-08
3.05230000000000e+01 3.10253803153810e-06 9.42280256279445e-08
3.05895714285714e+01 3.02690756046619e-06 9.20312295156319e-08
3.06561428571429e+01 2.95312073105309e-06 8.98854358782566e-08
3.07227142857143e+01 2.88113260067172e-06 8.77894664217897e-08
3.07892857142857e+01 2.81089932272512e-06 8.57421699064278e-08
3.08558571428571e+01 2.74237811922754e-06 8.37424217402605e-08
3.09224285714286e+01 2.67552725477953e-06 8.17891229609148e-08
3.09890000000000e+01 2.61030601179341e-06 7.98811998519917e-08
3.10555714285714e+01 2.54667466503528e-06 7.80176035035192e-08
3.11221428571429e+01 2.48459445765209e-06 7.61973090998406e-08
3.11887142857143e+01 2.42402757737556e-06 7.44193152657326e-08
3.12552857142857e+01 2.36493713407130e-06 7.26826436458877e-08
3.13218571428571e+01 2.30728713667910e-06 7.09863385550484e-08
3.13884285714286e+01 2.25104247131650e-06 6.93294661173369e-08
3.14550000000000e+01 2.19616888042688e-06 6.77111139359195e-08
3.15215714285714e+01 2.14263294136861e-06 6.61303907161745e-08
3.15881428571429e+01 2.09040204624286e-06 6.45864256614956e-08
3.16547142857143e+01 2.03944438187515e-06 6.30783679179420e-08
3.17212857142857e+01 1.98972891091922e-06 6.16053862140105e-08
3.17878571428571e+01 1.94122535246322e-06 6.01666685596383e-08
3.18544285714286e+01 1.89390416360691e-06 5.87614215188356e-08
3.19210000000000e+01 1.84773652191134e-06 5.73888699254220e-08
3.19875714285714e+01 1.80269430739176e-06 5.60482565601488e-08
3.20541428571429e+01 1.75875008554346e-06 5.47388416381487e-08
3.21207142857143e+01 1.71587709050131e-06 5.34599023373556e-08
3.21872857142857e+01 1.67404920913574e-06 5.22107324900826e-08
3.22538571428571e+01 1.63324096474176e-06 5.09906423242741e-08
3.23204285714286e+01 1.59342750153880e-06 4.97989578488149e-08
3.23870000000000e+01 1.55458456989946e-06 4.86350206091075e-08
3.24535714285714e+01 1.51668851120477e-06 4.74981874105804e-08
3.25201428571429e+01 1.47971624356122e-06 4.63878298839381e-08
3.25867142857143e+01 1.44364524763369e-06 4.53033340847856e-08
3.26532857142857e+01 1.40845355325984e-06 4.42441002297038e-08
3.27198571428571e+01 1.37411972573193e-06 4.32095424739746e-08
3.27864285714286e+01 1.34062285275549e-06 4.21990883921368e-08
3.28530000000000e+01 1.30794253201727e-06 4.12121787679747e-08
3.29195714285714e+01 1.27605885844773e-06 4.02482673578670e-08
3.29861428571429e+01 1.24495241220266e-06 3.93068205220820e-08
3.30527142857143e+01 1.21460424674499e-06 3.83873168849139e-08
3.31192857142857e+01 1.18499587757903e-06 3.74892471089453e-08
3.31858571428571e+01 1.15610927071265e-06 3.66121137042348e-08
3.32524285714286e+01 1.12792683168492e-06 3.57554305893735e-08
3.33190000000000e+01 1.10043139510279e-06 3.49187229111666e-08
3.33855714285714e+01 1.07360621392818e-06 3.41015268421847e-08
3.34521428571429e+01 1.04743494936508e-06 3.33033892681115e-08
3.35187142857143e+01 1.02190166083331e-06 3.25238674992939e-08
3.35852857142857e+01 9.96990796486879e-07 3.17625290777530e-08
3.36518571428571e+01 9.72687183510021e-07 3.10189516134857e-08
3.37184285714286e+01 9.48976018885460e-07 3.02927224135622e-08
3.37850000000000e+01 9.25842860588218e-07 2.95834383274033e-08
3.38515714285714e+01 9.03273618575346e-07 2.88907055736690e-08
3.39181428571429e+01 8.81254546276467e-07 2.82141394751731e-08
3.39847142857143e+01 8.59772232159115e-07 2.75533642141086e-08
3.40512857142857e+01 8.38813591748770e-07 2.69080126671254e-08
3.41178571428571e+01 8.18365859467132e-07 2.62777262649807e-08
3.41844285714286e+01 7.98416580864949e-07 2.56621546791426e-08
3.42510000000000e+01 7.78953605210539e-07 2.50609556891074e-08
3.43175714285714e+01 7.59965077911506e-07 2.44737950344423e-08
3.43841428571429e+01 7.41439433354511e-07 2.39003461900583e-08
3.44507142857143e+01 7.23365387809516e-07 2.33402901585275e-08
3.45172857142857e+01 7.05731932713721e-07 2.27933153292079e-08
3.45838571428571e+01 6.88528327806930e-07 2.22591173579767e-08
3.46504285714286e+01 6.71744094596576e-07 2.17373989024337e-08
3.47170000000000e+01 6.55369010120135e-07 2.12278695081882e-08
3.47835714285714e+01 6.39393100571183e-07 2.07302454824526e-08
3.48501428571429e+01 6.23806635274486e-07 2.02442497035502e-08
3.49167142857143e+01 6.08600120716597e-07 1.97696114447311e-08
3.49832857142857e+01 5.93764294893566e-07 1.93060662538846e-08
3.50498571428571e+01 5.79290121537206e-07 1.88533558505382e-08
3.51164285714286e+01 5.65168784616840e-07 1.84112279021320e-08
3.51830000000000e+01 5.51391683089723e-07 1.79794359266159e-08
3.52495714285714e+01 5.37950425539998e-07 1.75577391844964e-08
3.53161428571429e+01 5.24836825109113e-07 1.71459025173861e-08
3.53827142857143e+01 5.12042894473954e-07 1.67436961985611e-08
3.54492857142857e+01 4.99560841089884e-07 1.63508958302894e-08
3.55158571428571e+01 4.87383062334501e-07 1.59672822556632e-08
3.55824285714286e+01 4.75502140881648e-07 1.55926413695800e-08
3.56490000000000e+01 4.63910840283376e-07 1.52267640353535e-08
3.57155714285714e+01 4.52602100460807e-07 1.48694459925567e-08
3.57821428571429e+01 4.41569033438402e-07 1.45204877201988e-08
3.58487142857143e+01 4.30804919119228e-07 1.41796943099825e-08
3.59152857142857e+01 4.20303201281524e-07 1.38468753787022e-08
3.59818571428571e+01 4.10057483494135e-07 1.35218449928079e-08
3.60484285714286e+01 4.00061525224395e-07 1.32044215087149e-08
3.61150000000000e+01 3.90309238119951e-07 1.28944275014466e-08
3.61815714285714e+01 3.80794682216127e-07 1.25916896859923e-08
3.62481428571429e+01 3.71512062346596e-07 1.22960388013670e-08
3.63147142857143e+01 3.62455724589233e-07 1.20073095031349e-08
3.63812857142857e+01 3.53620152896879e-07 1.17253402886897e-08
3.64478571428571e+01 3.44999965661798e-07 1.14499734327428e-08
3.65144285714286e+01 3.36589912441015e-07 1.11810548524144e-08
3.65810000000000e+01 3.28384870827161e-07 1.09184340462022e-08
3.66475714285714e+01 3.20379843258456e-07 1.06619640268930e-08
3.67141428571429e+01 3.12569953998542e-07 1.04115012233299e-08
3.67807142857143e+01 3.04950446146477e-07 1.01669053892849e-08
3.68472857142857e+01 2.97516678801249e-07 9.92803953974717e-09
3.69138571428571e+01 2.90264124172104e-07 9.69476989577744e-09
3.69804285714286e+01 2.83188364823396e-07 9.46696577054067e-09
3.70470000000000e+01 2.76285091041145e-07 9.24449951712618e-09
3.71135714285714e+01 2.69550098149889e-07 9.02724647133637e-09
3.71801428571429e+01 2.62979283971415e-07 8.81508486846539e-09
3.72467142857143e+01 2.56568646309356e-07 8.60789576604321e-09
3.73132857142857e+01 2.50314280562903e-07 8.40556298952763e-09
3.73798571428571e+01 2.44212377296272e-07 8.20797308518342e-09
3.74464285714286e+01 2.38259219920628e-07 8.01501522380855e-09
3.75130000000000e+01 2.32451182477862e-07 7.82658115614342e-09
3.75795714285714e+01 2.26784727383741e-07 7.64256516409599e-09
3.76461428571429e+01 2.21256403289619e-07 7.46286399024503e-09
3.77127142857143e+01 2.15862842966284e-07 7.28737677235210e-09
3.77792857142857e+01 2.10600761295743e-07 7.11600499708299e-09
3.78458571428571e+01 2.05466953226832e-07 6.94865245976095e-09
3.79124285714286e+01 2.00458291824906e-07 6.78522518304094e-09
3.79790000000000e+01 1.95571726406726e-07 6.62563137881881e-09
3.80455714285714e+01 1.90804280642177e-07 6.46978140666288e-09
3.81121428571429e+01 1.86153050755054e-07 6.31758771410146e-09
3.81787142857143e+01 1.81615203742795e-07 6.16896478111649e-09
3.82452857142857e+01 1.77187975686432e-07 6.02382908071831e-09
3.83118571428571e+01 1.72868670031008e-07 5.88209904458311e-09
3.83784285714286e+01 1.68654655944670e-07 5.74369499435707e-09
3.84450000000000e+01 1.64543366749058e-07 5.60853910913007e-09
3.85115714285714e+01 1.60532298322610e-07 5.47655539001887e-09
3.85781428571429e+01 1.56619007586660e-07 5.34766960959409e-09
3.86447142857143e+01 1.52801111007737e-07 5.22180926483969e-09
3.87112857142857e+01 1.49076283175289e-07 5.09890354357535e-09
3.87778571428571e+01 1.45442255355288e-07 4.97888329512779e-09
3.88444285714286e+01 1.41896814109641e-07 4.86168097230564e-09
3.89110000000000e+01 1.38437799975282e-07 4.74723060363491e-09
3.89775714285714e+01 1.35063106121125e-07 4.63546776319162e-09
3.90441428571429e+01 1.31770677074249e-07 4.52632952777367e-09
3.91107142857143e+01 1.28558507459897e-07 4.41975443703848e-09
3.91772857142857e+01 1.25424640804566e-07 4.31568246491374e-09
3.92438571428571e+01 1.22367168319387e-07 4.21405499457397e-09
3.93104285714286e+01 1.19384227738555e-07 4.11481476942953e-09
3.93770000000000e+01 1.16474002207724e-07 4.01790586943539e-09
3.94435714285714e+01 1.13634719154315e-07 3.92327368540184e-09
3.95101428571429e+01 1.10864649215700e-07 3.83086488272801e-09
3.95767142857143e+01 1.08162105179194e-07 3.74062736762662e-09
3.96432857142857e+01 1.05525440974787e-07 3.65251026278777e-09
3.97098571428571e+01 1.02953050651802e-07 3.56646388603574e-09
3.97764285714286e+01 1.00443367401600e-07 3.48243970893296e-09
3.98430000000000e+01 9.79948626221102e-08 3.40039033657128e-09
3.99095714285714e+01 9.56060449676003e-08 3.32026948570178e-09
3.99761428571429e+01 9.32754594468300e-08 3.24203195402724e-09
4.00427142857143e+01 9.10016865312823e-08 3.16563359158735e-09
4.01092857142857e+01 8.87833413075078e-08 3.09103128004757e-09
4.01758571428571e+01 8.66190726163383e-08 3.01818291450083e-09
4.02424285714286e+01 8.45075622306402e-08 2.94704736850476e-09
4.03090000000000e+01 8.24475240680744e-08 2.87758447684848e-09
4.03755714285714e+01 8.04377033918138e-08 2.80975501693846e-09
4.04421428571429e+01 7.84768760517144e-08 2.74352068280012e-09
4.05087142857143e+01 7.65638477340843e-08 2.67884406083723e-09
4.05752857142857e+01 7.46974532483478e-08 2.61568861221039e-09
4.06418571428571e+01 7.28765558029944e-08 2.55401865732459e-09
4.07084285714286e+01 7.11000463137775e-08 2.49379934630058e-09
4.07750000000000e+01 6.93668427412231e-08 2.43499664428396e-09
4.08415714285714e+01 6.76758894183111e-08 2.37757731560587e-09
4.09081428571429e+01 6.60261564119851e-08 2.32150890177342e-09
4.09747142857143e+01 6.44166388919940e-08 2.26675970093657e-09
4.10412857142857e+01 6.28463565305947e-08 2.21329875289854e-09
4.11078571428571e+01 6.13143528935127e-08 2.16109582589678e-09
4.11744285714286e+01 5.98196948578929e-08 2.11012139166473e-09
4.12410000000000e+01 5.83614720547902e-08 2.06034661291153e-09
4.13075714285714e+01 5.69387963036446e-08 2.01174332984706e-09
4.13741428571429e+01 5.55508010750475e-08 1.96428404155071e-09
4.14407142857143e+01 5.41966409597554e-08 1.91794188858031e-09
4.15072857142857e+01 5.28754911635221e-08 1.87269064022422e-09
4.15738571428571e+01 5.15865469947986e-08 1.82850468323969e-09
4.16404285714286e+01 5.03290233750243e-08 1.78535900079180e-09
4.17070000000000e+01 4.91021543694666e-08 1.74322916178640e-09
4.17735714285714e+01 4.79051927115233e-08 1.70209130940892e-09
4.18401428571429e+01 4.67374093506884e-08 1.66192214535406e-09
4.19067142857143e+01 4.55980930058386e-08 1.62269891509748e-09
4.19732857142857e+01 4.44865497401217e-08 1.58439939705638e-09
4.20398571428571e+01 4.34021025300286e-08 1.54700189299807e-09
4.21064285714286e+01 4.23440908533744e-08 1.51048521025386e-09
4.21730000000000e+01 4.13118702944889e-08 1.47482865263328e-09
4.22395714285714e+01 4.03048121440759e-08 1.44001201067770e-09
4.23061428571429e+01 3.93223030188673e-08 1.40601554831278e-09
4.23727142857143e+01 3.83637444858077e-08 1.37281999037621e-09
4.24392857142857e+01 3.74285527043132e-08 1.34040651340299e-09
4.25058571428571e+01 3.65161580637889e-08 1.30875673745851e-09
4.25724285714286e+01 3.56260048369749e-08 1.27785271111862e-09
4.26390000000000e+01 3.47575508477068e-08 1.24767690373259e-09
4.27055714285714e+01 3.39102671343288e-08 1.21821219713685e-09
4.27721428571429e+01 3.30836376296682e-08 1.18944187435868e-09
4.28387142857143e+01 3.22771588448645e-08 1.16134960905538e-09
4.29052857142857e+01 3.14903395683240e-08 1.13391945768218e-09
4.29718571428571e+01 3.07227005608097e-08 1.10713585254010e-09
4.30384285714286e+01 2.99737742637831e-08 1.08098358909225e-09
4.31050000000000e+01 2.92431045198186e-08 1.05544781937692e-09
4.31715714285714e+01 2.85302462894760e-08 1.03051404496412e-09
4.32381428571429e+01 2.78347653820287e-08 1.00616810739599e-09
4.33047142857143e+01 2.71562381894715e-08 9.82396179245126e-10
4.33712857142857e+01 2.64942514331867e-08 9.59184757459000e-10
4.34378571428571e+01 2.58484019074608e-08 9.36520657443239e-10
4.35044285714286e+01 2.52182962340976e-08 9.14391002351019e-10
4.35710000000000e+01 2.46035506271424e-08 8.92783217476801e-10
4.36375714285714e+01 2.40037906547228e-08 8.71685024270264e-10
4.37041428571429e+01 2.34186510124810e-08 8.51084432247029e-10
4.37707142857143e+01 2.28477752997967e-08 8.30969731418570e-10
4.38372857142857e+01 2.22908158066036e-08 8.11329486637365e-10
4.39038571428571e+01 2.17474332976416e-08 7.92152532562492e-10
4.39704285714286e+01 2.12172968059989e-08 7.73427964615564e-10
4.40370000000000e+01 2.07000834351261e-08 7.55145134210073e-10
4.41035714285714e+01 2.01954781585007e-08 7.37293643664948e-10
4.41701428571429e+01 1.97031736289925e-08 7.19863339359921e-10
4.42367142857143e+01 1.92228699906009e-08 7.02844305327112e-10
4.43032857142857e+01 1.87542746990595e-08 6.86226858447328e-10
4.43698571428571e+01 1.82971023403526e-08 6.70001544167340e-10
4.44364285714286e+01 1.78510744570117e-08 6.54159128863148e-10
4.45030000000000e+01 1.74159193815088e-08 6.38690595781391e-10
4.45695714285714e+01 1.69913720677377e-08 6.23587140718067e-10
4.46361428571429e+01 1.65771739306132e-08 6.08840166227411e-10
4.47027142857143e+01 1.61730726876868e-08 5.94441276197318e-10
4.47692857142857e+01 1.57788222081844e-08 5.80382271769328e-10
4.48358571428571e+01 1.53941823603453e-08 5.66655147696161e-10
4.49024285714286e+01 1.50189188652760e-08 5.53252085893468e-10
4.49690000000000e+01 1.46528031567505e-08 5.40165451987752e-10
4.50355714285714e+01 1.42956122394544e-08 5.27387791645800e-10
4.51021428571429e+01 1.39471285540235e-08 5.14911825675200e-10
4.51687142857143e+01 1.36071398437952e-08 5.02730445432916e-10
4.52352857142857e+01 1.32754390277742e-08 4.90836709360502e-10
4.53018571428571e+01 1.29518240722153e-08 4.79223839886810e-10
4.53684285714286e+01 1.26360978676632e-08 4.67885217983438e-10
4.54350000000000e+01 1.23280681109742e-08 4.56814380229070e-10
4.55015714285714e+01 1.20275471860731e-08 4.46005015692165e-10
4.55681428571429e+01 1.17343520503957e-08 4.35450961786095e-10
4.56347142857143e+01 1.14483041227883e-08 4.25146200383196e-10
4.57012857142857e+01 1.11692291766072e-08 4.15084854872945e-10
4.57678571428571e+01 1.08969572316964e-08 4.05261187528690e-10
4.58344285714286e+01 1.06313224509338e-08 3.95669594910691e-10
4.59010000000000e+01 1.03721630409539e-08 3.86304605370174e-10
4.59675714285714e+01 1.01193211518400e-08 3.77160876402240e-10
4.60341428571429e+01 9.87264278157853e-09 3.68233191139674e-10
4.61007142857143e+01 9.63197768174744e-09 3.59516455064299e-10
4.61672857142857e+01 9.39717926756135e-09 3.51005693509508e-10
4.62338571428571e+01 9.16810452700276e-09 3.42696049421985e-10
4.63004285714286e+01 8.94461393378172e-09 3.34582779480452e-10
4.63670000000000e+01 8.72657136379395e-09 3.26661251973983e-10
4.64335714285714e+01 8.51384401074297e-09 3.18926944554579e-10
4.65001428571429e+01 8.30630230574748e-09 3.11375441271384e-10
4.65667142857143e+01 8.10381983799753e-09 3.04002429787731e-10
4.66332857142857e+01 7.90627327905798e-09 2.96803699261226e-10
4.66998571428571e+01 7.71354230643002e-09 2.89775138441565e-10
4.67664285714286e+01 7.52550953031946e-09 2.82912732393649e-10
4.68330000000000e+01 7.34206042333719e-09 2.76212560694343e-10
4.68995714285714e+01 7.16308324952050e-09 2.69670795524681e-10
4.69661428571429e+01 6.98846899669092e-09 2.63283699161328e-10
4.70327142857143e+01 6.81811130970228e-09 2.57047621621726e-10
4.70992857142857e+01 6.65190642674287e-09 2.50958998864934e-10
4.71658571428571e+01 6.48975311503535e-09 2.45014351175328e-10
4.72324285714286e+01 6.33155260922310e-09 2.39210280396037e-10
4.72990000000000e+01 6.17720855221405e-09 2.33543468396666e-10
4.73655714285714e+01 6.02662693547324e-09 2.28010675453997e-10
4.74321428571429e+01 5.87971604210900e-09 2.22608738130355e-10
4.74987142857143e+01 5.73638639071437e-09 2.17334567281114e-10
4.75652857142857e+01 5.59655068176636e-09 2.12185146527969e-10
4.76318571428571e+01 5.46012374353641e-09 2.07157530885804e-10
4.76984285714286e+01 5.32702248025164e-09 2.02248844427040e-10
4.77650000000000e+01 5.19716582231588e-09 1.97456278979781e-10
4.78315714285714e+01 5.07047467608346e-09 1.92777092753635e-10
4.78981428571429e+01 4.94687187597217e-09 1.88208608545374e-10
4.79647142857143e+01 4.82628213721692e-09 1.83748212053174e-10
4.80312857142857e+01 4.70863201076566e-09 1.79393350581224e-10
4.80978571428571e+01 4.59384983777884e-09 1.75141531873382e-10
4.81644285714286e+01 4.48186570601489e-09 1.70990322141346e-10
4.82310000000000e+01 4.37261140794201e-09 1.66937344958789e-10
4.82975714285714e+01 4.26602039848758e-09 1.62980280095314e-10
4.83641428571429e+01 4.16202775474624e-09 1.59116861999035e-10
4.84307142857143e+01 4.06057013623141e-09 1.55344878370405e-10
4.84972857142857e+01 3.96158574692106e-09 1.51662169063258e-10
4.85638571428571e+01 3.86501429698229e-09 1.48066625094262e-10
4.86304285714286e+01 3.77079696607613e-09 1.44556186978291e-10
4.86970000000000e+01 3.67887636810954e-09 1.41128843789185e-10
4.87635714285714e+01 3.58919651569373e-09 1.37782632170464e-10
4.88301428571429e+01 3.50170278624284e-09 1.34515635052136e-10
4.88967142857143e+01 3.41634188853334e-09 1.31325980444222e-10
4.89632857142857e+01 3.33306183076645e-09 1.28211840504573e-10
4.90298571428571e+01 3.25181188837037e-09 1.25171430697751e-10
4.90964285714286e+01 3.17254257312673e-09 1.22203008389765e-10
4.91630000000000e+01 3.09520560351021e-09 1.19304872050481e-10
4.92295714285714e+01 3.01975387479045e-09 1.16475360414399e-10
4.92961428571429e+01 2.94614143050769e-09 1.13712851395606e-10
4.93627142857143e+01 2.87432343433911e-09 1.11015761067212e-10
4.94292857142857e+01 2.80425614322403e-09 1.08382542870723e-10
4.94958571428571e+01 2.73589688027882e-09 1.05811686901915e-10
4.95624285714286e+01 2.66920400882129e-09 1.03301718724556e-10
4.96290000000000e+01 2.60413690741231e-09 1.00851198693202e-10
4.96955714285714e+01 2.54065594470506e-09 9.84587212413656e-11
4.97621428571429e+01 2.47872245544487e-09 9.61229139640651e-11
4.98287142857143e+01 2.41829871680022e-09 9.38424367545677e-11
4.98952857142857e+01 2.35934792574834e-09 9.16159811339092e-11
4.99618571428571e+01 2.30183417629075e-09 8.94422696446757e-11
5.00284285714286e+01 2.24572243759866e-09 8.73200548496066e-11
5.00950000000000e+01 2.19097853301124e-09 8.52481187566942e-11
5.01615714285714e+01 2.13756911887831e-09 8.32252722154775e-11
5.02281428571429e+01 2.08546166436686e-09 8.12503541413330e-11
5.02947142857143e+01 2.03462443154812e-09 7.93222307853335e-11
5.03612857142857e+01 1.98502645636830e-09 7.74397951657106e-11
5.04278571428571e+01 1.93663752948180e-09 7.56019665533183e-11
5.04944285714286e+01 1.88942817786385e-09 7.38076896263213e-11
5.05610000000000e+01 1.84336964713817e-09 7.20559339822096e-11
5.06275714285714e+01 1.79843388377904e-09 7.03456936258548e-11
5.06941428571429e+01 1.75459351812070e-09 6.86759863136800e-11
5.07607142857143e+01 1.71182184760449e-09 6.70458529361384e-11
5.08272857142857e+01 1.67009282076628e-09 6.54543570356789e-11
5.08938571428571e+01 1.62938102111299e-09 6.39005843700799e-11
5.09604285714286e+01 1.58966165165239e-09 6.23836421989110e-11
5.10270000000000e+01 1.55091052002236e-09 6.09026588693825e-11
5.10935714285714e+01 1.51310402351891e-09 5.94567833822634e-11
5.11601428571429e+01 1.47621913480047e-09 5.80451848374332e-11
5.12267142857143e+01 1.44023338779353e-09 5.66670519116368e-11
5.12932857142857e+01 1.40512486421870e-09 5.53215924498365e-11
5.13598571428571e+01 1.37087218002719e-09 5.40080330946818e-11
5.14264285714286e+01 1.33745447238496e-09 5.27256186842147e-11
5.14930000000000e+01 1.30485138715952e-09 5.14736119004294e-11
5.15595714285714e+01 1.27304306632514e-09 5.02512929012517e-11
5.16261428571429e+01 1.24201013593458e-09 4.90579588518227e-11
5.16927142857143e+01 1.21173369426143e-09 4.78929234828532e-11
5.17592857142857e+01 1.18219530046224e-09 4.67555167442262e-11
5.18258571428571e+01 1.15337696316655e-09 4.56450844906298e-11
5.18924285714286e+01 1.12526112952600e-09 4.45609879731682e-11
5.19590000000000e+01 1.09783067468495e-09 4.35026035411780e-11
5.20255714285714e+01 1.07106889118537e-09 4.24693223302529e-11
5.20921428571429e+01 1.04495947884645e-09 4.14605498660133e-11
5.21587142857143e+01 1.01948653478860e-09 4.04757056906472e-11
5.22252857142857e+01 9.94634543893092e-10 3.95142230693087e-11
5.22918571428571e+01 9.70388369203692e-10 3.85755487234315e-11
5.23584285714286e+01 9.46733242713083e-10 3.76591424016214e-11
5.24250000000000e+01 9.23654756502829e-10 3.67644766266849e-11
5.24915714285714e+01 9.01138853830464e-10 3.58910364311909e-11
5.25581428571429e+01 8.79171820614315e-10 3.50383190225370e-11
5.26247142857143e+01 8.57740277040623e-10 3.42058334671600e-11
5.26912857142857e+01 8.36831169535696e-10 3.33931004417116e-11
5.27578571428571e+01 8.16431762691473e-10 3.25996520068522e-11
5.28244285714286e+01 7.96529631513697e-10 3.18250312450611e-11
5.28910000000000e+01 7.77112653966542e-10 3.10687920460530e-11
5.29575714285714e+01 7.58169003474810e-10 3.03304988826542e-11
5.30241428571429e+01 7.39687141759372e-10 2.96097265276976e-11
5.30907142857143e+01 7.21655811776155e-10 2.89060597870113e-11
5.31572857142857e+01 7.04064030961054e-10 2.82190932885638e-11
5.32238571428571e+01 6.86901084437451e-10 2.75484312906118e-11
5.32904285714286e+01 6.70156518494220e-10 2.68936873760027e-11
5.33570000000000e+01 6.53820134312349e-10 2.62544842701749e-11
5.34235714285714e+01 6.37881981657545e-10 2.56304536512222e-11
5.34901428571429e+01 6.22332352852076e-10 2.50212359106058e-11
5.35567142857143e+01 6.07161776834268e-10 2.44264799273994e-11
5.36232857142857e+01 5.92361013474395e-10 2.38458428896251e-11
5.36898571428571e+01 5.77921047860619e-10 2.32789901315586e-11
5.37564285714286e+01 5.63833084811701e-10 2.27255948757187e-11
5.38230000000000e+01 5.50088543598242e-10 2.21853380785193e-11
5.38895714285714e+01 5.36679052636681e-10 2.16579082693221e-11
5.39561428571429e+01 5.23596444417301e-10 2.11430013481951e-11
5.40227142857143e+01 5.10832750506406e-10 2.06403203950475e-11
5.40892857142857e+01 4.98380196763416e-10 2.01495755182560e-11
5.41558571428571e+01 4.86231198533987e-10 1.96704837167130e-11
5.42224285714286e+01 4.74378356033286e-10 1.92027686620658e-11
5.42890000000000e+01 4.62814449904161e-10 1.87461605678356e-11
5.43555714285714e+01 4.51532436753536e-10 1.83003960530490e-11
5.44221428571429e+01 4.40525444884921e-10 1.78652179713114e-11
5.44887142857143e+01 4.29786770093682e-10 1.74403752494478e-11
5.45552857142857e+01 4.19309871642452e-10 1.70256227592649e-11
5.46218571428571e+01 4.09088368217414e-10 1.66207212005899e-11
5.46884285714286e+01 3.99116034044006e-10 1.62254369174849e-11
5.47550000000000e+01 3.89386795149346e-10 1.58395417872777e-11
5.48215714285714e+01 3.79894725607279e-10 1.54628131050285e-11
5.48881428571429e+01 3.70634043947771e-10 1.50950334390750e-11
5.49547142857143e+01 3.61599109619427e-10 1.47359904946260e-11
5.50212857142857e+01 3.52784419602999e-10 1.43854770051312e-11
5.50878571428571e+01 3.44184605009646e-10 1.40432906331275e-11
5.51544285714286e+01 3.35794427812888e-10 1.37092338151310e-11
5.52210000000000e+01 3.27608777703627e-10 1.33831136675616e-11
5.52875714285714e+01 3.19622668931325e-10 1.30647418888674e-11
5.53541428571429e+01 3.11831237282931e-10 1.27539346374499e-11
5.54207142857143e+01 3.04229737106756e-10 1.24505124163552e-11
5.54872857142857e+01 2.96813538462910e-10 1.21542999812617e-11
5.55538571428571e+01 2.89578124261622e-10 1.18651262564318e-11
5.56204285714286e+01 2.82519087513665e-10 1.15828242038095e-11
5.56870000000000e+01 2.75632128684026e-10 1.13072307432732e-11
5.57535714285714e+01 2.68913053034569e-10 1.10381866697288e-11
5.58201428571429e+01 2.62357768082164e-10 1.07755365499509e-11
5.58867142857143e+01 2.55962281094825e-10 1.05191286251128e-11
5.59532857142857e+01 2.49722696693958e-10 1.02688147328562e-11
5.60198571428571e+01 2.43635214446995e-10 1.00244502360553e-11
5.60864285714286e+01 2.37696126554040e-10 9.78589391234353e-12
5.61530000000000e+01 2.31901815621120e-10 9.55300788652000e-12
5.62195714285714e+01 2.26248752424724e-10 9.32565756032788e-12
5.62861428571429e+01 2.20733493773116e-10 9.10371152528345e-12
5.63527142857143e+01 2.15352680399799e-10 8.88704148028895e-12
5.64192857142857e+01 2.10103034945945e-10 8.67552216563497e-12
5.64858571428571e+01 2.04981359935207e-10 8.46903130262932e-12
5.65524285714286e+01 1.99984535827376e-10 8.26744950036700e-12
5.66190000000000e+01 1.95109519144706e-10 8.07066019844285e-12
5.66855714285714e+01 1.90353340591332e-10 7.87854960747969e-12
5.67521428571429e+01 1.85713103253827e-10 7.69100663547023e-12
5.68187142857143e+01 1.81185980828938e-10 7.50792281814195e-12
5.68852857142857e+01 1.76769215925920e-10 7.32919226306972e-12
5.69518571428571e+01 1.72460118362850e-10 7.15471159851640e-12
5.70184285714286e+01 1.68256063529074e-10 6.98437989475639e-12
5.70850000000000e+01 1.64154490808616e-10 6.81809861552875e-12
5.71515714285714e+01 1.60152901998147e-10 6.65577156767262e-12
5.72181428571429e+01 1.56248859792964e-10 6.49730483888985e-12
5.72847142857143e+01 1.52439986295964e-10 6.34260673889074e-12
5.73512857142857e+01 1.48723961589150e-10 6.19158775207135e-12
5.74178571428571e+01 1.45098522300417e-10 6.04416049416536e-12
5.74844285714286e+01 1.41561460225788e-10 5.90023964584960e-12
5.75510000000000e+01 1.38110621002816e-10 5.75974191160790e-12
5.76175714285714e+01 1.34743902779692e-10 5.62258597708324e-12
5.76841428571429e+01 1.31459254941390e-10 5.48869245649185e-12
5.77507142857143e+01 1.28254676855232e-10 5.35798384288285e-12
5.78172857142857e+01 1.25128216668906e-10 5.23038446807083e-12
5.78838571428571e+01 1.22077970104767e-10 5.10582046590936e-12
5.79504285714286e+01 1.19102079300665e-10 4.98421971626278e-12
5.80170000000000e+01 1.16198731693683e-10 4.86551181015261e-12
5.80835714285714e+01 1.13366158900532e-10 4.74962801364646e-12
5.81501428571429e+01 1.10602635645752e-10 4.63650122342866e-12
5.82167142857143e+01 1.07906478706339e-10 4.52606592476433e-12
5.82832857142857e+01 1.05276045900347e-10 4.41825815757766e-12
5.83498571428571e+01 1.02709735072593e-10 4.31301548533811e-12
5.84164285714286e+01 1.00205983119393e-10 4.21027694778063e-12
5.84830000000000e+01 9.77632650492911e-11 4.10998303137767e-12
5.85495714285714e+01 9.53800930411945e-11 4.01207563876587e-12
5.86161428571429e+01 9.30550155425807e-11 3.91649805120916e-12
5.86827142857143e+01 9.07866163815976e-11 3.82319489307501e-12
5.87492857142857e+01 8.85735139160347e-11 3.73211210311817e-12
5.88158571428571e+01 8.64143601800470e-11 3.64319690812383e-12
5.88824285714286e+01 8.43078400636123e-11 3.55639778301136e-12
5.89490000000000e+01 8.22526705221998e-11 3.47166442582043e-12
5.90155714285714e+01 8.02475997844208e-11 3.38894773182730e-12
5.90821428571429e+01 7.82914065932799e-11 3.30819976183311e-12
5.91487142857143e+01 7.63828994591701e-11 3.22937371214458e-12
5.92152857142857e+01 7.45209159437871e-11 3.15242389026552e-12
5.92818571428571e+01 7.27043219423073e-11 3.07730569257230e-12
5.93484285714286e+01 7.09320109930247e-11 3.00397557064824e-12
5.94150000000000e+01 6.92029036123382e-11 2.93239101009541e-12
5.94815714285714e+01 6.75159466281848e-11 2.86251050862340e-12
5.95481428571429e+01 6.58701125416447e-11 2.79429354925898e-12
5.96147142857143e+01 6.42643988984737e-11 2.72770057497962e-12
5.96812857142857e+01 6.26978276865637e-11 2.66269296813806e-12
5.97478571428571e+01 6.11694447320713e-11 2.59923303155413e-12
5.98144285714286e+01 5.96783191185814e-11 2.53728396010754e-12
5.98810000000000e+01 5.82235426275432e-11 2.47680982279167e-12
5.99475714285714e+01 5.68042291775168e-11 2.41777554416639e-12
6.00141428571429e+01 5.54195142870427e-11 2.36014688172643e-12
6.00807142857143e+01 5.40685545459001e-11 2.30389040446715e-12
6.01472857142857e+01 5.27505271081113e-11 2.24897347546984e-12
6.02138571428571e+01 5.14646291839302e-11 2.19536423588893e-12
6.02804285714286e+01 5.02100775511562e-11 2.14303158098165e-12
6.03470000000000e+01 4.89861080842991e-11 2.09194514490946e-12
6.04135714285714e+01 4.77919752828415e-11 2.04207528503935e-12
6.04801428571429e+01 4.66269518193091e-11 1.99339306282592e-12
6.05467142857143e+01 4.54903280944314e-11 1.94587022570054e-12
6.06132857142857e+01 4.43814118105389e-11 1.89947919233306e-12
6.06798571428571e+01 4.32995275441952e-11 1.85419303907163e-12
6.07464285714286e+01 4.22440163350406e-11 1.80998547971719e-12
6.08130000000000e+01 4.12142352896174e-11 1.76683085265246e-12
6.08795714285714e+01 4.02095571845163e-11 1.72470410755522e-12
6.09461428571429e+01 3.92293700861338e-11 1.68358078924916e-12
6.10127142857143e+01 3.82730769764202e-11 1.64343702240177e-12
6.10792857142857e+01 3.73400953939238e-11 1.60424949905176e-12
6.11458571428571e+01 3.64298570742630e-11 1.56599546712701e-12
6.12124285714286e+01 3.55418076042004e-11 1.52865271337874e-12
6.12790000000000e+01 3.46754060882901e-11 1.49219955248271e-12
6.13455714285714e+01 3.38301248150201e-11 1.45661481579470e-12
6.14121428571429e+01 3.30054489368860e-11 1.42187783770942e-12
6.14787142857143e+01 3.22008761555251e-11 1.38796844273204e-12
6.15452857142857e+01 3.14159164196810e-11 1.35486693492370e-12
6.16118571428571e+01 3.06500916227468e-11 1.32255408817978e-12
6.16784285714286e+01 2.99029353117208e-11 1.29101113183055e-12
6.17450000000000e+01 2.91739924067141e-11 1.26021974141294e-12
6.18115714285714e+01 2.84628189200887e-11 1.23016202915493e-12
6.18781428571429e+01 2.77689816872803e-11 1.20082053245343e-12
6.19447142857143e+01 2.70920581018947e-11 1.17217820295159e-12
6.20112857142857e+01 2.64316358615673e-11 1.14421839760806e-12
6.20778571428571e+01 2.57873127135177e-11 1.11692487046630e-12
6.21444285714286e+01 2.51586962096796e-11 1.09028176050523e-12
6.22110000000000e+01 2.45454034706873e-11 1.06427358382611e-12
6.22775714285714e+01 2.39470609495970e-11 1.03888522560051e-12
6.23441428571429e+01 2.33633042054074e-11 1.01410193033835e-12
6.24107142857143e+01 2.27937776801921e-11 9.89909292660113e-13
6.24772857142857e+01 2.22381344852580e-11 9.66293249740494e-13
6.25438571428571e+01 2.16960361870905e-11 9.43240074340557e-13
6.26104285714286e+01 2.11671526013319e-11 9.20736364556946e-13
6.26770000000000e+01 2.06511615941937e-11 8.98769037207480e-13
6.27435714285714e+01 2.01477488836839e-11 8.77325321017912e-13
6.28101428571429e+01 1.96566078490534e-11 8.56392748402253e-13
6.28767142857143e+01 1.91774393432919e-11 8.35959147667165e-13
6.29432857142857e+01 1.87099515131978e-11 8.16012636618868e-13
6.30098571428571e+01 1.82538596193000e-11 7.96541616664883e-13
6.30764285714286e+01 1.78088858625229e-11 7.77534764165181e-13
6.31430000000000e+01 1.73747592170893e-11 7.58981024832895e-13
6.32095714285714e+01 1.69512152633001e-11 7.40869607969794e-13
6.32761428571429e+01 1.65379960272074e-11 7.23189979524039e-13
6.33427142857143e+01 1.61348498228637e-11 7.05931855504673e-13
6.34092857142857e+01 1.57415311009237e-11 6.89085196573071e-13
6.34758571428571e+01 1.53578002971516e-11 6.72640203050350e-13
6.35424285714286e+01 1.49834236865856e-11 6.56587307620329e-13
6.36090000000000e+01 1.46181732429379e-11 6.40917170589879e-13
6.36755714285714e+01 1.42618264979188e-11 6.25620675011891e-13
6.37421428571429e+01 1.39141664063415e-11 6.10688920822181e-13
6.38087142857143e+01 1.35749812134030e-11 5.96113219276467e-13
6.38752857142857e+01 1.32440643272942e-11 5.81885088374933e-13
6.39418571428571e+01 1.29212141917543e-11 5.67996248636528e-13
6.40084285714286e+01 1.26062341633722e-11 5.54438616942567e-13
6.40750000000000e+01 1.22989323932825e-11 5.41204302525020e-13
6.41415714285714e+01 1.19991217088197e-11 5.28285602840592e-13
6.42081428571429e+01 1.17066195000202e-11 5.15674998619147e-13
6.42747142857143e+01 1.14212476079642e-11 5.03365149164530e-13
6.43412857142857e+01 1.11428322175861e-11 4.91348888484211e-13
6.44078571428571e+01 1.08712037504589e-11 4.79619221712907e-13
6.44744285714286e+01 1.06061967615618e-11 4.68169319918552e-13
6.45410000000000e+01 1.03476498397371e-11 4.56992516706980e-13
6.46075714285714e+01 1.00954055081288e-11 4.46082304731630e-13
6.46741428571429e+01 9.84931012868977e-12 4.35432331511893e-13
6.47407142857143e+01 9.60921380823985e-12 4.25036395463809e-13
6.48072857142857e+01 9.37497030827561e-12 4.14888442626268e-13
6.48738571428571e+01 9.14643695477251e-12 4.04982563634384e-13
6.49404285714286e+01 8.92347455133051e-12 3.95312989337485e-13
6.50070000000000e+01 8.70594729541671e-12 3.85874087925632e-13
6.50735714285714e+01 8.49372269460743e-12 3.76660361977242e-13
6.51401428571429e+01 8.28667148624279e-12 3.67666444927728e-13
6.52067142857143e+01 8.08466755839178e-12 3.58887097716770e-13
6.52732857142857e+01 7.88758787396419e-12 3.50317206019308e-13
6.53398571428571e+01 7.69531239482995e-12 3.41951777684347e-13
6.54064285714286e+01 7.50772400874424e-12 3.33785939038033e-13
6.54730000000000e+01 7.32470845887255e-12 3.25814932451995e-13
6.55395714285714e+01 7.14615427332753e-12 3.18034113846082e-13
6.56061428571429e+01 6.97195269756868e-12 3.10438949706264e-13
6.56727142857143e+01 6.80199762790843e-12 3.03025014252823e-13
6.57392857142857e+01 6.63618554765859e-12 2.95787987098389e-13
6.58058571428571e+01 6.47441546329409e-12 2.88723651080743e-13
6.58724285714286e+01 6.31658884297155e-12 2.81827889143933e-13
6.59390000000000e+01 6.16260955723041e-12 2.75096682280621e-13
6.60055714285714e+01 6.01238381971427e-12 2.68526107419896e-13
6.60721428571429e+01 5.86582013029392e-12 2.62112334909078e-13
6.61387142857143e+01 5.72282921912448e-12 2.55851626121961e-13
6.62052857142857e+01 5.58332399291797e-12 2.49740331478152e-13
6.62718571428571e+01 5.44721948123956e-12 2.43774888609331e-13
6.63384285714286e+01 5.31443278478035e-12 2.37951819728106e-13
6.64050000000000e+01 5.18488302546222e-12 2.32267729886938e-13
6.64715714285714e+01 5.05849129656836e-12 2.26719305191734e-13
6.65381428571429e+01 4.93518061488863e-12 2.21303310675464e-13
6.66047142857143e+01 4.81487587365354e-12 2.16016588278117e-13
6.66712857142857e+01 4.69750379732709e-12 2.10856055171688e-13
6.67378571428571e+01 4.58299289642727e-12 2.05818702208709e-13
6.68044285714286e+01 4.47127342400545e-12 2.00901591702571e-13
6.68710000000000e+01 4.36227733366379e-12 1.96101855954418e-13
6.69375714285714e+01 4.25593823760136e-12 1.91416695742361e-13
6.70041428571429e+01 4.15219136635068e-12 1.86843378525966e-13
6.70707142857143e+01 4.05097352917995e-12 1.82379236740227e-13
6.71372857142857e+01 3.95222307605507e-12 1.78021666379107e-13
6.72038571428571e+01 3.85587985963129e-12 1.73768125682958e-13
6.72704285714286e+01 3.76188519863719e-12 1.69616133265989e-13
6.73370000000000e+01 3.67018184254993e-12 1.65563266869953e-13
6.74035714285714e+01 3.58071393630055e-12 1.61607162086540e-13
6.74701428571429e+01 3.49342698639738e-12 1.57745510841292e-13
6.75367142857143e+01 3.40826782761161e-12 1.53976059952796e-13
6.76032857142857e+01 3.32518459097151e-12 1.50296609934943e-13
6.76698571428571e+01 3.24412667178703e-12 1.46705013886525e-13
6.77364285714286e+01 3.16504469884289e-12 1.43199175911568e-13
6.78030000000000e+01 3.08789050467588e-12 1.39777050064972e-13
6.78695714285714e+01 3.01261709588228e-12 1.36436639272117e-13
6.79361428571429e+01 2.93917862461514e-12 1.33175994048777e-13
6.80027142857143e+01 2.86753036055602e-12 1.29993211284341e-13
6.80692857142857e+01 2.79762866398492e-12 1.26886433229052e-13
6.81358571428571e+01 2.72943095888012e-12 1.23853846554694e-13
6.82024285714286e+01 2.66289570699883e-12 1.20893681022013e-13
6.82690000000000e+01 2.59798238286818e-12 1.18004208588779e-13
6.83355714285714e+01 2.53465144880548e-12 1.15183742496238e-13
6.84021428571429e+01 2.47286433093693e-12 1.12430636188282e-13
6.84687142857143e+01 2.41258339561677e-12 1.09743282283914e-13
6.85352857142857e+01 2.35377192676796e-12 1.07120111720940e-13
6.86018571428571e+01 2.29639410325171e-12 1.04559592961416e-13
6.86684285714286e+01 2.24041497706029e-12 1.02060230867525e-13
6.87350000000000e+01 2.18580045227412e-12 9.96205659471006e-14
6.88015714285714e+01 2.13251726404689e-12 9.72391735811708e-14
6.88681428571429e+01 2.08053295842845e-12 9.49146631114138e-14
6.89347142857143e+01 2.02981587252563e-12 9.26456769724444e-14
6.90012857142857e+01 1.98033511543647e-12 9.04308899678205e-14
6.90678571428572e+01 1.93206054921166e-12 8.82690085979865e-14
6.91344285714286e+01 1.88496277050713e-12 8.61587701120170e-14
6.92010000000000e+01 1.83901309287830e-12 8.40989418694319e-14
6.92675714285714e+01 1.79418352910071e-12 8.20883206870855e-14
6.93341428571429e+01 1.75044677419364e-12 8.01257320687208e-14
6.94007142857143e+01 1.70777618872889e-12 7.82100294722377e-14
6.94672857142857e+01 1.66614578278866e-12 7.63400936976045e-14
6.95338571428571e+01 1.62553019994883e-12 7.45148323184359e-14
6.96004285714286e+01 1.58590470184234e-12 7.27331788820992e-14
6.96670000000000e+01 1.54724515326144e-12 7.09940923699301e-14
6.97335714285714e+01 1.50952800728440e-12 6.92965566450508e-14
6.98001428571429e+01 1.47273029099206e-12 6.76395798019117e-14
6.98667142857143e+01 1.43682959142519e-12 6.60221935475610e-14
6.99332857142857e+01 1.40180404208638e-12 6.44434526841873e-14
6.99998571428571e+01 1.36763230946559e-12 6.29024346283792e-14
7.00664285714286e+01 1.33429358005251e-12 6.13982387363839e-14
7.01330000000000e+01 1.30176754780149e-12 5.99299858475788e-14
7.01995714285714e+01 1.27003440161895e-12 5.84968178176452e-14
7.02661428571429e+01 1.23907481334570e-12 5.70978969694225e-14
7.03327142857143e+01 1.20886992594250e-12 5.57324055704550e-14
7.03992857142857e+01 1.17940134213271e-12 5.43995453955535e-14
7.04658571428571e+01 1.15065111306639e-12 5.30985373202340e-14
7.05324285714286e+01 1.12260172739327e-12 5.18286207515556e-14
7.05990000000000e+01 1.09523610071555e-12 5.05890532420279e-14
7.06655714285714e+01 1.06853756506135e-12 4.93791100949582e-14
7.07321428571429e+01 1.04248985877343e-12 4.81980839008497e-14
7.07987142857143e+01 1.01707711656933e-12 4.70452840962628e-14
7.08652857142857e+01 9.92283859985270e-13 4.59200365940344e-14
7.09318571428571e+01 9.68094987839444e-13 4.48216834394628e-14
7.09984285714286e+01 9.44495767038571e-13 4.37495823302149e-14
7.10650000000000e+01 9.21471823703437e-13 4.27031062898166e-14
7.11315714285714e+01 8.99009134313047e-13 4.16816433340316e-14
7.11981428571429e+01 8.77094017197351e-13 4.06845960794878e-14
7.12647142857143e+01 8.55713124174603e-13 3.97113813712028e-14
7.13312857142857e+01 8.34853432510741e-13 3.87614299700120e-14
7.13978571428571e+01 8.14502236896356e-13 3.78341862618318e-14
7.14644285714286e+01 7.94647141711796e-13 3.69291078527027e-14
7.15310000000000e+01 7.75276053560136e-13 3.60456652926784e-14
7.15975714285714e+01 7.56377173816901e-13 3.51833417938115e-14
7.16641428571429e+01 7.37938991472330e-13 3.43416328997637e-14
7.17307142857143e+01 7.19950276095659e-13 3.35200461713147e-14
7.17972857142857e+01 7.02400071069701e-13 3.27181009221598e-14
7.18638571428571e+01 6.85277686841197e-13 3.19353279730687e-14
7.19304285714286e+01 6.68572694413084e-13 3.11712693103091e-14
7.19970000000000e+01 6.52274919061681e-13 3.04254778521689e-14
7.20635714285714e+01 6.36374434068907e-13 2.96975172105741e-14
7.21301428571429e+01 6.20861554699982e-13 2.89869614121872e-14
7.21967142857143e+01 6.05726832284103e-13 2.82933946328799e-14
7.22632857142857e+01 5.90961048521979e-13 2.76164109744239e-14
7.23298571428572e+01 5.76555209807459e-13 2.69556142566238e-14
7.23964285714286e+01 5.62500541752262e-13 2.63106177292024e-14
7.24630000000000e+01 5.48788483899590e-13 2.56810438743840e-14
7.25295714285714e+01 5.35410684451136e-13 2.50665242054046e-14
7.25961428571429e+01 5.22358995200126e-13 2.44666990310754e-14
7.26627142857143e+01 5.09625466551228e-13 2.38812172316044e-14
7.27292857142857e+01 4.97202342730889e-13 2.33097360698587e-14
7.27958571428571e+01 4.85082057010207e-13 2.27519210156126e-14
7.28624285714286e+01 4.73257227098320e-13 2.22074455025321e-14
7.29290000000000e+01 4.61720650694422e-13 2.16759907612555e-14
7.29955714285714e+01 4.50465301051667e-13 2.11572456490930e-14
7.30621428571429e+01 4.39484322714005e-13 2.06509064512880e-14
7.31287142857143e+01 4.28771027326294e-13 2.01566766917521e-14
7.31952857142857e+01 4.18318889604262e-13 1.96742669735531e-14
7.32618571428571e+01 4.08121543315572e-13 1.92033948303230e-14
7.33284285714286e+01 3.98172777404068e-13 1.87437845212852e-14
7.33950000000000e+01 3.88466532247215e-13 1.82951668901281e-14
7.34615714285714e+01 3.78996895924083e-13 1.78572792210703e-14
7.35281428571429e+01 3.69758100628457e-13 1.74298650711057e-14
7.35947142857143e+01 3.60744519143778e-13 1.70126741102163e-14
7.36612857142857e+01 3.51950661452247e-13 1.66054619865658e-14
7.37278571428571e+01 3.43371171353758e-13 1.62079902008774e-14
7.37944285714286e+01 3.35000823205035e-13 1.58200259335486e-14
7.38610000000000e+01 3.26834518770636e-13 1.54413419253390e-14
7.39275714285714e+01 3.18867284083252e-13 1.50717163557244e-14
7.39941428571429e+01 3.11094266425825e-13 1.47109327012958e-14
7.40607142857143e+01 3.03510731365813e-13 1.43587796008645e-14
7.41272857142857e+01 2.96112059902090e-13 1.40150507415388e-14
7.41938571428571e+01 2.88893745620491e-13 1.36795447525248e-14
7.42604285714286e+01 2.81851391950292e-13 1.33520650593084e-14
7.43270000000000e+01 2.74980709514644e-13 1.30324197827883e-14
7.43935714285714e+01 2.68277513489176e-13 1.27204216364727e-14
7.44601428571429e+01 2.61737721062855e-13 1.24158878069572e-14
7.45267142857143e+01 2.55357348942830e-13 1.21186398400468e-14
7.45932857142857e+01 2.49132510953829e-13 1.18285035444842e-14
7.46598571428571e+01 2.43059415645155e-13 1.15453089021742e-14
7.47264285714286e+01 2.37134363982433e-13 1.12688899451971e-14
7.47930000000000e+01 2.31353747118251e-13 1.09990846705394e-14
7.48595714285714e+01 2.25714044170000e-13 1.07357349532169e-14
7.49261428571429e+01 2.20211820083515e-13 1.04786864453920e-14
7.49927142857143e+01 2.14843723533839e-13 1.02277884802395e-14
7.50592857142857e+01 2.09606484905350e-13 9.98289399059430e-15
7.51258571428571e+01 2.04496914278556e-13 9.74385943306366e-15
7.51924285714286e+01 1.99511899488047e-13 9.51054468429827e-15
7.52590000000000e+01 1.94648404246718e-13 9.28281296891119e-15
7.53255714285714e+01 1.89903466276283e-13 9.06053078606298e-15
7.53921428571429e+01 1.85274195509821e-13 8.84356782431352e-15
7.54587142857143e+01 1.80757772325630e-13 8.63179688046831e-15
7.55252857142857e+01 1.76351445847705e-13 8.42509379083735e-15
7.55918571428572e+01 1.72052532252044e-13 8.22333736708815e-15
7.56584285714286e+01 1.67858413132722e-13 8.02640930875983e-15
7.57250000000000e+01 1.63766533923603e-13 7.83419414233435e-15
7.57915714285714e+01 1.59774402325562e-13 7.64657915919949e-15
7.58581428571429e+01 1.55879586794175e-13 7.46345434378203e-15
7.59247142857143e+01 1.52079715053805e-13 7.28471230504248e-15
7.59912857142857e+01 1.48372472667625e-13 7.11024821839115e-15
7.60578571428571e+01 1.44755601612738e-13 6.93995977146892e-15
7.61244285714286e+01 1.41226898905466e-13 6.77374709036173e-15
7.61910000000000e+01 1.37784215273385e-13 6.61151268809944e-15
7.62575714285714e+01 1.34425453832166e-13 6.45316141223623e-15
7.63241428571429e+01 1.31148568813161e-13 6.29860038419464e-15
7.63907142857143e+01 1.27951564313271e-13 6.14773894143863e-15
7.64572857142857e+01 1.24832493091759e-13 6.00048858839666e-15
7.65238571428571e+01 1.21789455371511e-13 5.85676295063455e-15
7.65904285714286e+01 1.18820597682432e-13 5.71647771262612e-15
7.66570000000000e+01 1.15924111744093e-13 5.57955057422359e-15
7.67235714285714e+01 1.13098233352570e-13 5.44590120636486e-15
7.67901428571429e+01 1.10341241309880e-13 5.31545119988112e-15
7.68567142857143e+01 1.07651456372212e-13 5.18812401668462e-15
7.69232857142857e+01 1.05027240237563e-13 5.06384494830329e-15
7.69898571428571e+01 1.02466994537253e-13 4.94254107714907e-15
7.70564285714286e+01 9.99691598628165e-14 4.82414122403495e-15
7.71230000000000e+01 9.75322148258646e-14 4.70857591138404e-15
7.71895714285714e+01 9.51546751215914e-14 4.59577732580576e-15
7.72561428571429e+01 9.28350926280439e-14 4.48567927489114e-15
7.73227142857143e+01 9.05720545212301e-14 4.37821714601079e-15
7.73892857142857e+01 8.83641824233261e-14 4.27332787128197e-15
7.74558571428571e+01 8.62101315542423e-14 4.17094989483487e-15
7.75224285714286e+01 8.41085899128998e-14 4.07102312854992e-15
7.75890000000000e+01 8.20582774862042e-14 3.97348892096397e-15
7.76555714285714e+01 8.00579454611778e-14 3.87829002565110e-15
7.77221428571429e+01 7.81063754671187e-14 3.78537056475978e-15
7.77887142857143e+01 7.62023788311157e-14 3.69467599423554e-15
7.78552857142857e+01 7.43447958613522e-14 3.60615307422356e-15
7.79218571428571e+01 7.25324951333246e-14 3.51974984140499e-15
7.79884285714286e+01 7.07643728010120e-14 3.43541557166772e-15
7.80550000000000e+01 6.90393519313086e-14 3.35310075382826e-15
7.81215714285714e+01 6.73563818411964e-14 3.27275706291767e-15
7.81881428571429e+01 6.57144374601251e-14 3.19433732940938e-15
7.82547142857143e+01 6.41125187036554e-14 3.11779550986522e-15
7.83212857142857e+01 6.25496498704330e-14 3.04308666193105e-15
7.83878571428571e+01 6.10248790416893e-14 2.97016692095874e-15
7.84544285714286e+01 5.95372775016953e-14 2.89899346852463e-15
7.85210000000000e+01 5.80859391777560e-14 2.82952451022210e-15
7.85875714285714e+01 5.66699800825778e-14 2.76171925309258e-15
7.86541428571429e+01 5.52885377777983e-14 2.69553787965623e-15
7.87207142857143e+01 5.39407708470141e-14 2.63094152313616e-15
7.87872857142857e+01 5.26258583883965e-14 2.56789224633501e-15
7.88538571428572e+01 5.13429995094961e-14 2.50635302187944e-15
7.89204285714286e+01 5.00914128396428e-14 2.44628770567046e-15
7.89870000000000e+01 4.88703360587588e-14 2.38766101811684e-15
7.90535714285714e+01 4.76790254282270e-14 2.33043852506862e-15
7.91201428571429e+01 4.65167553395233e-14 2.27458661590151e-15
7.91867142857143e+01 4.53828178708598e-14 2.22007248260567e-15
7.92532857142857e+01 4.42765223602745e-14 2.16686410194137e-15
7.93198571428571e+01 4.31971949806122e-14 2.11493021874545e-15
7.93864285714286e+01 4.21441783292842e-14 2.06424032354093e-15
7.94530000000000e+01 4.11168310318142e-14 2.01476463667891e-15
7.95195714285714e+01 4.01145273471590e-14 1.96647409223141e-15
7.95861428571429e+01 3.91366567879460e-14 1.91934031949714e-15
7.96527142857143e+01 3.81826237474627e-14 1.87333562535232e-15
7.97192857142857e+01 3.72518471404572e-14 1.82843297917704e-15
7.97858571428571e+01 3.63437600455718e-14 1.78460599874931e-15
7.98524285714286e+01 3.54578093601879e-14 1.74182893136288e-15
7.99190000000000e+01 3.45934554668520e-14 1.70007664042715e-15
7.99855714285714e+01 3.37501719012341e-14 1.65932459186055e-15
8.00521428571429e+01 3.29274450326092e-14 1.61954883848379e-15
8.01187142857143e+01 3.21247737500325e-14 1.58072600512419e-15
8.01852857142857e+01 3.13416691601113e-14 1.54283327588288e-15
8.02518571428571e+01 3.05776542861854e-14 1.50584838221584e-15
8.03184285714286e+01 2.98322637779323e-14 1.46974958701039e-15
8.03850000000000e+01 2.91050436306999e-14 1.43451567326248e-15
8.04515714285714e+01 2.83955509061612e-14 1.40012593258282e-15
8.05181428571429e+01 2.77033534634832e-14 1.36656015202704e-15
8.05847142857143e+01 2.70280296952971e-14 1.33379860152421e-15
8.06512857142857e+01 2.63691682734048e-14 1.30182202312156e-15
8.07178571428571e+01 2.57263678957013e-14 1.27061162091394e-15
8.07844285714286e+01 2.50992370418514e-14 1.24014904761550e-15
8.08510000000000e+01 2.44873937371378e-14 1.21041639499259e-15
8.09175714285714e+01 2.38904653174495e-14 1.18139618415497e-15
8.09841428571429e+01 2.33080882030972e-14 1.15307135444242e-15
8.10507142857143e+01 2.27399076766765e-14 1.12542525281511e-15
8.11172857142857e+01 2.21855776691081e-14 1.09844162476908e-15
8.11838571428571e+01 2.16447605467234e-14 1.07210460582766e-15
8.12504285714286e+01 2.11171269057043e-14 1.04639871021732e-15
8.13170000000000e+01 2.06023553733870e-14 1.02130882278451e-15
8.13835714285714e+01 2.01001324105466e-14 9.96820190794794e-16
8.14501428571429e+01 1.96101521210946e-14 9.72918414555096e-16
8.15167142857143e+01 1.91321160651880e-14 9.49589438459812e-16
8.15832857142857e+01 1.86657330792054e-14 9.26819543317740e-16
8.16498571428571e+01 1.82107190966228e-14 9.04595339163439e-16
8.17164285714286e+01 1.77667969750657e-14 8.82903755707858e-16
8.17830000000000e+01 1.73336963291276e-14 8.61732035508876e-16
8.18495714285714e+01 1.69111533640332e-14 8.41067727044451e-16
8.19161428571429e+01 1.64989107155244e-14 8.20898676799607e-16
8.19827142857143e+01 1.60967172926236e-14 8.01213021710101e-16
8.20492857142857e+01 1.57043281261628e-14 7.81999182681635e-16
8.21158571428571e+01 1.53215042180869e-14 7.63245858516601e-16
8.21824285714286e+01 1.49480123959445e-14 7.44942017861292e-16
8.22490000000000e+01 1.45836251722230e-14 7.27076893436070e-16
8.23155714285714e+01 1.42281206044092e-14 7.09639976184784e-16
8.23821428571429e+01 1.38812821602759e-14 6.92621008597752e-16
8.24487142857143e+01 1.35428985855937e-14 6.76009978334901e-16
8.25152857142857e+01 1.32127637766845e-14 6.59797112752260e-16
8.25818571428571e+01 1.28906766536412e-14 6.43972873771183e-16
8.26484285714286e+01 1.25764410379033e-14 6.28527951087692e-16
8.27150000000000e+01 1.22698655339027e-14 6.13453257297967e-16
8.27815714285714e+01 1.19707634113333e-14 5.98739922956934e-16
8.28481428571429e+01 1.16789524918082e-14 5.84379290944346e-16
8.29147142857143e+01 1.13942550375613e-14 5.70362911083386e-16
8.29812857142857e+01 1.11164976442150e-14 5.56682535517963e-16
8.30478571428571e+01 1.08455111341203e-14 5.43330114378341e-16
8.31144285714286e+01 1.05811304533551e-14 5.30297790054808e-16
8.31810000000000e+01 1.03231945721424e-14 5.17577893079754e-16
8.32475714285714e+01 1.00715463858037e-14 5.05162937954251e-16
8.33141428571429e+01 9.82603261939619e-15 4.93045618394280e-16
8.33807142857143e+01 9.58650373407479e-15 4.81218802789569e-16
8.34472857142857e+01 9.35281383686754e-15 4.69675530299555e-16
8.35138571428571e+01 9.12482059094246e-15 4.58409007191852e-16
8.35804285714286e+01 8.90238512894777e-15 4.47412602013550e-16
8.36470000000000e+01 8.68537196922444e-15 4.36679842112488e-16
8.37135714285714e+01 8.47364893247836e-15 4.26204410112587e-16
8.37801428571429e+01 8.26708706154602e-15 4.15980139902854e-16
8.38467142857143e+01 8.06556054261360e-15 4.06001012805273e-16
8.39132857142857e+01 7.86894662930310e-15 3.96261154277780e-16
8.39798571428571e+01 7.67712556717980e-15 3.86754830821269e-16
8.40464285714286e+01 7.48998052084134e-15 3.77476445907817e-16
8.41130000000000e+01 7.30739750341974e-15 3.68420537042056e-16
8.41795714285714e+01 7.12926530647777e-15 3.59581772784495e-16
8.42461428571429e+01 6.95547543250286e-15 3.50954949367268e-16
8.43127142857143e+01 6.78592202862621e-15 3.42534987460424e-16
8.43792857142857e+01 6.62050182274977e-15 3.34316929387644e-16
8.44458571428572e+01 6.45911406003420e-15 3.26295936513570e-16
8.45124285714286e+01 6.30166044155559e-15 3.18467285810336e-16
8.45790000000000e+01 6.14804506498914e-15 3.10826367375269e-16
8.46455714285714e+01 5.99817436563096e-15 3.03368681917052e-16
8.47121428571429e+01 5.85195705960108e-15 2.96089837900340e-16
8.47787142857143e+01 5.70930408807927e-15 2.88985548817075e-16
8.48452857142857e+01 5.57012856356289e-15 2.82051630835248e-16
8.49118571428571e+01 5.43434571643429e-15 2.75284000592029e-16
8.49784285714286e+01 5.30187284334967e-15 2.68678672298569e-16
8.50450000000000e+01 5.17262925733112e-15 2.62231755643225e-16
8.51115714285714e+01 5.04653623814815e-15 2.55939453668676e-16
8.51781428571429e+01 4.92351698453088e-15 2.49798060362786e-16
8.52447142857143e+01 4.80349656725393e-15 2.43803958356112e-16
8.53112857142857e+01 4.68640188391834e-15 2.37953616936407e-16
8.53778571428571e+01 4.57216161399872e-15 2.32243590184568e-16
8.54444285714286e+01 4.46070617542029e-15 2.26670514533378e-16
8.55110000000000e+01 4.35196768256695e-15 2.21231106996415e-16
8.55775714285714e+01 4.24587990453717e-15 2.15922163375360e-16
8.56441428571429e+01 4.14237822493805e-15 2.10740556227414e-16
8.57107142857143e+01 4.04139960241330e-15 2.05683232922450e-16
8.57772857142857e+01 3.94288253259728e-15 2.00747213966421e-16
8.58438571428571e+01 3.84676701029610e-15 1.95929591426927e-16
8.59104285714286e+01 3.75299449295381e-15 1.91227526874718e-16
8.59770000000000e+01 3.66150786532094e-15 1.86638249887759e-16
8.60435714285714e+01 3.57225140433506e-15 1.82159056537406e-16
8.61101428571429e+01 3.48517074529314e-15 1.77787307673559e-16
8.61767142857143e+01 3.40021284864237e-15 1.73520427285298e-16
8.62432857142857e+01 3.31732596796891e-15 1.69355901085186e-16
8.63098571428571e+01 3.23645961818061e-15 1.65291275179480e-16
8.63764285714286e+01 3.15756454476952e-15 1.61324154332404e-16
8.64430000000000e+01 3.08059269408437e-15 1.57452200702669e-16
8.65095714285714e+01 3.00549718378453e-15 1.53673132565171e-16
8.65761428571429e+01 2.93223227437875e-15 1.49984722864208e-16
8.66427142857143e+01 2.86075334128524e-15 1.46384797830247e-16
8.67092857142857e+01 2.79101684789778e-15 1.42871235784529e-16
8.67758571428571e+01 2.72298031881778e-15 1.39441966015961e-16
8.68424285714286e+01 2.65660231399340e-15 1.36094967317562e-16
8.69090000000000e+01 2.59184240370714e-15 1.32828266919334e-16
8.69755714285714e+01 2.52866114371874e-15 1.29639939408876e-16
8.70421428571429e+01 2.46702005131896e-15 1.26528105510785e-16
8.71087142857143e+01 2.40688158182283e-15 1.23490930919545e-16
8.71752857142857e+01 2.34820910590787e-15 1.20526625290186e-16
8.72418571428571e+01 2.29096688709410e-15 1.17633441289756e-16
8.73084285714286e+01 2.23512005998605e-15 1.14809673363274e-16
8.73750000000000e+01 2.18063460922771e-15 1.12053656832465e-16
8.74415714285714e+01 2.12747734859011e-15 1.09363766984360e-16
8.75081428571429e+01 2.07561590082397e-15 1.06738418041527e-16
8.75747142857143e+01 2.02501867788271e-15 1.04176062177343e-16
8.76412857142857e+01 1.97565486185507e-15 1.01675188663770e-16
8.77078571428572e+01 1.92749438601905e-15 9.92343230702825e-17
8.77744285714286e+01 1.88050791653585e-15 9.68520262233521e-17
8.78410000000000e+01 1.83466683474285e-15 9.45268934452886e-17
8.79075714285714e+01 1.78994321955992e-15 9.22575537846944e-17
8.79741428571429e+01 1.74630983053827e-15 9.00426691477204e-17
8.80407142857143e+01 1.70374009122135e-15 8.78809334672166e-17
8.81072857142857e+01 1.66220807310195e-15 8.57710719831916e-17
8.81738571428571e+01 1.62168847968267e-15 8.37118405662922e-17
8.82404285714286e+01 1.58215663107425e-15 8.17020248404754e-17
8.83070000000000e+01 1.54358844909714e-15 7.97404395401939e-17
8.83735714285714e+01 1.50596044247981e-15 7.78259278606418e-17
8.84401428571429e+01 1.46924969259677e-15 7.59573607248663e-17
8.85067142857143e+01 1.43343383946954e-15 7.41336360827653e-17
8.85732857142857e+01 1.39849106826836e-15 7.23536783035793e-17
8.86398571428571e+01 1.36440009590226e-15 7.06164376045844e-17
8.87064285714286e+01 1.33114015806085e-15 6.89208893113579e-17
8.87730000000000e+01 1.29869099667900e-15 6.72660333149236e-17
8.88395714285714e+01 1.26703284748417e-15 6.56508935231586e-17
8.89061428571429e+01 1.23614642799687e-15 6.40745172425175e-17
8.89727142857143e+01 1.20601292575291e-15 6.25359745865989e-17
8.90392857142857e+01 1.17661398694605e-15 6.10343579632400e-17
8.91058571428571e+01 1.14793170514622e-15 5.95687815920651e-17
8.91724285714286e+01 1.11994861039717e-15 5.81383808807794e-17
8.92390000000000e+01 1.09264765866939e-15 5.67423119667407e-17
8.93055714285714e+01 1.06601222138367e-15 5.53797512537835e-17
8.93721428571429e+01 1.04002607531517e-15 5.40498948906469e-17
8.94387142857143e+01 1.01467339268434e-15 5.27519582719866e-17
8.95052857142857e+01 9.89938731601120e-16 5.14851756053515e-17
8.95718571428571e+01 9.65807026573470e-16 5.02487995037819e-17
8.96384285714286e+01 9.42263579334680e-16 4.90421004599327e-17
8.97050000000000e+01 9.19294049969297e-16 4.78643664589518e-17
8.97715714285714e+01 8.96884448099168e-16 4.67149025874351e-17
8.98381428571429e+01 8.75021124389161e-16 4.55930305934350e-17
8.99047142857143e+01 8.53690762210354e-16 4.44980884654777e-17
8.99712857142857e+01 8.32880369599896e-16 4.34294300669877e-17
9.00378571428571e+01 8.12577271275791e-16 4.23864247922680e-17
9.01044285714286e+01 7.92769100919494e-16 4.13684571231148e-17
9.01710000000000e+01 7.73443793709401e-16 4.03749263019194e-17
9.02375714285714e+01 7.54589578905614e-16 3.94052460015284e-17
9.03041428571429e+01 7.36194972703203e-16 3.84588439540767e-17
9.03707142857143e+01 7.18248771218166e-16 3.75351615958208e-17
9.04372857142857e+01 7.00740043722593e-16 3.66336537585142e-17
9.05038571428571e+01 6.83658125926649e-16 3.57537883789171e-17
9.05704285714286e+01 6.66992613485565e-16 3.48950461249648e-17
9.06370000000000e+01 6.50733355717431e-16 3.40569201197296e-17
9.07035714285714e+01 6.34870449364724e-16 3.32389156627075e-17
9.07701428571429e+01 6.19394232581321e-16 3.24405499167179e-17
9.08367142857143e+01 6.04295279031365e-16 3.16613516082636e-17
9.09032857142857e+01 5.89564392197439e-16 3.09008607669928e-17
9.09698571428572e+01 5.75192599728655e-16 3.01586284804149e-17
9.10364285714286e+01 5.61171147977779e-16 2.94342165787140e-17
9.11030000000000e+01 5.47491496715494e-16 2.87271974016644e-17
9.11695714285714e+01 5.34145313881923e-16 2.80371535633401e-17
9.12361428571429e+01 5.21124470527555e-16 2.73636776879962e-17
9.13027142857143e+01 5.08421035848422e-16 2.67063721572820e-17
9.13692857142857e+01 4.96027272397092e-16 2.60648488903016e-17
9.14358571428571e+01 4.83935631327677e-16 2.54387291365050e-17
9.15024285714286e+01 4.72138747799662e-16 2.48276432099487e-17
9.15690000000000e+01 4.60629436530576e-16 2.42312302924895e-17
9.16355714285714e+01 4.49400687380411e-16 2.36491382351504e-17
9.17021428571429e+01 4.38445661095124e-16 2.30810233353271e-17
9.17687142857143e+01 4.27757685129566e-16 2.25265501235331e-17
9.18352857142857e+01 4.17330249618095e-16 2.19853911777329e-17
9.19018571428571e+01 4.07157003374168e-16 2.14572269484732e-17
9.19684285714286e+01 3.97231750023362e-16 2.09417455348355e-17
9.20350000000000e+01 3.87548444261474e-16 2.04386425182632e-17
9.21015714285714e+01 3.78101188139658e-16 1.99476207948810e-17
9.21681428571429e+01 3.68884227483184e-16 1.94683903875609e-17
9.22347142857143e+01 3.59891948377126e-16 1.90006682660177e-17
9.23012857142857e+01 3.51118873776109e-16 1.85441781900807e-17
9.23678571428571e+01 3.42559660138735e-16 1.80986505620494e-17
9.24344285714286e+01 3.34209094174110e-16 1.76638222377978e-17
9.25010000000000e+01 3.26062089693479e-16 1.72394363864697e-17
9.25675714285714e+01 3.18113684484883e-16 1.68252423489313e-17
9.26341428571429e+01 3.10359037300049e-16 1.64209954792462e-17
9.27007142857143e+01 3.02793424897679e-16 1.60264569929069e-17
9.27672857142857e+01 2.95412239190959e-16 1.56413938345366e-17
9.28338571428571e+01 2.88210984416068e-16 1.52655785532338e-17
9.29004285714286e+01 2.81185274394883e-16 1.48987891433164e-17
9.29670000000000e+01 2.74330829885999e-16 1.45408089258606e-17
9.30335714285714e+01 2.67643475955354e-16 1.41914264292149e-17
9.31001428571429e+01 2.61119139441123e-16 1.38504352552850e-17
9.31667142857143e+01 2.54753846466138e-16 1.36844263671300e-17
