SPECIES: e / A
PROCESS: E + A -> E + A, Elastic
PARAM.:  m/M = 0.0000195921, complete set
COMMENT: [e + A(gnd) -> e + A(gnd), Elastic]
UPDATED: 2018-06-05 11:00:00
COLUMNS: Energy (eV) | Cross section (m2)
-----------------------------
0.00000000e+00 8.676334030114997e-18
1.26250000e-01 4.745244649178668e-18
2.52500000e-01 3.355394669823416e-18
3.78750000e-01 2.739668275573936e-18
5.05000000e-01 2.372622324589334e-18
6.31250000e-01 2.122137921086129e-18
7.57500000e-01 1.937238015859985e-18
8.83750000e-01 1.793533893126670e-18
1.01000000e+00 1.677697334911708e-18
1.13625000e+00 1.581748216392889e-18
1.26250000e+00 1.500578114613124e-18
1.38875000e+00 1.430745094524298e-18
1.51500000e+00 1.369834137786968e-18
1.64125000e+00 1.316094069018063e-18
1.76750000e+00 1.268219978117777e-18
1.89375000e+00 1.225216899996589e-18
2.02000000e+00 1.186311162294667e-18
2.14625000e+00 1.150890876938863e-18
2.27250000e+00 1.118464889941138e-18
2.39875000e+00 1.088633783586681e-18
2.52500000e+00 1.061068960543064e-18
2.65125000e+00 1.035497275997401e-18
2.77750000e+00 1.011689558487519e-18
2.90375000e+00 9.894519075809592e-19
3.03000000e+00 9.686190079299924e-19
3.15625000e+00 9.490489298357335e-19
3.28250000e+00 9.306190408820684e-19
3.40875000e+00 9.132227585246449e-19
3.53500000e+00 8.967669465633352e-19
3.66125000e+00 8.811698098620786e-19
3.78750000e+00 8.663591784119482e-19
3.91375000e+00 8.522710984066721e-19
4.04000000e+00 8.388486674558540e-19
4.16625000e+00 8.260410654653402e-19
4.29250000e+00 8.138027434892023e-19
4.41875000e+00 8.020927409962156e-19
4.54500000e+00 7.908741081964447e-19
4.67125000e+00 7.801134148411385e-19
4.79750000e+00 7.697803306029102e-19
4.92375000e+00 7.598472650264485e-19
5.05000000e+00 7.502890573065620e-19
5.17625000e+00 7.410827079440114e-19
5.30250000e+00 7.322071457579600e-19
5.42875000e+00 7.236430248781891e-19
5.55500000e+00 7.153725472621491e-19
5.68125000e+00 7.073793070287095e-19
5.80750000e+00 6.996481535084614e-19
5.93375000e+00 6.921650704078760e-19
6.06000000e+00 6.849170688934839e-19
6.18625000e+00 6.778920927398096e-19
6.31250000e+00 6.710789339646831e-19
6.43875000e+00 6.644671576085368e-19
6.56500000e+00 6.580470345090314e-19
6.69125000e+00 6.518094810856808e-19
6.81750000e+00 6.457460052866615e-19
6.94375000e+00 6.398486579661387e-19
7.07000000e+00 6.341099890588886e-19
7.19625000e+00 6.285230080026907e-19
7.32250000e+00 6.230811479303364e-19
7.44875000e+00 6.177782332141523e-19
7.57500000e+00 6.126084499982946e-19
7.70125000e+00 6.075663193991061e-19
7.82750000e+00 6.026466730926652e-19
7.95375000e+00 5.978446310422235e-19
8.08000000e+00 5.931555811473335e-19
8.20625000e+00 5.885751606217376e-19
8.33250000e+00 5.840992389291030e-19
8.45875000e+00 5.797239021248883e-19
8.58500000e+00 5.754454384694314e-19
8.71125000e+00 5.712603251920555e-19
8.83750000e+00 5.671652162989291e-19
8.96375000e+00 5.631569313287769e-19
9.09000000e+00 5.592324449705692e-19
9.21625000e+00 5.553888774661714e-19
9.34250000e+00 5.516234857287632e-19
9.46875000e+00 5.479336551147871e-19
9.59500000e+00 5.443168917933403e-19
9.72125000e+00 5.407708156624134e-19
9.84750000e+00 5.372931537662535e-19
9.97375000e+00 5.338817341724874e-19
1.01000000e+01 5.305344802715322e-19
1.02262500e+01 5.272494054642964e-19
1.03525000e+01 5.240246082073001e-19
1.04787500e+01 5.208582673871343e-19
1.06050000e+01 5.177486379987003e-19
1.07312500e+01 5.146940471039285e-19
1.08575000e+01 5.116928900497129e-19
1.09837500e+01 5.087436269256423e-19
1.11100000e+01 5.058447792437596e-19
1.12362500e+01 5.029949268240911e-19
1.13625000e+01 5.001927048710412e-19
1.14887500e+01 4.974368012269816e-19
1.16150000e+01 4.947259537904796e-19
1.17412500e+01 4.920589480876302e-19
1.18675000e+01 4.894346149858733e-19
1.19937500e+01 4.868518285405224e-19
1.21200000e+01 4.843095039649962e-19
1.22462500e+01 4.818065957164385e-19
1.23725000e+01 4.793420956890593e-19
1.24987500e+01 4.769150315080994e-19
1.26250000e+01 4.745244649178667e-19
1.27512500e+01 4.721694902577728e-19
1.28775000e+01 4.698492330207469e-19
1.30037500e+01 4.675628484888192e-19
1.31300000e+01 4.653095204410342e-19
1.32562500e+01 4.630884599292099e-19
1.33825000e+01 4.608989041173696e-19
1.35087500e+01 4.587401151809707e-19
1.36350000e+01 4.566113792623224e-19
1.37612500e+01 4.545120054788349e-19
1.38875000e+01 4.524413249809684e-19
1.40137500e+01 4.503986900569695e-19
1.41400000e+01 4.483834732816676e-19
1.42662500e+01 4.463950667067975e-19
1.43925000e+01 4.444328810904693e-19
1.45187500e+01 4.424963451635728e-19
1.46450000e+01 4.405849049310393e-19
1.47712500e+01 4.386980230060209e-19
1.48975000e+01 4.368351779751715e-19
1.50237500e+01 4.349958637933247e-19
1.51500000e+01 4.331795892059741e-19
1.52762500e+01 4.313858771980607e-19
1.54025000e+01 4.296142644676598e-19
1.55287500e+01 4.278643009232517e-19
1.56550000e+01 4.261355492033361e-19
1.57812500e+01 4.244275842172257e-19
1.59075000e+01 4.227399927059257e-19
1.60337500e+01 4.210723728220673e-19
1.61600000e+01 4.194243337279270e-19
1.62862500e+01 4.177954952106175e-19
1.64125000e+01 4.161854873135921e-19
1.65387500e+01 4.145939499836486e-19
1.66650000e+01 4.130205327326701e-19
1.67912500e+01 4.114648943133808e-19
1.69175000e+01 4.099267024084349e-19
1.70437500e+01 4.084056333321964e-19
1.71700000e+01 4.069013717446011e-19
1.72962500e+01 4.054136103765280e-19
1.74225000e+01 4.039420497661348e-19
1.75487500e+01 4.024863980056464e-19
1.76750000e+01 4.010463704981078e-19
1.78012500e+01 3.996216897236435e-19
1.79275000e+01 3.982120850147851e-19
1.80537500e+01 3.968172923404561e-19
1.81800000e+01 3.954370540982223e-19
1.83062500e+01 3.940711189144345e-19
1.84325000e+01 3.927192414519143e-19
1.85587500e+01 3.913811822248479e-19
1.86850000e+01 3.900567074205692e-19
1.88112500e+01 3.887455887279340e-19
1.89375000e+01 3.874476031719969e-19
1.90637500e+01 3.861625329547200e-19
1.91900000e+01 3.848901653014551e-19
1.93162500e+01 3.836302923129543e-19
1.94425000e+01 3.823827108226730e-19
1.95687500e+01 3.811472222591463e-19
1.96950000e+01 3.799236325132242e-19
1.98212500e+01 3.787117518099658e-19
1.99475000e+01 3.775113945849996e-19
2.00737500e+01 3.763223793651681e-19
2.02000000e+01 3.751445286532810e-19
2.03262500e+01 3.739776688168118e-19
2.04525000e+01 3.728216299803795e-19
2.05787500e+01 3.716762459218630e-19
2.07050000e+01 3.705413539720057e-19
2.08312500e+01 3.694167949173709e-19
2.09575000e+01 3.683024129065187e-19
2.10837500e+01 3.671980553592753e-19
2.12100000e+01 3.661035728789800e-19
2.13362500e+01 3.650188191675898e-19
2.14625000e+01 3.639436509435361e-19
2.15887500e+01 3.628779278622268e-19
2.17150000e+01 3.618215124390946e-19
2.18412500e+01 3.607742699750944e-19
2.19675000e+01 3.597360684845608e-19
2.20937500e+01 3.587067786253341e-19
2.22200000e+01 3.576862736310746e-19
2.23462500e+01 3.566744292456823e-19
2.24725000e+01 3.556711236597461e-19
2.25987500e+01 3.546762374489485e-19
2.27250000e+01 3.536896535143547e-19
2.28512500e+01 3.527112570245192e-19
2.29775000e+01 3.517409353593434e-19
2.31037500e+01 3.507785780556241e-19
2.32300000e+01 3.498240767542307e-19
2.33562500e+01 3.488773251488557e-19
2.34825000e+01 3.479382189362827e-19
2.36087500e+01 3.470066557681180e-19
2.37350000e+01 3.460825352039380e-19
2.38612500e+01 3.451657586658002e-19
2.39875000e+01 3.442562293940738e-19
2.41137500e+01 3.433538524045430e-19
2.42400000e+01 3.424585344467419e-19
2.43662500e+01 3.415701839634768e-19
2.44925000e+01 3.406887110514991e-19
2.46187500e+01 3.398140274232875e-19
2.47450000e+01 3.389460463699048e-19
2.48712500e+01 3.380846827248933e-19
2.49975000e+01 3.372298528291731e-19
2.51237500e+01 3.363814744969132e-19
2.52500000e+01 3.355394669823415e-19
2.53762500e+01 3.347037509474646e-19
2.55025000e+01 3.338742484306666e-19
2.56287500e+01 3.330508828161614e-19
2.57550000e+01 3.322335788042684e-19
2.58812500e+01 3.314222623824865e-19
2.60075000e+01 3.306168607973423e-19
2.61337500e+01 3.298173025269864e-19
2.62600000e+01 3.290235172545157e-19
2.63862500e+01 3.282354358419982e-19
2.65125000e+01 3.274529903051790e-19
2.66387500e+01 3.266761137888471e-19
2.67650000e+01 3.259047405428404e-19
2.68912500e+01 3.251388058986730e-19
2.70175000e+01 3.243782462467622e-19
2.71437500e+01 3.236229990142404e-19
2.72700000e+01 3.228730026433307e-19
2.73962500e+01 3.221281965702731e-19
2.75225000e+01 3.213885212047814e-19
2.76487500e+01 3.206539179100181e-19
2.77750000e+01 3.199243289830694e-19
2.79012500e+01 3.191996976359066e-19
2.80275000e+01 3.184799679768212e-19
2.81537500e+01 3.177650849923161e-19
2.82800000e+01 3.170549945294443e-19
2.84062500e+01 3.163496432785778e-19
2.85325000e+01 3.156489787565977e-19
2.86587500e+01 3.149529492904913e-19
2.87850000e+01 3.142615040013454e-19
2.89112500e+01 3.135745927887251e-19
2.90375000e+01 3.128921663154255e-19
2.91637500e+01 3.122141759925879e-19
2.92900000e+01 3.115405739651682e-19
2.94162500e+01 3.108713130977498e-19
2.95425000e+01 3.102063469606894e-19
2.96687500e+01 3.095456298165878e-19
2.97950000e+01 3.088891166070761e-19
2.99212500e+01 3.082367629399098e-19
3.00475000e+01 3.075885250763596e-19
3.01737500e+01 3.069443599188948e-19
3.03000000e+01 3.063042249991473e-19
3.04262500e+01 3.056680784661525e-19
3.05525000e+01 3.050358790748560e-19
3.06787500e+01 3.044075861748816e-19
3.08050000e+01 3.037831596995531e-19
3.09312500e+01 3.031625601551612e-19
3.10575000e+01 3.025457486104729e-19
3.11837500e+01 3.019326866864727e-19
3.13100000e+01 3.013233365463326e-19
3.14362500e+01 3.007176608856040e-19
3.15625000e+01 3.001156229226248e-19
3.16887500e+01 2.995171863891373e-19
3.18150000e+01 2.989223155211117e-19
3.19412500e+01 2.983309750497681e-19
3.20675000e+01 2.977431301927940e-19
3.21937500e+01 2.971587466457510e-19
3.23200000e+01 2.965777905736668e-19
3.24462500e+01 2.960002286028062e-19
3.25725000e+01 2.954260278126193e-19
3.26987500e+01 2.948551557278596e-19
3.28250000e+01 2.942875803108688e-19
3.29512500e+01 2.937232699540262e-19
3.30775000e+01 2.931621934723542e-19
3.32037500e+01 2.926043200962808e-19
3.33300000e+01 2.920496194645515e-19
3.34562500e+01 2.914980616172891e-19
3.35825000e+01 2.909496169891976e-19
3.37087500e+01 2.904042564029051e-19
3.38350000e+01 2.898619510624442e-19
3.39612500e+01 2.893226725468658e-19
3.40875000e+01 2.887863928039827e-19
3.42137500e+01 2.882530841442414e-19
3.43400000e+01 2.877227192347157e-19
3.44662500e+01 2.871952710932242e-19
3.45925000e+01 2.866707130825638e-19
3.47187500e+01 2.861490189048596e-19
3.48450000e+01 2.856301625960278e-19
3.49712500e+01 2.851141185203472e-19
3.50975000e+01 2.846008613651403e-19
3.52237500e+01 2.840903661355574e-19
3.53500000e+01 2.835826081494645e-19
3.54762500e+01 2.830775630324311e-19
3.56025000e+01 2.825752067128147e-19
3.57287500e+01 2.820755154169432e-19
3.58550000e+01 2.815784656643885e-19
3.59812500e+01 2.810840342633322e-19
3.61075000e+01 2.805921983060212e-19
3.62337500e+01 2.801029351643093e-19
3.63600000e+01 2.796162224852846e-19
3.64862500e+01 2.791320381869805e-19
3.66125000e+01 2.786503604541670e-19
3.67387500e+01 2.781711677342230e-19
3.68650000e+01 2.776944387330857e-19
3.69912500e+01 2.772201524112758e-19
3.71175000e+01 2.767482879799978e-19
3.72437500e+01 2.762788248973126e-19
3.73700000e+01 2.758117428643816e-19
3.74962500e+01 2.753470218217801e-19
3.76225000e+01 2.748846419458788e-19
3.77487500e+01 2.744245836452927e-19
3.78750000e+01 2.739668275573935e-19
3.80012500e+01 2.735113545448878e-19
3.81275000e+01 2.730581456924561e-19
3.82537500e+01 2.726071823034535e-19
3.83800000e+01 2.721584458966701e-19
3.85062500e+01 2.717119182031501e-19
3.86325000e+01 2.712675811630674e-19
3.87587500e+01 2.708254169226580e-19
3.88850000e+01 2.703854078312067e-19
3.90112500e+01 2.699475364380880e-19
3.91375000e+01 2.695117854898586e-19
3.92637500e+01 2.690781379274027e-19
3.93900000e+01 2.686465768831267e-19
3.95162500e+01 2.682170856782031e-19
3.96425000e+01 2.677896478198635e-19
3.97687500e+01 2.673642469987385e-19
3.98950000e+01 2.669408670862437e-19
4.00212500e+01 2.665194921320114e-19
4.01475000e+01 2.661001063613668e-19
4.02737500e+01 2.656826941728476e-19
4.04000000e+01 2.652672401357661e-19
4.05262500e+01 2.648537289878134e-19
4.06525000e+01 2.644421456327045e-19
4.07787500e+01 2.640324751378636e-19
4.09050000e+01 2.636247027321482e-19
4.10312500e+01 2.632188138036126e-19
4.11575000e+01 2.628147938973082e-19
4.12837500e+01 2.624126287131220e-19
4.14100000e+01 2.620123041036500e-19
4.15362500e+01 2.616138060721075e-19
4.16625000e+01 2.612171207702731e-19
4.17887500e+01 2.608222344964678e-19
4.19150000e+01 2.604291336935671e-19
4.20412500e+01 2.600378049470462e-19
4.21675000e+01 2.596482349830569e-19
4.22937500e+01 2.592604106665370e-19
4.24200000e+01 2.588743189993501e-19
4.25462500e+01 2.584899471184557e-19
4.26725000e+01 2.581072822941089e-19
4.27987500e+01 2.577263119280905e-19
4.29250000e+01 2.573470235519642e-19
4.30512500e+01 2.569694048253632e-19
4.31775000e+01 2.565934435343034e-19
4.33037500e+01 2.562191275895244e-19
4.34300000e+01 2.558464450248565e-19
4.35562500e+01 2.554753839956144e-19
4.36825000e+01 2.551059327770155e-19
4.38087500e+01 2.547380797626244e-19
4.39350000e+01 2.543718134628212e-19
4.40612500e+01 2.540071225032939e-19
4.41875000e+01 2.536439956235554e-19
4.43137500e+01 2.532824216754828e-19
4.44400000e+01 2.529223896218798e-19
4.45662500e+01 2.525638885350620e-19
4.46925000e+01 2.522069075954634e-19
4.48187500e+01 2.518514360902652e-19
4.49450000e+01 2.514974634120455e-19
4.50712500e+01 2.511449790574498e-19
4.51975000e+01 2.507939726258816e-19
4.53237500e+01 2.504444338182142e-19
4.54500000e+01 2.500963524355206e-19
4.55762500e+01 2.497497183778247e-19
4.57025000e+01 2.494045216428688e-19
4.58287500e+01 2.490607523249032e-19
4.59550000e+01 2.487184006134908e-19
4.60812500e+01 2.483774567923321e-19
4.62075000e+01 2.480379112381064e-19
4.63337500e+01 2.476997544193316e-19
4.64600000e+01 2.473629768952398e-19
4.65862500e+01 2.470275693146704e-19
4.67125000e+01 2.466935224149799e-19
4.68387500e+01 2.463608270209672e-19
4.69650000e+01 2.460294740438151e-19
4.70912500e+01 2.456994544800475e-19
4.72175000e+01 2.453707594105022e-19
4.73437500e+01 2.450433799993178e-19
4.74700000e+01 2.447173074929367e-19
4.75962500e+01 2.443925332191214e-19
4.77225000e+01 2.440690485859867e-19
4.78487500e+01 2.437468450810440e-19
4.79750000e+01 2.434259142702612e-19
4.81012500e+01 2.431062477971351e-19
4.82275000e+01 2.427878373817773e-19
4.83537500e+01 2.424706748200142e-19
4.84800000e+01 2.421547519824981e-19
4.86062500e+01 2.418400608138329e-19
4.87325000e+01 2.415265933317110e-19
4.88587500e+01 2.412143416260630e-19
4.89850000e+01 2.409032978582193e-19
4.91112500e+01 2.405934542600835e-19
4.92375000e+01 2.402848031333180e-19
4.93637500e+01 2.399773368485399e-19
4.94900000e+01 2.396710478445297e-19
4.96162500e+01 2.393659286274498e-19
4.97425000e+01 2.390619717700745e-19
4.98687500e+01 2.387591699110308e-19
4.99950000e+01 2.384575157540497e-19
5.01212500e+01 2.381570020672273e-19
5.02475000e+01 2.378576216822970e-19
5.03737500e+01 2.375593674939113e-19
5.05000000e+01 2.372622324589334e-19
5.06262500e+01 2.369662095957386e-19
5.07525000e+01 2.366712919835255e-19
5.08787500e+01 2.363774727616363e-19
5.10050000e+01 2.360847451288864e-19
5.11312500e+01 2.357931023429032e-19
5.12575000e+01 2.355025377194740e-19
5.13837500e+01 2.352130446319023e-19
5.15100000e+01 2.349246165103735e-19
5.16362500e+01 2.346372468413278e-19
5.17625000e+01 2.343509291668434e-19
5.18887500e+01 2.340656570840265e-19
5.20150000e+01 2.337814242444096e-19
5.21412500e+01 2.334982243533586e-19
5.22675000e+01 2.332160511694871e-19
5.23937500e+01 2.329348985040788e-19
5.25200000e+01 2.326547602205171e-19
5.26462500e+01 2.323756302337227e-19
5.27725000e+01 2.320975025095989e-19
5.28987500e+01 2.318203710644826e-19
5.30250000e+01 2.315442299646050e-19
5.31512500e+01 2.312690733255567e-19
5.32775000e+01 2.309948953117620e-19
5.34037500e+01 2.307216901359586e-19
5.35300000e+01 2.304494520586848e-19
5.36562500e+01 2.301781753877726e-19
5.37825000e+01 2.299078544778483e-19
5.39087500e+01 2.296384837298390e-19
5.40350000e+01 2.293700575904853e-19
5.41612500e+01 2.291025705518607e-19
5.42875000e+01 2.288360171508968e-19
5.44137500e+01 2.285703919689144e-19
5.45400000e+01 2.283056896311612e-19
5.46662500e+01 2.280419048063553e-19
5.47925000e+01 2.277790322062333e-19
5.49187500e+01 2.275170665851057e-19
5.50450000e+01 2.272560027394175e-19
5.51712500e+01 2.269958355073130e-19
5.52975000e+01 2.267365597682084e-19
5.54237500e+01 2.264781704423674e-19
5.55500000e+01 2.262206624904842e-19
5.56762500e+01 2.259640309132699e-19
5.58025000e+01 2.257082707510451e-19
5.59287500e+01 2.254533770833377e-19
5.60550000e+01 2.251993450284847e-19
5.61812500e+01 2.249461697432400e-19
5.63075000e+01 2.246938464223864e-19
5.64337500e+01 2.244423702983523e-19
5.65600000e+01 2.241917366408338e-19
5.66862500e+01 2.239419407564208e-19
5.68125000e+01 2.236929779882277e-19
5.69387500e+01 2.234448437155290e-19
5.70650000e+01 2.231975333533988e-19
5.71912500e+01 2.229510423523553e-19
5.73175000e+01 2.227053661980092e-19
5.74437500e+01 2.224605004107164e-19
5.75700000e+01 2.222164405452347e-19
5.76962500e+01 2.219731821903853e-19
5.78225000e+01 2.217307209687178e-19
5.79487500e+01 2.214890525361790e-19
5.80750000e+01 2.212481725817864e-19
5.82012500e+01 2.210080768273053e-19
5.83275000e+01 2.207687610269291e-19
5.84537500e+01 2.205302209669645e-19
5.85800000e+01 2.202924524655196e-19
5.87062500e+01 2.200554513721962e-19
5.88325000e+01 2.198192135677853e-19
5.89587500e+01 2.195837349639664e-19
5.90850000e+01 2.193490115030105e-19
5.92112500e+01 2.191150391574863e-19
5.93375000e+01 2.188818139299700e-19
5.94637500e+01 2.186493318527585e-19
5.95900000e+01 2.184175889875858e-19
5.97162500e+01 2.181865814253428e-19
5.98425000e+01 2.179563052858005e-19
5.99687500e+01 2.177267567173361e-19
6.00950000e+01 2.174979318966623e-19
6.02212500e+01 2.172698270285603e-19
6.03475000e+01 2.170424383456148e-19
6.04737500e+01 2.168157621079532e-19
6.06000000e+01 2.165897946029871e-19
6.07262500e+01 2.163645321451565e-19
6.08525000e+01 2.161399710756781e-19
6.09787500e+01 2.159161077622950e-19
6.11050000e+01 2.156929385990304e-19
6.12312500e+01 2.154704600059431e-19
6.13575000e+01 2.152486684288872e-19
6.14837500e+01 2.150275603392726e-19
6.16100000e+01 2.148071322338299e-19
6.17362500e+01 2.145873806343772e-19
6.18625000e+01 2.143683020875891e-19
6.19887500e+01 2.141498931647696e-19
6.21150000e+01 2.139321504616259e-19
6.22412500e+01 2.137150705980459e-19
6.23675000e+01 2.134986502178780e-19
6.24937500e+01 2.132828859887129e-19
6.26200000e+01 2.130677746016680e-19
6.27462500e+01 2.128533127711747e-19
6.28725000e+01 2.126394972347672e-19
6.29987500e+01 2.124263247528742e-19
6.31250000e+01 2.122137921086129e-19
6.32512500e+01 2.120018961075847e-19
6.33775000e+01 2.117906335776741e-19
6.35037500e+01 2.115800013688489e-19
6.36300000e+01 2.113699963529629e-19
6.37562500e+01 2.111606154235609e-19
6.38825000e+01 2.109518554956857e-19
6.40087500e+01 2.107437135056873e-19
6.41350000e+01 2.105361864110337e-19
6.42612500e+01 2.103292711901244e-19
6.43875000e+01 2.101229648421058e-19
6.45137500e+01 2.099172643866877e-19
6.46400000e+01 2.097121668639635e-19
6.47662500e+01 2.095076693342303e-19
6.48925000e+01 2.093037688778125e-19
6.50187500e+01 2.091004625948869e-19
6.51450000e+01 2.088977476053087e-19
6.52712500e+01 2.086956210484411e-19
6.53975000e+01 2.084940800829850e-19
6.55237500e+01 2.082931218868114e-19
6.56500000e+01 2.080927436567960e-19
6.57762500e+01 2.078929426086542e-19
6.59025000e+01 2.076937159767788e-19
6.60287500e+01 2.074950610140797e-19
6.61550000e+01 2.072969749918243e-19
6.62812500e+01 2.070994551994801e-19
6.64075000e+01 2.069024989445593e-19
6.65337500e+01 2.067061035524643e-19
6.66600000e+01 2.065102663663351e-19
6.67862500e+01 2.063149847468986e-19
6.69125000e+01 2.061202560723192e-19
6.70387500e+01 2.059260777380508e-19
6.71650000e+01 2.057324471566904e-19
6.72912500e+01 2.055393617578336e-19
6.74175000e+01 2.053468189879311e-19
6.75437500e+01 2.051548163101467e-19
6.76700000e+01 2.049633512042175e-19
6.77962500e+01 2.047724211663140e-19
6.79225000e+01 2.045820237089037e-19
6.80487500e+01 2.043921563606141e-19
6.81750000e+01 2.042028166660982e-19
6.83012500e+01 2.040140021859015e-19
6.84275000e+01 2.038257104963295e-19
6.85537500e+01 2.036379391893174e-19
6.86800000e+01 2.034506858723006e-19
6.88062500e+01 2.032639481680863e-19
6.89325000e+01 2.030777237147277e-19
6.90587500e+01 2.028920101653974e-19
6.91850000e+01 2.027068051882640e-19
6.93112500e+01 2.025221064663687e-19
6.94375000e+01 2.023379116975039e-19
6.95637500e+01 2.021542185940921e-19
6.96900000e+01 2.019710248830674e-19
6.98162500e+01 2.017883283057566e-19
6.99425000e+01 2.016061266177625e-19
7.00687500e+01 2.014244175888485e-19
7.01950000e+01 2.012431990028232e-19
7.03212500e+01 2.010624686574274e-19
7.04475000e+01 2.008822243642217e-19
7.05737500e+01 2.007024639484749e-19
7.07000000e+01 2.005231852490539e-19
7.08262500e+01 2.003443861183147e-19
7.09525000e+01 2.001660644219944e-19
7.10787500e+01 1.999882180391037e-19
7.12050000e+01 1.998108448618217e-19
7.13312500e+01 1.996339427953905e-19
7.14575000e+01 1.994575097580111e-19
7.15837500e+01 1.992815436807412e-19
7.17100000e+01 1.991060425073925e-19
7.18362500e+01 1.989310041944305e-19
7.19625000e+01 1.987564267108740e-19
7.20887500e+01 1.985823080381965e-19
7.22150000e+01 1.984086461702280e-19
7.23412500e+01 1.982354391130579e-19
7.24675000e+01 1.980626848849390e-19
7.25937500e+01 1.978903815161918e-19
7.27200000e+01 1.977185270491112e-19
7.28462500e+01 1.975471195378717e-19
7.29725000e+01 1.973761570484362e-19
7.30987500e+01 1.972056376584633e-19
7.32250000e+01 1.970355594572172e-19
7.33512500e+01 1.968659205454774e-19
7.34775000e+01 1.966967190354496e-19
7.36037500e+01 1.965279530506780e-19
7.37300000e+01 1.963596207259571e-19
7.38562500e+01 1.961917202072459e-19
7.39825000e+01 1.960242496515814e-19
7.41087500e+01 1.958572072269941e-19
7.42350000e+01 1.956905911124239e-19
7.43612500e+01 1.955243994976365e-19
7.44875000e+01 1.953586305831405e-19
7.46137500e+01 1.951932825801064e-19
7.47400000e+01 1.950283537102846e-19
7.48662500e+01 1.948638422059258e-19
7.49925000e+01 1.946997463097010e-19
7.51187500e+01 1.945360642746227e-19
7.52450000e+01 1.943727943639670e-19
7.53712500e+01 1.942099348511961e-19
7.54975000e+01 1.940474840198814e-19
7.56237500e+01 1.938854401636278e-19
7.57500000e+01 1.937238015859984e-19
7.58762500e+01 1.935625666004399e-19
7.60025000e+01 1.934017335302082e-19
7.61287500e+01 1.932413007082961e-19
7.62550000e+01 1.930812664773600e-19
7.63812500e+01 1.929216291896481e-19
7.65075000e+01 1.927623872069293e-19
7.66337500e+01 1.926035389004228e-19
7.67600000e+01 1.924450826507275e-19
7.68862500e+01 1.922870168477533e-19
7.70125000e+01 1.921293398906520e-19
7.71387500e+01 1.919720501877492e-19
7.72650000e+01 1.918151461564771e-19
7.73912500e+01 1.916586262233075e-19
7.75175000e+01 1.915024888236854e-19
7.76437500e+01 1.913467324019634e-19
7.77700000e+01 1.911913554113365e-19
7.78962500e+01 1.910363563137779e-19
7.80225000e+01 1.908817335799746e-19
7.81487500e+01 1.907274856892645e-19
7.82750000e+01 1.905736111295731e-19
7.84012500e+01 1.904201083973518e-19
7.85275000e+01 1.902669759975156e-19
7.86537500e+01 1.901142124433824e-19
7.87800000e+01 1.899618162566121e-19
7.89062500e+01 1.898097859671467e-19
7.90325000e+01 1.896581201131506e-19
7.91587500e+01 1.895068172409518e-19
7.92850000e+01 1.893558759049829e-19
7.94112500e+01 1.892052946677236e-19
7.95375000e+01 1.890550720996431e-19
7.96637500e+01 1.889052067791427e-19
7.97900000e+01 1.887556972924998e-19
7.99162500e+01 1.886065422338117e-19
8.00425000e+01 1.884577402049399e-19
8.01687500e+01 1.883092898154555e-19
8.02950000e+01 1.881611896825841e-19
8.04212500e+01 1.880134384311518e-19
8.05475000e+01 1.878660346935322e-19
8.06737500e+01 1.877189771095923e-19
8.08000000e+01 1.875722643266405e-19
8.09262500e+01 1.874258949993739e-19
8.10525000e+01 1.872798677898269e-19
8.11787500e+01 1.871341813673193e-19
8.13050000e+01 1.869888344084059e-19
8.14312500e+01 1.868438255968257e-19
8.15575000e+01 1.866991536234518e-19
8.16837500e+01 1.865548171862421e-19
8.18100000e+01 1.864108149901897e-19
8.19362500e+01 1.862671457472743e-19
8.20625000e+01 1.861238081764137e-19
8.21887500e+01 1.859808010034158e-19
8.23150000e+01 1.858381229609315e-19
8.24412500e+01 1.856957727884068e-19
8.25675000e+01 1.855537492320363e-19
8.26937500e+01 1.854120510447172e-19
8.28200000e+01 1.852706769860028e-19
8.29462500e+01 1.851296258220571e-19
8.30725000e+01 1.849888963256096e-19
8.31987500e+01 1.848484872759103e-19
8.33250000e+01 1.847083974586855e-19
8.34512500e+01 1.845686256660933e-19
8.35775000e+01 1.844291706966803e-19
8.37037500e+01 1.842900313553378e-19
8.38300000e+01 1.841512064532593e-19
8.39562500e+01 1.840126948078972e-19
8.40825000e+01 1.838744952429211e-19
8.42087500e+01 1.837366065881753e-19
8.43350000e+01 1.835990276796377e-19
8.44612500e+01 1.834617573593780e-19
8.45875000e+01 1.833247944755174e-19
8.47137500e+01 1.831881378821875e-19
8.48400000e+01 1.830517864394900e-19
8.49662500e+01 1.829157390134572e-19
8.50925000e+01 1.827799944760121e-19
8.52187500e+01 1.826445517049290e-19
8.53450000e+01 1.825094095837949e-19
8.54712500e+01 1.823745670019706e-19
8.55975000e+01 1.822400228545522e-19
8.57237500e+01 1.821057760423335e-19
8.58500000e+01 1.819718254717681e-19
8.59762500e+01 1.818381700549317e-19
8.61025000e+01 1.817048087094855e-19
8.62287500e+01 1.815717403586389e-19
8.63550000e+01 1.814389639311134e-19
8.64812500e+01 1.813064783611061e-19
8.66075000e+01 1.811742825882539e-19
8.67337500e+01 1.810423755575977e-19
8.68600000e+01 1.809107562195473e-19
8.69862500e+01 1.807794235298460e-19
8.71125000e+01 1.806483764495361e-19
8.72387500e+01 1.805176139449243e-19
8.73650000e+01 1.803871349875472e-19
8.74912500e+01 1.802569385541378e-19
8.76175000e+01 1.801270236265914e-19
8.77437500e+01 1.799973891919322e-19
8.78700000e+01 1.798680342422804e-19
8.79962500e+01 1.797389577748190e-19
8.81225000e+01 1.796101587917612e-19
8.82487500e+01 1.794816363003183e-19
8.83750000e+01 1.793533893126671e-19
8.85012500e+01 1.792254168459182e-19
8.86275000e+01 1.790977179220845e-19
8.87537500e+01 1.789702915680498e-19
8.88800000e+01 1.788431368155373e-19
8.90062500e+01 1.787162527010792e-19
8.91325000e+01 1.785896382659856e-19
8.92587500e+01 1.784632925563145e-19
8.93850000e+01 1.783372146228411e-19
8.95112500e+01 1.782114035210284e-19
8.96375000e+01 1.780858583109969e-19
8.97637500e+01 1.779605780574958e-19
8.98900000e+01 1.778355618298730e-19
9.00162500e+01 1.777108087020467e-19
9.01425000e+01 1.775863177524762e-19
9.02687500e+01 1.774620880641333e-19
9.03950000e+01 1.773381187244743e-19
9.05212500e+01 1.772144088254113e-19
9.06475000e+01 1.770909574632847e-19
9.07737500e+01 1.769677637388355e-19
9.09000000e+01 1.768448267571774e-19
9.10262500e+01 1.767221456277697e-19
9.11525000e+01 1.765997194643903e-19
9.12787500e+01 1.764775473851088e-19
9.14050000e+01 1.763556285122596e-19
9.15312500e+01 1.762339619724157e-19
9.16575000e+01 1.761125468963622e-19
9.17837500e+01 1.759913824190704e-19
9.19100000e+01 1.758704676796717e-19
9.20362500e+01 1.757498018214321e-19
9.21625000e+01 1.756293839917268e-19
9.22887500e+01 1.755092133420142e-19
9.24150000e+01 1.753892890278120e-19
9.25412500e+01 1.752696102086713e-19
9.26675000e+01 1.751501760481519e-19
9.27937500e+01 1.750309857137985e-19
9.29200000e+01 1.749120383771154e-19
9.30462500e+01 1.747933332135429e-19
9.31725000e+01 1.746748694024334e-19
9.32987500e+01 1.745566461270268e-19
9.34250000e+01 1.744386625744279e-19
9.35512500e+01 1.743209179355819e-19
9.36775000e+01 1.742034114052520e-19
9.38037500e+01 1.740861421819954e-19
9.39300000e+01 1.739691094681413e-19
9.40562500e+01 1.738523124697673e-19
9.41825000e+01 1.737357503966771e-19
9.43087500e+01 1.736194224623781e-19
9.44350000e+01 1.735033278840590e-19
9.45612500e+01 1.733874658825678e-19
9.46875000e+01 1.732718356823896e-19
9.48137500e+01 1.731564365116253e-19
9.49400000e+01 1.730412676019690e-19
9.50662500e+01 1.729263281886878e-19
9.51925000e+01 1.728116175105993e-19
9.53187500e+01 1.726971348100513e-19
9.54450000e+01 1.725828793329001e-19
9.55712500e+01 1.724688503284902e-19
9.56975000e+01 1.723550470496331e-19
9.58237500e+01 1.722414687525871e-19
9.59500000e+01 1.721281146970369e-19
9.60762500e+01 1.720149841460728e-19
9.62025000e+01 1.719020763661714e-19
9.63287500e+01 1.717893906271748e-19
9.64550000e+01 1.716769262022715e-19
9.65812500e+01 1.715646823679762e-19
9.67075000e+01 1.714526584041103e-19
9.68337500e+01 1.713408535937828e-19
9.69600000e+01 1.712292672233710e-19
9.70862500e+01 1.711178985825007e-19
9.72125000e+01 1.710067469640283e-19
9.73387500e+01 1.708958116640209e-19
9.74650000e+01 1.707850919817384e-19
9.75912500e+01 1.706745872196143e-19
9.77175000e+01 1.705642966832377e-19
9.78437500e+01 1.704542196813344e-19
9.79700000e+01 1.703443555257496e-19
9.80962500e+01 1.702347035314287e-19
9.82225000e+01 1.701252630164005e-19
9.83487500e+01 1.700160333017585e-19
9.84750000e+01 1.699070137116437e-19
9.86012500e+01 1.697982035732268e-19
9.87275000e+01 1.696896022166909e-19
9.88537500e+01 1.695812089752141e-19
9.89800000e+01 1.694730231849524e-19
9.91062500e+01 1.693650441850225e-19
9.92325000e+01 1.692572713174849e-19
9.93587500e+01 1.691497039273270e-19
9.94850000e+01 1.690423413624466e-19
9.96112500e+01 1.689351829736352e-19
9.97375000e+01 1.688282281145610e-19
9.98637500e+01 1.687214761417536e-19
9.99900000e+01 1.686149264145866e-19
1.00116250e+02 1.685085782952622e-19
1.00242500e+02 1.684024311487950e-19
1.00368750e+02 1.682964843429960e-19
1.00495000e+02 1.681907372484566e-19
1.00621250e+02 1.680851892385333e-19
1.00747500e+02 1.679798396893318e-19
1.00873750e+02 1.678746879796916e-19
1.01000000e+02 1.677697334911708e-19
1.01126250e+02 1.676649756080304e-19
-----------------------------
