Energy (eV)          EEDF (eV^-(3/2))     First Anisotropy
8.44444444444444e-02 1.19761494377724e-01 1.47180775847993e-04
2.53333333333333e-01 1.15254459194523e-01 2.39268505029979e-04
4.22222222222222e-01 1.10917039180602e-01 3.06032230349557e-04
5.91111111111111e-01 1.06742851137086e-01 3.51131959886589e-04
7.60000000000000e-01 1.02725752085333e-01 3.84343811594739e-04
9.28888888888889e-01 9.88598302331014e-02 4.09550708186334e-04
1.09777777777778e+00 9.51393962686179e-02 4.28853330177799e-04
1.26666666666667e+00 9.15589749708289e-02 4.43572355264176e-04
1.43555555555556e+00 8.81132971848718e-02 4.54616104575551e-04
1.60444444444444e+00 8.47972920518203e-02 4.62647757662258e-04
1.77333333333333e+00 8.16060795459716e-02 4.68172502289054e-04
1.94222222222222e+00 7.85349632939725e-02 4.71587489815791e-04
2.11111111111111e+00 7.55794236629188e-02 4.73212567962658e-04
2.28000000000000e+00 7.27351111090614e-02 4.73310253330993e-04
2.44888888888889e+00 6.99978397881980e-02 4.72099296098308e-04
2.61777777777778e+00 6.73635813598771e-02 4.69764227471673e-04
2.78666666666667e+00 6.48284590964322e-02 4.66462286286910e-04
2.95555555555556e+00 6.23887421646866e-02 4.62328576995677e-04
3.12444444444444e+00 6.00408401354540e-02 4.57479992296721e-04
3.29333333333333e+00 5.77812976996036e-02 4.52018255522354e-04
3.46222222222222e+00 5.56067895831721e-02 4.46032319674582e-04
3.63111111111111e+00 5.35141156536201e-02 4.39600287176677e-04
3.80000000000000e+00 5.15001962103357e-02 4.32790965973556e-04
3.96888888888889e+00 4.95620674572629e-02 4.25665146835620e-04
4.13777777777778e+00 4.76968771259981e-02 4.18276660717953e-04
4.30666666666667e+00 4.59018802940254e-02 4.10673263140980e-04
4.47555555555556e+00 4.41744353396522e-02 4.02897381622679e-04
4.64444444444444e+00 4.25120000544465e-02 3.94986749948920e-04
4.81333333333333e+00 4.09121279019578e-02 3.86974951298015e-04
4.98222222222222e+00 3.93724644172971e-02 3.78891886010681e-04
5.15111111111111e+00 3.78907437421456e-02 3.70764176755477e-04
5.32000000000000e+00 3.64647852901867e-02 3.62615521127352e-04
5.48888888888889e+00 3.50924905405144e-02 3.54467000705262e-04
5.65777777777778e+00 3.37718399416226e-02 3.46337351827686e-04
5.82666666666667e+00 3.25008899472908e-02 3.38243204359263e-04
5.99555555555556e+00 3.12777701535950e-02 3.30199293886631e-04
6.16444444444444e+00 3.01006805463121e-02 3.22218649519467e-04
6.33333333333333e+00 2.89678888519079e-02 3.14312761347133e-04
6.50222222222222e+00 2.78777279882399e-02 3.06491730025959e-04
6.67111111111111e+00 2.68285936111730e-02 2.98764400743862e-04
6.84000000000000e+00 2.58189417535341e-02 2.91138483373519e-04
7.00888888888889e+00 2.48472865542921e-02 2.83620660943263e-04
7.17777777777778e+00 2.39121980676308e-02 2.76216686930992e-04
7.34666666666667e+00 2.30123001629458e-02 2.68931473078523e-04
7.51555555555556e+00 2.21462684981381e-02 2.61769169339110e-04
7.68444444444444e+00 2.13128285706355e-02 2.54733235874480e-04
7.85333333333333e+00 2.05107538417575e-02 2.47826508456176e-04
8.02222222222222e+00 1.97388639316772e-02 2.41051257855778e-04
8.19111111111111e+00 1.89960228823020e-02 2.34409243836423e-04
8.36000000000000e+00 1.82811374855311e-02 2.27901764221906e-04
8.52888888888889e+00 1.75931556752239e-02 2.21529699837628e-04
8.69777777777778e+00 1.69310649764555e-02 2.15293555171677e-04
8.86666666666667e+00 1.62938910180403e-02 2.09193495443811e-04
9.03555555555556e+00 1.56806960977164e-02 2.03229380779172e-04
9.20444444444444e+00 1.50905778021683e-02 1.97400797148907e-04
9.37333333333333e+00 1.45226676789819e-02 1.91707084703786e-04
9.54222222222222e+00 1.39761299585824e-02 1.86147363669327e-04
9.71111111111111e+00 1.34501603242662e-02 1.80720558018788e-04
9.88000000000000e+00 1.29439847285209e-02 1.75425417077606e-04
1.00488888888889e+01 1.24568582543700e-02 1.70260535327255e-04
1.02177777777778e+01 1.19880640189708e-02 1.65224370810102e-04
1.03866666666667e+01 1.15369121155727e-02 1.60315261274423e-04
1.05555555555556e+01 1.11027386028574e-02 1.55531439192716e-04
1.07244444444444e+01 1.06849045258876e-02 1.50871046024529e-04
1.08933333333333e+01 1.02827949757748e-02 1.46332144678228e-04
1.10622222222222e+01 9.89581818476492e-03 1.41912731060356e-04
1.12311111111111e+01 9.52340465534723e-03 1.37610744622931e-04
1.14000000000000e+01 9.16500632214943e-03 1.33424077718832e-04
1.15688888888889e+01 8.82009574830648e-03 1.29350585199283e-04
1.17377777777778e+01 8.48816534019451e-03 1.25388091854293e-04
1.19066666666667e+01 8.16872660975906e-03 1.21534399094231e-04
1.20755555555556e+01 7.86130945242129e-03 1.17787292483192e-04
1.22444444444444e+01 7.56546145524506e-03 1.14144547441001e-04
1.24133333333333e+01 7.28074723113487e-03 1.10603934698238e-04
1.25822222222222e+01 7.00674777810629e-03 1.07163225238474e-04
1.27511111111111e+01 6.74305986265245e-03 1.03820194768524e-04
1.29200000000000e+01 6.48929542632235e-03 1.00572627573979e-04
1.30888888888889e+01 6.24508101646565e-03 9.74183206984048e-05
1.32577777777778e+01 6.01005723097674e-03 9.43550868371296e-05
1.34266666666667e+01 5.78387819520685e-03 9.13807568628527e-05
1.35955555555556e+01 5.56621105095313e-03 8.84931830435143e-05
1.37644444444444e+01 5.35673546660536e-03 8.56902411579698e-05
1.39333333333333e+01 5.15514316572454e-03 8.29698325540408e-05
1.41022222222222e+01 4.96113747337179e-03 8.03298859638067e-05
1.42711111111111e+01 4.77443287950097e-03 7.77683590957940e-05
1.44400000000000e+01 4.59475461878561e-03 7.52832399016673e-05
1.46088888888889e+01 4.42183826742090e-03 7.28725481393978e-05
1.47777777777778e+01 4.25542935039492e-03 7.05343361495152e-05
1.49466666666667e+01 4.09528297068068e-03 6.82666894532413e-05
1.51155555555556e+01 3.94116344756405e-03 6.60677278780032e-05
1.52844444444444e+01 3.79284396980238e-03 6.39356060041025e-05
1.54533333333333e+01 3.65010626183438e-03 6.18685136280068e-05
1.56222222222222e+01 3.51274026255670e-03 5.98646761144513e-05
1.57911111111111e+01 3.38054381618397e-03 5.79223546470656e-05
1.59600000000000e+01 3.25332237474465e-03 5.60398463054243e-05
1.61288888888889e+01 3.13088871251806e-03 5.42154843843466e-05
1.62977777777778e+01 3.01306264820359e-03 5.24476382230849e-05
1.64666666666667e+01 2.89967078212045e-03 5.07347129517625e-05
1.66355555555556e+01 2.79054624021108e-03 4.90751496279206e-05
1.68044444444444e+01 2.68552842845966e-03 4.74674249486452e-05
1.69733333333333e+01 2.58446279655166e-03 4.59100510046210e-05
1.71422222222222e+01 2.48720061043079e-03 4.44015749881203e-05
1.73111111111111e+01 2.39359873341221e-03 4.29405788597293e-05
1.74800000000000e+01 2.30351941553429e-03 4.15256789234432e-05
1.76488888888889e+01 2.21683009131968e-03 4.01555255898978e-05
1.78177777777778e+01 2.13340318319804e-03 3.88288028308500e-05
1.79866666666667e+01 2.05311591528426e-03 3.75442275991233e-05
1.81555555555556e+01 1.97585013216989e-03 3.63005495327483e-05
1.83244444444444e+01 1.90149212503880e-03 3.50965503910797e-05
1.84933333333333e+01 1.82993246432613e-03 3.39310435373132e-05
1.86622222222222e+01 1.76106583867665e-03 3.28028734068458e-05
1.88311111111111e+01 1.69479089996179e-03 3.17109149637855e-05
1.90000000000000e+01 1.63101011412990e-03 3.06540731105427e-05
1.91688888888889e+01 1.56962961798343e-03 2.96312822396493e-05
1.93377777777778e+01 1.51055908007619e-03 2.86415055895815e-05
1.95066666666667e+01 1.45371156877211e-03 2.76837345900477e-05
1.96755555555556e+01 1.39900342397007e-03 2.67569884125387e-05
1.98444444444444e+01 1.34635413398483e-03 2.58603133504701e-05
2.00133333333333e+01 1.29568621706106e-03 2.49927822418409e-05
2.01822222222222e+01 1.24692510734742e-03 2.41534938926969e-05
2.03511111111111e+01 1.19999904516074e-03 2.33415725024292e-05
2.05200000000000e+01 1.15483897138032e-03 2.25561670665222e-05
2.06888888888889e+01 1.11137842602242e-03 2.17964508851300e-05
2.08577777777778e+01 1.06955344979905e-03 2.10616209465949e-05
2.10266666666667e+01 1.02930249064454e-03 2.03508973118228e-05
2.11955555555556e+01 9.90566312908078e-04 1.96635226461518e-05
2.13644444444444e+01 9.53287910179151e-04 1.89987616423899e-05
2.15333333333333e+01 9.17412421393337e-04 1.83559004797272e-05
2.17022222222222e+01 8.82887050096071e-04 1.77342462897604e-05
2.18711111111111e+01 8.49660986744071e-04 1.71331266300101e-05
2.20400000000000e+01 8.17685333931066e-04 1.65518889479784e-05
2.22088888888889e+01 7.86913034563301e-04 1.59899001231598e-05
2.23777777777778e+01 7.57298802189065e-04 1.54465459289971e-05
2.25466666666667e+01 7.28799054782787e-04 1.49212305005374e-05
2.27155555555556e+01 7.01371850459682e-04 1.44133759077369e-05
2.28844444444444e+01 6.74976825751634e-04 1.39224216590624e-05
2.30533333333333e+01 6.49575136205853e-04 1.34478242340348e-05
2.32222222222222e+01 6.25129399219402e-04 1.29890566248512e-05
2.33911111111111e+01 6.01603639024645e-04 1.25456078871487e-05
2.35600000000000e+01 5.78963233745217e-04 1.21169826881197e-05
2.37288888888889e+01 5.57174864534405e-04 1.17027009116613e-05
2.38977777777778e+01 5.36206466263964e-04 1.13022972121828e-05
2.40666666666667e+01 5.16027180620192e-04 1.09153205756330e-05
2.42355555555556e+01 4.96607310593349e-04 1.05413339560481e-05
2.44044444444444e+01 4.77918276773818e-04 1.01799138673916e-05
2.45733333333333e+01 4.59932575292904e-04 9.83064999810251e-06
2.47422222222222e+01 4.42623737346724e-04 9.49314483461649e-06
2.49111111111111e+01 4.25966290243084e-04 9.16701329377909e-06
2.50800000000000e+01 4.09935719914388e-04 8.85188235594621e-06
2.52488888888889e+01 3.94508434901150e-04 8.54739073961392e-06
2.54177777777778e+01 3.79661731449014e-04 8.25318854310009e-06
2.55866666666667e+01 3.65373760286138e-04 7.96893689335924e-06
2.57555555555556e+01 3.51623494403565e-04 7.69430764870941e-06
2.59244444444444e+01 3.38390698110659e-04 7.42898307287243e-06
2.60933333333333e+01 3.25655897255035e-04 7.17265552650431e-06
2.62622222222222e+01 3.13400350563382e-04 6.92502716670389e-06
2.64311111111111e+01 3.01606022060652e-04 6.68580965436535e-06
2.66000000000000e+01 2.90255554527278e-04 6.45472386366012e-06
2.67688888888889e+01 2.79332243995231e-04 6.23149962165427e-06
2.69377777777778e+01 2.68820015042372e-04 6.01587542678815e-06
2.71066666666667e+01 2.58703397261454e-04 5.80759817370794e-06
2.72755555555556e+01 2.48967502449611e-04 5.60642291654896e-06
2.74444444444444e+01 2.39598002698015e-04 5.41211261382375e-06
2.76133333333333e+01 2.30581109306058e-04 5.22443788660500e-06
2.77822222222222e+01 2.21903552489174e-04 5.04317678340825e-06
2.79511111111111e+01 2.13552561850212e-04 4.86811455163006e-06
2.81200000000000e+01 2.05515847585782e-04 4.69904341155872e-06
2.82888888888889e+01 1.97781582426628e-04 4.53576235219553e-06
2.84577777777778e+01 1.90338384149465e-04 4.37807691353329e-06
2.86266666666667e+01 1.83175298910981e-04 4.22579897417780e-06
2.87955555555556e+01 1.76281785098481e-04 4.07874656637835e-06
2.89644444444444e+01 1.69647697816245e-04 3.93674367928048e-06
2.91333333333333e+01 1.63263273955683e-04 3.79962007218668e-06
2.93022222222222e+01 1.57119117827427e-04 3.66721109324705e-06
2.94711111111111e+01 1.51206187334064e-04 3.53935750344646e-06
2.96400000000000e+01 1.45515780663257e-04 3.41590530310932e-06
2.98088888888889e+01 1.40039523499640e-04 3.29670557415791e-06
2.99777777777778e+01 1.34769356645281e-04 3.18161431371345e-06
3.01466666666667e+01 1.29697524216229e-04 3.07049227203535e-06
3.03155555555556e+01 1.24816562208994e-04 2.96320480998956e-06
3.04844444444444e+01 1.20119287516090e-04 2.85962174899522e-06
3.06533333333333e+01 1.15598787354940e-04 2.75961722844922e-06
3.08222222222222e+01 1.11248409094656e-04 2.66306956744703e-06
3.09911111111111e+01 1.07061750465626e-04 2.56986113068509e-06
3.11600000000000e+01 1.03032650137556e-04 2.47987819660462e-06
3.13288888888889e+01 9.91551786642205e-05 2.39301083689620e-06
3.14977777777778e+01 9.54236297200198e-05 2.30915279048796e-06
3.16666666666667e+01 9.18325117405643e-05 2.22820134097203e-06
3.18355555555556e+01 8.83765398278313e-05 2.15005720794192e-06
3.20044444444444e+01 8.50506279726028e-05 2.07462443354343e-06
3.21733333333333e+01 8.18498815695903e-05 2.00181027458001e-06
3.23422222222222e+01 7.87695902142676e-05 1.93152509795962e-06
3.25111111111111e+01 7.58052207707568e-05 1.86368227938868e-06
3.26800000000000e+01 7.29524107006016e-05 1.79819810395721e-06
3.28488888888889e+01 7.02069616507801e-05 1.73499167490608e-06
3.30177777777778e+01 6.75648332499720e-05 1.67398481889483e-06
3.31866666666667e+01 6.50221371883950e-05 1.61510199394771e-06
3.33555555555556e+01 6.25751314866748e-05 1.55827020730679e-06
3.35244444444444e+01 6.02202149889316e-05 1.50341893025321e-06
3.36933333333333e+01 5.79539220631040e-05 1.45048001703513e-06
3.38622222222222e+01 5.57729175007357e-05 1.39938762636134e-06
3.40311111111111e+01 5.36739916086824e-05 1.35007814538479e-06
3.42000000000000e+01 5.16540554855414e-05 1.30249011522809e-06
3.43688888888889e+01 4.97101364813776e-05 1.25656416239583e-06
3.45377777777778e+01 4.78393738059540e-05 1.21224292797916e-06
3.47066666666667e+01 4.60390143361372e-05 1.16947099891989e-06
3.48755555555556e+01 4.43064085582422e-05 1.12819484632914e-06
3.50444444444444e+01 4.26390066688547e-05 1.08836276189727e-06
3.52133333333333e+01 4.10343548223885e-05 1.04992479732825e-06
3.53822222222222e+01 3.94900915198715e-05 1.01283270572442e-06
3.55511111111111e+01 3.80039441336228e-05 9.77039884862374e-07
3.57200000000000e+01 3.65737255627213e-05 9.42501321696604e-07
3.58888888888889e+01 3.51973310180929e-05 9.09173541094581e-07
3.60577777777778e+01 3.38727349134242e-05 8.77014553189225e-07
3.62266666666667e+01 3.25979878960629e-05 8.45983802299086e-07
3.63955555555556e+01 3.13712139741705e-05 8.16042120871547e-07
3.65644444444444e+01 3.01906077559041e-05 7.87151682233607e-07
3.67333333333333e+01 2.90544317924943e-05 7.59275955562861e-07
3.69022222222222e+01 2.79610140213197e-05 7.32379662329574e-07
3.70711111111111e+01 2.69087453051998e-05 7.06428734163994e-07
3.72400000000000e+01 2.58960770642954e-05 6.81390271684471e-07
3.74088888888889e+01 2.49215189996762e-05 6.57232506364820e-07
3.75777777777778e+01 2.39836368922621e-05 6.33924761543823e-07
3.77466666666667e+01 2.30810505002048e-05 6.11437414618607e-07
3.79155555555556e+01 2.22124315248818e-05 5.89741862814235e-07
3.80844444444444e+01 2.13765016560956e-05 5.68810488215731e-07
3.82533333333333e+01 2.05720306908363e-05 5.48616624425516e-07
3.84222222222222e+01 1.97978347228465e-05 5.29134524323335e-07
3.85911111111111e+01 1.90527744003149e-05 5.10339328893592e-07
3.87600000000000e+01 1.83357532491393e-05 4.92207036794757e-07
3.89288888888889e+01 1.76457160610256e-05 4.74714476110332e-07
3.90977777777778e+01 1.69816473352422e-05 4.57839275573826e-07
3.92666666666667e+01 1.63425697896348e-05 4.41559836681997e-07
3.94355555555556e+01 1.57275429205221e-05 4.25855308354075e-07
3.96044444444444e+01 1.51356616185964e-05 4.10705561140635e-07
3.97733333333333e+01 1.45660548369112e-05 3.96091162619614e-07
3.99422222222222e+01 1.40178843089996e-05 3.81993353614218e-07
4.01111111111111e+01 1.34903433152320e-05 3.68394025206145e-07
4.02800000000000e+01 1.29826554956003e-05 3.55275696316084e-07
4.04488888888889e+01 1.24940737083630e-05 3.42621492849225e-07
4.06177777777778e+01 1.20238789268693e-05 3.30415126523268e-07
4.07866666666667e+01 1.15713791851348e-05 3.18640874359304e-07
4.09555555555556e+01 1.11359085582243e-05 3.07283559985231e-07
4.11244444444444e+01 1.07168261822375e-05 2.96328534668763e-07
4.12933333333333e+01 1.03135153111764e-05 2.85761659215756e-07
4.14622222222222e+01 9.92538240930701e-06 2.75569286478556e-07
4.16311111111111e+01 9.55185627767734e-06 2.65738244454354e-07
4.18000000000000e+01 9.19238721350746e-06 2.56255819813610e-07
4.19688888888889e+01 8.84644620202107e-06 2.47109742550626e-07
4.21377777777778e+01 8.51352413543437e-06 2.38288170446477e-07
4.23066666666667e+01 8.19313106627275e-06 2.29779674024406e-07
4.24755555555556e+01 7.88479548546252e-06 2.21573222795515e-07
4.26444444444444e+01 7.58806362843077e-06 2.13658171345835e-07
4.28133333333333e+01 7.30249880731860e-06 2.06024246053018e-07
4.29822222222222e+01 7.02768076832683e-06 1.98661532254067e-07
4.31511111111111e+01 6.76320507324560e-06 1.91560461849159e-07
4.33200000000000e+01 6.50868250425963e-06 1.84711801229353e-07
4.34888888888889e+01 6.26373849170324e-06 1.78106640008513e-07
4.36577777777778e+01 6.02801256112605e-06 1.71736379647588e-07
4.38266666666667e+01 5.80115780453943e-06 1.65592722443344e-07
4.39955555555556e+01 5.58284036929012e-06 1.59667661435615e-07
4.41644444444444e+01 5.37273896674320e-06 1.53953470224517e-07
4.43333333333333e+01 5.17054439945486e-06 1.48442693245064e-07
4.45022222222222e+01 4.97595910614002e-06 1.43128136374215e-07
4.46711111111111e+01 4.78869672376358e-06 1.38002857859231e-07
4.48400000000000e+01 4.60848166611187e-06 1.33060159488552e-07
4.50088888888889e+01 4.43504871860074e-06 1.28293578338847e-07
4.51777777777778e+01 4.26814264681019e-06 1.23696878462947e-07
4.53466666666667e+01 4.10751782205796e-06 1.19264042846624e-07
4.55155555555556e+01 3.95293785951010e-06 1.14989266019227e-07
4.56844444444444e+01 3.80417527030329e-06 1.10866946615698e-07
4.58533333333333e+01 3.66101112675884e-06 1.06891680270416e-07
4.60222222222222e+01 3.52323474019637e-06 1.03058252755377e-07
4.61911111111111e+01 3.39064335087193e-06 9.93616333544624e-08
4.63600000000000e+01 3.26304182958496e-06 9.57969684184497e-08
4.65288888888889e+01 3.14024239077276e-06 9.23595753326463e-08
4.66977777777778e+01 3.02206431535995e-06 8.90449364543332e-08
4.68666666666667e+01 2.90833368561753e-06 8.58486932479444e-08
4.70355555555556e+01 2.79888312893616e-06 8.27666408856971e-08
4.72044444444444e+01 2.69355157151082e-06 7.97947228241078e-08
4.73733333333333e+01 2.59218400129514e-06 7.69290256209397e-08
4.75422222222222e+01 2.49463123987695e-06 7.41657739312903e-08
4.77111111111111e+01 2.40074972293848e-06 7.15013256767304e-08
4.78800000000000e+01 2.31040128897880e-06 6.89321673486115e-08
4.80488888888889e+01 2.22345297616419e-06 6.64549096067695e-08
4.82177777777778e+01 2.13977682610907e-06 6.40662828648011e-08
4.83866666666667e+01 2.05924969612437e-06 6.17631330204253e-08
4.85555555555556e+01 1.98175307780200e-06 5.95424175171650e-08
4.87244444444444e+01 1.90717292261107e-06 5.74012013959920e-08
4.88933333333333e+01 1.83539947405727e-06 5.53366535209835e-08
4.90622222222222e+01 1.76632710615909e-06 5.33460429360435e-08
4.92311111111111e+01 1.69985416800234e-06 5.14267353481981e-08
4.94000000000000e+01 1.63588283414479e-06 4.95761897101342e-08
4.95688888888889e+01 1.57431896077192e-06 4.77919550141497e-08
4.97377777777778e+01 1.51507194677564e-06 4.60716670820324e-08
4.99066666666667e+01 1.45805460080424e-06 4.44130454611525e-08
5.00755555555556e+01 1.40318301281512e-06 4.28138905563940e-08
5.02444444444444e+01 1.35037643058788e-06 4.12720807597908e-08
5.04133333333333e+01 1.29955714088461e-06 3.97855697059785e-08
5.05822222222222e+01 1.25065035508269e-06 3.83523836233505e-08
5.07511111111111e+01 1.20358409911142e-06 3.69706187776195e-08
5.09200000000000e+01 1.15828910753085e-06 3.56384389885677e-08
5.10888888888889e+01 1.11469872168006e-06 3.43540732980584e-08
5.12577777777778e+01 1.07274879132166e-06 3.31158136388830e-08
5.14266666666667e+01 1.03237758049821e-06 3.19220125812138e-08
5.15955555555556e+01 9.93525676587744e-07 3.07710812469300e-08
5.17644444444444e+01 9.56135902868672e-07 2.96614872256076e-08
5.19333333333333e+01 9.20153234375178e-07 2.85917525813984e-08
5.21022222222222e+01 8.85524716919350e-07 2.75604519296707e-08
5.22711111111111e+01 8.52199389160682e-07 2.65662105809980e-08
5.24400000000000e+01 8.20128207608402e-07 2.56077027389803e-08
5.26088888888889e+01 7.89263974503552e-07 2.46836498062598e-08
5.27777777777778e+01 7.59561268183479e-07 2.37928186936746e-08
5.29466666666667e+01 7.30976376417950e-07 2.29340201860204e-08
5.31155555555556e+01 7.03467232017626e-07 2.21061074273003e-08
5.32844444444444e+01 6.76993350925537e-07 2.13079744094116e-08
5.34533333333333e+01 6.51515772638370e-07 2.05385545264313e-08
5.36222222222222e+01 6.26997002869978e-07 1.97968191796793e-08
5.37911111111111e+01 6.03400958372581e-07 1.90817764317903e-08
5.39600000000000e+01 5.80692913834563e-07 1.83924697002874e-08
5.41288888888889e+01 5.58839450816137e-07 1.77279765285261e-08
5.42977777777778e+01 5.37808408447341e-07 1.70874073606114e-08
5.44666666666667e+01 5.17568836222971e-07 1.64699043575363e-08
5.46355555555556e+01 4.98090948411306e-07 1.58746402983709e-08
5.48044444444444e+01 4.79346080219697e-07 1.53008174854333e-08
5.49733333333333e+01 4.61306645609773e-07 1.47476666967721e-08
5.51422222222222e+01 4.43946096700259e-07 1.42144461755544e-08
5.53111111111111e+01 4.27238884697554e-07 1.37004406550719e-08
5.54800000000000e+01 4.11160422296638e-07 1.32049604126691e-08
5.56488888888889e+01 3.95687047524140e-07 1.27273403789896e-08
5.58177777777778e+01 3.80795988832335e-07 1.22669392512356e-08
5.59866666666667e+01 3.66465331673113e-07 1.18231386364040e-08
5.61555555555556e+01 3.52673986217846e-07 1.13953422550594e-08
5.63244444444444e+01 3.39401656320367e-07 1.09829751489902e-08
5.64933333333333e+01 3.26628809647974e-07 1.05854829229626e-08
5.66622222222222e+01 3.14336648936536e-07 1.02023310132654e-08
5.68311111111111e+01 3.02507084327332e-07 9.83300398210587e-09
5.70000000000000e+01 2.91122706744967e-07 9.47700483314639e-09
5.71688888888889e+01 2.80166762295887e-07 9.13385436657984e-09
5.73377777777778e+01 2.69623127554720e-07 8.80309053787376e-09
5.75066666666667e+01 2.59476285895302e-07 8.48426783828542e-09
5.76755555555556e+01 2.49711304635241e-07 8.17695671846467e-09
5.78444444444444e+01 2.40313813060114e-07 7.88074301553803e-09
5.80133333333333e+01 2.31269981274680e-07 7.59522740475135e-09
5.81822222222222e+01 2.22566499850016e-07 7.32002487053809e-09
5.83511111111111e+01 2.14190560236586e-07 7.05476419633066e-09
5.85200000000000e+01 2.06129835914426e-07 6.79908746979540e-09
5.86888888888889e+01 1.98372464265642e-07 6.55264961632468e-09
5.88577777777778e+01 1.90907029076924e-07 6.31511793569538e-09
5.90266666666667e+01 1.83722543779612e-07 6.08617165452070e-09
5.91955555555556e+01 1.76808435267240e-07 5.86550150936890e-09
5.93644444444444e+01 1.70154528335544e-07 5.65280933285120e-09
5.95333333333333e+01 1.63751030708031e-07 5.44780765738710e-09
5.97022222222222e+01 1.57588518625105e-07 5.25021933304023e-09
5.98711111111111e+01 1.51657922975515e-07 5.05977715892906e-09
6.00400000000000e+01 1.45950515949717e-07 4.87622352587394e-09
6.02088888888889e+01 1.40457898204439e-07 4.69931007923407e-09
6.03777777777778e+01 1.35171986474275e-07 4.52879738437886e-09
6.05466666666667e+01 1.30085001704057e-07 4.36445460360350e-09
6.07155555555556e+01 1.25189457591099e-07 4.20605919487097e-09
6.08844444444444e+01 1.20478149567918e-07 4.05339661300409e-09
6.10533333333333e+01 1.15944144199571e-07 3.90626002359442e-09
6.12222222222222e+01 1.11580768980017e-07 3.76445002709347e-09
6.13911111111111e+01 1.07381602512465e-07 3.62777439272593e-09
6.15600000000000e+01 1.03340465059270e-07 3.49604780057752e-09
6.17288888888889e+01 9.94514094536329e-08 3.36909159810635e-09
6.18977777777778e+01 9.57087123284484e-08 3.24673355878973e-09
6.20666666666667e+01 9.21068657129228e-08 3.12880764905607e-09
6.22355555555556e+01 8.86405689200634e-08 3.01515381075063e-09
6.24044444444444e+01 8.53047207458787e-08 2.90561774557587e-09
6.25733333333333e+01 8.20944119621484e-08 2.80005070867563e-09
6.27422222222222e+01 7.90049180917222e-08 2.69830930958094e-09
6.29111111111111e+01 7.60316924557021e-08 2.60025532025672e-09
6.30800000000000e+01 7.31703594822851e-08 2.50575548908788e-09
6.32488888888889e+01 7.04167082716714e-08 2.41468136516749e-09
6.34177777777778e+01 6.77666863859631e-08 2.32690912428395e-09
6.35866666666667e+01 6.52163938988063e-08 2.24231940090038e-09
6.37555555555556e+01 6.27620776514289e-08 2.16079713118939e-09
6.39244444444444e+01 6.04001257292750e-08 2.08223139763146e-09
6.40933333333333e+01 5.81270621464994e-08 2.00651528018482e-09
6.42622222222222e+01 5.59395417305079e-08 1.93354571277351e-09
6.44311111111111e+01 5.38343451990055e-08 1.86322334490449e-09
6.46000000000000e+01 5.18083744223131e-08 1.79545240759565e-09
6.47688888888889e+01 4.98586478669205e-08 1.73014058666073e-09
6.49377777777778e+01 4.79822961986348e-08 1.66719889732625e-09
6.51066666666667e+01 4.61765580691955e-08 1.60654156317891e-09
6.52755555555556e+01 4.44387760493326e-08 1.54808590298075e-09
6.54444444444444e+01 4.27663927179389e-08 1.49175221870597e-09
6.56133333333333e+01 4.11569468984192e-08 1.43746368829821e-09
6.57822222222222e+01 3.96080700366821e-08 1.38514626226690e-09
6.59511111111111e+01 3.81174827154371e-08 1.33472856398595e-09
6.61200000000000e+01 3.66829912996711e-08 1.28614179311752e-09
6.62888888888889e+01 3.53024847104025e-08 1.23931963428885e-09
6.64577777777778e+01 3.39739313116309e-08 1.19419816680166e-09
6.66266666666667e+01 3.26953759268935e-08 1.15071577746845e-09
6.67955555555556e+01 3.14649369597127e-08 1.10881307904803e-09
6.69644444444445e+01 3.02808036245290e-08 1.06843282962506e-09
6.71333333333333e+01 2.91412332818433e-08 1.02951985537923e-09
6.73022222222222e+01 2.80445488736487e-08 9.92020976123737e-10
6.74711111111111e+01 2.69891364553734e-08 9.55884933514135e-10
6.76400000000000e+01 2.59734428207065e-08 9.21062321520829e-10
6.78088888888889e+01 2.49959732172169e-08 8.87505520651672e-10
6.79777777777778e+01 2.40552891422538e-08 8.55168632967403e-10
6.81466666666667e+01 2.31500062304132e-08 8.24007419353628e-10
6.83155555555556e+01 2.22787922147012e-08 7.93979240777206e-10
6.84844444444444e+01 2.14403649658929e-08 7.65043000265948e-10
6.86533333333333e+01 2.06334906056759e-08 7.37159087321159e-10
6.88222222222222e+01 1.98569816908040e-08 7.10289324326553e-10
6.89911111111111e+01 1.91096954655865e-08 6.84396914882147e-10
6.91600000000000e+01 1.83905321801425e-08 6.59446393776026e-10
6.93288888888889e+01 1.76984334729196e-08 6.35403579633085e-10
6.94977777777778e+01 1.70323808101462e-08 6.12235528167926e-10
6.96666666666667e+01 1.63913939899790e-08 5.89910487064906e-10
6.98355555555556e+01 1.57745296989269e-08 5.68397853693587e-10
7.00044444444444e+01 1.51808801236151e-08 5.47668133374291e-10
7.01733333333333e+01 1.46095716147946e-08 5.27692899389129e-10
7.03422222222222e+01 1.40597634016293e-08 5.08444754431322e-10
7.05111111111111e+01 1.35306463543687e-08 4.89897293441284e-10
7.06800000000000e+01 1.30214417935853e-08 4.72025067626923e-10
7.08488888888889e+01 1.25314003449006e-08 4.54803550394496e-10
7.10177777777778e+01 1.20598008340820e-08 4.38209103736922e-10
7.11866666666667e+01 1.16059492278559e-08 4.22218945794731e-10
7.13555555555556e+01 1.11691776117976e-08 4.06811120434606e-10
7.15244444444444e+01 1.07488432073889e-08 3.91964467243783e-10
7.16933333333333e+01 1.03443274260683e-08 3.77658592776328e-10
7.18622222222222e+01 9.95503495888003e-09 3.63873842835024e-10
7.20311111111111e+01 9.58039290038300e-09 3.50591275751729e-10
7.22000000000000e+01 9.21984990552945e-09 3.37792636523269e-10
7.23688888888889e+01 8.87287537874204e-09 3.25460332310735e-10
7.25377777777778e+01 8.53895869161676e-09 3.13577408283256e-10
7.27066666666667e+01 8.21760843293249e-09 3.02127524306341e-10
7.28755555555556e+01 7.90835168495504e-09 2.91094933065883e-10
7.30444444444445e+01 7.61073332746391e-09 2.80464458504856e-10
7.32133333333333e+01 7.32431536797074e-09 2.70221475157577e-10
7.33822222222222e+01 7.04867629714448e-09 2.60351888229256e-10
7.35511111111111e+01 6.78341046849351e-09 2.50842114394044e-10
7.37200000000000e+01 6.52812750139272e-09 2.41679063210724e-10
7.38888888888889e+01 6.28245170690142e-09 2.32850119511230e-10
7.40577777777778e+01 6.04602153387787e-09 2.24343126047322e-10
7.42266666666667e+01 5.81848903792592e-09 2.16146366745245e-10
7.43955555555556e+01 5.59951936898847e-09 2.08248550981914e-10
7.45644444444444e+01 5.38879027856264e-09 2.00638798095162e-10
7.47333333333333e+01 5.18599164546007e-09 1.93306622537331e-10
7.49022222222222e+01 4.99082501941475e-09 1.86241919564931e-10
7.50711111111111e+01 4.80300318186612e-09 1.79434951445075e-10
7.52400000000000e+01 4.62224972327158e-09 1.72876334107520e-10
7.54088888888889e+01 4.44829863655137e-09 1.66557024490740e-10
7.55777777777778e+01 4.28089392492355e-09 1.60468308080711e-10
7.57466666666667e+01 4.11978922587622e-09 1.54601786887129e-10
7.59155555555556e+01 3.96474744836238e-09 1.48949368146448e-10
7.60844444444444e+01 3.81554042388298e-09 1.43503253199458e-10
7.62533333333333e+01 3.67194857070082e-09 1.38255926829828e-10
7.64222222222222e+01 3.53376057069144e-09 1.33200146988054e-10
7.65911111111111e+01 3.40077305835500e-09 1.28328934886937e-10
7.67600000000000e+01 3.27279032153180e-09 1.23635565418321e-10
7.69288888888889e+01 3.14962401353723e-09 1.19113558064923e-10
7.70977777777778e+01 3.03109287549846e-09 1.14756667955512e-10
7.72666666666667e+01 2.91702247009753e-09 1.10558877234625e-10
7.74355555555556e+01 2.80724492469002e-09 1.06514386949448e-10
7.76044444444445e+01 2.70159868425397e-09 1.02617609066376e-10
7.77733333333333e+01 2.59992827363606e-09 9.88631588177729e-11
7.79422222222222e+01 2.50208406874540e-09 9.52458473256956e-11
7.81111111111111e+01 2.40792207635801e-09 9.17606744925957e-11
7.82800000000000e+01 2.31730372220798e-09 8.84028221235134e-11
7.84488888888889e+01 2.23009564716210e-09 8.51676474014040e-11
7.86177777777778e+01 2.14616951062662e-09 8.20506764687359e-11
7.87866666666667e+01 2.06540180201677e-09 7.90475982351947e-11
7.89555555555556e+01 1.98767365887406e-09 7.61542585533280e-11
7.91244444444444e+01 1.91287069194128e-09 7.33666544902564e-11
7.92933333333333e+01 1.84088281682065e-09 7.06809288358537e-11
7.94622222222222e+01 1.77160409196729e-09 6.80933648098761e-11
7.96311111111111e+01 1.70493256277938e-09 6.56003809608599e-11
7.98000000000000e+01 1.64077011155591e-09 6.31985262317284e-11
7.99688888888889e+01 1.57902231317635e-09 6.08844752772526e-11
8.01377777777778e+01 1.51959829590701e-09 5.86550238600814e-11
8.03066666666667e+01 1.46241060790717e-09 5.65070844092266e-11
8.04755555555556e+01 1.40737508844838e-09 5.44376818403239e-11
8.06444444444444e+01 1.35441074405853e-09 5.24439494468642e-11
8.08133333333333e+01 1.30343962932724e-09 5.05231249607246e-11
8.09822222222222e+01 1.25438673219681e-09 4.86725467555522e-11
8.11511111111111e+01 1.20717986357016e-09 4.68896501878357e-11
8.13200000000000e+01 1.16174955107310e-09 4.51719640579807e-11
8.14888888888889e+01 1.11802893686719e-09 4.35171072509744e-11
8.16577777777778e+01 1.07595367909653e-09 4.19227854350019e-11
8.18266666666667e+01 1.03546185736411e-09 4.03867878767374e-11
8.19955555555556e+01 9.96493881549505e-10 3.89069844428675e-11
8.21644444444444e+01 9.58992404112566e-10 3.74813226539240e-11
8.23333333333333e+01 9.22902235697434e-10 3.61078248592922e-11
8.25022222222222e+01 8.88170263912713e-10 3.47845855147533e-11
8.26711111111111e+01 8.54745375168163e-10 3.35097685588555e-11
8.28400000000000e+01 8.22578379452975e-10 3.22816048756157e-11
8.30088888888889e+01 7.91621937981302e-10 3.10983898852774e-11
8.31777777777778e+01 7.61830493413643e-10 2.99584811777090e-11
8.33466666666667e+01 7.33160202927089e-10 2.88602962295666e-11
8.35155555555556e+01 7.05568873654286e-10 2.78023102539467e-11
8.36844444444445e+01 6.79015900589956e-10 2.67830540885036e-11
8.38533333333333e+01 6.53462206834204e-10 2.58011121702800e-11
8.40222222222222e+01 6.28870186084695e-10 2.48551205841080e-11
8.41911111111111e+01 6.05203647293028e-10 2.39437651819169e-11
8.43600000000000e+01 5.82427761403879e-10 2.30657797641213e-11
8.45288888888889e+01 5.60509010123866e-10 2.22199443523098e-11
8.46977777777778e+01 5.39415136516121e-10 2.14050834932458e-11
8.48666666666667e+01 5.19115097609124e-10 2.06200646229831e-11
8.50355555555556e+01 4.99579018684673e-10 1.98637965252321e-11
8.52044444444444e+01 4.80778149312510e-10 1.91352278179573e-11
8.53733333333333e+01 4.62684821039510e-10 1.84333455020128e-11
8.55422222222222e+01 4.45272406671190e-10 1.77571735625465e-11
8.57111111111111e+01 4.28515281085575e-10 1.71057716212626e-11
8.58800000000000e+01 4.12388783521779e-10 1.64782336333056e-11
8.60488888888889e+01 3.96869181305403e-10 1.58736866492320e-11
8.62177777777778e+01 3.81933634867939e-10 1.52912895999333e-11
8.63866666666667e+01 3.67560164190383e-10 1.47302321246872e-11
8.65555555555556e+01 3.53727616437109e-10 1.41897334662544e-11
8.67244444444444e+01 3.40415634826132e-10 1.36690413866590e-11
8.68933333333333e+01 3.27604628670872e-10 1.31674311273420e-11
8.70622222222222e+01 3.15275744549376e-10 1.26842044071524e-11
8.72311111111111e+01 3.03410838558518e-10 1.22186884568044e-11
8.74000000000000e+01 2.91992449612376e-10 1.17702350853952e-11
8.75688888888889e+01 2.81003773757739e-10 1.13382197933170e-11
8.77377777777778e+01 2.70428639406707e-10 1.09220409019667e-11
8.79066666666667e+01 2.60251483576364e-10 1.05211187143837e-11
8.80755555555556e+01 2.50457328972130e-10 1.01348947235809e-11
8.82444444444444e+01 2.41031761946310e-10 9.76283083600468e-12
8.84133333333333e+01 2.31960911286123e-10 9.40440862672571e-12
8.85822222222222e+01 2.23231427800027e-10 9.05912862175404e-12
8.87511111111111e+01 2.14830464672270e-10 8.72650960649217e-12
8.89200000000000e+01 2.06745658556769e-10 8.40608795721361e-12
8.90888888888889e+01 1.98965111391015e-10 8.09741700561050e-12
8.92577777777778e+01 1.91477372859948e-10 7.80006641561289e-12
8.94266666666667e+01 1.84271423571944e-10 7.51362158238288e-12
8.95955555555556e+01 1.77336658832822e-10 7.23768306523383e-12
8.97644444444445e+01 1.70662873039355e-10 6.97186603159807e-12
8.99333333333333e+01 1.64240244660113e-10 6.71579972368213e-12
9.01022222222222e+01 1.58059321781523e-10 6.46912694455899e-12
9.02711111111111e+01 1.52111008197890e-10 6.23150356299081e-12
9.04400000000000e+01 1.46386550024887e-10 6.00259803478214e-12
9.06088888888889e+01 1.40877522822765e-10 5.78209094770159e-12
9.07777777777778e+01 1.35575819180186e-10 5.56967457535663e-12
9.09466666666667e+01 1.30473636801642e-10 5.36505244696225e-12
9.11155555555556e+01 1.25563467018721e-10 5.16793894124029e-12
9.12844444444444e+01 1.20838083739915e-10 4.97805888837663e-12
9.14533333333333e+01 1.16290532816284e-10 4.79514718819648e-12
9.16222222222222e+01 1.11914121807325e-10 4.61894844226441e-12
9.17911111111111e+01 1.07702410131989e-10 4.44921659940269e-12
9.19600000000000e+01 1.03649199590348e-10 4.28571461307332e-12
9.21288888888889e+01 9.97485252460943e-11 4.12821411555559e-12
9.22977777777778e+01 9.59946466354695e-11 3.97649509864748e-12
9.24666666666667e+01 9.23820393323260e-11 3.83034560575555e-12
9.26355555555556e+01 8.89053868135896e-11 3.68956144114833e-12
9.28044444444444e+01 8.55595726351544e-11 3.55394588507903e-12
9.29733333333333e+01 8.23396729022257e-11 3.42330942049940e-12
9.31422222222222e+01 7.92409490230319e-11 3.29746946974695e-12
9.33111111111111e+01 7.62588407352359e-11 3.17625014084222e-12
9.34800000000000e+01 7.33889593947885e-11 3.05948198229741e-12
9.36488888888889e+01 7.06270815202238e-11 2.94700174989309e-12
9.38177777777778e+01 6.79691425682740e-11 2.83865217820300e-12
9.39866666666667e+01 6.54112309613496e-11 2.73428176027673e-12
9.41555555555556e+01 6.29495823279200e-11 2.63374453952997e-12
9.43244444444445e+01 6.05805739626459e-11 2.53689990590501e-12
9.44933333333333e+01 5.83007194949942e-11 2.44361240031402e-12
9.46622222222222e+01 5.61066637584944e-11 2.35375152622362e-12
9.48311111111111e+01 5.39951778530793e-11 2.26719156812048e-12
9.50000000000000e+01 5.19631543932481e-11 2.18381141608122e-12
9.51688888888889e+01 5.00076029370634e-11 2.10349439886967e-12
9.53377777777778e+01 4.81256455790671e-11 2.02612812048619e-12
9.55066666666667e+01 4.63145127213262e-11 1.95160430255885e-12
9.56755555555556e+01 4.45715389953618e-11 1.87981863541734e-12
9.58444444444444e+01 4.28941593396382e-11 1.81067063227009e-12
9.60133333333333e+01 4.12799052246679e-11 1.74406348929924e-12
9.61822222222222e+01 3.97264010201821e-11 1.67990395086769e-12
9.63511111111111e+01 3.82313604990136e-11 1.61810217965194e-12
9.65200000000000e+01 3.67925834725523e-11 1.55857163115161e-12
9.66888888888889e+01 3.54079525542181e-11 1.50122893427435e-12
9.68577777777778e+01 3.40754300390874e-11 1.44599377442763e-12
9.70266666666667e+01 3.27930549095056e-11 1.39278878079334e-12
9.71955555555556e+01 3.15589399476276e-11 1.34153941977746e-12
9.73644444444444e+01 3.03712689580784e-11 1.29217389071277e-12
9.75333333333333e+01 2.92282940951335e-11 1.24462302578893e-12
9.77022222222222e+01 2.81283332904889e-11 1.19882019364122e-12
9.78711111111111e+01 2.70697677778307e-11 1.15470120646469e-12
9.80400000000000e+01 2.60510397105647e-11 1.11220423026518e-12
9.82088888888889e+01 2.50706498701731e-11 1.07126969943865e-12
9.83777777777778e+01 2.41271554568776e-11 1.03184023316922e-12
9.85466666666667e+01 2.32191679694103e-11 9.93860554821325e-13
9.87155555555556e+01 2.23453511605607e-11 9.57277415723511e-13
9.88844444444444e+01 2.15044190706765e-11 9.22039520586380e-13
9.90533333333333e+01 2.06951341351705e-11 8.88097455939870e-13
9.92222222222222e+01 1.99163053632491e-11 8.55403621188491e-13
9.93911111111111e+01 1.91667865851803e-11 8.23912162188957e-13
9.95600000000000e+01 1.84454747655245e-11 7.93578907075735e-13
9.97288888888889e+01 1.77513083805219e-11 7.64361305169720e-13
9.98977777777778e+01 1.70832658538015e-11 7.36218367205370e-13
1.00066666666667e+02 1.64403640551165e-11 7.09110607538981e-13
1.00235555555556e+02 1.58216568533793e-11 6.82999990293917e-13
1.00404444444444e+02 1.52262337218500e-11 6.57849875374426e-13
1.00573333333333e+02 1.46532184012760e-11 6.33624966942310e-13
1.00742222222222e+02 1.41017676090399e-11 6.10291265029334e-13
1.00911111111111e+02 1.35710697981346e-11 5.87816017671392e-13
1.01080000000000e+02 1.30603439628431e-11 5.66167673878216e-13
1.01248888888889e+02 1.25688384941056e-11 5.45315843490576e-13
1.01417777777778e+02 1.20958300588187e-11 5.25231252064054e-13
1.01586666666667e+02 1.16406225503099e-11 5.05885697091417e-13
1.01755555555556e+02 1.12025460587826e-11 4.87252012954538e-13
1.01924444444444e+02 1.07809558854376e-11 4.69304031464492e-13
1.02093333333333e+02 1.03752315936960e-11 4.52016545284238e-13
1.02262222222222e+02 9.98477609613148e-12 4.35365272691403e-13
1.02431111111111e+02 9.60901477576014e-12 4.19326823632179e-13
1.02600000000000e+02 9.24739464040134e-12 4.03878666118808e-13
1.02768888888889e+02 8.89938351216847e-12 3.88999097488276e-13
1.02937777777778e+02 8.56446923410829e-12 3.74667212185753e-13
1.03106666666667e+02 8.24215892692615e-12 3.60862870507972e-13
1.03275555555556e+02 7.93197826006151e-12 3.47566673500157e-13
1.03444444444444e+02 7.63347075363562e-12 3.34759934770166e-13
1.03613333333333e+02 7.34619710666859e-12 3.22424654345633e-13
1.03782222222222e+02 7.06973455058020e-12 3.10543493489371e-13
1.03951111111111e+02 6.80367622701836e-12 2.99099750438027e-13
1.04120000000000e+02 6.54763058910281e-12 2.88077336397418e-13
1.04288888888889e+02 6.30122082750895e-12 2.77460754969218e-13
1.04457777777778e+02 6.06408430883276e-12 2.67235079149043e-13
1.04626666666667e+02 5.83587204920622e-12 2.57385929012784e-13
1.04795555555556e+02 5.61624819821817e-12 2.47899453741022e-13
1.04964444444444e+02 5.40488954465751e-12 2.38762311489197e-13
1.05133333333333e+02 5.20148504085633e-12 2.29961650705759e-13
1.05302222222222e+02 5.00573534493519e-12 2.21485092135432e-13
1.05471111111111e+02 4.81735238027379e-12 2.13320711482547e-13
1.05640000000000e+02 4.63605891156070e-12 2.05457022265455e-13
1.05808888888889e+02 4.46158813840771e-12 1.97882961093231e-13
1.05977777777778e+02 4.29368329775568e-12 1.90587871245107e-13
1.06146666666667e+02 4.13209729109292e-12 1.83561486743177e-13
1.06315555555556e+02 3.97659231907011e-12 1.76793919483648e-13
1.06484444444444e+02 3.82693953154107e-12 1.70275644862582e-13
1.06653333333333e+02 3.68291869077325e-12 1.63997488427951e-13
1.06822222222222e+02 3.54431784733389e-12 1.57950613021421e-13
1.06991111111111e+02 3.41093302817255e-12 1.52126506391943e-13
1.07160000000000e+02 3.28256793644260e-12 1.46516968951190e-13
1.07328888888889e+02 3.15903366374314e-12 1.41114103239096e-13
1.07497777777778e+02 3.04014840865156e-12 1.35910302203114e-13
1.07666666666667e+02 2.92573721272402e-12 1.30898237830943e-13
1.07835555555556e+02 2.81563170180152e-12 1.26070851939861e-13
1.08004444444444e+02 2.70966983822073e-12 1.21421345913857e-13
1.08173333333333e+02 2.60769568234976e-12 1.16943171168208e-13
1.08342222222222e+02 2.50955916309887e-12 1.12630019964068e-13
1.08511111111111e+02 2.41511585706690e-12 1.08475816560255e-13
1.08680000000000e+02 2.32422677599944e-12 1.04474708470022e-13
1.08848888888889e+02 2.23675816303021e-12 1.00621058925244e-13
1.09017777777778e+02 2.15258129342188e-12 9.69094385114389e-14
1.09186666666667e+02 2.07157228760569e-12 9.33346170559731e-14
1.09355555555556e+02 1.99361192802489e-12 8.98915570370716e-14
1.09524444444444e+02 1.91858548368728e-12 8.65754062573800e-14
1.09693333333333e+02 1.84638254132030e-12 8.33814910331674e-14
1.09862222222222e+02 1.77689684288079e-12 8.03053096336367e-14
1.10031111111111e+02 1.71002612917934e-12 7.73425259611770e-14
1.10200000000000e+02 1.64567198938969e-12 7.44889633091428e-14
1.10368888888889e+02 1.58373971676960e-12 7.17405989721911e-14
1.10537777777778e+02 1.52413816759858e-12 6.90935582770173e-14
1.10706666666667e+02 1.46677962877622e-12 6.65441087944172e-14
1.10875555555556e+02 1.41157968814614e-12 6.40886556238726e-14
1.11044444444444e+02 1.35845711027026e-12 6.17237361640663e-14
1.11213333333333e+02 1.30733371687784e-12 5.94460152489072e-14
1.11382222222222e+02 1.25813427181411e-12 5.72522804622438e-14
1.11551111111111e+02 1.21078637031822e-12 5.51394376247205e-14
1.11720000000000e+02 1.16522033246823e-12 5.31045063377528e-14
1.11888888888889e+02 1.12136910101869e-12 5.11446161295423e-14
1.12057777777778e+02 1.07916814153767e-12 4.92570021959169e-14
1.12226666666667e+02 1.03855534864277e-12 4.74390012709976e-14
1.12395555555556e+02 9.99470954189651e-13 4.56880482543182e-14
1.12564444444444e+02 9.61857439313736e-13 4.40016724785862e-14
1.12733333333333e+02 9.25659449782048e-13 4.23774942365447e-14
1.12902222222222e+02 8.90823714530884e-13 4.08132214354788e-14
1.13071111111111e+02 8.57298967268946e-13 3.93066463746882e-14
1.13240000000000e+02 8.25035871030897e-13 3.78556425649621e-14
1.13408888888889e+02 7.93986945837505e-13 3.64581619732172e-14
1.13577777777778e+02 7.64106497998686e-13 3.51122319838801e-14
1.13746666666667e+02 7.35350553712331e-13 3.38159524532044e-14
1.13915555555556e+02 7.07676794060965e-13 3.25674932971556e-14
1.14084444444444e+02 6.81044492732775e-13 3.13650918280760e-14
1.14253333333333e+02 6.55414456086358e-13 3.02070502750251e-14
1.14422222222222e+02 6.30748965471206e-13 2.90917333952864e-14
1.14591111111111e+02 6.07011721718689e-13 2.80175661736994e-14
1.14760000000000e+02 5.84167791722102e-13 2.69830315528212e-14
1.14928888888889e+02 5.62183557213824e-13 2.59866684633633e-14
1.15097777777778e+02 5.41026664715944e-13 2.50270696565938e-14
1.15266666666667e+02 5.20665978516908e-13 2.41028796032504e-14
1.15435555555556e+02 5.01071534648525e-13 2.32127927688405e-14
1.15604444444444e+02 4.82214496789250e-13 2.23555517133073e-14
1.15773333333333e+02 4.64067113826951e-13 2.15299453209062e-14
1.15942222222222e+02 4.46602679018840e-13 2.07348070951860e-14
1.16111111111111e+02 4.29795490688246e-13 1.99690135166859e-14
1.16280000000000e+02 4.13620814400538e-13 1.92314824232240e-14
1.16448888888889e+02 3.98054846692994e-13 1.85211716022747e-14
1.16617777777778e+02 3.83074679642589e-13 1.78370772448830e-14
1.16786666666667e+02 3.68658267565590e-13 1.71782324471692e-14
1.16955555555556e+02 3.54784394432774e-13 1.65437059773631e-14
1.17124444444444e+02 3.41432642646691e-13 1.59326009200454e-14
1.17293333333333e+02 3.28583362993923e-13 1.53440534126946e-14
1.17462222222222e+02 3.16217645728213e-13 1.47772314287233e-14
1.17631111111111e+02 3.04317292741764e-13 1.42313336052930e-14
1.17800000000000e+02 2.92864790783845e-13 1.37055880876593e-14
1.17968888888889e+02 2.81843285778485e-13 1.31992515233259e-14
1.18137777777778e+02 2.71236557740316e-13 1.27116079593849e-14
1.18306666666667e+02 2.61028997192402e-13 1.22419677739017e-14
1.18475555555556e+02 2.51205582095839e-13 1.17896667946380e-14
1.18644444444444e+02 2.41751855742446e-13 1.13540653319176e-14
1.18813333333333e+02 2.32653905479419e-13 1.09345472769342e-14
1.18982222222222e+02 2.23898342234706e-13 1.05305192332466e-14
1.19151111111111e+02 2.15472280812854e-13 1.01414096802441e-14
1.19320000000000e+02 2.07363320932403e-13 9.76666814868763e-15
1.19488888888889e+02 1.99559529040676e-13 9.40576450207729e-15
1.19657777777778e+02 1.92049420555434e-13 9.05818815032316e-15
1.19826666666667e+02 1.84821943164892e-13 8.72344728776648e-15
1.19995555555556e+02 1.77866460493574e-13 8.40106826338161e-15
1.20164444444444e+02 1.71172736449212e-13 8.09059489094516e-15
1.20333333333333e+02 1.64730920158700e-13 7.79158780560032e-15
1.20502222222222e+02 1.58531531471011e-13 7.50362384411211e-15
1.20671111111111e+02 1.52565447005639e-13 7.22629544794268e-15
1.20840000000000e+02 1.46823886726108e-13 6.95921007513868e-15
1.21008888888889e+02 1.41298401063334e-13 6.70198968697933e-15
1.21177777777778e+02 1.35980858343554e-13 6.45427018728577e-15
1.21346666666667e+02 1.30863432962084e-13 6.21570087914341e-15
1.21515555555556e+02 1.25938593818525e-13 5.98594401489486e-15
1.21684444444444e+02 1.21199093233552e-13 5.76467430415434e-15
1.21853333333333e+02 1.16637956282809e-13 5.55157845471535e-15
1.22022222222222e+02 1.12248470532216e-13 5.34635473036720e-15
1.22191111111111e+02 1.08024176159561e-13 5.14871252499931e-15
1.22360000000000e+02 1.03958856447843e-13 4.95837194312744e-15
1.22528888888889e+02 1.00046528667568e-13 4.77506343323743e-15
1.22697777777778e+02 9.62814351762784e-14 4.59852738802529e-15
1.22866666666667e+02 9.26580350437286e-14 4.42851375708681e-15
1.23035555555556e+02 8.91709958638386e-14 4.26478172542615e-15
1.23204444444444e+02 8.58151859072161e-14 4.10709936260950e-15
1.23373333333333e+02 8.25856665689999e-14 3.95524329523973e-15
1.23542222222222e+02 7.94776851009357e-14 3.80899839149819e-15
1.23711111111111e+02 7.64866676169494e-14 3.66815745730972e-15
1.23880000000000e+02 7.36082123619521e-14 3.53252093718288e-15
1.24048888888889e+02 7.08380832557611e-14 3.40189665236789e-15
1.24217777777778e+02 6.81722035919441e-14 3.27609951586354e-15
1.24386666666667e+02 6.56066501071593e-14 3.15495125632409e-15
1.24555555555556e+02 6.31376471838889e-14 3.03828018841598e-15
1.24724444444444e+02 6.07615612940223e-14 2.92592096264642e-15
1.24893333333333e+02 5.84748956515413e-14 2.81771433172662e-15
1.25062222222222e+02 5.62742850664557e-14 2.71350692554580e-15
1.25231111111111e+02 5.41564909923902e-14 2.61315103443872e-15
1.25400000000000e+02 5.21183967605520e-14 2.51650439585332e-15
1.25568888888889e+02 5.01570030083089e-14 2.42343000738604e-15
1.25737777777778e+02 4.82694232182217e-14 2.33379592362642e-15
1.25906666666667e+02 4.64528795182422e-14 2.24747505936262e-15
1.26075555555556e+02 4.47046985771526e-14 2.16434502556985e-15
1.26244444444444e+02 4.30223076703370e-14 2.08428795104297e-15
1.26413333333333e+02 4.14032308936075e-14 2.00719031575220e-15
1.26582222222222e+02 3.98450855195266e-14 1.93294279034245e-15
1.26751111111111e+02 3.83455784908438e-14 1.86144008154995e-15
1.26920000000000e+02 3.69025030459001e-14 1.79258078008899e-15
1.27088888888889e+02 3.55137354816965e-14 1.72626722717052e-15
1.27257777777778e+02 3.41772319956985e-14 1.66240536969725e-15
1.27426666666667e+02 3.28910257117510e-14 1.60090462000421e-15
1.27595555555556e+02 3.16532237739792e-14 1.54167773873823e-15
1.27764444444444e+02 3.04620045611523e-14 1.48464070769743e-15
1.27933333333333e+02 2.93156150058777e-14 1.42971261098275e-15
1.28102222222222e+02 2.82123680146902e-14 1.37681552053222e-15
1.28271111111111e+02 2.71506399852249e-14 1.32587438587674e-15
1.28440000000000e+02 2.61288684168301e-14 1.27681692568864e-15
1.28608888888889e+02 2.51455496185641e-14 1.22957353249656e-15
1.28777777777778e+02 2.41992364733057e-14 1.18407716948071e-15
1.28946666666667e+02 2.32885363316664e-14 1.14026327051569e-15
1.29115555555556e+02 2.24121089544201e-14 1.09806965654636e-15
1.29284444444444e+02 2.15686645401287e-14 1.05743644494172e-15
1.29453333333333e+02 2.07569618269950e-14 1.01830596474251e-15
1.29622222222222e+02 1.99758062661522e-14 9.80622675035107e-16
1.29791111111111e+02 1.92240482636950e-14 9.44333086336462e-16
1.29960000000000e+02 1.85005814888710e-14 9.09385683279471e-16
1.30128888888889e+02 1.78043412511631e-14 8.75730856602751e-16
1.30297777777778e+02 1.71343029173539e-14 8.43320829601214e-16
1.30466666666667e+02 1.64894804201134e-14 8.12109586896727e-16
1.30635555555556e+02 1.58689248011995e-14 7.82052814738272e-16
1.30804444444444e+02 1.52717228149160e-14 7.53107836391007e-16
1.30973333333333e+02 1.46969955841267e-14 7.25233551704160e-16
1.31142222222222e+02 1.41438973068504e-14 6.98390378908766e-16
1.31311111111111e+02 1.36116140115290e-14 6.72540198563050e-16
1.31480000000000e+02 1.30993623591398e-14 6.47646298440039e-16
1.31648888888889e+02 1.26063884940434e-14 6.23673324990958e-16
1.31817777777778e+02 1.21319669233160e-14 6.00587230934241e-16
1.31986666666667e+02 1.16753994606177e-14 5.78355224501707e-16
1.32155555555556e+02 1.12360141947495e-14 5.56945726823977e-16
1.32324444444444e+02 1.08131645008303e-14 5.36328325880944e-16
1.32493333333333e+02 1.04062280886855e-14 5.16473733415315e-16
1.32662222222222e+02 1.00146060870498e-14 4.97353743436364e-16
1.32831111111111e+02 9.63772216223322e-15 4.78941192255324e-16
1.33000000000000e+02 9.27502166995479e-15 4.61209919203039e-16
1.33168888888889e+02 8.92597084165456e-15 4.44134731995161e-16
1.33337777777778e+02 8.59005599109412e-15 4.27691369387342e-16
1.33506666666667e+02 8.26678276646751e-15 4.11856465013952e-16
1.33675555555556e+02 7.95567542011891e-15 3.96607516972994e-16
1.33844444444444e+02 7.65627610840484e-15 3.81922855008470e-16
1.34013333333333e+02 7.36814421790450e-15 3.67781609793801e-16
1.34182222222222e+02 7.09085571698840e-15 3.54163683349199e-16
1.34351111111111e+02 6.82400253178840e-15 3.41049720551216e-16
1.34520000000000e+02 6.56719194565256e-15 3.28421081136004e-16
1.34688888888889e+02 6.32004602299166e-15 3.16259814987439e-16
1.34857777777778e+02 6.08220104757461e-15 3.04548635529647e-16
1.35026666666667e+02 5.85330699291987e-15 2.93270893964665e-16
1.35195555555556e+02 5.63302700524024e-15 2.82410557567082e-16
1.35364444444444e+02 5.42103690770927e-15 2.71952186298202e-16
1.35533333333333e+02 5.21702472338359e-15 2.61880910910014e-16
1.35702222222222e+02 5.02069021608014e-15 2.52182411857708e-16
1.35871111111111e+02 4.83174444853093e-15 2.42842898990920e-16
1.36040000000000e+02 4.64990935716618e-15 2.33849091601985e-16
1.36208888888889e+02 4.47491734415392e-15 2.25188200796049e-16
1.36377777777778e+02 4.30651087972783e-15 2.16847910535215e-16
1.36546666666667e+02 4.14444212715242e-15 2.08816359286094e-16
1.36715555555556e+02 3.98847257663671e-15 2.01082124531863e-16
1.36884444444444e+02 3.83837269432934e-15 1.93634206108884e-16
1.37053333333333e+02 3.69392158452310e-15 1.86462010599713e-16
1.37222222222222e+02 3.55490666457239e-15 1.79555336302572e-16
1.37391111111111e+02 3.42112335204410e-15 1.72904358756024e-16
1.37560000000000e+02 3.29237476364221e-15 1.66499616521618e-16
1.37728888888889e+02 3.16847142634106e-15 1.60331998607803e-16
1.37897777777778e+02 3.04923099584321e-15 1.54392730966300e-16
1.38066666666667e+02 2.93447799100454e-15 1.48673363419240e-16
1.38235555555556e+02 2.82404353463690e-15 1.43165758608957e-16
1.38404444444444e+02 2.71776510497866e-15 1.37862080125565e-16
1.38573333333333e+02 2.61548629651813e-15 1.32754781383624e-16
1.38742222222222e+02 2.51705658981842e-15 1.27836594909764e-16
1.38911111111111e+02 2.42233113000418e-15 1.23100522026092e-16
1.39080000000000e+02 2.33117051358476e-15 1.18539822719928e-16
1.39248888888889e+02 2.24344058391492e-15 1.14148006673725e-16
1.39417777777778e+02 2.15901223186941e-15 1.09918823646181e-16
1.39586666666667e+02 2.07776120778090e-15 1.05846254160813e-16
1.39755555555556e+02 1.99956793792221e-15 1.01924501622816e-16
1.39924444444444e+02 1.92431734853473e-15 9.81479838607926e-17
1.40093333333333e+02 1.85189869647909e-15 9.45113251996603e-17
1.40262222222222e+02 1.78220540625938e-15 9.10093488264983e-17
1.40431111111111e+02 1.71513491318031e-15 8.76370694385160e-17
1.40600000000000e+02 1.65058851240709e-15 8.43896860255092e-17
1.40768888888889e+02 1.58847121413639e-15 8.12625754725016e-17
1.40937777777778e+02 1.52869160247821e-15 7.82512857085080e-17
1.41106666666667e+02 1.47116170228335e-15 7.53515290747391e-17
1.41275555555556e+02 1.41579684920852e-15 7.25591767014387e-17
1.41444444444444e+02 1.36251556511942e-15 6.98702524824058e-17
1.41613333333333e+02 1.31123943818273e-15 6.72809274261841e-17
1.41782222222222e+02 1.26189300747082e-15 6.47875142160477e-17
1.41951111111111e+02 1.21440365190903e-15 6.23864619710700e-17
1.42120000000000e+02 1.16870148340227e-15 6.00743511042143e-17
1.42288888888889e+02 1.12471924428538e-15 5.78478887602622e-17
1.42457777777778e+02 1.08239220741423e-15 5.57039039362356e-17
1.42626666666667e+02 1.04165808186247e-15 5.36393427584167e-17
1.42795555555556e+02 1.00245692092449e-15 5.16512644716809e-17
1.42964444444444e+02 9.64731033894363e-16 4.97368371474009e-17
1.43133333333333e+02 9.28424901164794e-16 4.78933336584566e-17
1.43302222222222e+02 8.93485092521386e-16 4.61181278030500e-17
1.43471111111111e+02 8.59860188511561e-16 4.44086905718296e-17
1.43640000000000e+02 8.27500704772722e-16 4.27625864849765e-17
1.43808888888889e+02 7.96359019419563e-16 4.11774703392304e-17
1.43977777777778e+02 7.66389302310408e-16 3.96510837327988e-17
1.44146666666667e+02 7.37547448268506e-16 3.81812517020085e-17
1.44315555555556e+02 7.09791011945848e-16 3.67658798610278e-17
1.44484444444444e+02 6.83079145358129e-16 3.54029513447216e-17
1.44653333333333e+02 6.57372537770453e-16 3.40905239409172e-17
1.44822222222222e+02 6.32633357845454e-16 3.28267273287153e-17
1.44991111111111e+02 6.08825197968461e-16 3.16097604189298e-17
1.45160000000000e+02 5.85913020667946e-16 3.04378887449448e-17
1.45328888888889e+02 5.63863107200443e-16 2.93094421434101e-17
1.45497777777778e+02 5.42643007472305e-16 2.82228122795517e-17
1.45666666666667e+02 5.22221492751995e-16 2.71764502522068e-17
1.45835555555556e+02 5.02568509552016e-16 2.61688645541694e-17
1.46004444444444e+02 4.83655135400461e-16 2.51986188948195e-17
1.46173333333333e+02 4.65453536276997e-16 2.42643301570703e-17
1.46342222222222e+02 4.47936925650763e-16 2.33646664298821e-17
1.46511111111111e+02 4.31079525059726e-16 2.24983451135498e-17
1.46680000000000e+02 4.14856526173606e-16 2.16641310613084e-17
1.46848888888889e+02 3.99244054388270e-16 2.08608349258688e-17
1.47017777777778e+02 3.84219133371103e-16 2.00873113972538e-17
1.47186666666667e+02 3.69759651575451e-16 1.93424574975038e-17
1.47355555555556e+02 3.55844329587834e-16 1.86252111263471e-17
1.47524444444444e+02 3.42452688811926e-16 1.79345495105325e-17
1.47693333333333e+02 3.29565021331050e-16 1.72694877484115e-17
1.47862222222222e+02 3.17162360904900e-16 1.66290774083622e-17
1.48031111111111e+02 3.05226455057702e-16 1.60124051790668e-17
1.48200000000000e+02 2.93739738216815e-16 1.54185915459403e-17
1.48368888888889e+02 2.82685305934939e-16 1.48467896124599e-17
1.48537777777778e+02 2.72046889788730e-16 1.42961838454505e-17
1.48706666666667e+02 2.61808833666929e-16 1.37659888609369e-17
1.48875555555556e+02 2.51956070651326e-16 1.32554483872641e-17
1.49044444444444e+02 2.42474100843404e-16 1.27638341608249e-17
1.49213333333333e+02 2.33348970025445e-16 1.22904448893338e-17
1.49382222222222e+02 2.24567249124709e-16 1.18346052534612e-17
1.49551111111111e+02 2.16116014450427e-16 1.13956649454106e-17
1.49720000000000e+02 2.07982828674542e-16 1.09729977263193e-17
1.49888888888889e+02 2.00155722579191e-16 1.05660005861179e-17
1.50057777777778e+02 1.92623177285238e-16 1.01740928501912e-17
1.50226666666667e+02 1.85374107461406e-16 9.79671531497337e-18
1.50395555555556e+02 1.78397844955369e-16 9.43332950876107e-18
1.50564444444444e+02 1.71684123093887e-16 9.08341690538331e-18
1.50733333333333e+02 1.65223061573760e-16 8.74647818577062e-18
1.50902222222222e+02 1.59005151921421e-16 8.42203252685321e-18
1.51071111111111e+02 1.53021243499707e-16 8.10961691677756e-18
1.51240000000000e+02 1.47262530041251e-16 7.80878548366537e-18
1.51408888888889e+02 1.41720536724390e-16 7.51910889682454e-18
1.51577777777778e+02 1.36387107591178e-16 7.24017373074341e-18
1.51746666666667e+02 1.31254393657438e-16 6.97158184971934e-18
1.51915555555556e+02 1.26314841323128e-16 6.84168795263420e-18
