SPECIES: e / A
PROCESS: E + A -> E + A, Elastic
PARAM.:  m/M = 0.0000195921, complete set
COMMENT: [e + A(gnd) -> e + A(gnd), Elastic]
UPDATED: 2018-06-05 11:00:00
COLUMNS: Energy (eV) | Cross section (m2)
-----------------------------
0.00000000e+00 3.185882007330474e-17
9.36363636e-03 1.742416727586404e-17
1.87272727e-02 1.232074683729220e-17
2.80909091e-02 1.005984766712517e-17
3.74545455e-02 8.712083637932019e-18
4.68181818e-02 7.792324496031864e-18
5.61818182e-02 7.113386503127879e-18
6.55454545e-02 6.585716202046574e-18
7.49090909e-02 6.160373418646098e-18
8.42727273e-02 5.808055758621346e-18
9.36363636e-02 5.510005492350178e-18
1.03000000e-01 5.253584103493635e-18
1.12363636e-01 5.029923833562586e-18
1.21727273e-01 4.832594503491500e-18
1.31090909e-01 4.656804585437247e-18
1.40454545e-01 4.498900645396911e-18
1.49818182e-01 4.356041818966010e-18
1.59181818e-01 4.225981300989304e-18
1.68545455e-01 4.106915612430731e-18
1.77909091e-01 3.997378122675776e-18
1.87272727e-01 3.896162248015932e-18
1.96636364e-01 3.802265022058070e-18
2.06000000e-01 3.714844945114198e-18
2.15363636e-01 3.633190029959247e-18
2.24727273e-01 3.556693251563939e-18
2.34090909e-01 3.484833455172808e-18
2.43454545e-01 3.417160344143676e-18
2.52818182e-01 3.353282555708390e-18
2.62181818e-01 3.292858101023287e-18
2.71545455e-01 3.235586634745093e-18
2.80909091e-01 3.181203154244691e-18
2.90272727e-01 3.129472826146608e-18
2.99636364e-01 3.080186709323049e-18
3.09000000e-01 3.033158196362389e-18
3.18363636e-01 2.988220035097085e-18
3.27727273e-01 2.945221821659576e-18
3.37090909e-01 2.904027879310673e-18
3.46454545e-01 2.864515454791194e-18
3.55818182e-01 2.826573177510792e-18
3.65181818e-01 2.790099737475123e-18
3.74545455e-01 2.755002746175089e-18
3.83909091e-01 2.721197751248032e-18
3.93272727e-01 2.688607380965679e-18
4.02636364e-01 2.657160598805421e-18
4.12000000e-01 2.626792051746817e-18
4.21363636e-01 2.597441498677288e-18
4.30727273e-01 2.569053307523539e-18
4.40090909e-01 2.541576011551801e-18
4.49454545e-01 2.514961916781293e-18
4.58818182e-01 2.489166753694863e-18
4.68181818e-01 2.464149367458439e-18
4.77545455e-01 2.439871441716499e-18
4.86909091e-01 2.416297251745750e-18
4.96272727e-01 2.393393443348977e-18
5.05636364e-01 2.371128834375959e-18
5.15000000e-01 2.349474236184812e-18
5.24363636e-01 2.328402292718624e-18
5.33727273e-01 2.307887335179580e-18
5.43090909e-01 2.287905250544816e-18
5.52454545e-01 2.268433362392448e-18
5.61818182e-01 2.249450322698456e-18
5.71181818e-01 2.230936013430499e-18
5.80545455e-01 2.212871456907296e-18
5.89909091e-01 2.195238734015525e-18
5.99272727e-01 2.178020909483005e-18
6.08636364e-01 2.161201963499768e-18
6.18000000e-01 2.144766729059403e-18
6.27363636e-01 2.128700834463626e-18
6.36727273e-01 2.112990650494652e-18
6.46090909e-01 2.097623241814036e-18
6.55454545e-01 2.082586322194083e-18
6.64818182e-01 2.067868213229700e-18
6.74181818e-01 2.053457806215366e-18
6.83545455e-01 2.039344526904404e-18
6.92909091e-01 2.025518302896521e-18
7.02272727e-01 2.011969533425034e-18
7.11636364e-01 1.998689061337888e-18
7.21000000e-01 1.985668147086625e-18
7.30363636e-01 1.972898444555466e-18
7.39727273e-01 1.960371978578579e-18
7.49090909e-01 1.948081124007966e-18
7.58454545e-01 1.936018586207116e-18
7.67818182e-01 1.924177382857068e-18
7.77181818e-01 1.912550826971795e-18
7.86545455e-01 1.901132511029035e-18
7.95909091e-01 1.889916292131016e-18
8.05272727e-01 1.878896278117020e-18
8.14636364e-01 1.868066814556435e-18
8.24000000e-01 1.857422472557099e-18
8.33363636e-01 1.846958037329208e-18
8.42727273e-01 1.836668497450059e-18
8.52090909e-01 1.826549034779453e-18
8.61454545e-01 1.816595014979623e-18
8.70818182e-01 1.806801978597363e-18
8.80181818e-01 1.797165632669337e-18
8.89545455e-01 1.787681842814705e-18
8.98909091e-01 1.778346625781970e-18
9.08272727e-01 1.769156142419525e-18
9.17636364e-01 1.760106691041742e-18
9.27000000e-01 1.751194701164545e-18
9.36363636e-01 1.742416727586404e-18
9.45727273e-01 1.733769444792459e-18
9.55090909e-01 1.725249641661135e-18
9.64454545e-01 1.716854216454101e-18
9.73818182e-01 1.708580172071838e-18
9.83181818e-01 1.700424611558316e-18
9.92545455e-01 1.692384733839483e-18
1.00190909e+00 1.684457829681314e-18
1.01127273e+00 1.676641277854195e-18
1.02063636e+00 1.668932541491280e-18
1.03000000e+00 1.661329164629365e-18
1.03936364e+00 1.653828768921539e-18
1.04872727e+00 1.646429050511643e-18
1.05809091e+00 1.639127777061188e-18
1.06745455e+00 1.631922784920032e-18
1.07681818e+00 1.624811976432674e-18
1.08618182e+00 1.617793317372547e-18
1.09554545e+00 1.610864834497166e-18
1.10490909e+00 1.604024613217501e-18
1.11427273e+00 1.597270795375271e-18
1.12363636e+00 1.590601577122346e-18
1.13300000e+00 1.584015206896731e-18
1.14236364e+00 1.577509983489989e-18
1.15172727e+00 1.571084254201256e-18
1.16109091e+00 1.564736413073304e-18
1.17045455e+00 1.558464899206373e-18
1.17981818e+00 1.552268195145749e-18
1.18918182e+00 1.546144825339319e-18
1.19854545e+00 1.540093354661525e-18
1.20790909e+00 1.534112387000377e-18
1.21727273e+00 1.528200563904367e-18
1.22663636e+00 1.522356563286292e-18
1.23600000e+00 1.516579098181194e-18
1.24536364e+00 1.510866915555764e-18
1.25472727e+00 1.505218795166693e-18
1.26409091e+00 1.499633548465637e-18
1.27345455e+00 1.494110017548543e-18
1.28281818e+00 1.488647074147224e-18
1.29218182e+00 1.483243618661214e-18
1.30154545e+00 1.477898579227990e-18
1.31090909e+00 1.472610910829788e-18
1.32027273e+00 1.467379594435327e-18
1.32963636e+00 1.462203636174831e-18
1.33900000e+00 1.457082066546832e-18
1.34836364e+00 1.452013939655337e-18
1.35772727e+00 1.446998332475962e-18
1.36709091e+00 1.442034344149776e-18
1.37645455e+00 1.437121095303596e-18
1.38581818e+00 1.432257727395597e-18
1.39518182e+00 1.427443402085111e-18
1.40454545e+00 1.422677300625576e-18
1.41390909e+00 1.417958623279627e-18
1.42327273e+00 1.413286588755396e-18
1.43263636e+00 1.408660433663101e-18
1.44200000e+00 1.404079411991080e-18
1.45136364e+00 1.399542794600440e-18
1.46072727e+00 1.395049868737562e-18
1.47009091e+00 1.390599937563703e-18
1.47945455e+00 1.386192319701003e-18
1.48881818e+00 1.381826348794217e-18
1.49818182e+00 1.377501373087545e-18
1.50754545e+00 1.373216755015925e-18
1.51690909e+00 1.368971870810244e-18
1.52627273e+00 1.364766110115871e-18
1.53563636e+00 1.360598875624016e-18
1.54500000e+00 1.356469582715392e-18
1.55436364e+00 1.352377659115696e-18
1.56372727e+00 1.348322544562464e-18
1.57309091e+00 1.344303690482839e-18
1.58245455e+00 1.340320559681849e-18
1.59181818e+00 1.336372626040778e-18
1.60118182e+00 1.332459374225259e-18
1.61054545e+00 1.328580299402710e-18
1.61990909e+00 1.324734906968775e-18
1.62927273e+00 1.320922712282408e-18
1.63863636e+00 1.317143240409315e-18
1.64800000e+00 1.313396025873409e-18
1.65736364e+00 1.309680612416008e-18
1.66672727e+00 1.305996552762479e-18
1.67609091e+00 1.302343408396068e-18
1.68545455e+00 1.298720749338644e-18
1.69481818e+00 1.295128153938117e-18
1.70418182e+00 1.291565208662294e-18
1.71354545e+00 1.288031507898929e-18
1.72290909e+00 1.284526653761770e-18
1.73227273e+00 1.281050255902367e-18
1.74163636e+00 1.277601931327467e-18
1.75100000e+00 1.274181304221772e-18
1.76036364e+00 1.270788005775900e-18
1.76972727e+00 1.267421674019356e-18
1.77909091e+00 1.264081953658342e-18
1.78845455e+00 1.260768495918245e-18
1.79781818e+00 1.257480958390646e-18
1.80718182e+00 1.254219004884691e-18
1.81654545e+00 1.250982305282680e-18
1.82590909e+00 1.247770535399738e-18
1.83527273e+00 1.244583376847431e-18
1.84463636e+00 1.241420516901184e-18
1.85400000e+00 1.238281648371399e-18
1.86336364e+00 1.235166469478131e-18
1.87272727e+00 1.232074683729220e-18
1.88209091e+00 1.229005999801755e-18
1.89145455e+00 1.225960131426784e-18
1.90081818e+00 1.222936797277128e-18
1.91018182e+00 1.219935720858250e-18
1.91954545e+00 1.216956630402033e-18
1.92890909e+00 1.213999258763412e-18
1.93827273e+00 1.211063343319749e-18
1.94763636e+00 1.208148625872875e-18
1.95700000e+00 1.205254852553710e-18
1.96636364e+00 1.202381773729386e-18
1.97572727e+00 1.199529143912797e-18
1.98509091e+00 1.196696721674489e-18
1.99445455e+00 1.193884269556838e-18
2.00381818e+00 1.191091553990432e-18
2.01318182e+00 1.188318345212594e-18
2.02254545e+00 1.185564417187980e-18
2.03190909e+00 1.182829547531200e-18
2.04127273e+00 1.180113517431383e-18
2.05063636e+00 1.177416111578648e-18
2.06000000e+00 1.174737118092406e-18
2.06936364e+00 1.172076328451458e-18
2.07872727e+00 1.169433537425820e-18
2.08809091e+00 1.166808543010234e-18
2.09745455e+00 1.164201146359312e-18
2.10681818e+00 1.161611151724269e-18
2.11618182e+00 1.159038366391197e-18
2.12554545e+00 1.156482600620834e-18
2.13490909e+00 1.153943667589790e-18
2.14427273e+00 1.151421383333185e-18
2.15363636e+00 1.148915566688661e-18
2.16300000e+00 1.146426039241728e-18
2.17236364e+00 1.143952625272408e-18
2.18172727e+00 1.141495151703136e-18
2.19109091e+00 1.139053448047892e-18
2.20045455e+00 1.136627346362523e-18
2.20981818e+00 1.134216681196224e-18
2.21918182e+00 1.131821289544142e-18
2.22854545e+00 1.129441010801084e-18
2.23790909e+00 1.127075686716288e-18
2.24727273e+00 1.124725161349228e-18
2.25663636e+00 1.122389281026433e-18
2.26600000e+00 1.120067894299290e-18
2.27536364e+00 1.117760851902797e-18
2.28472727e+00 1.115468006715250e-18
2.29409091e+00 1.113189213718838e-18
2.30345455e+00 1.110924329961118e-18
2.31281818e+00 1.108673214517345e-18
2.32218182e+00 1.106435728453648e-18
2.33154545e+00 1.104211734791007e-18
2.34090909e+00 1.102001098470036e-18
2.35027273e+00 1.099803686316528e-18
2.35963636e+00 1.097619367007762e-18
2.36900000e+00 1.095448011039538e-18
2.37836364e+00 1.093289490693923e-18
2.38772727e+00 1.091143680007702e-18
2.39709091e+00 1.089010454741502e-18
2.40645455e+00 1.086889692349580e-18
2.41581818e+00 1.084781271950248e-18
2.42518182e+00 1.082685074296940e-18
2.43454545e+00 1.080600981749884e-18
2.44390909e+00 1.078528878248364e-18
2.45327273e+00 1.076468649283584e-18
2.46263636e+00 1.074420181872081e-18
2.47200000e+00 1.072383364529702e-18
2.48136364e+00 1.070358087246121e-18
2.49072727e+00 1.068344241459883e-18
2.50009091e+00 1.066341720033961e-18
2.50945455e+00 1.064350417231813e-18
2.51881818e+00 1.062370228693938e-18
2.52818182e+00 1.060401051414897e-18
2.53754545e+00 1.058442783720815e-18
2.54690909e+00 1.056495325247326e-18
2.55627273e+00 1.054558576917968e-18
2.56563636e+00 1.052632440923015e-18
2.57500000e+00 1.050716820698727e-18
2.58436364e+00 1.048811620907018e-18
2.59372727e+00 1.046916747415525e-18
2.60309091e+00 1.045032107278075e-18
2.61245455e+00 1.043157608715536e-18
2.62181818e+00 1.041293161097041e-18
2.63118182e+00 1.039438674921587e-18
2.64054545e+00 1.037594061799986e-18
2.64990909e+00 1.035759234437172e-18
2.65927273e+00 1.033934106614850e-18
2.66863636e+00 1.032118593174477e-18
2.67800000e+00 1.030312610000573e-18
2.68736364e+00 1.028516074004357e-18
2.69672727e+00 1.026728903107683e-18
2.70609091e+00 1.024951016227297e-18
2.71545455e+00 1.023182333259380e-18
2.72481818e+00 1.021422775064393e-18
2.73418182e+00 1.019672263452202e-18
2.74354545e+00 1.017930721167485e-18
2.75290909e+00 1.016198071875411e-18
2.76227273e+00 1.014474240147586e-18
2.77163636e+00 1.012759151448260e-18
2.78100000e+00 1.011052732120796e-18
2.79036364e+00 1.009354909374378e-18
2.79972727e+00 1.007665611270970e-18
2.80909091e+00 1.005984766712517e-18
2.81845455e+00 1.004312305428373e-18
2.82781818e+00 1.002648157962965e-18
2.83718182e+00 1.000992255663674e-18
2.84654545e+00 9.993445306689439e-19
2.85590909e+00 9.977049158965962e-19
2.86527273e+00 9.960733450323619e-19
2.87463636e+00 9.944497525186159e-19
2.88400000e+00 9.928340735433126e-19
2.89336364e+00 9.912262440291194e-19
2.90272727e+00 9.896262006227421e-19
2.91209091e+00 9.880338806844418e-19
2.92145455e+00 9.864492222777328e-19
2.93081818e+00 9.848721641592652e-19
2.94018182e+00 9.833026457688837e-19
2.94954545e+00 9.817406072198584e-19
2.95890909e+00 9.801859892892895e-19
2.96827273e+00 9.786387334086735e-19
2.97763636e+00 9.770987816546385e-19
2.98700000e+00 9.755660767398343e-19
2.99636364e+00 9.740405620039830e-19
3.00572727e+00 9.725221814050799e-19
3.01509091e+00 9.710108795107467e-19
3.02445455e+00 9.695066014897325e-19
3.03381818e+00 9.680092931035579e-19
3.04318182e+00 9.665189006982998e-19
3.05254545e+00 9.650353711965188e-19
3.06190909e+00 9.635586520893167e-19
3.07127273e+00 9.620886914285340e-19
3.08063636e+00 9.606254378190699e-19
3.09000000e+00 9.591688404113398e-19
3.09936364e+00 9.577188488938495e-19
3.10872727e+00 9.562754134858975e-19
3.11809091e+00 9.548384849303982e-19
3.12745455e+00 9.534080144868189e-19
3.13681818e+00 9.519839539242390e-19
3.14618182e+00 9.505662555145174e-19
3.15554545e+00 9.491548720255745e-19
3.16490909e+00 9.477497567147842e-19
3.17427273e+00 9.463508633224696e-19
3.18363636e+00 9.449581460655082e-19
3.19300000e+00 9.435715596310379e-19
3.20236364e+00 9.421910591702639e-19
3.21172727e+00 9.408166002923678e-19
3.22109091e+00 9.394481390585101e-19
3.23045455e+00 9.380856319759325e-19
3.23981818e+00 9.367290359921508e-19
3.24918182e+00 9.353783084892410e-19
3.25854545e+00 9.340334072782175e-19
3.26790909e+00 9.326942905934966e-19
3.27727273e+00 9.313609170874495e-19
3.28663636e+00 9.300332458250409e-19
3.29600000e+00 9.287112362785496e-19
3.30536364e+00 9.273948483223724e-19
3.31472727e+00 9.260840422279095e-19
3.32409091e+00 9.247787786585277e-19
3.33345455e+00 9.234790186646038e-19
3.34281818e+00 9.221847236786401e-19
3.35218182e+00 9.208958555104613e-19
3.36154545e+00 9.196123763424782e-19
3.37090909e+00 9.183342487250296e-19
3.38027273e+00 9.170614355717915e-19
3.38963636e+00 9.157939001552577e-19
3.39900000e+00 9.145316061022883e-19
3.40836364e+00 9.132745173897264e-19
3.41772727e+00 9.120225983400794e-19
3.42709091e+00 9.107758136172670e-19
3.43645455e+00 9.095341282224315e-19
3.44581818e+00 9.082975074898116e-19
3.45518182e+00 9.070659170826775e-19
3.46454545e+00 9.058393229893257e-19
3.47390909e+00 9.046176915191359e-19
3.48327273e+00 9.034009892986816e-19
3.49263636e+00 9.021891832679035e-19
3.50200000e+00 9.009822406763342e-19
3.51136364e+00 8.997801290793824e-19
3.52072727e+00 8.985828163346686e-19
3.53009091e+00 8.973902705984159e-19
3.53945455e+00 8.962024603218929e-19
3.54881818e+00 8.950193542479075e-19
3.55818182e+00 8.938409214073527e-19
3.56754545e+00 8.926671311158028e-19
3.57690909e+00 8.914979529701553e-19
3.58627273e+00 8.903333568453253e-19
3.59563636e+00 8.891733128909849e-19
3.60500000e+00 8.880177915283490e-19
3.61436364e+00 8.868667634470086e-19
3.62372727e+00 8.857201996018068e-19
3.63309091e+00 8.845780712097625e-19
3.64245455e+00 8.834403497470330e-19
3.65181818e+00 8.823070069459241e-19
3.66118182e+00 8.811780147919392e-19
3.67054545e+00 8.800533455208711e-19
3.67990909e+00 8.789329716159342e-19
3.68927273e+00 8.778168658049367e-19
3.69863636e+00 8.767050010574927e-19
3.70800000e+00 8.755973505822726e-19
3.71736364e+00 8.744938878242908e-19
3.72672727e+00 8.733945864622333e-19
3.73609091e+00 8.722994204058198e-19
3.74545455e+00 8.712083637932020e-19
3.75481818e+00 8.701213909884006e-19
3.76418182e+00 8.690384765787741e-19
3.77354545e+00 8.679595953725229e-19
3.78290909e+00 8.668847223962297e-19
3.79227273e+00 8.658138328924295e-19
3.80163636e+00 8.647469023172155e-19
3.81100000e+00 8.636839063378770e-19
3.82036364e+00 8.626248208305675e-19
3.82972727e+00 8.615696218780060e-19
3.83909091e+00 8.605182857672084e-19
3.84845455e+00 8.594707889872484e-19
3.85781818e+00 8.584271082270506e-19
3.86718182e+00 8.573872203732109e-19
3.87654545e+00 8.563511025078464e-19
3.88590909e+00 8.553187319064745e-19
3.89527273e+00 8.542900860359190e-19
3.90463636e+00 8.532651425522452e-19
3.91400000e+00 8.522438792987205e-19
3.92336364e+00 8.512262743038035e-19
3.93272727e+00 8.502123057791580e-19
3.94209091e+00 8.492019521176938e-19
3.95145455e+00 8.481951918916326e-19
3.96081818e+00 8.471920038506002e-19
3.97018182e+00 8.461923669197413e-19
3.97954545e+00 8.451962601978609e-19
3.98890909e+00 8.442036629555881e-19
3.99827273e+00 8.432145546335648e-19
4.00763636e+00 8.422289148406572e-19
4.01700000e+00 8.412467233521896e-19
4.02636364e+00 8.402679601082016e-19
4.03572727e+00 8.392926052117275e-19
4.04509091e+00 8.383206389270976e-19
4.05445455e+00 8.373520416782604e-19
4.06381818e+00 8.363867940471271e-19
4.07318182e+00 8.354248767719365e-19
4.08254545e+00 8.344662707456401e-19
4.09190909e+00 8.335109570143089e-19
4.10127273e+00 8.325589167755585e-19
4.11063636e+00 8.316101313769956e-19
4.12000000e+00 8.306645823146824e-19
4.12936364e+00 8.297222512316210e-19
4.13872727e+00 8.287831199162571e-19
4.14809091e+00 8.278471703010013e-19
4.15745455e+00 8.269143844607696e-19
4.16681818e+00 8.259847446115405e-19
4.17618182e+00 8.250582331089319e-19
4.18554545e+00 8.241348324467942e-19
4.19490909e+00 8.232145252558217e-19
4.20427273e+00 8.222972943021789e-19
4.21363636e+00 8.213831224861463e-19
4.22300000e+00 8.204719928407809e-19
4.23236364e+00 8.195638885305939e-19
4.24172727e+00 8.186587928502437e-19
4.25109091e+00 8.177566892232456e-19
4.26045455e+00 8.168575612006968e-19
4.26981818e+00 8.159613924600158e-19
4.27918182e+00 8.150681668036989e-19
4.28854545e+00 8.141778681580901e-19
4.29790909e+00 8.132904805721665e-19
4.30727273e+00 8.124059882163372e-19
4.31663636e+00 8.115243753812587e-19
4.32600000e+00 8.106456264766613e-19
4.33536364e+00 8.097697260301929e-19
4.34472727e+00 8.088966586862733e-19
4.35409091e+00 8.080264092049649e-19
4.36345455e+00 8.071589624608542e-19
4.37281818e+00 8.062943034419481e-19
4.38218182e+00 8.054324172485832e-19
4.39154545e+00 8.045732890923467e-19
4.40090909e+00 8.037169042950110e-19
4.41027273e+00 8.028632482874805e-19
4.41963636e+00 8.020123066087504e-19
4.42900000e+00 8.011640649048780e-19
4.43836364e+00 8.003185089279655e-19
4.44772727e+00 7.994756245351552e-19
4.45709091e+00 7.986353976876355e-19
4.46645455e+00 7.977978144496590e-19
4.47581818e+00 7.969628609875723e-19
4.48518182e+00 7.961305235688551e-19
4.49454545e+00 7.953007885611729e-19
4.50390909e+00 7.944736424314384e-19
4.51327273e+00 7.936490717448846e-19
4.52263636e+00 7.928270631641488e-19
4.53200000e+00 7.920076034483654e-19
4.54136364e+00 7.911906794522716e-19
4.55072727e+00 7.903762781253199e-19
4.56009091e+00 7.895643865108046e-19
4.56945455e+00 7.887549917449943e-19
4.57881818e+00 7.879480810562764e-19
4.58818182e+00 7.871436417643112e-19
4.59754545e+00 7.863416612791938e-19
4.60690909e+00 7.855421271006279e-19
4.61627273e+00 7.847450268171065e-19
4.62563636e+00 7.839503481051027e-19
4.63500000e+00 7.831580787282707e-19
4.64436364e+00 7.823682065366521e-19
4.65372727e+00 7.815807194658960e-19
4.66309091e+00 7.807956055364828e-19
4.67245455e+00 7.800128528529603e-19
4.68181818e+00 7.792324496031865e-19
4.69118182e+00 7.784543840575795e-19
4.70054545e+00 7.776786445683794e-19
4.70990909e+00 7.769052195689137e-19
4.71927273e+00 7.761340975728746e-19
4.72863636e+00 7.753652671736016e-19
4.73800000e+00 7.745987170433731e-19
4.74736364e+00 7.738344359327054e-19
4.75672727e+00 7.730724126696594e-19
4.76609091e+00 7.723126361591546e-19
4.77545455e+00 7.715550953822904e-19
4.78481818e+00 7.707997793956749e-19
4.79418182e+00 7.700466773307623e-19
4.80354545e+00 7.692957783931932e-19
4.81290909e+00 7.685470718621481e-19
4.82227273e+00 7.678005470897017e-19
4.83163636e+00 7.670561935001885e-19
4.84100000e+00 7.663140005895731e-19
4.85036364e+00 7.655739579248276e-19
4.85972727e+00 7.648360551433158e-19
4.86909091e+00 7.641002819521835e-19
4.87845455e+00 7.633666281277553e-19
4.88781818e+00 7.626350835149388e-19
4.89718182e+00 7.619056380266332e-19
4.90654545e+00 7.611782816431459e-19
4.91590909e+00 7.604530044116139e-19
4.92527273e+00 7.597297964454321e-19
4.93463636e+00 7.590086479236872e-19
4.94400000e+00 7.582895490905972e-19
4.95336364e+00 7.575724902549582e-19
4.96272727e+00 7.568574617895943e-19
4.97209091e+00 7.561444541308159e-19
4.98145455e+00 7.554334577778818e-19
4.99081818e+00 7.547244632924678e-19
5.00018182e+00 7.540174612981406e-19
5.00954545e+00 7.533124424798364e-19
5.01890909e+00 7.526093975833463e-19
5.02827273e+00 7.519083174148049e-19
5.03763636e+00 7.512091928401866e-19
5.04700000e+00 7.505120147848051e-19
5.05636364e+00 7.498167742328186e-19
5.06572727e+00 7.491234622267408e-19
5.07509091e+00 7.484320698669549e-19
5.08445455e+00 7.477425883112352e-19
5.09381818e+00 7.470550087742713e-19
5.10318182e+00 7.463693225271981e-19
5.11254545e+00 7.456855208971305e-19
5.12190909e+00 7.450035952667028e-19
5.13127273e+00 7.443235370736118e-19
5.14063636e+00 7.436453378101664e-19
5.15000000e+00 7.429689890228397e-19
5.15936364e+00 7.422944823118269e-19
5.16872727e+00 7.416218093306070e-19
5.17809091e+00 7.409509617855086e-19
5.18745455e+00 7.402819314352816e-19
5.19681818e+00 7.396147100906706e-19
5.20618182e+00 7.389492896139948e-19
5.21554545e+00 7.382856619187305e-19
5.22490909e+00 7.376238189690988e-19
5.23427273e+00 7.369637527796571e-19
5.24363636e+00 7.363054554148941e-19
5.25300000e+00 7.356489189888285e-19
5.26236364e+00 7.349941356646136e-19
5.27172727e+00 7.343410976541434e-19
5.28109091e+00 7.336897972176636e-19
5.29045455e+00 7.330402266633873e-19
5.29981818e+00 7.323923783471116e-19
5.30918182e+00 7.317462446718416e-19
5.31854545e+00 7.311018180874153e-19
5.32790909e+00 7.304590910901333e-19
5.33727273e+00 7.298180562223920e-19
5.34663636e+00 7.291787060723192e-19
5.35600000e+00 7.285410332734160e-19
5.36536364e+00 7.279050305041985e-19
5.37472727e+00 7.272706904878456e-19
5.38409091e+00 7.266380059918494e-19
5.39345455e+00 7.260069698276683e-19
5.40281818e+00 7.253775748503846e-19
5.41218182e+00 7.247498139583644e-19
5.42154545e+00 7.241236800929208e-19
5.43090909e+00 7.234991662379812e-19
5.44027273e+00 7.228762654197562e-19
5.44963636e+00 7.222549707064136e-19
5.45900000e+00 7.216352752077536e-19
5.46836364e+00 7.210171720748880e-19
5.47772727e+00 7.204006544999225e-19
5.48709091e+00 7.197857157156416e-19
5.49645455e+00 7.191723489951972e-19
5.50581818e+00 7.185605476517980e-19
5.51518182e+00 7.179503050384052e-19
5.52454545e+00 7.173416145474279e-19
5.53390909e+00 7.167344696104233e-19
5.54327273e+00 7.161288636977985e-19
5.55263636e+00 7.155247903185159e-19
5.56200000e+00 7.149222430198010e-19
5.57136364e+00 7.143212153868525e-19
5.58072727e+00 7.137217010425557e-19
5.59009091e+00 7.131236936471988e-19
5.59945455e+00 7.125271868981906e-19
5.60881818e+00 7.119321745297815e-19
5.61818182e+00 7.113386503127879e-19
5.62754545e+00 7.107466080543175e-19
5.63690909e+00 7.101560415974981e-19
5.64627273e+00 7.095669448212087e-19
5.65563636e+00 7.089793116398135e-19
5.66500000e+00 7.083931360028968e-19
5.67436364e+00 7.078084118950024e-19
5.68372727e+00 7.072251333353741e-19
5.69309091e+00 7.066432943776980e-19
5.70245455e+00 7.060628891098487e-19
5.71181818e+00 7.054839116536371e-19
5.72118182e+00 7.049063561645596e-19
5.73054545e+00 7.043302168315507e-19
5.73990909e+00 7.037554878767378e-19
5.74927273e+00 7.031821635551972e-19
5.75863636e+00 7.026102381547134e-19
5.76800000e+00 7.020397059955398e-19
5.77736364e+00 7.014705614301618e-19
5.78672727e+00 7.009027988430619e-19
5.79609091e+00 7.003364126504874e-19
5.80545455e+00 6.997713973002198e-19
5.81481818e+00 6.992077472713452e-19
5.82418182e+00 6.986454570740290e-19
5.83354545e+00 6.980845212492905e-19
5.84290909e+00 6.975249343687808e-19
5.85227273e+00 6.969666910345616e-19
5.86163636e+00 6.964097858788871e-19
5.87100000e+00 6.958542135639870e-19
5.88036364e+00 6.952999687818514e-19
5.88972727e+00 6.947470462540179e-19
5.89909091e+00 6.941954407313607e-19
5.90845455e+00 6.936451469938817e-19
5.91781818e+00 6.930961598505013e-19
5.92718182e+00 6.925484741388547e-19
5.93654545e+00 6.920020847250869e-19
5.94590909e+00 6.914569865036514e-19
5.95527273e+00 6.909131743971087e-19
5.96463636e+00 6.903706433559285e-19
5.97400000e+00 6.898293883582927e-19
5.98336364e+00 6.892894044099000e-19
5.99272727e+00 6.887506865437723e-19
6.00209091e+00 6.882132298200626e-19
6.01145455e+00 6.876770293258656e-19
6.02081818e+00 6.871420801750282e-19
6.03018182e+00 6.866083775079626e-19
6.03954545e+00 6.860759164914615e-19
6.04890909e+00 6.855446923185137e-19
6.05827273e+00 6.850147002081218e-19
6.06763636e+00 6.844859354051219e-19
6.07700000e+00 6.839583931800043e-19
6.08636364e+00 6.834320688287352e-19
6.09572727e+00 6.829069576725815e-19
6.10509091e+00 6.823830550579354e-19
6.11445455e+00 6.818603563561416e-19
6.12381818e+00 6.813388569633253e-19
6.13318182e+00 6.808185523002219e-19
6.14254545e+00 6.802994378120081e-19
6.15190909e+00 6.797815089681348e-19
6.16127273e+00 6.792647612621605e-19
6.17063636e+00 6.787491902115870e-19
6.18000000e+00 6.782347913576958e-19
6.18936364e+00 6.777215602653863e-19
6.19872727e+00 6.772094925230154e-19
6.20809091e+00 6.766985837422375e-19
6.21745455e+00 6.761888295578479e-19
6.22681818e+00 6.756802256276244e-19
6.23618182e+00 6.751727676321735e-19
6.24554545e+00 6.746664512747756e-19
6.25490909e+00 6.741612722812318e-19
6.26427273e+00 6.736572263997135e-19
6.27363636e+00 6.731543094006112e-19
6.28300000e+00 6.726525170763856e-19
6.29236364e+00 6.721518452414197e-19
6.30172727e+00 6.716522897318725e-19
6.31109091e+00 6.711538464055335e-19
6.32045455e+00 6.706565111416781e-19
6.32981818e+00 6.701602798409246e-19
6.33918182e+00 6.696651484250926e-19
6.34854545e+00 6.691711128370619e-19
6.35790909e+00 6.686781690406331e-19
6.36727273e+00 6.681863130203889e-19
6.37663636e+00 6.676955407815570e-19
6.38600000e+00 6.672058483498737e-19
6.39536364e+00 6.667172317714480e-19
6.40472727e+00 6.662296871126293e-19
6.41409091e+00 6.657432104598724e-19
6.42345455e+00 6.652577979196069e-19
6.43281818e+00 6.647734456181055e-19
6.44218182e+00 6.642901497013552e-19
6.45154545e+00 6.638079063349272e-19
6.46090909e+00 6.633267117038500e-19
6.47027273e+00 6.628465620124822e-19
6.47963636e+00 6.623674534843873e-19
6.48900000e+00 6.618893823622084e-19
6.49836364e+00 6.614123449075447e-19
6.50772727e+00 6.609363374008286e-19
6.51709091e+00 6.604613561412041e-19
6.52645455e+00 6.599873974464052e-19
6.53581818e+00 6.595144576526377e-19
6.54518182e+00 6.590425331144581e-19
6.55454545e+00 6.585716202046575e-19
6.56390909e+00 6.581017153141427e-19
6.57327273e+00 6.576328148518218e-19
6.58263636e+00 6.571649152444878e-19
6.59200000e+00 6.566980129367043e-19
6.60136364e+00 6.562321043906928e-19
6.61072727e+00 6.557671860862193e-19
6.62009091e+00 6.553032545204824e-19
6.62945455e+00 6.548403062080039e-19
6.63881818e+00 6.543783376805169e-19
6.64818182e+00 6.539173454868582e-19
6.65754545e+00 6.534573261928596e-19
6.66690909e+00 6.529982763812396e-19
6.67627273e+00 6.525401926514979e-19
6.68563636e+00 6.520830716198090e-19
6.69500000e+00 6.516269099189177e-19
6.70436364e+00 6.511717041980342e-19
6.71372727e+00 6.507174511227313e-19
6.72309091e+00 6.502641473748418e-19
6.73245455e+00 6.498117896523560e-19
6.74181818e+00 6.493603746693220e-19
6.75118182e+00 6.489098991557441e-19
6.76054545e+00 6.484603598574839e-19
6.76990909e+00 6.480117535361619e-19
6.77927273e+00 6.475640769690587e-19
6.78863636e+00 6.471173269490187e-19
6.79800000e+00 6.466715002843527e-19
6.80736364e+00 6.462265937987428e-19
6.81672727e+00 6.457826043311470e-19
6.82609091e+00 6.453395287357051e-19
6.83545455e+00 6.448973638816450e-19
6.84481818e+00 6.444561066531896e-19
6.85418182e+00 6.440157539494646e-19
6.86354545e+00 6.435763026844075e-19
6.87290909e+00 6.431377497866762e-19
6.88227273e+00 6.427000921995589e-19
6.89163636e+00 6.422633268808848e-19
6.90100000e+00 6.418274508029353e-19
6.91036364e+00 6.413924609523559e-19
6.91972727e+00 6.409583543300681e-19
6.92909091e+00 6.405251279511835e-19
6.93845455e+00 6.400927788449172e-19
6.94781818e+00 6.396613040545013e-19
6.95718182e+00 6.392307006371020e-19
6.96654545e+00 6.388009656637335e-19
6.97590909e+00 6.383720962191748e-19
6.98527273e+00 6.379440894018874e-19
6.99463636e+00 6.375169423239317e-19
7.00400000e+00 6.370906521108859e-19
7.01336364e+00 6.366652159017647e-19
7.02272727e+00 6.362406308489382e-19
7.03209091e+00 6.358168941180528e-19
7.04145455e+00 6.353940028879502e-19
7.05081818e+00 6.349719543505901e-19
7.06018182e+00 6.345507457109708e-19
7.06954545e+00 6.341303741870522e-19
7.07890909e+00 6.337108370096782e-19
7.08827273e+00 6.332921314225000e-19
7.09763636e+00 6.328742546819000e-19
7.10700000e+00 6.324572040569173e-19
7.11636364e+00 6.320409768291710e-19
7.12572727e+00 6.316255702927874e-19
7.13509091e+00 6.312109817543251e-19
7.14445455e+00 6.307972085327020e-19
7.15381818e+00 6.303842479591227e-19
7.16318182e+00 6.299720973770056e-19
7.17254545e+00 6.295607541419118e-19
7.18190909e+00 6.291502156214735e-19
7.19127273e+00 6.287404791953232e-19
7.20063636e+00 6.283315422550235e-19
7.21000000e+00 6.279234022039974e-19
7.21936364e+00 6.275160564574593e-19
7.22872727e+00 6.271095024423455e-19
7.23809091e+00 6.267037375972468e-19
7.24745455e+00 6.262987593723401e-19
7.25681818e+00 6.258945652293216e-19
7.26618182e+00 6.254911526413398e-19
7.27554545e+00 6.250885190929286e-19
7.28490909e+00 6.246866620799422e-19
7.29427273e+00 6.242855791094898e-19
7.30363636e+00 6.238852676998692e-19
7.31300000e+00 6.234857253805044e-19
7.32236364e+00 6.230869496918802e-19
7.33172727e+00 6.226889381854783e-19
7.34109091e+00 6.222916884237157e-19
7.35045455e+00 6.218951979798804e-19
7.35981818e+00 6.214994644380704e-19
7.36918182e+00 6.211044853931305e-19
7.37854545e+00 6.207102584505922e-19
7.38790909e+00 6.203167812266125e-19
7.39727273e+00 6.199240513479125e-19
7.40663636e+00 6.195320664517180e-19
7.41600000e+00 6.191408241856997e-19
7.42536364e+00 6.187503222079140e-19
7.43472727e+00 6.183605581867441e-19
7.44409091e+00 6.179715298008408e-19
7.45345455e+00 6.175832347390656e-19
7.46281818e+00 6.171956707004325e-19
7.47218182e+00 6.168088353940501e-19
7.48154545e+00 6.164227265390663e-19
7.49090909e+00 6.160373418646098e-19
7.50027273e+00 6.156526791097358e-19
7.50963636e+00 6.152687360233694e-19
7.51900000e+00 6.148855103642502e-19
7.52836364e+00 6.145029999008777e-19
7.53772727e+00 6.141212024114569e-19
7.54709091e+00 6.137401156838431e-19
7.55645455e+00 6.133597375154891e-19
7.56581818e+00 6.129800657133918e-19
7.57518182e+00 6.126010980940381e-19
7.58454545e+00 6.122228324833531e-19
7.59390909e+00 6.118452667166471e-19
7.60327273e+00 6.114683986385641e-19
7.61263636e+00 6.110922261030296e-19
7.62200000e+00 6.107167469731998e-19
7.63136364e+00 6.103419591214101e-19
7.64072727e+00 6.099678604291248e-19
7.65009091e+00 6.095944487868870e-19
7.65945455e+00 6.092217220942677e-19
7.66881818e+00 6.088496782598175e-19
7.67818182e+00 6.084783152010164e-19
7.68754545e+00 6.081076308442248e-19
7.69690909e+00 6.077376231246356e-19
7.70627273e+00 6.073682899862251e-19
7.71563636e+00 6.069996293817059e-19
7.72500000e+00 6.066316392724778e-19
7.73436364e+00 6.062643176285822e-19
7.74372727e+00 6.058976624286538e-19
7.75309091e+00 6.055316716598744e-19
7.76245455e+00 6.051663433179265e-19
7.77181818e+00 6.048016754069467e-19
7.78118182e+00 6.044376659394807e-19
7.79054545e+00 6.040743129364374e-19
7.79990909e+00 6.037116144270434e-19
7.80927273e+00 6.033495684487986e-19
7.81863636e+00 6.029881730474317e-19
7.82800000e+00 6.026274262768549e-19
7.83736364e+00 6.022673261991211e-19
7.84672727e+00 6.019078708843796e-19
7.85609091e+00 6.015490584108331e-19
7.86545455e+00 6.011908868646932e-19
7.87481818e+00 6.008333543401394e-19
7.88418182e+00 6.004764589392751e-19
7.89354545e+00 6.001201987720862e-19
7.90290909e+00 5.997645719563984e-19
7.91227273e+00 5.994095766178357e-19
7.92163636e+00 5.990552108897791e-19
7.93100000e+00 5.987014729133250e-19
7.94036364e+00 5.983483608372443e-19
7.94972727e+00 5.979958728179421e-19
7.95909091e+00 5.976440070194171e-19
7.96845455e+00 5.972927616132208e-19
7.97781818e+00 5.969421347784190e-19
7.98718182e+00 5.965921247015502e-19
7.99654545e+00 5.962427295765884e-19
8.00590909e+00 5.958939476049018e-19
8.01527273e+00 5.955457769952161e-19
8.02463636e+00 5.951982159635736e-19
8.03400000e+00 5.948512627332969e-19
8.04336364e+00 5.945049155349491e-19
8.05272727e+00 5.941591726062968e-19
8.06209091e+00 5.938140321922723e-19
8.07145455e+00 5.934694925449364e-19
8.08081818e+00 5.931255519234404e-19
8.09018182e+00 5.927822085939899e-19
8.09954545e+00 5.924394608298080e-19
8.10890909e+00 5.920973069110985e-19
8.11827273e+00 5.917557451250101e-19
8.12763636e+00 5.914147737655999e-19
8.13700000e+00 5.910743911337981e-19
8.14636364e+00 5.907345955373722e-19
8.15572727e+00 5.903953852908912e-19
8.16509091e+00 5.900567587156916e-19
8.17445455e+00 5.897187141398417e-19
8.18381818e+00 5.893812498981068e-19
8.19318182e+00 5.890443643319151e-19
8.20254545e+00 5.887080557893239e-19
8.21190909e+00 5.883723226249847e-19
8.22127273e+00 5.880371632001092e-19
8.23063636e+00 5.877025758824377e-19
8.24000000e+00 5.873685590462030e-19
8.24936364e+00 5.870351110720990e-19
8.25872727e+00 5.867022303472474e-19
8.26809091e+00 5.863699152651645e-19
8.27745455e+00 5.860381642257290e-19
8.28681818e+00 5.857069756351496e-19
8.29618182e+00 5.853763479059328e-19
8.30554545e+00 5.850462794568508e-19
8.31490909e+00 5.847167687129100e-19
8.32427273e+00 5.843878141053194e-19
8.33363636e+00 5.840594140714589e-19
8.34300000e+00 5.837315670548483e-19
8.35236364e+00 5.834042715051170e-19
8.36172727e+00 5.830775258779718e-19
8.37109091e+00 5.827513286351674e-19
8.38045455e+00 5.824256782444758e-19
8.38981818e+00 5.821005731796559e-19
8.39918182e+00 5.817760119204234e-19
8.40854545e+00 5.814519929524208e-19
8.41790909e+00 5.811285147671887e-19
8.42727273e+00 5.808055758621347e-19
8.43663636e+00 5.804831747405053e-19
8.44600000e+00 5.801613099113567e-19
8.45536364e+00 5.798399798895251e-19
8.46472727e+00 5.795191831955987e-19
8.47409091e+00 5.791989183558885e-19
8.48345455e+00 5.788791839024004e-19
8.49281818e+00 5.785599783728065e-19
8.50218182e+00 5.782413003104171e-19
8.51154545e+00 5.779231482641532e-19
8.52090909e+00 5.776055207885179e-19
8.53027273e+00 5.772884164435698e-19
8.53963636e+00 5.769718337948950e-19
8.54900000e+00 5.766557714135796e-19
8.55836364e+00 5.763402278761834e-19
8.56772727e+00 5.760252017647126e-19
8.57709091e+00 5.757106916665924e-19
8.58645455e+00 5.753966961746416e-19
8.59581818e+00 5.750832138870450e-19
8.60518182e+00 5.747702434073282e-19
8.61454545e+00 5.744577833443305e-19
8.62390909e+00 5.741458323121796e-19
8.63327273e+00 5.738343889302654e-19
8.64263636e+00 5.735234518232143e-19
8.65200000e+00 5.732130196208642e-19
8.66136364e+00 5.729030909582388e-19
8.67072727e+00 5.725936644755221e-19
8.68009091e+00 5.722847388180338e-19
8.68945455e+00 5.719763126362040e-19
8.69881818e+00 5.716683845855492e-19
8.70818182e+00 5.713609533266468e-19
8.71754545e+00 5.710540175251108e-19
8.72690909e+00 5.707475758515679e-19
8.73627273e+00 5.704416269816330e-19
8.74563636e+00 5.701361695958853e-19
8.75500000e+00 5.698312023798444e-19
8.76436364e+00 5.695267240239460e-19
8.77372727e+00 5.692227332235194e-19
8.78309091e+00 5.689192286787628e-19
8.79245455e+00 5.686162090947211e-19
8.80181818e+00 5.683136731812617e-19
8.81118182e+00 5.680116196530520e-19
8.82054545e+00 5.677100472295363e-19
8.82990909e+00 5.674089546349129e-19
8.83927273e+00 5.671083405981119e-19
8.84863636e+00 5.668082038527721e-19
8.85800000e+00 5.665085431372186e-19
8.86736364e+00 5.662093571944409e-19
8.87672727e+00 5.659106447720709e-19
8.88609091e+00 5.656124046223600e-19
8.89545455e+00 5.653146355021585e-19
8.90481818e+00 5.650173361728920e-19
8.91418182e+00 5.647205054005422e-19
8.92354545e+00 5.644241419556230e-19
8.93290909e+00 5.641282446131609e-19
8.94227273e+00 5.638328121526725e-19
8.95163636e+00 5.635378433581441e-19
8.96100000e+00 5.632433370180105e-19
8.97036364e+00 5.629492919251339e-19
8.97972727e+00 5.626557068767834e-19
8.98909091e+00 5.623625806746139e-19
8.99845455e+00 5.620699121246465e-19
9.00781818e+00 5.617777000372466e-19
9.01718182e+00 5.614859432271048e-19
9.02654545e+00 5.611946405132167e-19
9.03590909e+00 5.609037907188620e-19
9.04527273e+00 5.606133926715848e-19
9.05463636e+00 5.603234452031746e-19
9.06400000e+00 5.600339471496452e-19
9.07336364e+00 5.597448973512163e-19
9.08272727e+00 5.594562946522932e-19
9.09209091e+00 5.591681379014475e-19
9.10145455e+00 5.588804259513984e-19
9.11081818e+00 5.585931576589927e-19
9.12018182e+00 5.583063318851861e-19
9.12954545e+00 5.580199474950246e-19
9.13890909e+00 5.577340033576248e-19
9.14827273e+00 5.574484983461559e-19
9.15763636e+00 5.571634313378204e-19
9.16700000e+00 5.568788012138366e-19
9.17636364e+00 5.565946068594189e-19
9.18572727e+00 5.563108471637601e-19
9.19509091e+00 5.560275210200132e-19
9.20445455e+00 5.557446273252731e-19
9.21381818e+00 5.554621649805588e-19
9.22318182e+00 5.551801328907951e-19
9.23254545e+00 5.548985299647950e-19
9.24190909e+00 5.546173551152421e-19
9.25127273e+00 5.543366072586726e-19
9.26063636e+00 5.540562853154583e-19
9.27000000e+00 5.537763882097882e-19
9.27936364e+00 5.534969148696524e-19
9.28872727e+00 5.532178642268240e-19
9.29809091e+00 5.529392352168424e-19
9.30745455e+00 5.526610267789958e-19
9.31681818e+00 5.523832378563042e-19
9.32618182e+00 5.521058673955036e-19
9.33554545e+00 5.518289143470279e-19
9.34490909e+00 5.515523776649929e-19
9.35427273e+00 5.512762563071798e-19
9.36363636e+00 5.510005492350178e-19
9.37300000e+00 5.507252554135691e-19
9.38236364e+00 5.504503738115116e-19
9.39172727e+00 5.501759034011227e-19
9.40109091e+00 5.499018431582639e-19
9.41045455e+00 5.496281920623637e-19
9.41981818e+00 5.493549490964025e-19
9.42918182e+00 5.490821132468963e-19
9.43854545e+00 5.488096835038811e-19
9.44790909e+00 5.485376588608971e-19
9.45727273e+00 5.482660383149730e-19
9.46663636e+00 5.479948208666103e-19
9.47600000e+00 5.477240055197689e-19
9.48536364e+00 5.474535912818502e-19
9.49472727e+00 5.471835771636831e-19
9.50409091e+00 5.469139621795077e-19
9.51345455e+00 5.466447453469613e-19
9.52281818e+00 5.463759256870626e-19
9.53218182e+00 5.461075022241970e-19
9.54154545e+00 5.458394739861018e-19
9.55090909e+00 5.455718400038510e-19
9.56027273e+00 5.453045993118411e-19
9.56963636e+00 5.450377509477768e-19
9.57900000e+00 5.447712939526547e-19
9.58836364e+00 5.445052273707512e-19
9.59772727e+00 5.442395502496064e-19
9.60709091e+00 5.439742616400105e-19
9.61645455e+00 5.437093605959892e-19
9.62581818e+00 5.434448461747898e-19
9.63518182e+00 5.431807174368670e-19
9.64454545e+00 5.429169734458691e-19
9.65390909e+00 5.426536132686237e-19
9.66327273e+00 5.423906359751238e-19
9.67263636e+00 5.421280406385147e-19
9.68200000e+00 5.418658263350791e-19
9.69136364e+00 5.416039921442249e-19
9.70072727e+00 5.413425371484702e-19
9.71009091e+00 5.410814604334309e-19
9.71945455e+00 5.408207610878068e-19
9.72881818e+00 5.405604382033680e-19
9.73818182e+00 5.403004908749419e-19
9.74754545e+00 5.400409182004001e-19
9.75690909e+00 5.397817192806452e-19
9.76627273e+00 5.395228932195976e-19
9.77563636e+00 5.392644391241822e-19
9.78500000e+00 5.390063561043162e-19
9.79436364e+00 5.387486432728953e-19
9.80372727e+00 5.384912997457822e-19
9.81309091e+00 5.382343246417922e-19
9.82245455e+00 5.379777170826818e-19
9.83181818e+00 5.377214761931357e-19
9.84118182e+00 5.374656011007540e-19
9.85054545e+00 5.372100909360404e-19
9.85990909e+00 5.369549448323888e-19
9.86927273e+00 5.367001619260719e-19
9.87863636e+00 5.364457413562283e-19
9.88800000e+00 5.361916822648508e-19
9.89736364e+00 5.359379837967735e-19
9.90672727e+00 5.356846450996606e-19
9.91609091e+00 5.354316653239939e-19
9.92545455e+00 5.351790436230605e-19
9.93481818e+00 5.349267791529416e-19
9.94418182e+00 5.346748710725003e-19
9.95354545e+00 5.344233185433697e-19
9.96290909e+00 5.341721207299416e-19
9.97227273e+00 5.339212767993544e-19
9.98163636e+00 5.336707859214816e-19
9.99100000e+00 5.334206472689204e-19
1.00003636e+01 5.331708600169804e-19
1.00097273e+01 5.329214233436715e-19
1.00190909e+01 5.326723364296933e-19
1.00284545e+01 5.324235984584235e-19
1.00378182e+01 5.321752086159065e-19
1.00471818e+01 5.319271660908423e-19
1.00565455e+01 5.316794700745755e-19
1.00659091e+01 5.314321197610842e-19
1.00752727e+01 5.311851143469688e-19
1.00846364e+01 5.309384530314412e-19
1.00940000e+01 5.306921350163140e-19
1.01033636e+01 5.304461595059895e-19
1.01127273e+01 5.302005257074486e-19
1.01220909e+01 5.299552328302407e-19
1.01314545e+01 5.297102800864728e-19
1.01408182e+01 5.294656666907985e-19
1.01501818e+01 5.292213918604077e-19
1.01595455e+01 5.289774548150163e-19
1.01689091e+01 5.287338547768553e-19
1.01782727e+01 5.284905909706608e-19
1.01876364e+01 5.282476626236630e-19
1.01970000e+01 5.280050689655770e-19
1.02063636e+01 5.277628092285913e-19
1.02157273e+01 5.275208826473582e-19
1.02250909e+01 5.272792884589840e-19
1.02344545e+01 5.270380259030182e-19
1.02438182e+01 5.267970942214437e-19
1.02531818e+01 5.265564926586668e-19
1.02625455e+01 5.263162204615075e-19
1.02719091e+01 5.260762768791894e-19
1.02812727e+01 5.258366611633295e-19
1.02906364e+01 5.255973725679291e-19
1.03000000e+01 5.253584103493635e-19
1.03093636e+01 5.251197737663724e-19
-----------------------------
