SPECIES: e / A
PROCESS: E + A -> E + A, Elastic
PARAM.:  m/M = 0.0000195921, complete set
COMMENT: [e + A(gnd) -> e + A(gnd), Elastic]
UPDATED: 2018-06-05 11:00:00
COLUMNS: Energy (eV) | Cross section (m2)
-----------------------------
0.00000000e+00 6.893455225980330e-18
2.00000000e-01 3.770155852909496e-18
4.00000000e-01 2.665902769722456e-18
6.00000000e-01 2.176700496564141e-18
8.00000000e-01 1.885077926454748e-18
1.00000000e+00 1.686064954574866e-18
1.20000000e+00 1.539159681732629e-18
1.40000000e+00 1.424984970107591e-18
1.60000000e+00 1.332951384861228e-18
1.80000000e+00 1.256718617636499e-18
2.00000000e+00 1.192227962900876e-18
2.20000000e+00 1.136744760478467e-18
2.40000000e+00 1.088350248282070e-18
2.60000000e+00 1.045653095704297e-18
2.80000000e+00 1.007616535451987e-18
3.00000000e+00 9.734500553949932e-19
3.20000000e+00 9.425389632273739e-19
3.40000000e+00 9.143971062697936e-19
3.60000000e+00 8.886342565741521e-19
3.80000000e+00 8.649330718016257e-19
4.00000000e+00 8.430324772874330e-19
4.20000000e+00 8.227154560827886e-19
4.40000000e+00 8.037999286126020e-19
4.60000000e+00 7.861318385732745e-19
4.80000000e+00 7.695798408663145e-19
5.00000000e+00 7.540311705818992e-19
5.20000000e+00 7.393883947412142e-19
5.40000000e+00 7.255668321880468e-19
5.60000000e+00 7.124924850537956e-19
5.80000000e+00 7.001003660862202e-19
6.00000000e+00 6.883331353162199e-19
6.20000000e+00 6.771399806498230e-19
6.40000000e+00 6.664756924306141e-19
6.60000000e+00 6.562998934621398e-19
6.80000000e+00 6.465763945407272e-19
7.00000000e+00 6.372726520152160e-19
7.20000000e+00 6.283593088182493e-19
7.40000000e+00 6.198098042016866e-19
7.60000000e+00 6.116000403434405e-19
7.80000000e+00 6.037080962838412e-19
8.00000000e+00 5.961139814504381e-19
8.20000000e+00 5.887994224552222e-19
8.40000000e+00 5.817476779831230e-19
8.60000000e+00 5.749433774997998e-19
8.80000000e+00 5.683723802392337e-19
9.00000000e+00 5.620216515249554e-19
9.20000000e+00 5.558791539618107e-19
9.40000000e+00 5.499337514303810e-19
9.60000000e+00 5.441751241410352e-19
9.80000000e+00 5.385936932727852e-19
1.00000000e+01 5.331805539444913e-19
1.02000000e+01 5.279274154510803e-19
1.04000000e+01 5.228265478521483e-19
1.06000000e+01 5.178707341300990e-19
1.08000000e+01 5.130532272442097e-19
1.10000000e+01 5.083677114993139e-19
1.12000000e+01 5.038082677259937e-19
1.14000000e+01 4.993693418356786e-19
1.16000000e+01 4.950457163707508e-19
1.18000000e+01 4.908324847182665e-19
1.20000000e+01 4.867250276974966e-19
1.22000000e+01 4.827189922672782e-19
1.24000000e+01 4.788102721300175e-19
1.26000000e+01 4.749949900358637e-19
1.28000000e+01 4.712694816136870e-19
1.30000000e+01 4.676302805755802e-19
1.32000000e+01 4.640741051590877e-19
1.34000000e+01 4.605978456866251e-19
1.36000000e+01 4.571985531348968e-19
1.38000000e+01 4.538734286188155e-19
1.40000000e+01 4.506198137046942e-19
1.42000000e+01 4.474351814765193e-19
1.44000000e+01 4.443171282870761e-19
1.46000000e+01 4.412633661327335e-19
1.48000000e+01 4.382717155969189e-19
1.50000000e+01 4.353400993128281e-19
1.52000000e+01 4.324665359008128e-19
1.54000000e+01 4.296491343402441e-19
1.56000000e+01 4.268860887395253e-19
1.58000000e+01 4.241756734713908e-19
1.60000000e+01 4.215162386437165e-19
1.62000000e+01 4.189062058788329e-19
1.64000000e+01 4.163440643768103e-19
1.66000000e+01 4.138283672404107e-19
1.68000000e+01 4.113577280413943e-19
1.70000000e+01 4.089308176096715e-19
1.72000000e+01 4.065463610284056e-19
1.74000000e+01 4.042031348196348e-19
1.76000000e+01 4.018999643063010e-19
1.78000000e+01 3.996357211377635e-19
1.80000000e+01 3.974093209669587e-19
1.82000000e+01 3.952197212683416e-19
1.84000000e+01 3.930659192866373e-19
1.86000000e+01 3.909469501072334e-19
1.88000000e+01 3.888618848397796e-19
1.90000000e+01 3.868098289072283e-19
1.92000000e+01 3.847899204331573e-19
1.94000000e+01 3.828013287207725e-19
1.96000000e+01 3.808432528174937e-19
1.98000000e+01 3.789149201594891e-19
2.00000000e+01 3.770155852909496e-19
2.02000000e+01 3.751445286532810e-19
2.04000000e+01 3.733010554397466e-19
2.06000000e+01 3.714844945114199e-19
2.08000000e+01 3.696941973706071e-19
2.10000000e+01 3.679295371881716e-19
2.12000000e+01 3.661899078814487e-19
2.14000000e+01 3.644747232396686e-19
2.16000000e+01 3.627834160940234e-19
2.18000000e+01 3.611154375297084e-19
2.20000000e+01 3.594702561374513e-19
2.22000000e+01 3.578473573022131e-19
2.24000000e+01 3.562462425268978e-19
2.26000000e+01 3.546664287890523e-19
2.28000000e+01 3.531074479286714e-19
2.30000000e+01 3.515688460653466e-19
2.32000000e+01 3.500501830431101e-19
2.34000000e+01 3.485510319014322e-19
2.36000000e+01 3.470709783709287e-19
2.38000000e+01 3.456096203924249e-19
2.40000000e+01 3.441665676581099e-19
2.42000000e+01 3.427414411735905e-19
2.44000000e+01 3.413338728397290e-19
2.46000000e+01 3.399435050532186e-19
2.48000000e+01 3.385699903249115e-19
2.50000000e+01 3.372129909149733e-19
2.52000000e+01 3.358721784839958e-19
2.54000000e+01 3.345472337592502e-19
2.56000000e+01 3.332378462153070e-19
2.58000000e+01 3.319437137683021e-19
2.60000000e+01 3.306645424831606e-19
2.62000000e+01 3.294000462931381e-19
2.64000000e+01 3.281499467310699e-19
2.66000000e+01 3.269139726717536e-19
2.68000000e+01 3.256918600849276e-19
2.70000000e+01 3.244833517983310e-19
2.72000000e+01 3.232881972703636e-19
2.74000000e+01 3.221061523718894e-19
2.76000000e+01 3.209369791767528e-19
2.78000000e+01 3.197804457605983e-19
2.80000000e+01 3.186363260076080e-19
2.82000000e+01 3.175043994247913e-19
2.84000000e+01 3.163844509634803e-19
2.86000000e+01 3.152762708477034e-19
2.88000000e+01 3.141796544091247e-19
2.90000000e+01 3.130944019282553e-19
2.92000000e+01 3.120203184816582e-19
2.94000000e+01 3.109572137948772e-19
2.96000000e+01 3.099049021008433e-19
2.98000000e+01 3.088632020035147e-19
3.00000000e+01 3.078319363465258e-19
3.02000000e+01 3.068109320866285e-19
3.04000000e+01 3.058000201717203e-19
3.06000000e+01 3.047990354232645e-19
3.08000000e+01 3.038078164229166e-19
3.10000000e+01 3.028262054031793e-19
3.12000000e+01 3.018540481419206e-19
3.14000000e+01 3.008911938605911e-19
3.16000000e+01 2.999374951259911e-19
3.18000000e+01 2.989928077554418e-19
3.20000000e+01 2.980569907252190e-19
3.22000000e+01 2.971299060821225e-19
3.24000000e+01 2.962114188580507e-19
3.26000000e+01 2.953013969874622e-19
3.28000000e+01 2.943997112276111e-19
3.30000000e+01 2.935062350814428e-19
3.32000000e+01 2.926208447230513e-19
3.34000000e+01 2.917434189255922e-19
3.36000000e+01 2.908738389915615e-19
3.38000000e+01 2.900119886853459e-19
3.40000000e+01 2.891577541679580e-19
3.42000000e+01 2.883110239338752e-19
3.44000000e+01 2.874716887498999e-19
3.46000000e+01 2.866396415959669e-19
3.48000000e+01 2.858147776078241e-19
3.50000000e+01 2.849969940215182e-19
3.52000000e+01 2.841861901196168e-19
3.54000000e+01 2.833822671791040e-19
3.56000000e+01 2.825851284208887e-19
3.58000000e+01 2.817946789608663e-19
3.60000000e+01 2.810108257624777e-19
3.62000000e+01 2.802334775907121e-19
3.64000000e+01 2.794625449675015e-19
3.66000000e+01 2.786979401284579e-19
3.68000000e+01 2.779395769809054e-19
3.70000000e+01 2.771873710631613e-19
3.72000000e+01 2.764412395050236e-19
3.74000000e+01 2.757011009894217e-19
3.76000000e+01 2.749668757151905e-19
3.78000000e+01 2.742384853609295e-19
3.80000000e+01 2.735158530499094e-19
3.82000000e+01 2.727989033159902e-19
3.84000000e+01 2.720875620705176e-19
3.86000000e+01 2.713817565701634e-19
3.88000000e+01 2.706814153856790e-19
3.90000000e+01 2.699864683715314e-19
3.92000000e+01 2.692968466363926e-19
3.94000000e+01 2.686124825144529e-19
3.96000000e+01 2.679333095375340e-19
3.98000000e+01 2.672592624079714e-19
4.00000000e+01 2.665902769722457e-19
4.02000000e+01 2.659262901953347e-19
4.04000000e+01 2.652672401357661e-19
4.06000000e+01 2.646130659213453e-19
4.08000000e+01 2.639637077255401e-19
4.10000000e+01 2.633191067444985e-19
4.12000000e+01 2.626792051746818e-19
4.14000000e+01 2.620439461910915e-19
4.16000000e+01 2.614132739260742e-19
4.18000000e+01 2.607871334486836e-19
4.20000000e+01 2.601654707445842e-19
4.22000000e+01 2.595482326964798e-19
4.24000000e+01 2.589353670650495e-19
4.26000000e+01 2.583268224703774e-19
4.28000000e+01 2.577225483738598e-19
4.30000000e+01 2.571224950605751e-19
4.32000000e+01 2.565266136221048e-19
4.34000000e+01 2.559348559397887e-19
4.36000000e+01 2.553471746684039e-19
4.38000000e+01 2.547635232202541e-19
4.40000000e+01 2.541838557496569e-19
4.42000000e+01 2.536081271378181e-19
4.44000000e+01 2.530362929780803e-19
4.46000000e+01 2.524683095615364e-19
4.48000000e+01 2.519041338629969e-19
4.50000000e+01 2.513437235272997e-19
4.52000000e+01 2.507870368559546e-19
4.54000000e+01 2.502340327941107e-19
4.56000000e+01 2.496846709178393e-19
4.58000000e+01 2.491389114217218e-19
4.60000000e+01 2.485967151067360e-19
4.62000000e+01 2.480580433684296e-19
4.64000000e+01 2.475228581853754e-19
4.66000000e+01 2.469911221078989e-19
4.68000000e+01 2.464627982470714e-19
4.70000000e+01 2.459378502639609e-19
4.72000000e+01 2.454162423591333e-19
4.74000000e+01 2.448979392623983e-19
4.76000000e+01 2.443829062227921e-19
4.78000000e+01 2.438711089987908e-19
4.80000000e+01 2.433625138487483e-19
4.82000000e+01 2.428570875215527e-19
4.84000000e+01 2.423547972474960e-19
4.86000000e+01 2.418556107293490e-19
4.88000000e+01 2.413594961336391e-19
4.90000000e+01 2.408664220821238e-19
4.92000000e+01 2.403763576434543e-19
4.94000000e+01 2.398892723250260e-19
4.96000000e+01 2.394051360650088e-19
4.98000000e+01 2.389239192245544e-19
5.00000000e+01 2.384455925801752e-19
5.02000000e+01 2.379701273162898e-19
5.04000000e+01 2.374974950179319e-19
5.06000000e+01 2.370276676636174e-19
5.08000000e+01 2.365606176183669e-19
5.10000000e+01 2.360963176268776e-19
5.12000000e+01 2.356347408068435e-19
5.14000000e+01 2.351758606424173e-19
5.16000000e+01 2.347196509778128e-19
5.18000000e+01 2.342660860110428e-19
5.20000000e+01 2.338151402877901e-19
5.22000000e+01 2.333667886954067e-19
5.24000000e+01 2.329210064570407e-19
5.26000000e+01 2.324777691258844e-19
5.28000000e+01 2.320370525795439e-19
5.30000000e+01 2.315988330145244e-19
5.32000000e+01 2.311630869408306e-19
5.34000000e+01 2.307297911766781e-19
5.36000000e+01 2.302989228433126e-19
5.38000000e+01 2.298704593599370e-19
5.40000000e+01 2.294443784387400e-19
5.42000000e+01 2.290206580800269e-19
5.44000000e+01 2.285992765674484e-19
5.46000000e+01 2.281802124633259e-19
5.48000000e+01 2.277634446040704e-19
5.50000000e+01 2.273489520956935e-19
5.52000000e+01 2.269367143094077e-19
5.54000000e+01 2.265267108773143e-19
5.56000000e+01 2.261189216881760e-19
5.58000000e+01 2.257133268832744e-19
5.60000000e+01 2.253099068523471e-19
5.62000000e+01 2.249086422296059e-19
5.64000000e+01 2.245095138898320e-19
5.66000000e+01 2.241125029445473e-19
5.68000000e+01 2.237175907382596e-19
5.70000000e+01 2.233247588447814e-19
5.72000000e+01 2.229339890636177e-19
5.74000000e+01 2.225452634164254e-19
5.76000000e+01 2.221585641435380e-19
5.78000000e+01 2.217738737005586e-19
5.80000000e+01 2.213911747550158e-19
5.82000000e+01 2.210104501830844e-19
5.84000000e+01 2.206316830663667e-19
5.86000000e+01 2.202548566887350e-19
5.88000000e+01 2.198799545332327e-19
5.90000000e+01 2.195069602790341e-19
5.92000000e+01 2.191358577984595e-19
5.94000000e+01 2.187666311540466e-19
5.96000000e+01 2.183992645956757e-19
5.98000000e+01 2.180337425577478e-19
6.00000000e+01 2.176700496564140e-19
6.02000000e+01 2.173081706868571e-19
6.04000000e+01 2.169480906206203e-19
6.06000000e+01 2.165897946029871e-19
6.08000000e+01 2.162332679504064e-19
6.10000000e+01 2.158784961479659e-19
6.12000000e+01 2.155254648469090e-19
6.14000000e+01 2.151741598621987e-19
6.16000000e+01 2.148245671701220e-19
6.18000000e+01 2.144766729059403e-19
6.20000000e+01 2.141304633615784e-19
6.22000000e+01 2.137859249833568e-19
6.24000000e+01 2.134430443697626e-19
6.26000000e+01 2.131018082692602e-19
6.28000000e+01 2.127622035781400e-19
6.30000000e+01 2.124242173384053e-19
6.32000000e+01 2.120878367356954e-19
6.34000000e+01 2.117530490972449e-19
6.36000000e+01 2.114198418898787e-19
6.38000000e+01 2.110882027180408e-19
6.40000000e+01 2.107581193218583e-19
6.42000000e+01 2.104295795752370e-19
6.44000000e+01 2.101025714839909e-19
6.46000000e+01 2.097770831840028e-19
6.48000000e+01 2.094531029394164e-19
6.50000000e+01 2.091306191408594e-19
6.52000000e+01 2.088096203036953e-19
6.54000000e+01 2.084900950663066e-19
6.56000000e+01 2.081720321884052e-19
6.58000000e+01 2.078554205493713e-19
6.60000000e+01 2.075402491466212e-19
6.62000000e+01 2.072265070940005e-19
6.64000000e+01 2.069141836202053e-19
6.66000000e+01 2.066032680672289e-19
6.68000000e+01 2.062937498888340e-19
6.70000000e+01 2.059856186490504e-19
6.72000000e+01 2.056788640206971e-19
6.74000000e+01 2.053734757839286e-19
6.76000000e+01 2.050694438248043e-19
6.78000000e+01 2.047667581338826e-19
6.80000000e+01 2.044654088048358e-19
6.82000000e+01 2.041653860330890e-19
6.84000000e+01 2.038666801144802e-19
6.86000000e+01 2.035692814439416e-19
6.88000000e+01 2.032731805142028e-19
6.90000000e+01 2.029783679145140e-19
6.92000000e+01 2.026848343293897e-19
6.94000000e+01 2.023925705373728e-19
6.96000000e+01 2.021015674098174e-19
6.98000000e+01 2.018118159096913e-19
7.00000000e+01 2.015233070903975e-19
7.02000000e+01 2.012360320946137e-19
7.04000000e+01 2.009499821531505e-19
7.06000000e+01 2.006651485838266e-19
7.08000000e+01 2.003815227903624e-19
7.10000000e+01 2.000990962612904e-19
7.12000000e+01 1.998178605688818e-19
7.14000000e+01 1.995378073680909e-19
7.16000000e+01 1.992589283955147e-19
7.18000000e+01 1.989812154683689e-19
7.20000000e+01 1.987046604834794e-19
7.22000000e+01 1.984292554162893e-19
7.24000000e+01 1.981549923198809e-19
7.26000000e+01 1.978818633240128e-19
7.28000000e+01 1.976098606341708e-19
7.30000000e+01 1.973389765306341e-19
7.32000000e+01 1.970692033675550e-19
7.34000000e+01 1.968005335720523e-19
7.36000000e+01 1.965329596433186e-19
7.38000000e+01 1.962664741517407e-19
7.40000000e+01 1.960010697380331e-19
7.42000000e+01 1.957367391123845e-19
7.44000000e+01 1.954734750536167e-19
7.46000000e+01 1.952112704083561e-19
7.48000000e+01 1.949501180902173e-19
7.50000000e+01 1.946900110789986e-19
7.52000000e+01 1.944309424198898e-19
7.54000000e+01 1.941729052226906e-19
7.56000000e+01 1.939158926610410e-19
7.58000000e+01 1.936598979716634e-19
7.60000000e+01 1.934049144536142e-19
7.62000000e+01 1.931509354675477e-19
7.64000000e+01 1.928979544349900e-19
7.66000000e+01 1.926459648376228e-19
7.68000000e+01 1.923949602165786e-19
7.70000000e+01 1.921449341717450e-19
7.72000000e+01 1.918958803610794e-19
7.74000000e+01 1.916477924999333e-19
7.76000000e+01 1.914006643603863e-19
7.78000000e+01 1.911544897705893e-19
7.80000000e+01 1.909092626141172e-19
7.82000000e+01 1.906649768293307e-19
7.84000000e+01 1.904216264087469e-19
7.86000000e+01 1.901792053984186e-19
7.88000000e+01 1.899377078973226e-19
7.90000000e+01 1.896971280567568e-19
7.92000000e+01 1.894574600797445e-19
7.94000000e+01 1.892186982204484e-19
7.96000000e+01 1.889808367835915e-19
7.98000000e+01 1.887438701238869e-19
8.00000000e+01 1.885077926454748e-19
8.02000000e+01 1.882725988013677e-19
8.04000000e+01 1.880382830929029e-19
8.06000000e+01 1.878048400692024e-19
8.08000000e+01 1.875722643266405e-19
8.10000000e+01 1.873405505083185e-19
8.12000000e+01 1.871096933035462e-19
8.14000000e+01 1.868796874473310e-19
8.16000000e+01 1.866505277198733e-19
8.18000000e+01 1.864222089460691e-19
8.20000000e+01 1.861947259950193e-19
8.22000000e+01 1.859680737795449e-19
8.24000000e+01 1.857422472557099e-19
8.26000000e+01 1.855172414223492e-19
8.28000000e+01 1.852930513206036e-19
8.30000000e+01 1.850696720334611e-19
8.32000000e+01 1.848470986853035e-19
8.34000000e+01 1.846253264414600e-19
8.36000000e+01 1.844043505077652e-19
8.38000000e+01 1.841841661301250e-19
8.40000000e+01 1.839647685940858e-19
8.42000000e+01 1.837461532244116e-19
8.44000000e+01 1.835283153846648e-19
8.46000000e+01 1.833112504767937e-19
8.48000000e+01 1.830949539407243e-19
8.50000000e+01 1.828794212539587e-19
8.52000000e+01 1.826646479311773e-19
8.54000000e+01 1.824506295238470e-19
8.56000000e+01 1.822373616198343e-19
8.58000000e+01 1.820248398430229e-19
8.60000000e+01 1.818130598529372e-19
8.62000000e+01 1.816020173443693e-19
8.64000000e+01 1.813917080470117e-19
8.66000000e+01 1.811821277250945e-19
8.68000000e+01 1.809732721770268e-19
8.70000000e+01 1.807651372350431e-19
8.72000000e+01 1.805577187648542e-19
8.74000000e+01 1.803510126653017e-19
8.76000000e+01 1.801450148680181e-19
8.78000000e+01 1.799397213370898e-19
8.80000000e+01 1.797351280687256e-19
8.82000000e+01 1.795312310909284e-19
8.84000000e+01 1.793280264631713e-19
8.86000000e+01 1.791255102760779e-19
8.88000000e+01 1.789236786511065e-19
8.90000000e+01 1.787225277402378e-19
8.92000000e+01 1.785220537256669e-19
8.94000000e+01 1.783222528194990e-19
8.96000000e+01 1.781231212634489e-19
8.98000000e+01 1.779246553285439e-19
9.00000000e+01 1.777268513148304e-19
9.02000000e+01 1.775297055510847e-19
9.04000000e+01 1.773332143945261e-19
9.06000000e+01 1.771373742305349e-19
9.08000000e+01 1.769421814723726e-19
9.10000000e+01 1.767476325609062e-19
9.12000000e+01 1.765537239643357e-19
9.14000000e+01 1.763604521779246e-19
9.16000000e+01 1.761678137237341e-19
9.18000000e+01 1.759758051503601e-19
9.20000000e+01 1.757844230326733e-19
9.22000000e+01 1.755936639715630e-19
9.24000000e+01 1.754035245936833e-19
9.26000000e+01 1.752140015512023e-19
9.28000000e+01 1.750250915215551e-19
9.30000000e+01 1.748367912071985e-19
9.32000000e+01 1.746490973353699e-19
9.34000000e+01 1.744620066578478e-19
9.36000000e+01 1.742755159507161e-19
9.38000000e+01 1.740896220141306e-19
9.40000000e+01 1.739043216720884e-19
9.42000000e+01 1.737196117722001e-19
9.44000000e+01 1.735354891854644e-19
9.46000000e+01 1.733519508060454e-19
9.48000000e+01 1.731689935510531e-19
9.50000000e+01 1.729866143603251e-19
9.52000000e+01 1.728048101962124e-19
9.54000000e+01 1.726235780433663e-19
9.56000000e+01 1.724429149085287e-19
9.58000000e+01 1.722628178203241e-19
9.60000000e+01 1.720832838290550e-19
9.62000000e+01 1.719043100064982e-19
9.64000000e+01 1.717258934457048e-19
9.66000000e+01 1.715480312608017e-19
9.68000000e+01 1.713707205867952e-19
9.70000000e+01 1.711939585793780e-19
9.72000000e+01 1.710177424147366e-19
9.74000000e+01 1.708420692893624e-19
9.76000000e+01 1.706669364198645e-19
9.78000000e+01 1.704923410427839e-19
9.80000000e+01 1.703182804144109e-19
9.82000000e+01 1.701447518106036e-19
9.84000000e+01 1.699717525266093e-19
9.86000000e+01 1.697992798768870e-19
9.88000000e+01 1.696273311949323e-19
9.90000000e+01 1.694559038331046e-19
9.92000000e+01 1.692849951624558e-19
9.94000000e+01 1.691146025725605e-19
9.96000000e+01 1.689447234713493e-19
9.98000000e+01 1.687753552849425e-19
1.00000000e+02 1.686064954574866e-19
1.00200000e+02 1.684381414509924e-19
1.00400000e+02 1.682702907451746e-19
1.00600000e+02 1.681029408372934e-19
1.00800000e+02 1.679360892419979e-19
1.01000000e+02 1.677697334911708e-19
1.01200000e+02 1.676038711337752e-19
1.01400000e+02 1.674384997357031e-19
1.01600000e+02 1.672736168796251e-19
1.01800000e+02 1.671092201648420e-19
1.02000000e+02 1.669453072071382e-19
1.02200000e+02 1.667818756386363e-19
1.02400000e+02 1.666189231076535e-19
1.02600000e+02 1.664564472785595e-19
1.02800000e+02 1.662944458316357e-19
1.03000000e+02 1.661329164629365e-19
1.03200000e+02 1.659718568841510e-19
1.03400000e+02 1.658112648224678e-19
1.03600000e+02 1.656511380204394e-19
1.03800000e+02 1.654914742358493e-19
1.04000000e+02 1.653322712415803e-19
1.04200000e+02 1.651735268254837e-19
1.04400000e+02 1.650152387902503e-19
1.04600000e+02 1.648574049532827e-19
1.04800000e+02 1.647000231465691e-19
1.05000000e+02 1.645430912165577e-19
1.05200000e+02 1.643866070240335e-19
1.05400000e+02 1.642305684439953e-19
1.05600000e+02 1.640749733655349e-19
1.05800000e+02 1.639198196917172e-19
1.06000000e+02 1.637651053394611e-19
1.06200000e+02 1.636108282394221e-19
1.06400000e+02 1.634569863358768e-19
1.06600000e+02 1.633035775866066e-19
1.06800000e+02 1.631505999627851e-19
1.07000000e+02 1.629980514488642e-19
1.07200000e+02 1.628459300424638e-19
1.07400000e+02 1.626942337542603e-19
1.07600000e+02 1.625429606078781e-19
1.07800000e+02 1.623921086397811e-19
1.08000000e+02 1.622416758991655e-19
1.08200000e+02 1.620916604478545e-19
1.08400000e+02 1.619420603601927e-19
1.08600000e+02 1.617928737229426e-19
1.08800000e+02 1.616440986351818e-19
1.09000000e+02 1.614957332082013e-19
1.09200000e+02 1.613477755654049e-19
1.09400000e+02 1.612002238422090e-19
1.09600000e+02 1.610530761859447e-19
1.09800000e+02 1.609063307557594e-19
1.10000000e+02 1.607599857225204e-19
1.10200000e+02 1.606140392687192e-19
1.10400000e+02 1.604684895883764e-19
1.10600000e+02 1.603233348869483e-19
1.10800000e+02 1.601785733812334e-19
1.11000000e+02 1.600342032992808e-19
1.11200000e+02 1.598902228802992e-19
1.11400000e+02 1.597466303745661e-19
1.11600000e+02 1.596034240433392e-19
1.11800000e+02 1.594606021587675e-19
1.12000000e+02 1.593181630038040e-19
1.12200000e+02 1.591761048721188e-19
1.12400000e+02 1.590344260680134e-19
1.12600000e+02 1.588931249063357e-19
1.12800000e+02 1.587521997123956e-19
1.13000000e+02 1.586116488218819e-19
1.13200000e+02 1.584714705807795e-19
1.13400000e+02 1.583316633452879e-19
1.13600000e+02 1.581922254817402e-19
1.13800000e+02 1.580531553665225e-19
1.14000000e+02 1.579144513859953e-19
1.14200000e+02 1.577761119364140e-19
1.14400000e+02 1.576381354238517e-19
1.14600000e+02 1.575005202641216e-19
1.14800000e+02 1.573632648827009e-19
1.15000000e+02 1.572263677146549e-19
1.15200000e+02 1.570898272045623e-19
1.15400000e+02 1.569536418064409e-19
1.15600000e+02 1.568178099836739e-19
1.15800000e+02 1.566823302089373e-19
1.16000000e+02 1.565472009641277e-19
1.16200000e+02 1.564124207402908e-19
1.16400000e+02 1.562779880375507e-19
1.16600000e+02 1.561439013650397e-19
1.16800000e+02 1.560101592408291e-19
1.17000000e+02 1.558767601918601e-19
1.17200000e+02 1.557437027538757e-19
1.17400000e+02 1.556109854713536e-19
1.17600000e+02 1.554786068974386e-19
1.17800000e+02 1.553465655938772e-19
1.18000000e+02 1.552148601309512e-19
1.18200000e+02 1.550834890874131e-19
1.18400000e+02 1.549524510504217e-19
1.18600000e+02 1.548217446154781e-19
1.18800000e+02 1.546913683863626e-19
1.19000000e+02 1.545613209750719e-19
1.19200000e+02 1.544316010017574e-19
1.19400000e+02 1.543022070946631e-19
1.19600000e+02 1.541731378900654e-19
1.19800000e+02 1.540443920322121e-19
1.20000000e+02 1.539159681732629e-19
1.20200000e+02 1.537878649732303e-19
1.20400000e+02 1.536600810999204e-19
1.20600000e+02 1.535326152288750e-19
1.20800000e+02 1.534054660433142e-19
1.21000000e+02 1.532786322340787e-19
1.21200000e+02 1.531521124995736e-19
1.21400000e+02 1.530259055457122e-19
1.21600000e+02 1.529000100858601e-19
1.21800000e+02 1.527744248407809e-19
1.22000000e+02 1.526491485385806e-19
1.22200000e+02 1.525241799146544e-19
1.22400000e+02 1.523995177116323e-19
1.22600000e+02 1.522751606793266e-19
1.22800000e+02 1.521511075746789e-19
1.23000000e+02 1.520273571617080e-19
1.23200000e+02 1.519039082114583e-19
1.23400000e+02 1.517807595019481e-19
1.23600000e+02 1.516579098181195e-19
1.23800000e+02 1.515353579517873e-19
1.24000000e+02 1.514131027015897e-19
1.24200000e+02 1.512911428729385e-19
1.24400000e+02 1.511694772779702e-19
1.24600000e+02 1.510481047354973e-19
1.24800000e+02 1.509270240709603e-19
1.25000000e+02 1.508062341163798e-19
1.25200000e+02 1.506857337103093e-19
1.25400000e+02 1.505655216977883e-19
1.25600000e+02 1.504455969302955e-19
1.25800000e+02 1.503259582657033e-19
1.26000000e+02 1.502066045682314e-19
1.26200000e+02 1.500875347084022e-19
1.26400000e+02 1.499687475629956e-19
1.26600000e+02 1.498502420150042e-19
1.26800000e+02 1.497320169535898e-19
1.27000000e+02 1.496140712740392e-19
1.27200000e+02 1.494964038777209e-19
1.27400000e+02 1.493790136720424e-19
1.27600000e+02 1.492618995704073e-19
1.27800000e+02 1.491450604921731e-19
1.28000000e+02 1.490284953626095e-19
1.28200000e+02 1.489122031128567e-19
1.28400000e+02 1.487961826798843e-19
1.28600000e+02 1.486804330064504e-19
1.28800000e+02 1.485649530410613e-19
1.29000000e+02 1.484497417379313e-19
1.29200000e+02 1.483347980569428e-19
1.29400000e+02 1.482201209636072e-19
1.29600000e+02 1.481057094290254e-19
1.29800000e+02 1.479915624298491e-19
1.30000000e+02 1.478776789482428e-19
1.30200000e+02 1.477640579718451e-19
1.30400000e+02 1.476506984937311e-19
1.30600000e+02 1.475375995123752e-19
1.30800000e+02 1.474247600316134e-19
1.31000000e+02 1.473121790606069e-19
1.31200000e+02 1.471998556138055e-19
1.31400000e+02 1.470877887109112e-19
1.31600000e+02 1.469759773768421e-19
1.31800000e+02 1.468644206416974e-19
1.32000000e+02 1.467531175407214e-19
1.32200000e+02 1.466420671142689e-19
1.32400000e+02 1.465312684077700e-19
1.32600000e+02 1.464207204716961e-19
1.32800000e+02 1.463104223615256e-19
1.33000000e+02 1.462003731377099e-19
1.33200000e+02 1.460905718656397e-19
1.33400000e+02 1.459810176156117e-19
1.33600000e+02 1.458717094627961e-19
1.33800000e+02 1.457626464872028e-19
1.34000000e+02 1.456538277736497e-19
1.34200000e+02 1.455452524117301e-19
1.34400000e+02 1.454369194957807e-19
1.34600000e+02 1.453288281248502e-19
1.34800000e+02 1.452209774026671e-19
1.35000000e+02 1.451133664376094e-19
1.35200000e+02 1.450059943426729e-19
1.35400000e+02 1.448988602354410e-19
1.35600000e+02 1.447919632380540e-19
1.35800000e+02 1.446853024771787e-19
1.36000000e+02 1.445788770839790e-19
1.36200000e+02 1.444726861940855e-19
1.36400000e+02 1.443667289475665e-19
1.36600000e+02 1.442610044888986e-19
1.36800000e+02 1.441555119669376e-19
1.37000000e+02 1.440502505348900e-19
1.37200000e+02 1.439452193502839e-19
1.37400000e+02 1.438404175749414e-19
1.37600000e+02 1.437358443749499e-19
1.37800000e+02 1.436314989206347e-19
1.38000000e+02 1.435273803865308e-19
1.38200000e+02 1.434234879513560e-19
1.38400000e+02 1.433198207979834e-19
1.38600000e+02 1.432163781134147e-19
1.38800000e+02 1.431131590887530e-19
1.39000000e+02 1.430101629191764e-19
1.39200000e+02 1.429073888039121e-19
1.39400000e+02 1.428048359462091e-19
1.39600000e+02 1.427025035533139e-19
1.39800000e+02 1.426003908364431e-19
1.40000000e+02 1.424984970107591e-19
1.40200000e+02 1.423968212953441e-19
1.40400000e+02 1.422953629131751e-19
1.40600000e+02 1.421941210910992e-19
1.40800000e+02 1.420930950598084e-19
1.41000000e+02 1.419922840538157e-19
1.41200000e+02 1.418916873114299e-19
1.41400000e+02 1.417913040747323e-19
1.41600000e+02 1.416911335895520e-19
1.41800000e+02 1.415911751054425e-19
1.42000000e+02 1.414914278756582e-19
1.42200000e+02 1.413918911571303e-19
1.42400000e+02 1.412925642104444e-19
1.42600000e+02 1.411934462998168e-19
1.42800000e+02 1.410945366930721e-19
1.43000000e+02 1.409958346616200e-19
1.43200000e+02 1.408973394804331e-19
1.43400000e+02 1.407990504280244e-19
1.43600000e+02 1.407009667864252e-19
1.43800000e+02 1.406030878411627e-19
1.44000000e+02 1.405054128812388e-19
1.44200000e+02 1.404079411991080e-19
1.44400000e+02 1.403106720906556e-19
1.44600000e+02 1.402136048551770e-19
1.44800000e+02 1.401167387953560e-19
1.45000000e+02 1.400200732172441e-19
1.45200000e+02 1.399236074302390e-19
1.45400000e+02 1.398273407470648e-19
1.45600000e+02 1.397312724837508e-19
1.45800000e+02 1.396354019596110e-19
1.46000000e+02 1.395397284972243e-19
1.46200000e+02 1.394442514224143e-19
1.46400000e+02 1.393489700642290e-19
1.46600000e+02 1.392538837549212e-19
1.46800000e+02 1.391589918299290e-19
1.47000000e+02 1.390642936278562e-19
1.47200000e+02 1.389697884904527e-19
1.47400000e+02 1.388754757625956e-19
1.47600000e+02 1.387813547922701e-19
1.47800000e+02 1.386874249305503e-19
1.48000000e+02 1.385936855315806e-19
1.48200000e+02 1.385001359525572e-19
1.48400000e+02 1.384067755537092e-19
1.48600000e+02 1.383136036982806e-19
1.48800000e+02 1.382206197525118e-19
1.49000000e+02 1.381278230856216e-19
1.49200000e+02 1.380352130697894e-19
1.49400000e+02 1.379427890801369e-19
1.49600000e+02 1.378505504947108e-19
1.49800000e+02 1.377584966944653e-19
1.50000000e+02 1.376666270632440e-19
1.50200000e+02 1.375749409877634e-19
1.50400000e+02 1.374834378575952e-19
1.50600000e+02 1.373921170651494e-19
1.50800000e+02 1.373009780056573e-19
1.51000000e+02 1.372100200771545e-19
1.51200000e+02 1.371192426804648e-19
1.51400000e+02 1.370286452191827e-19
1.51600000e+02 1.369382270996581e-19
1.51800000e+02 1.368479877309787e-19
1.52000000e+02 1.367579265249547e-19
1.52200000e+02 1.366680428961024e-19
1.52400000e+02 1.365783362616282e-19
1.52600000e+02 1.364888060414128e-19
1.52800000e+02 1.363994516579951e-19
1.53000000e+02 1.363102725365572e-19
1.53200000e+02 1.362212681049083e-19
1.53400000e+02 1.361324377934696e-19
1.53600000e+02 1.360437810352588e-19
1.53800000e+02 1.359552972658750e-19
1.54000000e+02 1.358669859234837e-19
1.54200000e+02 1.357788464488015e-19
1.54400000e+02 1.356908782850817e-19
1.54600000e+02 1.356030808780990e-19
1.54800000e+02 1.355154536761352e-19
1.55000000e+02 1.354279961299646e-19
1.55200000e+02 1.353407076928395e-19
1.55400000e+02 1.352535878204756e-19
1.55600000e+02 1.351666359710382e-19
1.55800000e+02 1.350798516051277e-19
1.56000000e+02 1.349932341857657e-19
1.56200000e+02 1.349067831783810e-19
1.56400000e+02 1.348204980507957e-19
1.56600000e+02 1.347343782732116e-19
1.56800000e+02 1.346484233181963e-19
1.57000000e+02 1.345626326606698e-19
1.57200000e+02 1.344770057778910e-19
1.57400000e+02 1.343915421494444e-19
1.57600000e+02 1.343062412572265e-19
1.57800000e+02 1.342211025854330e-19
1.58000000e+02 1.341361256205456e-19
1.58200000e+02 1.340513098513188e-19
1.58400000e+02 1.339666547687670e-19
1.58600000e+02 1.338821598661521e-19
1.58800000e+02 1.337978246389700e-19
1.59000000e+02 1.337136485849388e-19
1.59200000e+02 1.336296312039857e-19
1.59400000e+02 1.335457719982345e-19
1.59600000e+02 1.334620704719934e-19
1.59800000e+02 1.333785261317428e-19
1.60000000e+02 1.332951384861228e-19
1.60200000e+02 1.332119070459212e-19
1.60400000e+02 1.331288313240614e-19
1.60600000e+02 1.330459108355905e-19
1.60800000e+02 1.329631450976674e-19
1.61000000e+02 1.328805336295509e-19
1.61200000e+02 1.327980759525881e-19
1.61400000e+02 1.327157715902025e-19
1.61600000e+02 1.326336200678830e-19
1.61800000e+02 1.325516209131717e-19
1.62000000e+02 1.324697736556529e-19
1.62200000e+02 1.323880778269417e-19
1.62400000e+02 1.323065329606727e-19
1.62600000e+02 1.322251385924888e-19
1.62800000e+02 1.321438942600302e-19
1.63000000e+02 1.320627995029235e-19
1.63200000e+02 1.319818538627701e-19
1.63400000e+02 1.319010568831360e-19
1.63600000e+02 1.318204081095409e-19
1.63800000e+02 1.317399070894472e-19
1.64000000e+02 1.316595533722493e-19
1.64200000e+02 1.315793465092633e-19
1.64400000e+02 1.314992860537164e-19
1.64600000e+02 1.314193715607363e-19
1.64800000e+02 1.313396025873409e-19
1.65000000e+02 1.312599786924280e-19
1.65200000e+02 1.311804994367650e-19
1.65400000e+02 1.311011643829788e-19
1.65600000e+02 1.310219730955457e-19
1.65800000e+02 1.309429251407814e-19
1.66000000e+02 1.308640200868307e-19
1.66200000e+02 1.307852575036579e-19
1.66400000e+02 1.307066369630371e-19
1.66600000e+02 1.306281580385420e-19
1.66800000e+02 1.305498203055363e-19
1.67000000e+02 1.304716233411646e-19
1.67200000e+02 1.303935667243418e-19
1.67400000e+02 1.303156500357445e-19
1.67600000e+02 1.302378728578010e-19
1.67800000e+02 1.301602347746822e-19
1.68000000e+02 1.300827353722921e-19
1.68200000e+02 1.300053742382585e-19
1.68400000e+02 1.299281509619239e-19
1.68600000e+02 1.298510651343362e-19
1.68800000e+02 1.297741163482399e-19
1.69000000e+02 1.296973041980666e-19
1.69200000e+02 1.296206282799266e-19
1.69400000e+02 1.295440881915992e-19
1.69600000e+02 1.294676835325248e-19
1.69800000e+02 1.293914139037952e-19
1.70000000e+02 1.293152789081454e-19
1.70200000e+02 1.292392781499449e-19
1.70400000e+02 1.291634112351887e-19
1.70600000e+02 1.290876777714891e-19
1.70800000e+02 1.290120773680667e-19
1.71000000e+02 1.289366096357428e-19
1.71200000e+02 1.288612741869299e-19
1.71400000e+02 1.287860706356242e-19
1.71600000e+02 1.287109985973968e-19
1.71800000e+02 1.286360576893857e-19
1.72000000e+02 1.285612475302876e-19
1.72200000e+02 1.284865677403494e-19
1.72400000e+02 1.284120179413606e-19
1.72600000e+02 1.283375977566449e-19
1.72800000e+02 1.282633068110524e-19
1.73000000e+02 1.281891447309516e-19
1.73200000e+02 1.281151111442215e-19
1.73400000e+02 1.280412056802436e-19
1.73600000e+02 1.279674279698944e-19
1.73800000e+02 1.278937776455375e-19
1.74000000e+02 1.278202543410159e-19
1.74200000e+02 1.277468576916444e-19
1.74400000e+02 1.276735873342020e-19
1.74600000e+02 1.276004429069242e-19
1.74800000e+02 1.275274240494958e-19
1.75000000e+02 1.274545304030432e-19
1.75200000e+02 1.273817616101271e-19
1.75400000e+02 1.273091173147349e-19
1.75600000e+02 1.272365971622739e-19
1.75800000e+02 1.271642007995636e-19
1.76000000e+02 1.270919278748285e-19
1.76200000e+02 1.270197780376911e-19
1.76400000e+02 1.269477509391646e-19
1.76600000e+02 1.268758462316461e-19
1.76800000e+02 1.268040635689091e-19
1.77000000e+02 1.267324026060968e-19
1.77200000e+02 1.266608629997153e-19
1.77400000e+02 1.265894444076262e-19
1.77600000e+02 1.265181464890401e-19
1.77800000e+02 1.264469689045097e-19
1.78000000e+02 1.263759113159230e-19
1.78200000e+02 1.263049733864964e-19
1.78400000e+02 1.262341547807682e-19
1.78600000e+02 1.261634551645920e-19
1.78800000e+02 1.260928742051297e-19
1.79000000e+02 1.260224115708454e-19
1.79200000e+02 1.259520669314984e-19
1.79400000e+02 1.258818399581372e-19
1.79600000e+02 1.258117303230926e-19
1.79800000e+02 1.257417376999712e-19
1.80000000e+02 1.256718617636499e-19
1.80200000e+02 1.256021021902682e-19
1.80400000e+02 1.255324586572231e-19
1.80600000e+02 1.254629308431620e-19
1.80800000e+02 1.253935184279773e-19
1.81000000e+02 1.253242210927993e-19
1.81200000e+02 1.252550385199905e-19
1.81400000e+02 1.251859703931396e-19
1.81600000e+02 1.251170163970554e-19
1.81800000e+02 1.250481762177603e-19
1.82000000e+02 1.249794495424850e-19
1.82200000e+02 1.249108360596620e-19
1.82400000e+02 1.248423354589197e-19
1.82600000e+02 1.247739474310768e-19
1.82800000e+02 1.247056716681363e-19
1.83000000e+02 1.246375078632797e-19
1.83200000e+02 1.245694557108609e-19
1.83400000e+02 1.245015149064010e-19
1.83600000e+02 1.244336851465822e-19
1.83800000e+02 1.243659661292420e-19
1.84000000e+02 1.242983575533680e-19
1.84200000e+02 1.242308591190920e-19
1.84400000e+02 1.241634705276842e-19
1.84600000e+02 1.240961914815481e-19
1.84800000e+02 1.240290216842148e-19
1.85000000e+02 1.239619608403373e-19
1.85200000e+02 1.238950086556854e-19
1.85400000e+02 1.238281648371399e-19
1.85600000e+02 1.237614290926877e-19
1.85800000e+02 1.236948011314158e-19
1.86000000e+02 1.236282806635066e-19
1.86200000e+02 1.235618674002323e-19
1.86400000e+02 1.234955610539494e-19
1.86600000e+02 1.234293613380942e-19
1.86800000e+02 1.233632679671768e-19
1.87000000e+02 1.232972806567763e-19
1.87200000e+02 1.232313991235357e-19
1.87400000e+02 1.231656230851567e-19
1.87600000e+02 1.230999522603946e-19
1.87800000e+02 1.230343863690534e-19
1.88000000e+02 1.229689251319804e-19
1.88200000e+02 1.229035682710618e-19
1.88400000e+02 1.228383155092171e-19
1.88600000e+02 1.227731665703947e-19
1.88800000e+02 1.227081211795666e-19
1.89000000e+02 1.226431790627239e-19
1.89200000e+02 1.225783399468715e-19
1.89400000e+02 1.225136035600237e-19
1.89600000e+02 1.224489696311991e-19
1.89800000e+02 1.223844378904162e-19
1.90000000e+02 1.223200080686881e-19
1.90200000e+02 1.222556798980184e-19
1.90400000e+02 1.221914531113961e-19
1.90600000e+02 1.221273274427911e-19
1.90800000e+02 1.220633026271496e-19
1.91000000e+02 1.219993784003894e-19
1.91200000e+02 1.219355544993954e-19
1.91400000e+02 1.218718306620152e-19
1.91600000e+02 1.218082066270540e-19
1.91800000e+02 1.217446821342710e-19
1.92000000e+02 1.216812569243741e-19
1.92200000e+02 1.216179307390160e-19
1.92400000e+02 1.215547033207894e-19
1.92600000e+02 1.214915744132229e-19
1.92800000e+02 1.214285437607764e-19
1.93000000e+02 1.213656111088371e-19
1.93200000e+02 1.213027762037147e-19
1.93400000e+02 1.212400387926376e-19
1.93600000e+02 1.211773986237480e-19
1.93800000e+02 1.211148554460985e-19
1.94000000e+02 1.210524090096471e-19
1.94200000e+02 1.209900590652535e-19
1.94400000e+02 1.209278053646745e-19
1.94600000e+02 1.208656476605603e-19
1.94800000e+02 1.208035857064502e-19
1.95000000e+02 1.207416192567682e-19
1.95200000e+02 1.206797480668196e-19
1.95400000e+02 1.206179718927859e-19
1.95600000e+02 1.205562904917220e-19
1.95800000e+02 1.204947036215513e-19
1.96000000e+02 1.204332110410619e-19
1.96200000e+02 1.203718125099028e-19
1.96400000e+02 1.203105077885800e-19
1.96600000e+02 1.202492966384521e-19
1.96800000e+02 1.201881788217272e-19
1.97000000e+02 1.201271541014581e-19
1.97200000e+02 1.200662222415392e-19
1.97400000e+02 1.200053830067024e-19
1.97600000e+02 1.199446361625130e-19
1.97800000e+02 1.198839814753663e-19
1.98000000e+02 1.198234187124837e-19
1.98200000e+02 1.197629476419090e-19
1.98400000e+02 1.197025680325044e-19
1.98600000e+02 1.196422796539471e-19
1.98800000e+02 1.195820822767255e-19
1.99000000e+02 1.195219756721356e-19
1.99200000e+02 1.194619596122772e-19
1.99400000e+02 1.194020338700503e-19
1.99600000e+02 1.193421982191517e-19
1.99800000e+02 1.192824524340710e-19
2.00000000e+02 1.192227962900876e-19
2.00200000e+02 1.191632295632666e-19
2.00400000e+02 1.191037520304556e-19
2.00600000e+02 1.190443634692811e-19
2.00800000e+02 1.189850636581449e-19
2.01000000e+02 1.189258523762209e-19
2.01200000e+02 1.188667294034512e-19
2.01400000e+02 1.188076945205432e-19
2.01600000e+02 1.187487475089659e-19
2.01800000e+02 1.186898881509464e-19
2.02000000e+02 1.186311162294667e-19
2.02200000e+02 1.185724315282602e-19
2.02400000e+02 1.185138338318087e-19
2.02600000e+02 1.184553229253385e-19
2.02800000e+02 1.183968985948176e-19
2.03000000e+02 1.183385606269522e-19
2.03200000e+02 1.182803088091834e-19
2.03400000e+02 1.182221429296841e-19
2.03600000e+02 1.181640627773555e-19
2.03800000e+02 1.181060681418242e-19
2.04000000e+02 1.180481588134388e-19
2.04200000e+02 1.179903345832667e-19
2.04400000e+02 1.179325952430912e-19
2.04600000e+02 1.178749405854078e-19
2.04800000e+02 1.178173704034217e-19
2.05000000e+02 1.177598844910444e-19
2.05200000e+02 1.177024826428905e-19
2.05400000e+02 1.176451646542746e-19
2.05600000e+02 1.175879303212086e-19
2.05800000e+02 1.175307794403984e-19
2.06000000e+02 1.174737118092406e-19
2.06200000e+02 1.174167272258200e-19
2.06400000e+02 1.173598254889064e-19
2.06600000e+02 1.173030063979513e-19
2.06800000e+02 1.172462697530854e-19
2.07000000e+02 1.171896153551155e-19
2.07200000e+02 1.171330430055214e-19
2.07400000e+02 1.170765525064531e-19
2.07600000e+02 1.170201436607279e-19
2.07800000e+02 1.169638162718274e-19
2.08000000e+02 1.169075701438950e-19
2.08200000e+02 1.168514050817325e-19
2.08400000e+02 1.167953208907976e-19
2.08600000e+02 1.167393173772009e-19
2.08800000e+02 1.166833943477034e-19
2.09000000e+02 1.166275516097131e-19
2.09200000e+02 1.165717889712829e-19
2.09400000e+02 1.165161062411075e-19
2.09600000e+02 1.164605032285204e-19
2.09800000e+02 1.164049797434915e-19
2.10000000e+02 1.163495355966246e-19
2.10200000e+02 1.162941705991540e-19
2.10400000e+02 1.162388845629422e-19
2.10600000e+02 1.161836773004774e-19
2.10800000e+02 1.161285486248705e-19
2.11000000e+02 1.160734983498525e-19
2.11200000e+02 1.160185262897719e-19
2.11400000e+02 1.159636322595923e-19
2.11600000e+02 1.159088160748894e-19
2.11800000e+02 1.158540775518485e-19
2.12000000e+02 1.157994165072622e-19
2.12200000e+02 1.157448327585273e-19
2.12400000e+02 1.156903261236429e-19
2.12600000e+02 1.156358964212072e-19
2.12800000e+02 1.155815434704153e-19
2.13000000e+02 1.155272670910568e-19
2.13200000e+02 1.154730671035130e-19
2.13400000e+02 1.154189433287546e-19
2.13600000e+02 1.153648955883390e-19
2.13800000e+02 1.153109237044081e-19
2.14000000e+02 1.152570274996857e-19
2.14200000e+02 1.152032067974750e-19
2.14400000e+02 1.151494614216563e-19
2.14600000e+02 1.150957911966845e-19
2.14800000e+02 1.150421959475868e-19
2.15000000e+02 1.149886754999600e-19
2.15200000e+02 1.149352296799685e-19
2.15400000e+02 1.148818583143417e-19
2.15600000e+02 1.148285612303717e-19
2.15800000e+02 1.147753382559110e-19
2.16000000e+02 1.147221892193700e-19
2.16200000e+02 1.146691139497149e-19
2.16400000e+02 1.146161122764652e-19
2.16600000e+02 1.145631840296916e-19
2.16800000e+02 1.145103290400134e-19
2.17000000e+02 1.144575471385967e-19
2.17200000e+02 1.144048381571515e-19
2.17400000e+02 1.143522019279300e-19
2.17600000e+02 1.142996382837242e-19
2.17800000e+02 1.142471470578635e-19
2.18000000e+02 1.141947280842127e-19
2.18200000e+02 1.141423811971696e-19
2.18400000e+02 1.140901062316629e-19
2.18600000e+02 1.140379030231502e-19
2.18800000e+02 1.139857714076154e-19
2.19000000e+02 1.139337112215668e-19
2.19200000e+02 1.138817223020352e-19
2.19400000e+02 1.138298044865710e-19
2.19600000e+02 1.137779576132430e-19
2.19800000e+02 1.137261815206355e-19
2.20000000e+02 1.136744760478467e-19
2.20200000e+02 1.136228410344864e-19
2.20400000e+02 1.135712763206738e-19
2.20600000e+02 1.135197817470355e-19
2.20800000e+02 1.134683571547039e-19
2.21000000e+02 1.134170023853141e-19
2.21200000e+02 1.133657172810029e-19
2.21400000e+02 1.133145016844062e-19
2.21600000e+02 1.132633554386571e-19
2.21800000e+02 1.132122783873839e-19
2.22000000e+02 1.131612703747080e-19
2.22200000e+02 1.131103312452421e-19
2.22400000e+02 1.130594608440880e-19
2.22600000e+02 1.130086590168347e-19
2.22800000e+02 1.129579256095566e-19
2.23000000e+02 1.129072604688111e-19
2.23200000e+02 1.128566634416372e-19
2.23400000e+02 1.128061343755531e-19
2.23600000e+02 1.127556731185547e-19
2.23800000e+02 1.127052795191132e-19
2.24000000e+02 1.126549534261736e-19
2.24200000e+02 1.126046946891524e-19
2.24400000e+02 1.125545031579363e-19
2.24600000e+02 1.125043786828796e-19
2.24800000e+02 1.124543211148030e-19
2.25000000e+02 1.124043303049911e-19
2.25200000e+02 1.123544061051911e-19
2.25400000e+02 1.123045483676106e-19
2.25600000e+02 1.122547569449160e-19
2.25800000e+02 1.122050316902304e-19
2.26000000e+02 1.121553724571319e-19
2.26200000e+02 1.121057790996521e-19
2.26400000e+02 1.120562514722736e-19
2.26600000e+02 1.120067894299290e-19
2.26800000e+02 1.119573928279986e-19
2.27000000e+02 1.119080615223086e-19
2.27200000e+02 1.118587953691298e-19
2.27400000e+02 1.118095942251753e-19
2.27600000e+02 1.117604579475990e-19
2.27800000e+02 1.117113863939941e-19
2.28000000e+02 1.116623794223907e-19
2.28200000e+02 1.116134368912548e-19
2.28400000e+02 1.115645586594862e-19
2.28600000e+02 1.115157445864167e-19
2.28800000e+02 1.114669945318089e-19
2.29000000e+02 1.114183083558538e-19
2.29200000e+02 1.113696859191696e-19
2.29400000e+02 1.113211270828002e-19
2.29600000e+02 1.112726317082127e-19
2.29800000e+02 1.112241996572967e-19
2.30000000e+02 1.111758307923621e-19
2.30200000e+02 1.111275249761376e-19
2.30400000e+02 1.110792820717690e-19
2.30600000e+02 1.110311019428176e-19
2.30800000e+02 1.109829844532588e-19
2.31000000e+02 1.109349294674799e-19
2.31200000e+02 1.108869368502793e-19
2.31400000e+02 1.108390064668642e-19
2.31600000e+02 1.107911381828494e-19
2.31800000e+02 1.107433318642556e-19
2.32000000e+02 1.106955873775079e-19
2.32200000e+02 1.106479045894340e-19
2.32400000e+02 1.106002833672630e-19
2.32600000e+02 1.105527235786235e-19
2.32800000e+02 1.105052250915422e-19
2.33000000e+02 1.104577877744426e-19
2.33200000e+02 1.104104114961430e-19
2.33400000e+02 1.103630961258553e-19
2.33600000e+02 1.103158415331834e-19
2.33800000e+02 1.102686475881217e-19
2.34000000e+02 1.102215141610535e-19
2.34200000e+02 1.101744411227499e-19
2.34400000e+02 1.101274283443675e-19
2.34600000e+02 1.100804756974479e-19
2.34800000e+02 1.100335830539154e-19
2.35000000e+02 1.099867502860762e-19
2.35200000e+02 1.099399772666164e-19
2.35400000e+02 1.098932638686007e-19
2.35600000e+02 1.098466099654713e-19
2.35800000e+02 1.098000154310460e-19
2.36000000e+02 1.097534801395171e-19
2.36200000e+02 1.097070039654494e-19
2.36400000e+02 1.096605867837797e-19
2.36600000e+02 1.096142284698147e-19
2.36800000e+02 1.095679288992297e-19
2.37000000e+02 1.095216879480675e-19
2.37200000e+02 1.094755054927364e-19
2.37400000e+02 1.094293814100096e-19
2.37600000e+02 1.093833155770233e-19
2.37800000e+02 1.093373078712753e-19
2.38000000e+02 1.092913581706239e-19
2.38200000e+02 1.092454663532865e-19
2.38400000e+02 1.091996322978379e-19
2.38600000e+02 1.091538558832094e-19
2.38800000e+02 1.091081369886873e-19
2.39000000e+02 1.090624754939114e-19
2.39200000e+02 1.090168712788739e-19
2.39400000e+02 1.089713242239179e-19
2.39600000e+02 1.089258342097361e-19
2.39800000e+02 1.088804011173698e-19
2.40000000e+02 1.088350248282070e-19
2.40200000e+02 1.087897052239817e-19
2.40400000e+02 1.087444421867723e-19
2.40600000e+02 1.086992355990001e-19
2.40800000e+02 1.086540853434285e-19
2.41000000e+02 1.086089913031616e-19
2.41200000e+02 1.085639533616425e-19
2.41400000e+02 1.085189714026527e-19
2.41600000e+02 1.084740453103102e-19
2.41800000e+02 1.084291749690686e-19
2.42000000e+02 1.083843602637160e-19
2.42200000e+02 1.083396010793734e-19
2.42400000e+02 1.082948973014935e-19
2.42600000e+02 1.082502488158599e-19
2.42800000e+02 1.082056555085852e-19
2.43000000e+02 1.081611172661103e-19
2.43200000e+02 1.081166339752032e-19
2.43400000e+02 1.080722055229573e-19
2.43600000e+02 1.080278317967907e-19
2.43800000e+02 1.079835126844447e-19
2.44000000e+02 1.079392480739829e-19
2.44200000e+02 1.078950378537897e-19
2.44400000e+02 1.078508819125691e-19
2.44600000e+02 1.078067801393440e-19
2.44800000e+02 1.077627324234545e-19
2.45000000e+02 1.077187386545570e-19
2.45200000e+02 1.076747987226230e-19
2.45400000e+02 1.076309125179377e-19
2.45600000e+02 1.075870799310993e-19
2.45800000e+02 1.075433008530177e-19
2.46000000e+02 1.074995751749130e-19
2.46200000e+02 1.074559027883148e-19
2.46400000e+02 1.074122835850610e-19
2.46600000e+02 1.073687174572965e-19
2.46800000e+02 1.073252042974720e-19
2.47000000e+02 1.072817439983434e-19
2.47200000e+02 1.072383364529702e-19
2.47400000e+02 1.071949815547143e-19
2.47600000e+02 1.071516791972396e-19
2.47800000e+02 1.071084292745101e-19
2.48000000e+02 1.070652316807892e-19
2.48200000e+02 1.070220863106388e-19
2.48400000e+02 1.069789930589176e-19
2.48600000e+02 1.069359518207808e-19
2.48800000e+02 1.068929624916784e-19
2.49000000e+02 1.068500249673545e-19
2.49200000e+02 1.068071391438460e-19
2.49400000e+02 1.067643049174817e-19
2.49600000e+02 1.067215221848813e-19
2.49800000e+02 1.066787908429541e-19
2.50000000e+02 1.066361107888982e-19
2.50200000e+02 1.065934819201994e-19
2.50400000e+02 1.065509041346301e-19
2.50600000e+02 1.065083773302482e-19
2.50800000e+02 1.064659014053964e-19
2.51000000e+02 1.064234762587007e-19
2.51200000e+02 1.063811017890700e-19
2.51400000e+02 1.063387778956944e-19
2.51600000e+02 1.062965044780447e-19
2.51800000e+02 1.062542814358712e-19
2.52000000e+02 1.062121086692027e-19
2.52200000e+02 1.061699860783455e-19
2.52400000e+02 1.061279135638825e-19
2.52600000e+02 1.060858910266723e-19
2.52800000e+02 1.060439183678477e-19
2.53000000e+02 1.060019954888155e-19
2.53200000e+02 1.059601222912548e-19
2.53400000e+02 1.059182986771166e-19
2.53600000e+02 1.058765245486225e-19
2.53800000e+02 1.058347998082637e-19
2.54000000e+02 1.057931243588005e-19
2.54200000e+02 1.057514981032608e-19
2.54400000e+02 1.057099209449393e-19
2.54600000e+02 1.056683927873969e-19
2.54800000e+02 1.056269135344592e-19
2.55000000e+02 1.055854830902160e-19
2.55200000e+02 1.055441013590204e-19
2.55400000e+02 1.055027682454874e-19
2.55600000e+02 1.054614836544934e-19
2.55800000e+02 1.054202474911753e-19
2.56000000e+02 1.053790596609291e-19
2.56200000e+02 1.053379200694098e-19
2.56400000e+02 1.052968286225295e-19
2.56600000e+02 1.052557852264574e-19
2.56800000e+02 1.052147897876185e-19
2.57000000e+02 1.051738422126925e-19
2.57200000e+02 1.051329424086133e-19
2.57400000e+02 1.050920902825678e-19
2.57600000e+02 1.050512857419954e-19
2.57800000e+02 1.050105286945867e-19
2.58000000e+02 1.049698190482829e-19
2.58200000e+02 1.049291567112746e-19
2.58400000e+02 1.048885415920014e-19
2.58600000e+02 1.048479735991507e-19
2.58800000e+02 1.048074526416570e-19
2.59000000e+02 1.047669786287009e-19
2.59200000e+02 1.047265514697082e-19
2.59400000e+02 1.046861710743495e-19
2.59600000e+02 1.046458373525386e-19
2.59800000e+02 1.046055502144324e-19
2.60000000e+02 1.045653095704297e-19
2.60200000e+02 1.045251153311701e-19
2.60400000e+02 1.044849674075338e-19
2.60600000e+02 1.044448657106403e-19
2.60800000e+02 1.044048101518476e-19
2.61000000e+02 1.043648006427518e-19
2.61200000e+02 1.043248370951856e-19
2.61400000e+02 1.042849194212180e-19
2.61600000e+02 1.042450475331533e-19
2.61800000e+02 1.042052213435305e-19
2.62000000e+02 1.041654407651221e-19
2.62200000e+02 1.041257057109336e-19
2.62400000e+02 1.040860160942026e-19
2.62600000e+02 1.040463718283980e-19
2.62800000e+02 1.040067728272194e-19
2.63000000e+02 1.039672190045959e-19
2.63200000e+02 1.039277102746857e-19
2.63400000e+02 1.038882465518751e-19
2.63600000e+02 1.038488277507778e-19
2.63800000e+02 1.038094537862343e-19
2.64000000e+02 1.037701245733106e-19
2.64200000e+02 1.037308400272981e-19
2.64400000e+02 1.036916000637123e-19
2.64600000e+02 1.036524045982924e-19
2.64800000e+02 1.036132535470003e-19
2.65000000e+02 1.035741468260198e-19
2.65200000e+02 1.035350843517563e-19
2.65400000e+02 1.034960660408354e-19
2.65600000e+02 1.034570918101027e-19
2.65800000e+02 1.034181615766227e-19
2.66000000e+02 1.033792752576782e-19
2.66200000e+02 1.033404327707698e-19
2.66400000e+02 1.033016340336145e-19
2.66600000e+02 1.032628789641456e-19
2.66800000e+02 1.032241674805119e-19
2.67000000e+02 1.031854995010766e-19
2.67200000e+02 1.031468749444170e-19
2.67400000e+02 1.031082937293233e-19
2.67600000e+02 1.030697557747986e-19
2.67800000e+02 1.030312610000573e-19
2.68000000e+02 1.029928093245252e-19
2.68200000e+02 1.029544006678382e-19
2.68400000e+02 1.029160349498421e-19
2.68600000e+02 1.028777120905912e-19
2.68800000e+02 1.028394320103486e-19
2.69000000e+02 1.028011946295844e-19
2.69200000e+02 1.027629998689758e-19
2.69400000e+02 1.027248476494062e-19
2.69600000e+02 1.026867378919643e-19
2.69800000e+02 1.026486705179437e-19
2.70000000e+02 1.026106454488419e-19
2.70200000e+02 1.025726626063602e-19
2.70400000e+02 1.025347219124022e-19
2.70600000e+02 1.024968232890737e-19
2.70800000e+02 1.024589666586821e-19
2.71000000e+02 1.024211519437353e-19
2.71200000e+02 1.023833790669413e-19
2.71400000e+02 1.023456479512074e-19
2.71600000e+02 1.023079585196399e-19
2.71800000e+02 1.022703106955428e-19
2.72000000e+02 1.022327044024179e-19
2.72200000e+02 1.021951395639634e-19
2.72400000e+02 1.021576161040739e-19
2.72600000e+02 1.021201339468394e-19
2.72800000e+02 1.020826930165445e-19
2.73000000e+02 1.020452932376683e-19
2.73200000e+02 1.020079345348831e-19
2.73400000e+02 1.019706168330545e-19
2.73600000e+02 1.019333400572401e-19
2.73800000e+02 1.018961041326891e-19
2.74000000e+02 1.018589089848418e-19
2.74200000e+02 1.018217545393289e-19
2.74400000e+02 1.017846407219708e-19
2.74600000e+02 1.017475674587771e-19
2.74800000e+02 1.017105346759457e-19
2.75000000e+02 1.016735422998628e-19
2.75200000e+02 1.016365902571014e-19
2.75400000e+02 1.015996784744215e-19
2.75600000e+02 1.015628068787691e-19
2.75800000e+02 1.015259753972755e-19
2.76000000e+02 1.014891839572570e-19
2.76200000e+02 1.014524324862141e-19
2.76400000e+02 1.014157209118309e-19
2.76600000e+02 1.013790491619746e-19
2.76800000e+02 1.013424171646949e-19
2.77000000e+02 1.013058248482231e-19
2.77200000e+02 1.012692721409722e-19
2.77400000e+02 1.012327589715354e-19
2.77600000e+02 1.011962852686864e-19
2.77800000e+02 1.011598509613782e-19
2.78000000e+02 1.011234559787426e-19
2.78200000e+02 1.010871002500901e-19
2.78400000e+02 1.010507837049087e-19
2.78600000e+02 1.010145062728637e-19
2.78800000e+02 1.009782678837969e-19
2.79000000e+02 1.009420684677265e-19
2.79200000e+02 1.009059079548457e-19
2.79400000e+02 1.008697862755229e-19
2.79600000e+02 1.008337033603009e-19
2.79800000e+02 1.007976591398963e-19
2.80000000e+02 1.007616535451987e-19
2.80200000e+02 1.007256865072707e-19
2.80400000e+02 1.006897579573468e-19
2.80600000e+02 1.006538678268331e-19
2.80800000e+02 1.006180160473069e-19
2.81000000e+02 1.005822025505157e-19
2.81200000e+02 1.005464272683773e-19
2.81400000e+02 1.005106901329785e-19
2.81600000e+02 1.004749910765752e-19
2.81800000e+02 1.004393300315916e-19
2.82000000e+02 1.004037069306195e-19
2.82200000e+02 1.003681217064181e-19
2.82400000e+02 1.003325742919133e-19
2.82600000e+02 1.002970646201970e-19
2.82800000e+02 1.002615926245270e-19
2.83000000e+02 1.002261582383259e-19
2.83200000e+02 1.001907613951812e-19
2.83400000e+02 1.001554020288444e-19
2.83600000e+02 1.001200800732303e-19
2.83800000e+02 1.000847954624171e-19
2.84000000e+02 1.000495481306452e-19
2.84200000e+02 1.000143380123172e-19
2.84400000e+02 9.997916504199706e-20
2.84600000e+02 9.994402915440980e-20
2.84800000e+02 9.990893028444088e-20
2.85000000e+02 9.987386836713571e-20
2.85200000e+02 9.983884333769912e-20
2.85400000e+02 9.980385513149495e-20
2.85600000e+02 9.976890368404544e-20
2.85800000e+02 9.973398893103084e-20
2.86000000e+02 9.969911080828880e-20
2.86200000e+02 9.966426925181393e-20
2.86400000e+02 9.962946419775735e-20
2.86600000e+02 9.959469558242611e-20
2.86800000e+02 9.955996334228275e-20
2.87000000e+02 9.952526741394484e-20
2.87200000e+02 9.949060773418443e-20
2.87400000e+02 9.945598423992759e-20
2.87600000e+02 9.942139686825396e-20
2.87800000e+02 9.938684555639623e-20
2.88000000e+02 9.935233024173968e-20
2.88200000e+02 9.931785086182168e-20
2.88400000e+02 9.928340735433129e-20
2.88600000e+02 9.924899965710863e-20
2.88800000e+02 9.921462770814463e-20
2.89000000e+02 9.918029144558038e-20
2.89200000e+02 9.914599080770668e-20
2.89400000e+02 9.911172573296374e-20
2.89600000e+02 9.907749615994046e-20
2.89800000e+02 9.904330202737420e-20
2.90000000e+02 9.900914327415015e-20
2.90200000e+02 9.897501983930101e-20
2.90400000e+02 9.894093166200640e-20
2.90600000e+02 9.890687868159249e-20
2.90800000e+02 9.887286083753159e-20
2.91000000e+02 9.883887806944153e-20
2.91200000e+02 9.880493031708540e-20
2.91400000e+02 9.877101752037093e-20
2.91600000e+02 9.873713961935023e-20
2.91800000e+02 9.870329655421917e-20
2.92000000e+02 9.866948826531705e-20
2.92200000e+02 9.863571469312610e-20
2.92400000e+02 9.860197577827104e-20
2.92600000e+02 9.856827146151868e-20
2.92800000e+02 9.853460168377751e-20
2.93000000e+02 9.850096638609712e-20
2.93200000e+02 9.846736550966797e-20
2.93400000e+02 9.843379899582077e-20
2.93600000e+02 9.840026678602616e-20
2.93800000e+02 9.836676882189427e-20
2.94000000e+02 9.833330504517428e-20
2.94200000e+02 9.829987539775397e-20
2.94400000e+02 9.826647982165931e-20
2.94600000e+02 9.823311825905407e-20
2.94800000e+02 9.819979065223939e-20
2.95000000e+02 9.816649694365328e-20
2.95200000e+02 9.813323707587034e-20
2.95400000e+02 9.810001099160127e-20
2.95600000e+02 9.806681863369235e-20
2.95800000e+02 9.803365994512528e-20
2.96000000e+02 9.800053486901656e-20
2.96200000e+02 9.796744334861711e-20
2.96400000e+02 9.793438532731194e-20
2.96600000e+02 9.790136074861970e-20
2.96800000e+02 9.786836955619225e-20
2.97000000e+02 9.783541169381429e-20
2.97200000e+02 9.780248710540295e-20
2.97400000e+02 9.776959573500736e-20
2.97600000e+02 9.773673752680834e-20
2.97800000e+02 9.770391242511788e-20
2.98000000e+02 9.767112037437880e-20
2.98200000e+02 9.763836131916443e-20
2.98400000e+02 9.760563520417804e-20
2.98600000e+02 9.757294197425262e-20
2.98800000e+02 9.754028157435044e-20
2.99000000e+02 9.750765394956257e-20
2.99200000e+02 9.747505904510863e-20
2.99400000e+02 9.744249680633629e-20
2.99600000e+02 9.740996717872098e-20
2.99800000e+02 9.737747010786542e-20
3.00000000e+02 9.734500553949932e-20
3.00200000e+02 9.731257341947891e-20
-----------------------------
