SPECIES: e / A
PROCESS: E + A -> E + A, Elastic
PARAM.:  m/M = 0.0000195921, complete set
COMMENT: [e + A(gnd) -> e + A(gnd), Elastic]
UPDATED: 2018-06-05 11:00:00
COLUMNS: Energy (eV) | Cross section (m2)
-----------------------------
0.00000000e+00 1.031442891893300e-17
8.93333333e-02 5.641148492787086e-18
1.78666667e-01 3.988894352930021e-18
2.68000000e-01 3.256918600849276e-18
3.57333333e-01 2.820574246393543e-18
4.46666667e-01 2.522798300208482e-18
5.36000000e-01 2.302989228433125e-18
6.25333333e-01 2.132153717243068e-18
7.14666667e-01 1.994447176465010e-18
8.04000000e-01 1.880382830929029e-18
8.93333333e-01 1.783887785643313e-18
9.82666667e-01 1.700870267023059e-18
1.07200000e+00 1.628459300424638e-18
1.16133333e+00 1.564573087942326e-18
1.25066667e+00 1.507660351994678e-18
1.34000000e+00 1.456538277736497e-18
1.42933333e+00 1.410287123196771e-18
1.51866667e+00 1.368179475620884e-18
1.60800000e+00 1.329631450976674e-18
1.69733333e+00 1.294168221345563e-18
1.78666667e+00 1.261399150104241e-18
1.87600000e+00 1.230999522603947e-18
1.96533333e+00 1.202696899730579e-18
2.05466667e+00 1.176260772582450e-18
2.14400000e+00 1.151494614216563e-18
2.23333333e+00 1.128229698557417e-18
2.32266667e+00 1.106320240145995e-18
2.41200000e+00 1.085639533616425e-18
2.50133333e+00 1.066076858621534e-18
2.59066667e+00 1.047534977075064e-18
2.68000000e+00 1.029928093245252e-18
2.76933333e+00 1.013180178824911e-18
2.85866667e+00 9.972235882325052e-19
2.94800000e+00 9.819979065223939e-19
3.03733333e+00 9.674489850917816e-19
3.12666667e+00 9.535281300468730e-19
3.21600000e+00 9.401914154645144e-19
3.30533333e+00 9.273990994533397e-19
3.39466667e+00 9.151151253095803e-19
3.48400000e+00 9.033066934903462e-19
3.57333333e+00 8.919438928216565e-19
3.66266667e+00 8.809993814907994e-19
3.75200000e+00 8.704481100706533e-19
3.84133333e+00 8.602670801839582e-19
3.93066667e+00 8.504351335115295e-19
4.02000000e+00 8.409327667361606e-19
4.10933333e+00 8.317419687367776e-19
4.19866667e+00 8.228460769387491e-19
4.28800000e+00 8.142296502123190e-19
4.37733333e+00 8.058783561124409e-19
4.46666667e+00 7.977788705860042e-19
4.55600000e+00 7.899187885494382e-19
4.64533333e+00 7.822865439711631e-19
4.73466667e+00 7.748713382875313e-19
4.82400000e+00 7.676630761443752e-19
4.91333333e+00 7.606523075943559e-19
5.00266667e+00 7.538301759973389e-19
5.09200000e+00 7.471883709705199e-19
5.18133333e+00 7.407190858198726e-19
5.27066667e+00 7.344149789570667e-19
5.36000000e+00 7.282691388682486e-19
5.44933333e+00 7.222750522546172e-19
5.53866667e+00 7.164265750108932e-19
5.62800000e+00 7.107179057476891e-19
5.71733333e+00 7.051435615983857e-19
5.80666667e+00 6.996983560811597e-19
5.89600000e+00 6.943773788129781e-19
5.98533333e+00 6.891759768952070e-19
6.07466667e+00 6.840897378104419e-19
6.16400000e+00 6.791144736876746e-19
6.25333333e+00 6.742462068082720e-19
6.34266667e+00 6.694811562387615e-19
6.43200000e+00 6.648157254883368e-19
6.52133333e+00 6.602464910995234e-19
6.61066667e+00 6.557701920897539e-19
6.70000000e+00 6.513837201698552e-19
6.78933333e+00 6.470841106727814e-19
6.87866667e+00 6.428685341324342e-19
6.96800000e+00 6.387342884582219e-19
7.05733333e+00 6.346787916561827e-19
7.14666667e+00 6.306995750521204e-19
7.23600000e+00 6.267942769763429e-19
7.32533333e+00 6.229606368732984e-19
7.41466667e+00 6.191964898027317e-19
7.50400000e+00 6.154997613019733e-19
7.59333333e+00 6.118684625816624e-19
7.68266667e+00 6.083006860296284e-19
7.77200000e+00 6.047946009998369e-19
7.86133333e+00 6.013484498652894e-19
7.95066667e+00 5.979605443155385e-19
8.04000000e+00 5.946292618811044e-19
8.12933333e+00 5.913530426685407e-19
8.21866667e+00 5.881303862912249e-19
8.30800000e+00 5.849598489821554e-19
8.39733333e+00 5.818400408761370e-19
8.48666667e+00 5.787696234497346e-19
8.57600000e+00 5.757473071082813e-19
8.66533333e+00 5.727718489100664e-19
8.75466667e+00 5.698420504185744e-19
8.84400000e+00 5.669567556743530e-19
8.93333333e+00 5.641148492787087e-19
9.02266667e+00 5.613152545820178e-19
9.11200000e+00 5.585569319699704e-19
9.20133333e+00 5.558388772415491e-19
9.29066667e+00 5.531601200729977e-19
9.38000000e+00 5.505197225624426e-19
9.46933333e+00 5.479167778502087e-19
9.55866667e+00 5.453504088102224e-19
9.64800000e+00 5.428197668082127e-19
9.73733333e+00 5.403240305227152e-19
9.82666667e+00 5.378624048251646e-19
9.91600000e+00 5.354341197156021e-19
1.00053333e+01 5.330384293107669e-19
1.00946667e+01 5.306746108815490e-19
1.01840000e+01 5.283419639369842e-19
1.02733333e+01 5.260398093521558e-19
1.03626667e+01 5.237674885375322e-19
1.04520000e+01 5.215243626474420e-19
1.05413333e+01 5.193098118255174e-19
1.06306667e+01 5.171232344850881e-19
1.07200000e+01 5.149640466226260e-19
1.08093333e+01 5.128316811624624e-19
1.08986667e+01 5.107255873311078e-19
1.09880000e+01 5.086452300596069e-19
1.10773333e+01 5.065900894124554e-19
1.11666667e+01 5.045596600416963e-19
1.12560000e+01 5.025534506648925e-19
1.13453333e+01 5.005709835657520e-19
1.14346667e+01 4.986117941162526e-19
1.15240000e+01 4.966754303191817e-19
1.16133333e+01 4.947614523700676e-19
1.17026667e+01 4.928694322375377e-19
1.17920000e+01 4.909989532611969e-19
1.18813333e+01 4.891496097661646e-19
1.19706667e+01 4.873210066934643e-19
1.20600000e+01 4.855127592454990e-19
1.21493333e+01 4.837244925458908e-19
1.22386667e+01 4.819558413130012e-19
1.23280000e+01 4.802064495464879e-19
1.24173333e+01 4.784759702262860e-19
1.25066667e+01 4.767640650234365e-19
1.25960000e+01 4.750704040222143e-19
1.26853333e+01 4.733946654530388e-19
1.27746667e+01 4.717365354356744e-19
1.28640000e+01 4.700957077322572e-19
1.29533333e+01 4.684718835097056e-19
1.30426667e+01 4.668647711110966e-19
1.31320000e+01 4.652740858356109e-19
1.32213333e+01 4.636995497266699e-19
1.33106667e+01 4.621408913679055e-19
1.34000000e+01 4.605978456866251e-19
1.34893333e+01 4.590701537644453e-19
1.35786667e+01 4.575575626547902e-19
1.36680000e+01 4.560598252069613e-19
1.37573333e+01 4.545766998964996e-19
1.38466667e+01 4.531079506615787e-19
1.39360000e+01 4.516533467451731e-19
1.40253333e+01 4.502126625427668e-19
1.41146667e+01 4.487856774553708e-19
1.42040000e+01 4.473721757476317e-19
1.42933333e+01 4.459719464108282e-19
1.43826667e+01 4.445847830305521e-19
1.44720000e+01 4.432104836588912e-19
1.45613333e+01 4.418488506909301e-19
1.46506667e+01 4.404996907453997e-19
1.47400000e+01 4.391628145493113e-19
1.48293333e+01 4.378380368264184e-19
1.49186667e+01 4.365251761893578e-19
1.50080000e+01 4.352240550353267e-19
1.50973333e+01 4.339344994451605e-19
1.51866667e+01 4.326563390856808e-19
1.52760000e+01 4.313894071151877e-19
1.53653333e+01 4.301335400919791e-19
1.54546667e+01 4.288885778857840e-19
1.55440000e+01 4.276543635919970e-19
1.56333333e+01 4.264307434486136e-19
1.57226667e+01 4.252175667557648e-19
1.58120000e+01 4.240146857977559e-19
1.59013333e+01 4.228219557675163e-19
1.59906667e+01 4.216392346933760e-19
1.60800000e+01 4.204663833680803e-19
1.61693333e+01 4.193032652799666e-19
1.62586667e+01 4.181497465462229e-19
1.63480000e+01 4.170056958481543e-19
1.64373333e+01 4.158709843683888e-19
1.65266667e+01 4.147454857299511e-19
1.66160000e+01 4.136290759371408e-19
1.67053333e+01 4.125216333181522e-19
1.67946667e+01 4.114230384693745e-19
1.68840000e+01 4.103331742013154e-19
1.69733333e+01 4.092519254860920e-19
1.70626667e+01 4.081791794064356e-19
1.71520000e+01 4.071148251061595e-19
1.72413333e+01 4.060587537420403e-19
1.73306667e+01 4.050108584370645e-19
1.74200000e+01 4.039710342349961e-19
1.75093333e+01 4.029391780562205e-19
1.75986667e+01 4.019151886548227e-19
1.76880000e+01 4.008989665768597e-19
1.77773333e+01 3.998904141197868e-19
1.78666667e+01 3.988894352930021e-19
1.79560000e+01 3.978959357794711e-19
1.80453333e+01 3.969098228983981e-19
1.81346667e+01 3.959310055689096e-19
1.82240000e+01 3.949593942747191e-19
1.83133333e+01 3.939949010297395e-19
1.84026667e+01 3.930374393446162e-19
1.84920000e+01 3.920869241941499e-19
1.85813333e+01 3.911432719855816e-19
1.86706667e+01 3.902064005277135e-19
1.87600000e+01 3.892762290008399e-19
1.88493333e+01 3.883526779274625e-19
1.89386667e+01 3.874356691437657e-19
1.90280000e+01 3.865251257718309e-19
1.91173333e+01 3.856209721925642e-19
1.92066667e+01 3.847231340193186e-19
1.92960000e+01 3.838315380721876e-19
1.93853333e+01 3.829461123529520e-19
1.94746667e+01 3.820667860206591e-19
1.95640000e+01 3.811934893678157e-19
1.96533333e+01 3.803261537971779e-19
1.97426667e+01 3.794647117991176e-19
1.98320000e+01 3.786090969295520e-19
1.99213333e+01 3.777592437884167e-19
2.00106667e+01 3.769150879986695e-19
2.01000000e+01 3.760765661858058e-19
2.01893333e+01 3.752436159578757e-19
2.02786667e+01 3.744161758859836e-19
2.03680000e+01 3.735941854852600e-19
2.04573333e+01 3.727775851962902e-19
2.05466667e+01 3.719663163669880e-19
2.06360000e+01 3.711603212349010e-19
2.07253333e+01 3.703595429099363e-19
2.08146667e+01 3.695639253574942e-19
2.09040000e+01 3.687734133819985e-19
2.09933333e+01 3.679879526108130e-19
2.10826667e+01 3.672074894785334e-19
2.11720000e+01 3.664319712116434e-19
2.12613333e+01 3.656613458135269e-19
2.13506667e+01 3.648955620498241e-19
2.14400000e+01 3.641345694341243e-19
2.15293333e+01 3.633783182139862e-19
2.16186667e+01 3.626267593572746e-19
2.17080000e+01 3.618798445388085e-19
2.17973333e+01 3.611375261273086e-19
2.18866667e+01 3.603997571726402e-19
2.19760000e+01 3.596664913933395e-19
2.20653333e+01 3.589376831644197e-19
2.21546667e+01 3.582132875054466e-19
2.22440000e+01 3.574932600688785e-19
2.23333333e+01 3.567775571286626e-19
2.24226667e+01 3.560661355690817e-19
2.25120000e+01 3.553589528738446e-19
2.26013333e+01 3.546559671154135e-19
2.26906667e+01 3.539571369445631e-19
2.27800000e+01 3.532624215801653e-19
2.28693333e+01 3.525717807991929e-19
2.29586667e+01 3.518851749269382e-19
2.30480000e+01 3.512025648274400e-19
2.31373333e+01 3.505239118941135e-19
2.32266667e+01 3.498491780405798e-19
2.33160000e+01 3.491783256916882e-19
2.34053333e+01 3.485113177747265e-19
2.34946667e+01 3.478481177108168e-19
2.35840000e+01 3.471886894064890e-19
2.36733333e+01 3.465329972454311e-19
2.37626667e+01 3.458810060804085e-19
2.38520000e+01 3.452326812253513e-19
2.39413333e+01 3.445879884476035e-19
2.40306667e+01 3.439468939603310e-19
2.41200000e+01 3.433093644150840e-19
2.42093333e+01 3.426753668945112e-19
2.42986667e+01 3.420448689052210e-19
2.43880000e+01 3.414178383707862e-19
2.44773333e+01 3.407942436248907e-19
2.45666667e+01 3.401740534046118e-19
2.46560000e+01 3.395572368438373e-19
2.47453333e+01 3.389437634668132e-19
2.48346667e+01 3.383336031818195e-19
2.49240000e+01 3.377267262749702e-19
2.50133333e+01 3.371231034041360e-19
2.51026667e+01 3.365227055929850e-19
2.51920000e+01 3.359255042251406e-19
2.52813333e+01 3.353314710384529e-19
2.53706667e+01 3.347405781193808e-19
2.54600000e+01 3.341527978974826e-19
2.55493333e+01 3.335681031400134e-19
2.56386667e+01 3.329864669466252e-19
2.57280000e+01 3.324078627441684e-19
2.58173333e+01 3.318322642815933e-19
2.59066667e+01 3.312596456249472e-19
2.59960000e+01 3.306899811524664e-19
2.60853333e+01 3.301232455497617e-19
2.61746667e+01 3.295594138050928e-19
2.62640000e+01 3.289984612047322e-19
2.63533333e+01 3.284403633284158e-19
2.64426667e+01 3.278850960448769e-19
2.65320000e+01 3.273326355074646e-19
2.66213333e+01 3.267829581498416e-19
2.67106667e+01 3.262360406817623e-19
2.68000000e+01 3.256918600849276e-19
2.68893333e+01 3.251503936089164e-19
2.69786667e+01 3.246116187671903e-19
2.70680000e+01 3.240755133331713e-19
2.71573333e+01 3.235420553363907e-19
2.72466667e+01 3.230112230587074e-19
2.73360000e+01 3.224829950305938e-19
2.74253333e+01 3.219573500274892e-19
2.75146667e+01 3.214342670662171e-19
2.76040000e+01 3.209137254014676e-19
2.76933333e+01 3.203957045223419e-19
2.77826667e+01 3.198801841489567e-19
2.78720000e+01 3.193671442291110e-19
2.79613333e+01 3.188565649350087e-19
2.80506667e+01 3.183484266600412e-19
2.81400000e+01 3.178427100156243e-19
2.82293333e+01 3.173393958280914e-19
2.83186667e+01 3.168384651356396e-19
2.84080000e+01 3.163398991853303e-19
2.84973333e+01 3.158436794301395e-19
2.85866667e+01 3.153497875260602e-19
2.86760000e+01 3.148582053292544e-19
2.87653333e+01 3.143689148932533e-19
2.88546667e+01 3.138818984662054e-19
2.89440000e+01 3.133971384881715e-19
2.90333333e+01 3.129146175884652e-19
2.91226667e+01 3.124343185830390e-19
2.92120000e+01 3.119562244719133e-19
2.93013333e+01 3.114803184366492e-19
2.93906667e+01 3.110065838378643e-19
2.94800000e+01 3.105350042127882e-19
2.95693333e+01 3.100655632728602e-19
2.96586667e+01 3.095982449013658e-19
2.97480000e+01 3.091330331511132e-19
2.98373333e+01 3.086699122421473e-19
2.99266667e+01 3.082088665595014e-19
3.00160000e+01 3.077498806509866e-19
3.01053333e+01 3.072929392250154e-19
3.01946667e+01 3.068380271484631e-19
3.02840000e+01 3.063851294445621e-19
3.03733333e+01 3.059342312908312e-19
3.04626667e+01 3.054853180170378e-19
3.05520000e+01 3.050383751031935e-19
3.06413333e+01 3.045933881775811e-19
3.07306667e+01 3.041503430148142e-19
3.08200000e+01 3.037092255339265e-19
3.09093333e+01 3.032700217964927e-19
3.09986667e+01 3.028327180047781e-19
3.10880000e+01 3.023973004999184e-19
3.11773333e+01 3.019637557601280e-19
3.12666667e+01 3.015320703989355e-19
3.13560000e+01 3.011022311634487e-19
3.14453333e+01 3.006742249326447e-19
3.15346667e+01 3.002480387156886e-19
3.16240000e+01 2.998236596502764e-19
3.17133333e+01 2.994010750010056e-19
3.18026667e+01 2.989802721577692e-19
3.18920000e+01 2.985612386341756e-19
3.19813333e+01 2.981439620659924e-19
3.20706667e+01 2.977284302096137e-19
3.21600000e+01 2.973146309405522e-19
3.22493333e+01 2.969025522519519e-19
3.23386667e+01 2.964921822531263e-19
3.24280000e+01 2.960835091681160e-19
3.25173333e+01 2.956765213342703e-19
3.26066667e+01 2.952712072008489e-19
3.26960000e+01 2.948675553276448e-19
3.27853333e+01 2.944655543836287e-19
3.28746667e+01 2.940651931456124e-19
3.29640000e+01 2.936664604969331e-19
3.30533333e+01 2.932693454261569e-19
3.31426667e+01 2.928738370258015e-19
3.32320000e+01 2.924799244910777e-19
3.33213333e+01 2.920875971186503e-19
3.34106667e+01 2.916968443054159e-19
3.35000000e+01 2.913076555472994e-19
3.35893333e+01 2.909200204380685e-19
3.36786667e+01 2.905339286681646e-19
3.37680000e+01 2.901493700235510e-19
3.38573333e+01 2.897663343845788e-19
3.39466667e+01 2.893848117248673e-19
3.40360000e+01 2.890047921102027e-19
3.41253333e+01 2.886262656974509e-19
3.42146667e+01 2.882492227334873e-19
3.43040000e+01 2.878736535541406e-19
3.43933333e+01 2.874995485831533e-19
3.44826667e+01 2.871268983311551e-19
3.45720000e+01 2.867556933946528e-19
3.46613333e+01 2.863859244550332e-19
3.47506667e+01 2.860175822775807e-19
3.48400000e+01 2.856506577105087e-19
3.49293333e+01 2.852851416840044e-19
3.50186667e+01 2.849210252092872e-19
3.51080000e+01 2.845582993776805e-19
3.51973333e+01 2.841969553596957e-19
3.52866667e+01 2.838369844041302e-19
3.53760000e+01 2.834783778371765e-19
3.54653333e+01 2.831211270615451e-19
3.55546667e+01 2.827652235555980e-19
3.56440000e+01 2.824106588724956e-19
3.57333333e+01 2.820574246393544e-19
3.58226667e+01 2.817055125564165e-19
3.59120000e+01 2.813549143962310e-19
3.60013333e+01 2.810056220028453e-19
3.60906667e+01 2.806576272910089e-19
3.61800000e+01 2.803109222453868e-19
3.62693333e+01 2.799654989197847e-19
3.63586667e+01 2.796213494363836e-19
3.64480000e+01 2.792784659849852e-19
3.65373333e+01 2.789368408222678e-19
3.66266667e+01 2.785964662710515e-19
3.67160000e+01 2.782573347195738e-19
3.68053333e+01 2.779194386207745e-19
3.68946667e+01 2.775827704915905e-19
3.69840000e+01 2.772473229122592e-19
3.70733333e+01 2.769130885256326e-19
3.71626667e+01 2.765800600364988e-19
3.72520000e+01 2.762482302109136e-19
3.73413333e+01 2.759175918755402e-19
3.74306667e+01 2.755881379169983e-19
3.75200000e+01 2.752598612812213e-19
3.76093333e+01 2.749327549728213e-19
3.76986667e+01 2.746068120544639e-19
3.77880000e+01 2.742820256462497e-19
3.78773333e+01 2.739583889251043e-19
3.79666667e+01 2.736358951241767e-19
3.80560000e+01 2.733145375322448e-19
3.81453333e+01 2.729943094931285e-19
3.82346667e+01 2.726752044051112e-19
3.83240000e+01 2.723572157203681e-19
3.84133333e+01 2.720403369444011e-19
3.85026667e+01 2.717245616354830e-19
3.85920000e+01 2.714098834041064e-19
3.86813333e+01 2.710962959124410e-19
3.87706667e+01 2.707837928737979e-19
3.88600000e+01 2.704723680520995e-19
3.89493333e+01 2.701620152613576e-19
3.90386667e+01 2.698527283651567e-19
3.91280000e+01 2.695445012761446e-19
3.92173333e+01 2.692373279555294e-19
3.93066667e+01 2.689312024125823e-19
3.93960000e+01 2.686261187041470e-19
3.94853333e+01 2.683220709341550e-19
3.95746667e+01 2.680190532531472e-19
3.96640000e+01 2.677170598578010e-19
3.97533333e+01 2.674160849904639e-19
3.98426667e+01 2.671161229386917e-19
3.99320000e+01 2.668171680347939e-19
4.00213333e+01 2.665192146553835e-19
4.01106667e+01 2.662222572209328e-19
4.02000000e+01 2.659262901953347e-19
4.02893333e+01 2.656313080854691e-19
4.03786667e+01 2.653373054407745e-19
4.04680000e+01 2.650442768528253e-19
4.05573333e+01 2.647522169549140e-19
4.06466667e+01 2.644611204216381e-19
4.07360000e+01 2.641709819684921e-19
4.08253333e+01 2.638817963514653e-19
4.09146667e+01 2.635935583666427e-19
4.10040000e+01 2.633062628498128e-19
4.10933333e+01 2.630199046760779e-19
4.11826667e+01 2.627344787594709e-19
4.12720000e+01 2.624499800525758e-19
4.13613333e+01 2.621664035461524e-19
4.14506667e+01 2.618837442687661e-19
4.15400000e+01 2.616019972864221e-19
4.16293333e+01 2.613211577022033e-19
4.17186667e+01 2.610412206559128e-19
4.18080000e+01 2.607621813237210e-19
4.18973333e+01 2.604840349178163e-19
4.19866667e+01 2.602067766860598e-19
4.20760000e+01 2.599304019116446e-19
4.21653333e+01 2.596549059127587e-19
4.22546667e+01 2.593802840422521e-19
4.23440000e+01 2.591065316873068e-19
4.24333333e+01 2.588336442691126e-19
4.25226667e+01 2.585616172425441e-19
4.26120000e+01 2.582904460958438e-19
4.27013333e+01 2.580201263503072e-19
4.27906667e+01 2.577506535599724e-19
4.28800000e+01 2.574820233113130e-19
4.29693333e+01 2.572142312229341e-19
4.30586667e+01 2.569472729452728e-19
4.31480000e+01 2.566811441603006e-19
4.32373333e+01 2.564158405812312e-19
4.33266667e+01 2.561513579522294e-19
4.34160000e+01 2.558876920481251e-19
4.35053333e+01 2.556248386741292e-19
4.35946667e+01 2.553627936655539e-19
4.36840000e+01 2.551015528875353e-19
4.37733333e+01 2.548411122347590e-19
4.38626667e+01 2.545814676311898e-19
4.39520000e+01 2.543226150298034e-19
4.40413333e+01 2.540645504123215e-19
4.41306667e+01 2.538072697889497e-19
4.42200000e+01 2.535507691981186e-19
4.43093333e+01 2.532950447062277e-19
4.43986667e+01 2.530400924073916e-19
4.44880000e+01 2.527859084231899e-19
4.45773333e+01 2.525324889024193e-19
4.46666667e+01 2.522798300208482e-19
4.47560000e+01 2.520279279809745e-19
4.48453333e+01 2.517767790117862e-19
4.49346667e+01 2.515263793685239e-19
4.50240000e+01 2.512767253324463e-19
4.51133333e+01 2.510278132105984e-19
4.52026667e+01 2.507796393355820e-19
4.52920000e+01 2.505322000653290e-19
4.53813333e+01 2.502854917828760e-19
4.54706667e+01 2.500395108961437e-19
4.55600000e+01 2.497942538377158e-19
4.56493333e+01 2.495497170646228e-19
4.57386667e+01 2.493058970581263e-19
4.58280000e+01 2.490627903235066e-19
4.59173333e+01 2.488203933898525e-19
4.60066667e+01 2.485787028098529e-19
4.60960000e+01 2.483377151595909e-19
4.61853333e+01 2.480974270383402e-19
4.62746667e+01 2.478578350683635e-19
4.63640000e+01 2.476189358947132e-19
4.64533333e+01 2.473807261850338e-19
4.65426667e+01 2.471432026293667e-19
4.66320000e+01 2.469063619399576e-19
4.67213333e+01 2.466702008510644e-19
4.68106667e+01 2.464347161187688e-19
4.69000000e+01 2.461999045207892e-19
4.69893333e+01 2.459657628562949e-19
4.70786667e+01 2.457322879457233e-19
4.71680000e+01 2.454994766305985e-19
4.72573333e+01 2.452673257733516e-19
4.73466667e+01 2.450358322571435e-19
4.74360000e+01 2.448049929856889e-19
4.75253333e+01 2.445748048830823e-19
4.76146667e+01 2.443452648936260e-19
4.77040000e+01 2.441163699816596e-19
4.77933333e+01 2.438881171313915e-19
4.78826667e+01 2.436605033467322e-19
4.79720000e+01 2.434335256511284e-19
4.80613333e+01 2.432071810874004e-19
4.81506667e+01 2.429814667175799e-19
4.82400000e+01 2.427563796227495e-19
4.83293333e+01 2.425319169028849e-19
4.84186667e+01 2.423080756766971e-19
4.85080000e+01 2.420848530814778e-19
4.85973333e+01 2.418622462729454e-19
4.86866667e+01 2.416402524250925e-19
4.87760000e+01 2.414188687300355e-19
4.88653333e+01 2.411980923978656e-19
4.89546667e+01 2.409779206565006e-19
4.90440000e+01 2.407583507515391e-19
4.91333333e+01 2.405393799461158e-19
4.92226667e+01 2.403210055207580e-19
4.93120000e+01 2.401032247732440e-19
4.94013333e+01 2.398860350184622e-19
4.94906667e+01 2.396694335882728e-19
4.95800000e+01 2.394534178313694e-19
4.96693333e+01 2.392379851131430e-19
4.97586667e+01 2.390231328155473e-19
4.98480000e+01 2.388088583369644e-19
4.99373333e+01 2.385951590920733e-19
5.00266667e+01 2.383820325117182e-19
5.01160000e+01 2.381694760427793e-19
5.02053333e+01 2.379574871480438e-19
5.02946667e+01 2.377460633060792e-19
5.03840000e+01 2.375352020111071e-19
5.04733333e+01 2.373249007728786e-19
5.05626667e+01 2.371151571165505e-19
5.06520000e+01 2.369059685825631e-19
5.07413333e+01 2.366973327265194e-19
5.08306667e+01 2.364892471190647e-19
5.09200000e+01 2.362817093457679e-19
5.10093333e+01 2.360747170070039e-19
5.10986667e+01 2.358682677178372e-19
5.11880000e+01 2.356623591079061e-19
5.12773333e+01 2.354569888213088e-19
5.13666667e+01 2.352521545164900e-19
5.14560000e+01 2.350478538661286e-19
5.15453333e+01 2.348440845570272e-19
5.16346667e+01 2.346408442900012e-19
5.17240000e+01 2.344381307797710e-19
5.18133333e+01 2.342359417548528e-19
5.19026667e+01 2.340342749574528e-19
5.19920000e+01 2.338331281433606e-19
5.20813333e+01 2.336324990818447e-19
5.21706667e+01 2.334323855555483e-19
5.22600000e+01 2.332327853603865e-19
5.23493333e+01 2.330336963054446e-19
5.24386667e+01 2.328351162128766e-19
5.25280000e+01 2.326370429178054e-19
5.26173333e+01 2.324394742682239e-19
5.27066667e+01 2.322424081248963e-19
5.27960000e+01 2.320458423612611e-19
5.28853333e+01 2.318497748633349e-19
5.29746667e+01 2.316542035296166e-19
5.30640000e+01 2.314591262709927e-19
5.31533333e+01 2.312645410106441e-19
5.32426667e+01 2.310704456839528e-19
5.33320000e+01 2.308768382384098e-19
5.34213333e+01 2.306837166335245e-19
5.35106667e+01 2.304910788407337e-19
5.36000000e+01 2.302989228433126e-19
5.36893333e+01 2.301072466362858e-19
5.37786667e+01 2.299160482263399e-19
5.38680000e+01 2.297253256317357e-19
5.39573333e+01 2.295350768822226e-19
5.40466667e+01 2.293453000189529e-19
5.41360000e+01 2.291559930943968e-19
5.42253333e+01 2.289671541722590e-19
5.43146667e+01 2.287787813273951e-19
5.44040000e+01 2.285908726457292e-19
5.44933333e+01 2.284034262241725e-19
5.45826667e+01 2.282164401705421e-19
5.46720000e+01 2.280299126034806e-19
5.47613333e+01 2.278438416523773e-19
5.48506667e+01 2.276582254572885e-19
5.49400000e+01 2.274730621688601e-19
5.50293333e+01 2.272883499482498e-19
5.51186667e+01 2.271040869670508e-19
5.52080000e+01 2.269202714072154e-19
5.52973333e+01 2.267369014609798e-19
5.53866667e+01 2.265539753307893e-19
5.54760000e+01 2.263714912292249e-19
5.55653333e+01 2.261894473789289e-19
5.56546667e+01 2.260078420125332e-19
5.57440000e+01 2.258266733725865e-19
5.58333333e+01 2.256459397114834e-19
5.59226667e+01 2.254656392913933e-19
5.60120000e+01 2.252857703841903e-19
5.61013333e+01 2.251063312713834e-19
5.61906667e+01 2.249273202440481e-19
5.62800000e+01 2.247487356027573e-19
5.63693333e+01 2.245705756575145e-19
5.64586667e+01 2.243928387276854e-19
5.65480000e+01 2.242155231419325e-19
5.66373333e+01 2.240386272381483e-19
5.67266667e+01 2.238621493633903e-19
5.68160000e+01 2.236860878738159e-19
5.69053333e+01 2.235104411346180e-19
5.69946667e+01 2.233352075199617e-19
5.70840000e+01 2.231603854129205e-19
5.71733333e+01 2.229859732054141e-19
5.72626667e+01 2.228119692981460e-19
5.73520000e+01 2.226383721005421e-19
5.74413333e+01 2.224651800306896e-19
5.75306667e+01 2.222923915152760e-19
5.76200000e+01 2.221200049895301e-19
5.77093333e+01 2.219480188971612e-19
5.77986667e+01 2.217764316903013e-19
5.78880000e+01 2.216052418294456e-19
5.79773333e+01 2.214344477833952e-19
5.80666667e+01 2.212640480291991e-19
5.81560000e+01 2.210940410520975e-19
5.82453333e+01 2.209244253454651e-19
5.83346667e+01 2.207551994107548e-19
5.84240000e+01 2.205863617574426e-19
5.85133333e+01 2.204179109029721e-19
5.86026667e+01 2.202498453726999e-19
5.86920000e+01 2.200821636998412e-19
5.87813333e+01 2.199148644254164e-19
5.88706667e+01 2.197479460981976e-19
5.89600000e+01 2.195814072746556e-19
5.90493333e+01 2.194152465189079e-19
5.91386667e+01 2.192494624026660e-19
5.92280000e+01 2.190840535051843e-19
5.93173333e+01 2.189190184132092e-19
5.94066667e+01 2.187543557209278e-19
5.94960000e+01 2.185900640299179e-19
5.95853333e+01 2.184261419490983e-19
5.96746667e+01 2.182625880946789e-19
5.97640000e+01 2.180994010901119e-19
5.98533333e+01 2.179365795660432e-19
5.99426667e+01 2.177741221602641e-19
6.00320000e+01 2.176120275176633e-19
6.01213333e+01 2.174502942901793e-19
6.02106667e+01 2.172889211367540e-19
6.03000000e+01 2.171279067232851e-19
6.03893333e+01 2.169672497225803e-19
6.04786667e+01 2.168069488143112e-19
6.05680000e+01 2.166470026849681e-19
6.06573333e+01 2.164874100278139e-19
6.07466667e+01 2.163281695428404e-19
6.08360000e+01 2.161692799367229e-19
6.09253333e+01 2.160107399227764e-19
6.10146667e+01 2.158525482209122e-19
6.11040000e+01 2.156947035575938e-19
6.11933333e+01 2.155372046657944e-19
6.12826667e+01 2.153800502849540e-19
6.13720000e+01 2.152232391609368e-19
6.14613333e+01 2.150667700459896e-19
6.15506667e+01 2.149106416986998e-19
6.16400000e+01 2.147548528839540e-19
6.17293333e+01 2.145994023728973e-19
6.18186667e+01 2.144442889428920e-19
6.19080000e+01 2.142895113774781e-19
6.19973333e+01 2.141350684663321e-19
6.20866667e+01 2.139809590052282e-19
6.21760000e+01 2.138271817959985e-19
6.22653333e+01 2.136737356464938e-19
6.23546667e+01 2.135206193705449e-19
6.24440000e+01 2.133678317879241e-19
6.25333333e+01 2.132153717243068e-19
6.26226667e+01 2.130632380112339e-19
6.27120000e+01 2.129114294860740e-19
6.28013333e+01 2.127599449919860e-19
6.28906667e+01 2.126087833778824e-19
6.29800000e+01 2.124579434983921e-19
6.30693333e+01 2.123074242138244e-19
6.31586667e+01 2.121572243901326e-19
6.32480000e+01 2.120073428988779e-19
6.33373333e+01 2.118577786171944e-19
6.34266667e+01 2.117085304277532e-19
6.35160000e+01 2.115595972187275e-19
6.36053333e+01 2.114109778837582e-19
6.36946667e+01 2.112626713219185e-19
6.37840000e+01 2.111146764376806e-19
6.38733333e+01 2.109669921408812e-19
6.39626667e+01 2.108196173466880e-19
6.40520000e+01 2.106725509755657e-19
6.41413333e+01 2.105257919532436e-19
6.42306667e+01 2.103793392106821e-19
6.43200000e+01 2.102331916840401e-19
6.44093333e+01 2.100873483146426e-19
6.44986667e+01 2.099418080489485e-19
6.45880000e+01 2.097965698385184e-19
6.46773333e+01 2.096516326399833e-19
6.47666667e+01 2.095069954150129e-19
6.48560000e+01 2.093626571302841e-19
6.49453333e+01 2.092186167574506e-19
6.50346667e+01 2.090748732731114e-19
6.51240000e+01 2.089314256587810e-19
6.52133333e+01 2.087882729008584e-19
6.53026667e+01 2.086454139905975e-19
6.53920000e+01 2.085028479240772e-19
6.54813333e+01 2.083605737021713e-19
6.55706667e+01 2.082185903305200e-19
6.56600000e+01 2.080768968194996e-19
6.57493333e+01 2.079354921841944e-19
6.58386667e+01 2.077943754443676e-19
6.59280000e+01 2.076535456244328e-19
6.60173333e+01 2.075130017534256e-19
6.61066667e+01 2.073727428649755e-19
6.61960000e+01 2.072327679972783e-19
6.62853333e+01 2.070930761930680e-19
6.63746667e+01 2.069536664995891e-19
6.64640000e+01 2.068145379685704e-19
6.65533333e+01 2.066756896561965e-19
6.66426667e+01 2.065371206230819e-19
6.67320000e+01 2.063988299342439e-19
6.68213333e+01 2.062608166590761e-19
6.69106667e+01 2.061230798713224e-19
6.70000000e+01 2.059856186490504e-19
6.70893333e+01 2.058484320746260e-19
6.71786667e+01 2.057115192346873e-19
6.72680000e+01 2.055748792201191e-19
6.73573333e+01 2.054385111260278e-19
6.74466667e+01 2.053024140517161e-19
6.75360000e+01 2.051665871006577e-19
6.76253333e+01 2.050310293804731e-19
6.77146667e+01 2.048957400029043e-19
6.78040000e+01 2.047607180837910e-19
6.78933333e+01 2.046259627430460e-19
6.79826667e+01 2.044914731046309e-19
6.80720000e+01 2.043572482965327e-19
6.81613333e+01 2.042232874507397e-19
6.82506667e+01 2.040895897032178e-19
6.83400000e+01 2.039561541938875e-19
6.84293333e+01 2.038229800666004e-19
6.85186667e+01 2.036900664691162e-19
6.86080000e+01 2.035574125530798e-19
6.86973333e+01 2.034250174739983e-19
6.87866667e+01 2.032928803912190e-19
6.88760000e+01 2.031610004679063e-19
6.89653333e+01 2.030293768710201e-19
6.90546667e+01 2.028980087712932e-19
6.91440000e+01 2.027668953432095e-19
6.92333333e+01 2.026360357649821e-19
6.93226667e+01 2.025054292185323e-19
6.94120000e+01 2.023750748894671e-19
6.95013333e+01 2.022449719670586e-19
6.95906667e+01 2.021151196442228e-19
6.96800000e+01 2.019855171174980e-19
6.97693333e+01 2.018561635870248e-19
6.98586667e+01 2.017270582565245e-19
6.99480000e+01 2.015982003332790e-19
7.00373333e+01 2.014695890281102e-19
7.01266667e+01 2.013412235553600e-19
7.02160000e+01 2.012131031328696e-19
7.03053333e+01 2.010852269819598e-19
7.03946667e+01 2.009575943274114e-19
7.04840000e+01 2.008302043974447e-19
7.05733333e+01 2.007030564237008e-19
7.06626667e+01 2.005761496412214e-19
7.07520000e+01 2.004494832884298e-19
7.08413333e+01 2.003230566071119e-19
7.09306667e+01 2.001968688423967e-19
7.10200000e+01 2.000709192427375e-19
7.11093333e+01 1.999452070598934e-19
7.11986667e+01 1.998197315489103e-19
7.12880000e+01 1.996944919681024e-19
7.13773333e+01 1.995694875790340e-19
7.14666667e+01 1.994447176465011e-19
7.15560000e+01 1.993201814385128e-19
7.16453333e+01 1.991958782262743e-19
7.17346667e+01 1.990718072841678e-19
7.18240000e+01 1.989479678897355e-19
7.19133333e+01 1.988243593236619e-19
7.20026667e+01 1.987009808697556e-19
7.20920000e+01 1.985778318149328e-19
7.21813333e+01 1.984549114491991e-19
7.22706667e+01 1.983322190656328e-19
7.23600000e+01 1.982097539603681e-19
7.24493333e+01 1.980875154325773e-19
7.25386667e+01 1.979655027844548e-19
7.26280000e+01 1.978437153211999e-19
7.27173333e+01 1.977221523510000e-19
7.28066667e+01 1.976008131850149e-19
7.28960000e+01 1.974796971373595e-19
7.29853333e+01 1.973588035250882e-19
7.30746667e+01 1.972381316681781e-19
7.31640000e+01 1.971176808895135e-19
7.32533333e+01 1.969974505148698e-19
7.33426667e+01 1.968774398728971e-19
7.34320000e+01 1.967576482951056e-19
7.35213333e+01 1.966380751158486e-19
7.36106667e+01 1.965187196723081e-19
7.37000000e+01 1.963995813044788e-19
7.37893333e+01 1.962806593551527e-19
7.38786667e+01 1.961619531699042e-19
7.39680000e+01 1.960434620970750e-19
7.40573333e+01 1.959251854877585e-19
7.41466667e+01 1.958071226957856e-19
7.42360000e+01 1.956892730777094e-19
7.43253333e+01 1.955716359927908e-19
7.44146667e+01 1.954542108029834e-19
7.45040000e+01 1.953369968729195e-19
7.45933333e+01 1.952199935698953e-19
7.46826667e+01 1.951032002638567e-19
7.47720000e+01 1.949866163273851e-19
7.48613333e+01 1.948702411356831e-19
7.49506667e+01 1.947540740665603e-19
7.50400000e+01 1.946381145004200e-19
7.51293333e+01 1.945223618202444e-19
7.52186667e+01 1.944068154115815e-19
7.53080000e+01 1.942914746625310e-19
7.53973333e+01 1.941763389637312e-19
7.54866667e+01 1.940614077083447e-19
7.55760000e+01 1.939466802920457e-19
7.56653333e+01 1.938321561130062e-19
7.57546667e+01 1.937178345718828e-19
7.58440000e+01 1.936037150718040e-19
7.59333333e+01 1.934897970183563e-19
7.60226667e+01 1.933760798195719e-19
7.61120000e+01 1.932625628859154e-19
7.62013333e+01 1.931492456302711e-19
7.62906667e+01 1.930361274679302e-19
7.63800000e+01 1.929232078165782e-19
7.64693333e+01 1.928104860962821e-19
7.65586667e+01 1.926979617294783e-19
7.66480000e+01 1.925856341409596e-19
7.67373333e+01 1.924735027578635e-19
7.68266667e+01 1.923615670096593e-19
7.69160000e+01 1.922498263281365e-19
7.70053333e+01 1.921382801473920e-19
7.70946667e+01 1.920269279038189e-19
7.71840000e+01 1.919157690360938e-19
7.72733333e+01 1.918048029851653e-19
7.73626667e+01 1.916940291942419e-19
7.74520000e+01 1.915834471087809e-19
7.75413333e+01 1.914730561764760e-19
7.76306667e+01 1.913628558472459e-19
7.77200000e+01 1.912528455732233e-19
7.78093333e+01 1.911430248087427e-19
7.78986667e+01 1.910333930103295e-19
7.79880000e+01 1.909239496366888e-19
7.80773333e+01 1.908146941486937e-19
7.81666667e+01 1.907056260093746e-19
7.82560000e+01 1.905967446839079e-19
7.83453333e+01 1.904880496396049e-19
7.84346667e+01 1.903795403459013e-19
7.85240000e+01 1.902712162743456e-19
7.86133333e+01 1.901630768985890e-19
7.87026667e+01 1.900551216943741e-19
7.87920000e+01 1.899473501395248e-19
7.88813333e+01 1.898397617139351e-19
7.89706667e+01 1.897323558995588e-19
7.90600000e+01 1.896251321803993e-19
7.91493333e+01 1.895180900424988e-19
7.92386667e+01 1.894112289739280e-19
7.93280000e+01 1.893045484647760e-19
7.94173333e+01 1.891980480071400e-19
7.95066667e+01 1.890917270951152e-19
7.95960000e+01 1.889855852247844e-19
7.96853333e+01 1.888796218942084e-19
7.97746667e+01 1.887738366034159e-19
7.98640000e+01 1.886682288543933e-19
7.99533333e+01 1.885627981510753e-19
8.00426667e+01 1.884575439993347e-19
8.01320000e+01 1.883524659069731e-19
8.02213333e+01 1.882475633837109e-19
8.03106667e+01 1.881428359411777e-19
8.04000000e+01 1.880382830929029e-19
8.04893333e+01 1.879339043543062e-19
8.05786667e+01 1.878296992426882e-19
8.06680000e+01 1.877256672772207e-19
8.07573333e+01 1.876218079789378e-19
8.08466667e+01 1.875181208707266e-19
8.09360000e+01 1.874146054773175e-19
8.10253333e+01 1.873112613252757e-19
8.11146667e+01 1.872080879429918e-19
8.12040000e+01 1.871050848606726e-19
8.12933333e+01 1.870022516103325e-19
8.13826667e+01 1.868995877257841e-19
8.14720000e+01 1.867970927426300e-19
8.15613333e+01 1.866947661982531e-19
8.16506667e+01 1.865926076318086e-19
8.17400000e+01 1.864906165842150e-19
8.18293333e+01 1.863887925981451e-19
8.19186667e+01 1.862871352180180e-19
8.20080000e+01 1.861856439899901e-19
8.20973333e+01 1.860843184619468e-19
8.21866667e+01 1.859831581834940e-19
8.22760000e+01 1.858821627059494e-19
8.23653333e+01 1.857813315823348e-19
8.24546667e+01 1.856806643673671e-19
8.25440000e+01 1.855801606174505e-19
8.26333333e+01 1.854798198906679e-19
8.27226667e+01 1.853796417467733e-19
8.28120000e+01 1.852796257471830e-19
8.29013333e+01 1.851797714549682e-19
8.29906667e+01 1.850800784348464e-19
8.30800000e+01 1.849805462531739e-19
8.31693333e+01 1.848811744779376e-19
8.32586667e+01 1.847819626787471e-19
8.33480000e+01 1.846829104268272e-19
8.34373333e+01 1.845840172950098e-19
8.35266667e+01 1.844852828577261e-19
8.36160000e+01 1.843867066909992e-19
8.37053333e+01 1.842882883724364e-19
8.37946667e+01 1.841900274812213e-19
8.38840000e+01 1.840919235981066e-19
8.39733333e+01 1.839939763054065e-19
8.40626667e+01 1.838961851869889e-19
8.41520000e+01 1.837985498282686e-19
8.42413333e+01 1.837010698161993e-19
8.43306667e+01 1.836037447392667e-19
8.44200000e+01 1.835065741874809e-19
8.45093333e+01 1.834095577523693e-19
8.45986667e+01 1.833126950269694e-19
8.46880000e+01 1.832159856058217e-19
8.47773333e+01 1.831194290849623e-19
8.48666667e+01 1.830230250619161e-19
8.49560000e+01 1.829267731356894e-19
8.50453333e+01 1.828306729067635e-19
8.51346667e+01 1.827347239770870e-19
8.52240000e+01 1.826389259500695e-19
8.53133333e+01 1.825432784305745e-19
8.54026667e+01 1.824477810249120e-19
8.54920000e+01 1.823524333408329e-19
8.55813333e+01 1.822572349875210e-19
8.56706667e+01 1.821621855755872e-19
8.57600000e+01 1.820672847170622e-19
8.58493333e+01 1.819725320253899e-19
8.59386667e+01 1.818779271154214e-19
8.60280000e+01 1.817834696034075e-19
8.61173333e+01 1.816891591069931e-19
8.62066667e+01 1.815949952452099e-19
8.62960000e+01 1.815009776384704e-19
8.63853333e+01 1.814071059085613e-19
8.64746667e+01 1.813133796786373e-19
8.65640000e+01 1.812197985732145e-19
8.66533333e+01 1.811263622181641e-19
8.67426667e+01 1.810330702407064e-19
8.68320000e+01 1.809399222694042e-19
8.69213333e+01 1.808469179341569e-19
8.70106667e+01 1.807540568661940e-19
8.71000000e+01 1.806613386980692e-19
8.71893333e+01 1.805687630636543e-19
8.72786667e+01 1.804763295981330e-19
8.73680000e+01 1.803840379379949e-19
8.74573333e+01 1.802918877210294e-19
8.75466667e+01 1.801998785863201e-19
8.76360000e+01 1.801080101742384e-19
8.77253333e+01 1.800162821264379e-19
8.78146667e+01 1.799246940858483e-19
8.79040000e+01 1.798332456966698e-19
8.79933333e+01 1.797419366043671e-19
8.80826667e+01 1.796507664556640e-19
8.81720000e+01 1.795597348985369e-19
8.82613333e+01 1.794688415822099e-19
8.83506667e+01 1.793780861571486e-19
8.84400000e+01 1.792874682750549e-19
8.85293333e+01 1.791969875888608e-19
8.86186667e+01 1.791066437527233e-19
8.87080000e+01 1.790164364220188e-19
8.87973333e+01 1.789263652533372e-19
8.88866667e+01 1.788364299044770e-19
8.89760000e+01 1.787466300344392e-19
8.90653333e+01 1.786569653034225e-19
8.91546667e+01 1.785674353728172e-19
8.92440000e+01 1.784780399052007e-19
8.93333333e+01 1.783887785643313e-19
8.94226667e+01 1.782996510151433e-19
8.95120000e+01 1.782106569237419e-19
8.96013333e+01 1.781217959573975e-19
8.96906667e+01 1.780330677845409e-19
8.97800000e+01 1.779444720747576e-19
8.98693333e+01 1.778560084987834e-19
8.99586667e+01 1.777676767284983e-19
9.00480000e+01 1.776794764369223e-19
9.01373333e+01 1.775914072982097e-19
9.02266667e+01 1.775034689876441e-19
9.03160000e+01 1.774156611816340e-19
9.04053333e+01 1.773279835577067e-19
9.04946667e+01 1.772404357945045e-19
9.05840000e+01 1.771530175717789e-19
9.06733333e+01 1.770657285703860e-19
9.07626667e+01 1.769785684722816e-19
9.08520000e+01 1.768915369605163e-19
9.09413333e+01 1.768046337192308e-19
9.10306667e+01 1.767178584336509e-19
9.11200000e+01 1.766312107900826e-19
9.12093333e+01 1.765446904759078e-19
9.12986667e+01 1.764582971795791e-19
9.13880000e+01 1.763720305906152e-19
9.14773333e+01 1.762858903995964e-19
9.15666667e+01 1.761998762981599e-19
9.16560000e+01 1.761139879789948e-19
9.17453333e+01 1.760282251358379e-19
9.18346667e+01 1.759425874634691e-19
9.19240000e+01 1.758570746577066e-19
9.20133333e+01 1.757716864154025e-19
9.21026667e+01 1.756864224344381e-19
9.21920000e+01 1.756012824137200e-19
9.22813333e+01 1.755162660531747e-19
9.23706667e+01 1.754313730537450e-19
9.24600000e+01 1.753466031173852e-19
9.25493333e+01 1.752619559470567e-19
9.26386667e+01 1.751774312467237e-19
9.27280000e+01 1.750930287213487e-19
9.28173333e+01 1.750087480768886e-19
9.29066667e+01 1.749245890202899e-19
9.29960000e+01 1.748405512594847e-19
9.30853333e+01 1.747566345033862e-19
9.31746667e+01 1.746728384618849e-19
9.32640000e+01 1.745891628458441e-19
9.33533333e+01 1.745056073670954e-19
9.34426667e+01 1.744221717384353e-19
9.35320000e+01 1.743388556736203e-19
9.36213333e+01 1.742556588873633e-19
9.37106667e+01 1.741725810953290e-19
9.38000000e+01 1.740896220141306e-19
9.38893333e+01 1.740067813613248e-19
9.39786667e+01 1.739240588554084e-19
9.40680000e+01 1.738414542158140e-19
9.41573333e+01 1.737589671629063e-19
9.42466667e+01 1.736765974179776e-19
9.43360000e+01 1.735943447032445e-19
9.44253333e+01 1.735122087418434e-19
9.45146667e+01 1.734301892578270e-19
9.46040000e+01 1.733482859761600e-19
9.46933333e+01 1.732664986227156e-19
9.47826667e+01 1.731848269242714e-19
9.48720000e+01 1.731032706085059e-19
9.49613333e+01 1.730218294039940e-19
9.50506667e+01 1.729405030402042e-19
9.51400000e+01 1.728592912474939e-19
9.52293333e+01 1.727781937571062e-19
9.53186667e+01 1.726972103011658e-19
9.54080000e+01 1.726163406126756e-19
9.54973333e+01 1.725355844255130e-19
9.55866667e+01 1.724549414744259e-19
9.56760000e+01 1.723744114950294e-19
9.57653333e+01 1.722939942238017e-19
9.58546667e+01 1.722136893980813e-19
9.59440000e+01 1.721334967560622e-19
9.60333333e+01 1.720534160367916e-19
9.61226667e+01 1.719734469801655e-19
9.62120000e+01 1.718935893269252e-19
9.63013333e+01 1.718138428186541e-19
9.63906667e+01 1.717342071977742e-19
9.64800000e+01 1.716546822075420e-19
9.65693333e+01 1.715752675920459e-19
9.66586667e+01 1.714959630962021e-19
9.67480000e+01 1.714167684657514e-19
9.68373333e+01 1.713376834472556e-19
9.69266667e+01 1.712587077880945e-19
9.70160000e+01 1.711798412364620e-19
9.71053333e+01 1.711010835413632e-19
9.71946667e+01 1.710224344526105e-19
9.72840000e+01 1.709438937208208e-19
9.73733333e+01 1.708654610974120e-19
9.74626667e+01 1.707871363345995e-19
9.75520000e+01 1.707089191853931e-19
9.76413333e+01 1.706308094035938e-19
9.77306667e+01 1.705528067437902e-19
9.78200000e+01 1.704749109613559e-19
9.79093333e+01 1.703971218124454e-19
9.79986667e+01 1.703194390539916e-19
9.80880000e+01 1.702418624437026e-19
9.81773333e+01 1.701643917400579e-19
9.82666667e+01 1.700870267023059e-19
9.83560000e+01 1.700097670904604e-19
9.84453333e+01 1.699326126652977e-19
9.85346667e+01 1.698555631883532e-19
9.86240000e+01 1.697786184219186e-19
9.87133333e+01 1.697017781290387e-19
9.88026667e+01 1.696250420735083e-19
9.88920000e+01 1.695484100198690e-19
9.89813333e+01 1.694718817334066e-19
9.90706667e+01 1.693954569801477e-19
9.91600000e+01 1.693191355268570e-19
9.92493333e+01 1.692429171410339e-19
9.93386667e+01 1.691668015909097e-19
9.94280000e+01 1.690907886454450e-19
9.95173333e+01 1.690148780743263e-19
9.96066667e+01 1.689390696479630e-19
9.96960000e+01 1.688633631374851e-19
9.97853333e+01 1.687877583147397e-19
9.98746667e+01 1.687122549522881e-19
9.99640000e+01 1.686368528234037e-19
1.00053333e+02 1.685615517020680e-19
1.00142667e+02 1.684863513629686e-19
1.00232000e+02 1.684112515814962e-19
1.00321333e+02 1.683362521337414e-19
1.00410667e+02 1.682613527964925e-19
1.00500000e+02 1.681865533472321e-19
1.00589333e+02 1.681118535641348e-19
1.00678667e+02 1.680372532260643e-19
1.00768000e+02 1.679627521125703e-19
1.00857333e+02 1.678883500038865e-19
1.00946667e+02 1.678140466809270e-19
1.01036000e+02 1.677398419252843e-19
1.01125333e+02 1.676657355192265e-19
1.01214667e+02 1.675917272456939e-19
1.01304000e+02 1.675178168882975e-19
1.01393333e+02 1.674440042313154e-19
1.01482667e+02 1.673702890596904e-19
1.01572000e+02 1.672966711590277e-19
1.01661333e+02 1.672231503155918e-19
1.01750667e+02 1.671497263163044e-19
1.01840000e+02 1.670763989487413e-19
1.01929333e+02 1.670031680011301e-19
1.02018667e+02 1.669300332623477e-19
1.02108000e+02 1.668569945219173e-19
1.02197333e+02 1.667840515700067e-19
1.02286667e+02 1.667112041974248e-19
1.02376000e+02 1.666384521956198e-19
1.02465333e+02 1.665657953566761e-19
1.02554667e+02 1.664932334733126e-19
1.02644000e+02 1.664207663388793e-19
1.02733333e+02 1.663483937473555e-19
1.02822667e+02 1.662761154933472e-19
1.02912000e+02 1.662039313720842e-19
1.03001333e+02 1.661318411794184e-19
1.03090667e+02 1.660598447118208e-19
1.03180000e+02 1.659879417663794e-19
1.03269333e+02 1.659161321407967e-19
1.03358667e+02 1.658444156333870e-19
1.03448000e+02 1.657727920430747e-19
1.03537333e+02 1.657012611693914e-19
1.03626667e+02 1.656298228124736e-19
1.03716000e+02 1.655584767730606e-19
1.03805333e+02 1.654872228524919e-19
1.03894667e+02 1.654160608527050e-19
1.03984000e+02 1.653449905762332e-19
1.04073333e+02 1.652740118262031e-19
1.04162667e+02 1.652031244063322e-19
1.04252000e+02 1.651323281209272e-19
1.04341333e+02 1.650616227748809e-19
1.04430667e+02 1.649910081736707e-19
1.04520000e+02 1.649204841233559e-19
1.04609333e+02 1.648500504305755e-19
1.04698667e+02 1.647797069025464e-19
1.04788000e+02 1.647094533470605e-19
1.04877333e+02 1.646392895724829e-19
1.04966667e+02 1.645692153877498e-19
1.05056000e+02 1.644992306023661e-19
1.05145333e+02 1.644293350264032e-19
1.05234667e+02 1.643595284704971e-19
1.05324000e+02 1.642898107458459e-19
1.05413333e+02 1.642201816642079e-19
1.05502667e+02 1.641506410378993e-19
1.05592000e+02 1.640811886797924e-19
1.05681333e+02 1.640118244033129e-19
1.05770667e+02 1.639425480224385e-19
1.05860000e+02 1.638733593516962e-19
1.05949333e+02 1.638042582061605e-19
1.06038667e+02 1.637352444014515e-19
1.06128000e+02 1.636663177537323e-19
1.06217333e+02 1.635974780797075e-19
1.06306667e+02 1.635287251966209e-19
1.06396000e+02 1.634600589222533e-19
1.06485333e+02 1.633914790749208e-19
1.06574667e+02 1.633229854734727e-19
1.06664000e+02 1.632545779372892e-19
1.06753333e+02 1.631862562862798e-19
1.06842667e+02 1.631180203408811e-19
1.06932000e+02 1.630498699220549e-19
1.07021333e+02 1.629818048512860e-19
1.07110667e+02 1.629138249505805e-19
1.07200000e+02 1.628459300424638e-19
1.07289333e+02 1.627781199499787e-19
1.07378667e+02 1.627103944966831e-19
1.07468000e+02 1.626427535066486e-19
1.07557333e+02 1.625751968044582e-19
1.07646667e+02 1.625077242152046e-19
1.07736000e+02 1.624403355644881e-19
1.07825333e+02 1.623730306784149e-19
1.07914667e+02 1.623058093835951e-19
1.08004000e+02 1.622386715071410e-19
1.08093333e+02 1.621716168766648e-19
1.08182667e+02 1.621046453202773e-19
1.08272000e+02 1.620377566665857e-19
1.08361333e+02 1.619709507446917e-19
1.08450667e+02 1.619042273841900e-19
1.08540000e+02 1.618375864151663e-19
1.08629333e+02 1.617710276681953e-19
1.08718667e+02 1.617045509743392e-19
1.08808000e+02 1.616381561651456e-19
1.08897333e+02 1.615718430726460e-19
1.08986667e+02 1.615056115293537e-19
1.09076000e+02 1.614394613682625e-19
1.09165333e+02 1.613733924228443e-19
1.09254667e+02 1.613074045270479e-19
1.09344000e+02 1.612414975152969e-19
1.09433333e+02 1.611756712224882e-19
1.09522667e+02 1.611099254839899e-19
1.09612000e+02 1.610442601356401e-19
1.09701333e+02 1.609786750137446e-19
1.09790667e+02 1.609131699550757e-19
1.09880000e+02 1.608477447968701e-19
1.09969333e+02 1.607823993768274e-19
1.10058667e+02 1.607171335331085e-19
1.10148000e+02 1.606519471043337e-19
1.10237333e+02 1.605868399295811e-19
1.10326667e+02 1.605218118483849e-19
1.10416000e+02 1.604568627007338e-19
1.10505333e+02 1.603919923270696e-19
1.10594667e+02 1.603272005682848e-19
1.10684000e+02 1.602624872657218e-19
1.10773333e+02 1.601978522611709e-19
1.10862667e+02 1.601332953968686e-19
1.10952000e+02 1.600688165154960e-19
1.11041333e+02 1.600044154601773e-19
1.11130667e+02 1.599400920744784e-19
1.11220000e+02 1.598758462024047e-19
1.11309333e+02 1.598116776884001e-19
1.11398667e+02 1.597475863773452e-19
1.11488000e+02 1.596835721145555e-19
1.11577333e+02 1.596196347457803e-19
1.11666667e+02 1.595557741172008e-19
1.11756000e+02 1.594919900754287e-19
1.11845333e+02 1.594282824675044e-19
1.11934667e+02 1.593646511408957e-19
1.12024000e+02 1.593010959434964e-19
1.12113333e+02 1.592376167236245e-19
1.12202667e+02 1.591742133300206e-19
1.12292000e+02 1.591108856118467e-19
1.12381333e+02 1.590476334186846e-19
1.12470667e+02 1.589844566005342e-19
1.12560000e+02 1.589213550078122e-19
1.12649333e+02 1.588583284913505e-19
1.12738667e+02 1.587953769023951e-19
1.12828000e+02 1.587325000926038e-19
1.12917333e+02 1.586696979140457e-19
1.13006667e+02 1.586069702191989e-19
1.13096000e+02 1.585443168609497e-19
1.13185333e+02 1.584817376925908e-19
1.13274667e+02 1.584192325678198e-19
1.13364000e+02 1.583568013407381e-19
1.13453333e+02 1.582944438658491e-19
1.13542667e+02 1.582321599980569e-19
1.13632000e+02 1.581699495926652e-19
1.13721333e+02 1.581078125053753e-19
1.13810667e+02 1.580457485922851e-19
1.13900000e+02 1.579837577098877e-19
1.13989333e+02 1.579218397150697e-19
1.14078667e+02 1.578599944651104e-19
1.14168000e+02 1.577982218176796e-19
1.14257333e+02 1.577365216308369e-19
1.14346667e+02 1.576748937630301e-19
1.14436000e+02 1.576133380730937e-19
1.14525333e+02 1.575518544202479e-19
1.14614667e+02 1.574904426640967e-19
1.14704000e+02 1.574291026646272e-19
1.14793333e+02 1.573678342822077e-19
1.14882667e+02 1.573066373775867e-19
1.14972000e+02 1.572455118118915e-19
1.15061333e+02 1.571844574466267e-19
1.15150667e+02 1.571234741436731e-19
1.15240000e+02 1.570625617652865e-19
1.15329333e+02 1.570017201740959e-19
1.15418667e+02 1.569409492331027e-19
1.15508000e+02 1.568802488056792e-19
1.15597333e+02 1.568196187555672e-19
1.15686667e+02 1.567590589468769e-19
1.15776000e+02 1.566985692440857e-19
1.15865333e+02 1.566381495120366e-19
1.15954667e+02 1.565777996159372e-19
1.16044000e+02 1.565175194213583e-19
1.16133333e+02 1.564573087942326e-19
1.16222667e+02 1.563971676008539e-19
1.16312000e+02 1.563370957078750e-19
1.16401333e+02 1.562770929823075e-19
1.16490667e+02 1.562171592915195e-19
1.16580000e+02 1.561572945032352e-19
1.16669333e+02 1.560974984855333e-19
1.16758667e+02 1.560377711068457e-19
1.16848000e+02 1.559781122359566e-19
1.16937333e+02 1.559185217420011e-19
1.17026667e+02 1.558589994944638e-19
1.17116000e+02 1.557995453631781e-19
1.17205333e+02 1.557401592183246e-19
1.17294667e+02 1.556808409304299e-19
1.17384000e+02 1.556215903703655e-19
1.17473333e+02 1.555624074093470e-19
1.17562667e+02 1.555032919189321e-19
1.17652000e+02 1.554442437710205e-19
1.17741333e+02 1.553852628378515e-19
1.17830667e+02 1.553263489920038e-19
1.17920000e+02 1.552675021063941e-19
1.18009333e+02 1.552087220542758e-19
1.18098667e+02 1.551500087092378e-19
1.18188000e+02 1.550913619452036e-19
1.18277333e+02 1.550327816364301e-19
1.18366667e+02 1.549742676575063e-19
1.18456000e+02 1.549158198833523e-19
1.18545333e+02 1.548574381892181e-19
1.18634667e+02 1.547991224506829e-19
1.18724000e+02 1.547408725436532e-19
1.18813333e+02 1.546826883443623e-19
1.18902667e+02 1.546245697293690e-19
1.18992000e+02 1.545665165755566e-19
1.19081333e+02 1.545085287601316e-19
1.19170667e+02 1.544506061606228e-19
1.19260000e+02 1.543927486548802e-19
1.19349333e+02 1.543349561210737e-19
1.19438667e+02 1.542772284376922e-19
1.19528000e+02 1.542195654835428e-19
1.19617333e+02 1.541619671377492e-19
1.19706667e+02 1.541044332797507e-19
1.19796000e+02 1.540469637893018e-19
1.19885333e+02 1.539895585464704e-19
1.19974667e+02 1.539322174316368e-19
1.20064000e+02 1.538749403254933e-19
1.20153333e+02 1.538177271090424e-19
1.20242667e+02 1.537605776635962e-19
1.20332000e+02 1.537034918707753e-19
1.20421333e+02 1.536464696125077e-19
1.20510667e+02 1.535895107710277e-19
1.20600000e+02 1.535326152288750e-19
1.20689333e+02 1.534757828688939e-19
1.20778667e+02 1.534190135742316e-19
1.20868000e+02 1.533623072283380e-19
1.20957333e+02 1.533056637149642e-19
1.21046667e+02 1.532490829181616e-19
1.21136000e+02 1.531925647222811e-19
1.21225333e+02 1.531361090119717e-19
1.21314667e+02 1.530797156721798e-19
1.21404000e+02 1.530233845881484e-19
1.21493333e+02 1.529671156454156e-19
1.21582667e+02 1.529109087298141e-19
1.21672000e+02 1.528547637274698e-19
1.21761333e+02 1.527986805248014e-19
1.21850667e+02 1.527426590085189e-19
1.21940000e+02 1.526866990656228e-19
1.22029333e+02 1.526308005834033e-19
1.22118667e+02 1.525749634494391e-19
1.22208000e+02 1.525191875515967e-19
1.22297333e+02 1.524634727780294e-19
1.22386667e+02 1.524078190171760e-19
1.22476000e+02 1.523522261577605e-19
1.22565333e+02 1.522966940887906e-19
1.22654667e+02 1.522412226995569e-19
1.22744000e+02 1.521858118796325e-19
1.22833333e+02 1.521304615188711e-19
1.22922667e+02 1.520751715074071e-19
1.23012000e+02 1.520199417356538e-19
1.23101333e+02 1.519647720943030e-19
1.23190667e+02 1.519096624743242e-19
1.23280000e+02 1.518546127669633e-19
1.23369333e+02 1.517996228637418e-19
1.23458667e+02 1.517446926564561e-19
1.23548000e+02 1.516898220371766e-19
1.23637333e+02 1.516350108982463e-19
1.23726667e+02 1.515802591322808e-19
1.23816000e+02 1.515255666321666e-19
1.23905333e+02 1.514709332910605e-19
1.23994667e+02 1.514163590023890e-19
1.24084000e+02 1.513618436598471e-19
1.24173333e+02 1.513073871573975e-19
1.24262667e+02 1.512529893892697e-19
1.24352000e+02 1.511986502499592e-19
1.24441333e+02 1.511443696342269e-19
1.24530667e+02 1.510901474370975e-19
1.24620000e+02 1.510359835538595e-19
1.24709333e+02 1.509818778800640e-19
1.24798667e+02 1.509278303115235e-19
1.24888000e+02 1.508738407443117e-19
1.24977333e+02 1.508199090747622e-19
1.25066667e+02 1.507660351994678e-19
1.25156000e+02 1.507122190152797e-19
1.25245333e+02 1.506584604193068e-19
1.25334667e+02 1.506047593089146e-19
1.25424000e+02 1.505511155817243e-19
1.25513333e+02 1.504975291356126e-19
1.25602667e+02 1.504439998687102e-19
1.25692000e+02 1.503905276794011e-19
1.25781333e+02 1.503371124663224e-19
1.25870667e+02 1.502837541283626e-19
1.25960000e+02 1.502304525646615e-19
1.26049333e+02 1.501772076746089e-19
1.26138667e+02 1.501240193578443e-19
1.26228000e+02 1.500708875142556e-19
1.26317333e+02 1.500178120439787e-19
1.26406667e+02 1.499647928473965e-19
1.26496000e+02 1.499118298251382e-19
1.26585333e+02 1.498589228780784e-19
1.26674667e+02 1.498060719073365e-19
1.26764000e+02 1.497532768142758e-19
1.26853333e+02 1.497005375005028e-19
1.26942667e+02 1.496478538678663e-19
1.27032000e+02 1.495952258184569e-19
1.27121333e+02 1.495426532546059e-19
1.27210667e+02 1.494901360788846e-19
1.27300000e+02 1.494376741941040e-19
1.27389333e+02 1.493852675033133e-19
1.27478667e+02 1.493329159097998e-19
1.27568000e+02 1.492806193170878e-19
1.27657333e+02 1.492283776289379e-19
1.27746667e+02 1.491761907493462e-19
1.27836000e+02 1.491240585825439e-19
1.27925333e+02 1.490719810329962e-19
1.28014667e+02 1.490199580054015e-19
1.28104000e+02 1.489679894046911e-19
1.28193333e+02 1.489160751360281e-19
1.28282667e+02 1.488642151048069e-19
1.28372000e+02 1.488124092166520e-19
1.28461333e+02 1.487606573774183e-19
1.28550667e+02 1.487089594931890e-19
1.28640000e+02 1.486573154702761e-19
1.28729333e+02 1.486057252152190e-19
1.28818667e+02 1.485541886347840e-19
1.28908000e+02 1.485027056359637e-19
1.28997333e+02 1.484512761259760e-19
1.29086667e+02 1.483999000122636e-19
1.29176000e+02 1.483485772024935e-19
1.29265333e+02 1.482973076045557e-19
1.29354667e+02 1.482460911265631e-19
1.29444000e+02 1.481949276768507e-19
1.29533333e+02 1.481438171639745e-19
1.29622667e+02 1.480927594967114e-19
1.29712000e+02 1.480417545840580e-19
1.29801333e+02 1.479908023352303e-19
1.29890667e+02 1.479399026596628e-19
1.29980000e+02 1.478890554670079e-19
1.30069333e+02 1.478382606671352e-19
1.30158667e+02 1.477875181701309e-19
1.30248000e+02 1.477368278862971e-19
1.30337333e+02 1.476861897261510e-19
1.30426667e+02 1.476356036004244e-19
1.30516000e+02 1.475850694200631e-19
1.30605333e+02 1.475345870962261e-19
1.30694667e+02 1.474841565402847e-19
1.30784000e+02 1.474337776638224e-19
1.30873333e+02 1.473834503786340e-19
1.30962667e+02 1.473331745967248e-19
1.31052000e+02 1.472829502303101e-19
1.31141333e+02 1.472327771918144e-19
1.31230667e+02 1.471826553938711e-19
1.31320000e+02 1.471325847493217e-19
1.31409333e+02 1.470825651712149e-19
1.31498667e+02 1.470325965728062e-19
1.31588000e+02 1.469826788675574e-19
1.31677333e+02 1.469328119691358e-19
1.31766667e+02 1.468829957914133e-19
1.31856000e+02 1.468332302484666e-19
1.31945333e+02 1.467835152545755e-19
1.32034667e+02 1.467338507242232e-19
1.32124000e+02 1.466842365720951e-19
1.32213333e+02 1.466346727130784e-19
1.32302667e+02 1.465851590622618e-19
1.32392000e+02 1.465356955349341e-19
1.32481333e+02 1.464862820465843e-19
1.32570667e+02 1.464369185129007e-19
1.32660000e+02 1.463876048497705e-19
1.32749333e+02 1.463383409732787e-19
1.32838667e+02 1.462891267997083e-19
1.32928000e+02 1.462399622455388e-19
1.33017333e+02 1.461908472274464e-19
1.33106667e+02 1.461417816623030e-19
1.33196000e+02 1.460927654671753e-19
1.33285333e+02 1.460437985593251e-19
1.33374667e+02 1.459948808562080e-19
1.33464000e+02 1.459460122754728e-19
1.33553333e+02 1.458971927349615e-19
1.33642667e+02 1.458484221527079e-19
1.33732000e+02 1.457997004469380e-19
1.33821333e+02 1.457510275360684e-19
1.33910667e+02 1.457024033387066e-19
1.34000000e+02 1.456538277736497e-19
1.34089333e+02 1.456053007598845e-19
-----------------------------
