SPECIES: e / A
PROCESS: E + A -> E + A, Elastic
PARAM.:  m/M = 0.0000195921, complete set
COMMENT: [e + A(gnd) -> e + A(gnd), Elastic]
UPDATED: 2018-06-05 11:00:00
COLUMNS: Energy (eV) | Cross section (m2)
-----------------------------
0.00000000e+00 1.541423448514319e-17
4.00000000e-02 8.430324772874330e-18
8.00000000e-02 5.961139814504381e-18
1.20000000e-01 4.867250276974966e-18
1.60000000e-01 4.215162386437165e-18
2.00000000e-01 3.770155852909496e-18
2.40000000e-01 3.441665676581100e-18
2.80000000e-01 3.186363260076080e-18
3.20000000e-01 2.980569907252190e-18
3.60000000e-01 2.810108257624777e-18
4.00000000e-01 2.665902769722456e-18
4.40000000e-01 2.541838557496569e-18
4.80000000e-01 2.433625138487483e-18
5.20000000e-01 2.338151402877901e-18
5.60000000e-01 2.253099068523470e-18
6.00000000e-01 2.176700496564141e-18
6.40000000e-01 2.107581193218583e-18
6.80000000e-01 2.044654088048358e-18
7.20000000e-01 1.987046604834794e-18
7.60000000e-01 1.934049144536142e-18
8.00000000e-01 1.885077926454748e-18
8.40000000e-01 1.839647685940858e-18
8.80000000e-01 1.797351280687256e-18
9.20000000e-01 1.757844230326733e-18
9.60000000e-01 1.720832838290550e-18
1.00000000e+00 1.686064954574866e-18
1.04000000e+00 1.653322712415803e-18
1.08000000e+00 1.622416758991655e-18
1.12000000e+00 1.593181630038040e-18
1.16000000e+00 1.565472009641277e-18
1.20000000e+00 1.539159681732629e-18
1.24000000e+00 1.514131027015897e-18
1.28000000e+00 1.490284953626095e-18
1.32000000e+00 1.467531175407214e-18
1.36000000e+00 1.445788770839790e-18
1.40000000e+00 1.424984970107591e-18
1.44000000e+00 1.405054128812389e-18
1.48000000e+00 1.385936855315806e-18
1.52000000e+00 1.367579265249547e-18
1.56000000e+00 1.349932341857657e-18
1.60000000e+00 1.332951384861228e-18
1.64000000e+00 1.316595533722493e-18
1.68000000e+00 1.300827353722921e-18
1.72000000e+00 1.285612475302875e-18
1.76000000e+00 1.270919278748285e-18
1.80000000e+00 1.256718617636499e-18
1.84000000e+00 1.242983575533680e-18
1.88000000e+00 1.229689251319804e-18
1.92000000e+00 1.216812569243741e-18
1.96000000e+00 1.204332110410619e-18
2.00000000e+00 1.192227962900876e-18
2.04000000e+00 1.180481588134388e-18
2.08000000e+00 1.169075701438951e-18
2.12000000e+00 1.157994165072622e-18
2.16000000e+00 1.147221892193700e-18
2.20000000e+00 1.136744760478467e-18
2.24000000e+00 1.126549534261735e-18
2.28000000e+00 1.116623794223907e-18
2.32000000e+00 1.106955873775079e-18
2.36000000e+00 1.097534801395171e-18
2.40000000e+00 1.088350248282070e-18
2.44000000e+00 1.079392480739829e-18
2.48000000e+00 1.070652316807892e-18
2.52000000e+00 1.062121086692027e-18
2.56000000e+00 1.053790596609291e-18
2.60000000e+00 1.045653095704297e-18
2.64000000e+00 1.037701245733106e-18
2.68000000e+00 1.029928093245252e-18
2.72000000e+00 1.022327044024179e-18
2.76000000e+00 1.014891839572570e-18
2.80000000e+00 1.007616535451987e-18
2.84000000e+00 1.000495481306452e-18
2.88000000e+00 9.935233024173968e-19
2.92000000e+00 9.866948826531704e-19
2.96000000e+00 9.800053486901658e-19
3.00000000e+00 9.734500553949932e-19
3.04000000e+00 9.670245722680709e-19
3.08000000e+00 9.607246708587252e-19
3.12000000e+00 9.545463130705859e-19
3.16000000e+00 9.484856402837840e-19
3.20000000e+00 9.425389632273739e-19
3.24000000e+00 9.367027525415924e-19
3.28000000e+00 9.309736299750966e-19
3.32000000e+00 9.253483601673054e-19
3.36000000e+00 9.198238429704290e-19
3.40000000e+00 9.143971062697936e-19
3.44000000e+00 9.090652992646862e-19
3.48000000e+00 9.038256861752156e-19
3.52000000e+00 8.986756403436279e-19
3.56000000e+00 8.936126387011889e-19
3.60000000e+00 8.886342565741521e-19
3.64000000e+00 8.837381628045311e-19
3.68000000e+00 8.789221151633665e-19
3.72000000e+00 8.741839560359926e-19
3.76000000e+00 8.695216083604422e-19
3.80000000e+00 8.649330718016257e-19
3.84000000e+00 8.604164191452750e-19
3.88000000e+00 8.559697928968900e-19
3.92000000e+00 8.515914020720544e-19
3.96000000e+00 8.472795191655231e-19
4.00000000e+00 8.430324772874330e-19
4.04000000e+00 8.388486674558540e-19
4.08000000e+00 8.347265360356908e-19
4.12000000e+00 8.306645823146824e-19
4.16000000e+00 8.266613562079014e-19
4.20000000e+00 8.227154560827886e-19
4.24000000e+00 8.188255266973052e-19
4.28000000e+00 8.149902572443212e-19
4.32000000e+00 8.112083794958275e-19
4.36000000e+00 8.074786660410067e-19
4.40000000e+00 8.037999286126020e-19
4.44000000e+00 8.001710164964041e-19
4.48000000e+00 7.965908150190200e-19
4.52000000e+00 7.930582441094093e-19
4.56000000e+00 7.895722569299766e-19
4.60000000e+00 7.861318385732745e-19
4.64000000e+00 7.827360048206384e-19
4.68000000e+00 7.793838009593002e-19
4.72000000e+00 7.760743006547557e-19
4.76000000e+00 7.728066048753596e-19
4.80000000e+00 7.695798408663145e-19
4.84000000e+00 7.663931611703937e-19
4.88000000e+00 7.632457426929032e-19
4.92000000e+00 7.601367858085402e-19
4.96000000e+00 7.570655135079484e-19
5.00000000e+00 7.540311705818992e-19
5.04000000e+00 7.510330228411569e-19
5.08000000e+00 7.480703563701959e-19
5.12000000e+00 7.451424768130476e-19
5.16000000e+00 7.422487086896562e-19
5.20000000e+00 7.393883947412142e-19
5.24000000e+00 7.365608953030346e-19
5.28000000e+00 7.337655877036072e-19
5.32000000e+00 7.310018656885495e-19
5.36000000e+00 7.282691388682486e-19
5.40000000e+00 7.255668321880468e-19
5.44000000e+00 7.228943854198950e-19
5.48000000e+00 7.202512526744499e-19
5.52000000e+00 7.176369019326538e-19
5.56000000e+00 7.150508145958823e-19
5.60000000e+00 7.124924850537956e-19
5.64000000e+00 7.099614202690783e-19
5.68000000e+00 7.074571393782909e-19
5.72000000e+00 7.049791733081001e-19
5.76000000e+00 7.025270644061943e-19
5.80000000e+00 7.001003660862202e-19
5.84000000e+00 6.976986424861217e-19
5.88000000e+00 6.953214681392808e-19
5.92000000e+00 6.929684276579032e-19
5.96000000e+00 6.906391154281081e-19
6.00000000e+00 6.883331353162199e-19
6.04000000e+00 6.860501003857727e-19
6.08000000e+00 6.837896326247735e-19
6.12000000e+00 6.815513626827859e-19
6.16000000e+00 6.793349296174184e-19
6.20000000e+00 6.771399806498230e-19
6.24000000e+00 6.749661709288286e-19
6.28000000e+00 6.728131633033489e-19
6.32000000e+00 6.706806281027281e-19
6.36000000e+00 6.685682429246942e-19
6.40000000e+00 6.664756924306141e-19
6.44000000e+00 6.644026681477543e-19
6.48000000e+00 6.623488682782645e-19
6.52000000e+00 6.603139975146173e-19
6.56000000e+00 6.582977668612464e-19
6.60000000e+00 6.562998934621398e-19
6.64000000e+00 6.543201004341534e-19
6.68000000e+00 6.523581167058228e-19
6.72000000e+00 6.504136768614604e-19
6.76000000e+00 6.484865209903332e-19
6.80000000e+00 6.465763945407272e-19
6.84000000e+00 6.446830481787139e-19
6.88000000e+00 6.428062376514377e-19
6.92000000e+00 6.409457236547581e-19
6.96000000e+00 6.391012717050793e-19
7.00000000e+00 6.372726520152160e-19
7.04000000e+00 6.354596393741423e-19
7.08000000e+00 6.336620130304841e-19
7.12000000e+00 6.318795565796149e-19
7.16000000e+00 6.301120578542268e-19
7.20000000e+00 6.283593088182493e-19
7.24000000e+00 6.266211054639962e-19
7.28000000e+00 6.248972477124250e-19
7.32000000e+00 6.231875393163983e-19
7.36000000e+00 6.214917877668402e-19
7.40000000e+00 6.198098042016866e-19
7.44000000e+00 6.181414033175331e-19
7.48000000e+00 6.164864032838815e-19
7.52000000e+00 6.148446256599021e-19
7.56000000e+00 6.132158953136195e-19
7.60000000e+00 6.116000403434405e-19
7.64000000e+00 6.099968920019468e-19
7.68000000e+00 6.084062846218707e-19
7.72000000e+00 6.068280555441854e-19
7.76000000e+00 6.052620450482356e-19
7.80000000e+00 6.037080962838412e-19
7.84000000e+00 6.021660552053094e-19
7.88000000e+00 6.006357705072906e-19
7.92000000e+00 5.991170935624187e-19
7.96000000e+00 5.976098783606781e-19
8.00000000e+00 5.961139814504381e-19
8.04000000e+00 5.946292618811044e-19
8.08000000e+00 5.931555811473335e-19
8.12000000e+00 5.916928031347611e-19
8.16000000e+00 5.902407940671940e-19
8.20000000e+00 5.887994224552222e-19
8.24000000e+00 5.873685590462030e-19
8.28000000e+00 5.859480767755778e-19
8.32000000e+00 5.845378507194753e-19
8.36000000e+00 5.831377580485655e-19
8.40000000e+00 5.817476779831230e-19
8.44000000e+00 5.803674917492624e-19
8.48000000e+00 5.789970825363108e-19
8.52000000e+00 5.776363354552842e-19
8.56000000e+00 5.762851374984283e-19
8.60000000e+00 5.749433774997998e-19
8.64000000e+00 5.736109460968500e-19
8.68000000e+00 5.722877356929835e-19
8.72000000e+00 5.709736404210634e-19
8.76000000e+00 5.696685561078343e-19
8.80000000e+00 5.683723802392337e-19
8.84000000e+00 5.670850119265704e-19
8.88000000e+00 5.658063518735401e-19
8.92000000e+00 5.645363023440555e-19
8.96000000e+00 5.632747671308676e-19
9.00000000e+00 5.620216515249554e-19
9.04000000e+00 5.607768622856598e-19
9.08000000e+00 5.595403076115432e-19
9.12000000e+00 5.583118971119534e-19
9.16000000e+00 5.570915417792689e-19
9.20000000e+00 5.558791539618107e-19
9.24000000e+00 5.546746473373995e-19
9.28000000e+00 5.534779368875396e-19
9.32000000e+00 5.522889388722130e-19
9.36000000e+00 5.511075708052677e-19
9.40000000e+00 5.499337514303810e-19
9.44000000e+00 5.487674006975853e-19
9.48000000e+00 5.476084397403372e-19
9.52000000e+00 5.464567908531197e-19
9.56000000e+00 5.453123774695569e-19
9.60000000e+00 5.441751241410352e-19
9.64000000e+00 5.430449565158079e-19
9.68000000e+00 5.419218013185800e-19
9.72000000e+00 5.408055863305518e-19
9.76000000e+00 5.396962403699146e-19
9.80000000e+00 5.385936932727852e-19
9.84000000e+00 5.374978758745650e-19
9.88000000e+00 5.364087199917171e-19
9.92000000e+00 5.353261584039461e-19
9.96000000e+00 5.342501248367724e-19
1.00000000e+01 5.331805539444913e-19
1.00400000e+01 5.321173812935036e-19
1.00800000e+01 5.310605433460133e-19
1.01200000e+01 5.300099774440773e-19
1.01600000e+01 5.289656217940027e-19
1.02000000e+01 5.279274154510803e-19
1.02400000e+01 5.268952983046457e-19
1.02800000e+01 5.258692110634624e-19
1.03200000e+01 5.248490952414143e-19
1.03600000e+01 5.238348931435043e-19
1.04000000e+01 5.228265478521483e-19
1.04400000e+01 5.218240032137590e-19
1.04800000e+01 5.208272038256105e-19
1.05200000e+01 5.198360950229794e-19
1.05600000e+01 5.188506228665530e-19
1.06000000e+01 5.178707341300990e-19
1.06400000e+01 5.168963762883911e-19
1.06800000e+01 5.159274975053831e-19
1.07200000e+01 5.149640466226260e-19
1.07600000e+01 5.140059731479218e-19
1.08000000e+01 5.130532272442097e-19
1.08400000e+01 5.121057597186766e-19
1.08800000e+01 5.111635220120894e-19
1.09200000e+01 5.102264661883413e-19
1.09600000e+01 5.092945449242089e-19
1.10000000e+01 5.083677114993139e-19
1.10400000e+01 5.074459197862850e-19
1.10800000e+01 5.065291242411157e-19
1.11200000e+01 5.056172798937131e-19
1.11600000e+01 5.047103423386322e-19
1.12000000e+01 5.038082677259937e-19
1.12400000e+01 5.029110127525786e-19
1.12800000e+01 5.020185346530977e-19
1.13200000e+01 5.011307911916295e-19
1.13600000e+01 5.002477406532259e-19
1.14000000e+01 4.993693418356786e-19
1.14400000e+01 4.984955540414439e-19
1.14800000e+01 4.976263370697243e-19
1.15200000e+01 4.967616512086984e-19
1.15600000e+01 4.959014572279018e-19
1.16000000e+01 4.950457163707508e-19
1.16400000e+01 4.941943903472076e-19
1.16800000e+01 4.933474413265852e-19
1.17200000e+01 4.925048319304856e-19
1.17600000e+01 4.916665252258714e-19
1.18000000e+01 4.908324847182665e-19
1.18400000e+01 4.900026743450829e-19
1.18800000e+01 4.891770584690715e-19
1.19200000e+01 4.883556018718941e-19
1.19600000e+01 4.875382697478127e-19
1.20000000e+01 4.867250276974966e-19
1.20400000e+01 4.859158417219396e-19
1.20800000e+01 4.851106782164916e-19
1.21200000e+01 4.843095039649962e-19
1.21600000e+01 4.835122861340355e-19
1.22000000e+01 4.827189922672782e-19
1.22400000e+01 4.819295902799300e-19
1.22800000e+01 4.811440484532831e-19
1.23200000e+01 4.803623354293626e-19
1.23600000e+01 4.795844202056699e-19
1.24000000e+01 4.788102721300175e-19
1.24400000e+01 4.780398608954565e-19
1.24800000e+01 4.772731565352929e-19
1.25200000e+01 4.765101294181926e-19
1.25600000e+01 4.757507502433700e-19
1.26000000e+01 4.749949900358637e-19
1.26400000e+01 4.742428201418920e-19
1.26800000e+01 4.734942122242901e-19
1.27200000e+01 4.727491382580262e-19
1.27600000e+01 4.720075705257951e-19
1.28000000e+01 4.712694816136870e-19
1.28400000e+01 4.705348444069312e-19
1.28800000e+01 4.698036320857124e-19
1.29200000e+01 4.690758181210582e-19
1.29600000e+01 4.683513762707962e-19
1.30000000e+01 4.676302805755802e-19
1.30400000e+01 4.669125053549830e-19
1.30800000e+01 4.661980252036551e-19
1.31200000e+01 4.654868149875483e-19
1.31600000e+01 4.647788498402009e-19
1.32000000e+01 4.640741051590877e-19
1.32400000e+01 4.633725566020275e-19
1.32800000e+01 4.626741800836527e-19
1.33200000e+01 4.619789517719353e-19
1.33600000e+01 4.612868480847725e-19
1.34000000e+01 4.605978456866251e-19
1.34400000e+01 4.599119214852145e-19
1.34800000e+01 4.592290526282712e-19
1.35200000e+01 4.585492165003370e-19
1.35600000e+01 4.578723907196194e-19
1.36000000e+01 4.571985531348968e-19
1.36400000e+01 4.565276818224732e-19
1.36800000e+01 4.558597550831823e-19
1.37200000e+01 4.551947514394400e-19
1.37600000e+01 4.545326496323431e-19
1.38000000e+01 4.538734286188155e-19
1.38400000e+01 4.532170675687985e-19
1.38800000e+01 4.525635458624868e-19
1.39200000e+01 4.519128430876078e-19
1.39600000e+01 4.512649390367433e-19
1.40000000e+01 4.506198137046942e-19
1.40400000e+01 4.499774472858857e-19
1.40800000e+01 4.493378201718140e-19
1.41200000e+01 4.487009129485319e-19
1.41600000e+01 4.480667063941738e-19
1.42000000e+01 4.474351814765193e-19
1.42400000e+01 4.468063193505944e-19
1.42800000e+01 4.461801013563096e-19
1.43200000e+01 4.455565090161340e-19
1.43600000e+01 4.449355240328054e-19
1.44000000e+01 4.443171282870761e-19
1.44400000e+01 4.437013038354911e-19
1.44800000e+01 4.430880329082025e-19
1.45200000e+01 4.424772979068151e-19
1.45600000e+01 4.418690814022656e-19
1.46000000e+01 4.412633661327335e-19
1.46400000e+01 4.406601350015835e-19
1.46800000e+01 4.400593710753385e-19
1.47200000e+01 4.394610575816833e-19
1.47600000e+01 4.388651779074976e-19
1.48000000e+01 4.382717155969189e-19
1.48400000e+01 4.376806543494336e-19
1.48800000e+01 4.370919780179963e-19
1.49200000e+01 4.365056706071772e-19
1.49600000e+01 4.359217162713373e-19
1.50000000e+01 4.353400993128281e-19
1.50400000e+01 4.347608041802211e-19
1.50800000e+01 4.341838154665599e-19
1.51200000e+01 4.336091179076403e-19
1.51600000e+01 4.330366963803129e-19
1.52000000e+01 4.324665359008128e-19
1.52400000e+01 4.318986216231119e-19
1.52800000e+01 4.313329388372947e-19
1.53200000e+01 4.307694729679589e-19
1.53600000e+01 4.302082095726375e-19
1.54000000e+01 4.296491343402441e-19
1.54400000e+01 4.290922330895404e-19
1.54800000e+01 4.285374917676252e-19
1.55200000e+01 4.279848964484450e-19
1.55600000e+01 4.274344333313258e-19
1.56000000e+01 4.268860887395253e-19
1.56400000e+01 4.263398491188058e-19
1.56800000e+01 4.257957010360272e-19
1.57200000e+01 4.252536311777588e-19
1.57600000e+01 4.247136263489120e-19
1.58000000e+01 4.241756734713908e-19
1.58400000e+01 4.236397595827616e-19
1.58800000e+01 4.231058718349412e-19
1.59200000e+01 4.225739974929034e-19
1.59600000e+01 4.220441239334027e-19
1.60000000e+01 4.215162386437165e-19
1.60400000e+01 4.209903292204037e-19
1.60800000e+01 4.204663833680803e-19
1.61200000e+01 4.199443888982128e-19
1.61600000e+01 4.194243337279270e-19
1.62000000e+01 4.189062058788329e-19
1.62400000e+01 4.183899934758665e-19
1.62800000e+01 4.178756847461462e-19
1.63200000e+01 4.173632680178454e-19
1.63600000e+01 4.168527317190800e-19
1.64000000e+01 4.163440643768103e-19
1.64400000e+01 4.158372546157587e-19
1.64800000e+01 4.153322911573412e-19
1.65200000e+01 4.148291628186125e-19
1.65600000e+01 4.143278585112268e-19
1.66000000e+01 4.138283672404107e-19
1.66400000e+01 4.133306781039507e-19
1.66800000e+01 4.128347802911938e-19
1.67200000e+01 4.123406630820609e-19
1.67600000e+01 4.118483158460738e-19
1.68000000e+01 4.113577280413943e-19
1.68400000e+01 4.108688892138765e-19
1.68800000e+01 4.103817889961311e-19
1.69200000e+01 4.098964171066013e-19
1.69600000e+01 4.094127633486526e-19
1.70000000e+01 4.089308176096715e-19
1.70400000e+01 4.084505698601787e-19
1.70800000e+01 4.079720101529520e-19
1.71200000e+01 4.074951286221606e-19
1.71600000e+01 4.070199154825114e-19
1.72000000e+01 4.065463610284056e-19
1.72400000e+01 4.060744556331057e-19
1.72800000e+01 4.056041897479138e-19
1.73200000e+01 4.051355539013606e-19
1.73600000e+01 4.046685386984032e-19
1.74000000e+01 4.042031348196348e-19
1.74400000e+01 4.037393330205034e-19
1.74800000e+01 4.032771241305403e-19
1.75200000e+01 4.028164990525988e-19
1.75600000e+01 4.023574487621022e-19
1.76000000e+01 4.018999643063010e-19
1.76400000e+01 4.014440368035395e-19
1.76800000e+01 4.009896574425322e-19
1.77200000e+01 4.005368174816474e-19
1.77600000e+01 4.000855082482021e-19
1.78000000e+01 3.996357211377635e-19
1.78400000e+01 3.991874476134607e-19
1.78800000e+01 3.987406792053033e-19
1.79200000e+01 3.982954075095100e-19
1.79600000e+01 3.978516241878442e-19
1.80000000e+01 3.974093209669587e-19
1.80400000e+01 3.969684896377471e-19
1.80800000e+01 3.965291220547047e-19
1.81200000e+01 3.960912101352956e-19
1.81600000e+01 3.956547458593290e-19
1.82000000e+01 3.952197212683416e-19
1.82400000e+01 3.947861284649883e-19
1.82800000e+01 3.943539596124403e-19
1.83200000e+01 3.939232069337898e-19
1.83600000e+01 3.934938627114626e-19
1.84000000e+01 3.930659192866373e-19
1.84400000e+01 3.926393690586707e-19
1.84800000e+01 3.922142044845320e-19
1.85200000e+01 3.917904180782419e-19
1.85600000e+01 3.913680024103192e-19
1.86000000e+01 3.909469501072334e-19
1.86400000e+01 3.905272538508644e-19
1.86800000e+01 3.901089063779686e-19
1.87200000e+01 3.896919004796501e-19
1.87600000e+01 3.892762290008399e-19
1.88000000e+01 3.888618848397796e-19
1.88400000e+01 3.884488609475121e-19
1.88800000e+01 3.880371503273779e-19
1.89200000e+01 3.876267460345169e-19
1.89600000e+01 3.872176411753773e-19
1.90000000e+01 3.868098289072283e-19
1.90400000e+01 3.864033024376798e-19
1.90800000e+01 3.859980550242073e-19
1.91200000e+01 3.855940799736820e-19
1.91600000e+01 3.851913706419069e-19
1.92000000e+01 3.847899204331573e-19
1.92400000e+01 3.843897227997273e-19
1.92800000e+01 3.839907712414816e-19
1.93200000e+01 3.835930593054115e-19
1.93600000e+01 3.831965805851968e-19
1.94000000e+01 3.828013287207725e-19
1.94400000e+01 3.824072973979000e-19
1.94800000e+01 3.820144803477436e-19
1.95200000e+01 3.816228713464516e-19
1.95600000e+01 3.812324642147422e-19
1.96000000e+01 3.808432528174937e-19
1.96400000e+01 3.804552310633402e-19
1.96800000e+01 3.800683929042701e-19
1.97200000e+01 3.796827323352314e-19
1.97600000e+01 3.792982433937392e-19
1.98000000e+01 3.789149201594891e-19
1.98400000e+01 3.785327567539742e-19
1.98800000e+01 3.781517473401062e-19
1.99200000e+01 3.777718861218414e-19
1.99600000e+01 3.773931673438098e-19
2.00000000e+01 3.770155852909496e-19
2.00400000e+01 3.766391342881441e-19
2.00800000e+01 3.762638086998642e-19
2.01200000e+01 3.758896029298135e-19
2.01600000e+01 3.755165114205785e-19
2.02000000e+01 3.751445286532810e-19
2.02400000e+01 3.747736491472362e-19
2.02800000e+01 3.744038674596127e-19
2.03200000e+01 3.740351781850979e-19
2.03600000e+01 3.736675759555652e-19
2.04000000e+01 3.733010554397466e-19
2.04400000e+01 3.729356113429069e-19
2.04800000e+01 3.725712384065238e-19
2.05200000e+01 3.722079314079689e-19
2.05600000e+01 3.718456851601940e-19
2.06000000e+01 3.714844945114199e-19
2.06400000e+01 3.711243543448281e-19
2.06800000e+01 3.707652595782577e-19
2.07200000e+01 3.704072051639024e-19
2.07600000e+01 3.700501860880141e-19
2.08000000e+01 3.696941973706071e-19
2.08400000e+01 3.693392340651665e-19
2.08800000e+01 3.689852912583598e-19
2.09200000e+01 3.686323640697507e-19
2.09600000e+01 3.682804476515173e-19
2.10000000e+01 3.679295371881716e-19
2.10400000e+01 3.675796278962832e-19
2.10800000e+01 3.672307150242053e-19
2.11200000e+01 3.668827938518036e-19
2.11600000e+01 3.665358596901883e-19
2.12000000e+01 3.661899078814487e-19
2.12400000e+01 3.658449337983902e-19
2.12800000e+01 3.655009328442747e-19
2.13200000e+01 3.651579004525635e-19
2.13600000e+01 3.648158320866620e-19
2.14000000e+01 3.644747232396686e-19
2.14400000e+01 3.641345694341243e-19
2.14800000e+01 3.637953662217669e-19
2.15200000e+01 3.634571091832860e-19
2.15600000e+01 3.631197939280813e-19
2.16000000e+01 3.627834160940234e-19
2.16400000e+01 3.624479713472167e-19
2.16800000e+01 3.621134553817650e-19
2.17200000e+01 3.617798639195391e-19
2.17600000e+01 3.614471927099475e-19
2.18000000e+01 3.611154375297084e-19
2.18400000e+01 3.607845941826249e-19
2.18800000e+01 3.604546584993617e-19
2.19200000e+01 3.601256263372249e-19
2.19600000e+01 3.597974935799431e-19
2.20000000e+01 3.594702561374513e-19
2.20400000e+01 3.591439099456767e-19
2.20800000e+01 3.588184509663269e-19
2.21200000e+01 3.584938751866799e-19
2.21600000e+01 3.581701786193762e-19
2.22000000e+01 3.578473573022131e-19
2.22400000e+01 3.575254072979411e-19
2.22800000e+01 3.572043246940624e-19
2.23200000e+01 3.568841056026307e-19
2.23600000e+01 3.565647461600538e-19
2.24000000e+01 3.562462425268978e-19
2.24400000e+01 3.559285908876931e-19
2.24800000e+01 3.556117874507427e-19
2.25200000e+01 3.552958284479316e-19
2.25600000e+01 3.549807101345392e-19
2.26000000e+01 3.546664287890523e-19
2.26400000e+01 3.543529807129810e-19
2.26800000e+01 3.540403622306755e-19
2.27200000e+01 3.537285696891454e-19
2.27600000e+01 3.534175994578800e-19
2.28000000e+01 3.531074479286714e-19
2.28400000e+01 3.527981115154378e-19
2.28800000e+01 3.524895866540501e-19
2.29200000e+01 3.521818698021591e-19
2.29600000e+01 3.518749574390247e-19
2.30000000e+01 3.515688460653466e-19
2.30400000e+01 3.512635322030971e-19
2.30800000e+01 3.509590123953548e-19
2.31200000e+01 3.506552832061400e-19
2.31600000e+01 3.503523412202526e-19
2.32000000e+01 3.500501830431101e-19
2.32400000e+01 3.497488053005882e-19
2.32800000e+01 3.494482046388622e-19
2.33200000e+01 3.491483777242510e-19
2.33600000e+01 3.488493212430608e-19
2.34000000e+01 3.485510319014322e-19
2.34400000e+01 3.482535064251873e-19
2.34800000e+01 3.479567415596787e-19
2.35200000e+01 3.476607340696404e-19
2.35600000e+01 3.473654807390394e-19
2.36000000e+01 3.470709783709287e-19
2.36400000e+01 3.467772237873024e-19
2.36800000e+01 3.464842138289516e-19
2.37200000e+01 3.461919453553210e-19
2.37600000e+01 3.459004152443687e-19
2.38000000e+01 3.456096203924249e-19
2.38400000e+01 3.453195577140541e-19
2.38800000e+01 3.450302241419171e-19
2.39200000e+01 3.447416166266347e-19
2.39600000e+01 3.444537321366531e-19
2.40000000e+01 3.441665676581099e-19
2.40400000e+01 3.438801201947018e-19
2.40800000e+01 3.435943867675526e-19
2.41200000e+01 3.433093644150840e-19
2.41600000e+01 3.430250501928863e-19
2.42000000e+01 3.427414411735905e-19
2.42400000e+01 3.424585344467419e-19
2.42800000e+01 3.421763271186745e-19
2.43200000e+01 3.418948163123868e-19
2.43600000e+01 3.416139991674185e-19
2.44000000e+01 3.413338728397290e-19
2.44400000e+01 3.410544345015752e-19
2.44800000e+01 3.407756813413929e-19
2.45200000e+01 3.404976105636773e-19
2.45600000e+01 3.402202193888652e-19
2.46000000e+01 3.399435050532186e-19
2.46400000e+01 3.396674648087092e-19
2.46800000e+01 3.393920959229031e-19
2.47200000e+01 3.391173956788479e-19
2.47600000e+01 3.388433613749596e-19
2.48000000e+01 3.385699903249115e-19
2.48400000e+01 3.382972798575233e-19
2.48800000e+01 3.380252273166512e-19
2.49200000e+01 3.377538300610799e-19
2.49600000e+01 3.374830854644143e-19
2.50000000e+01 3.372129909149733e-19
2.50400000e+01 3.369435438156834e-19
2.50800000e+01 3.366747415839742e-19
2.51200000e+01 3.364065816516745e-19
2.51600000e+01 3.361390614649088e-19
2.52000000e+01 3.358721784839958e-19
2.52400000e+01 3.356059301833465e-19
2.52800000e+01 3.353403140513640e-19
2.53200000e+01 3.350753275903445e-19
2.53600000e+01 3.348109683163779e-19
2.54000000e+01 3.345472337592502e-19
2.54400000e+01 3.342841214623471e-19
2.54800000e+01 3.340216289825573e-19
2.55200000e+01 3.337597538901773e-19
2.55600000e+01 3.334984937688173e-19
2.56000000e+01 3.332378462153070e-19
2.56400000e+01 3.329778088396034e-19
2.56800000e+01 3.327183792646981e-19
2.57200000e+01 3.324595551265265e-19
2.57600000e+01 3.322013340738771e-19
2.58000000e+01 3.319437137683021e-19
2.58400000e+01 3.316866918840278e-19
2.58800000e+01 3.314302661078674e-19
2.59200000e+01 3.311744341391322e-19
2.59600000e+01 3.309191936895467e-19
2.60000000e+01 3.306645424831606e-19
2.60400000e+01 3.304104782562653e-19
2.60800000e+01 3.301569987573087e-19
2.61200000e+01 3.299041017468107e-19
2.61600000e+01 3.296517849972816e-19
2.62000000e+01 3.294000462931381e-19
2.62400000e+01 3.291488834306232e-19
2.62800000e+01 3.288982942177235e-19
2.63200000e+01 3.286482764740902e-19
2.63600000e+01 3.283988280309587e-19
2.64000000e+01 3.281499467310699e-19
2.64400000e+01 3.279016304285916e-19
2.64800000e+01 3.276538769890410e-19
2.65200000e+01 3.274066842892076e-19
2.65600000e+01 3.271600502170767e-19
2.66000000e+01 3.269139726717536e-19
2.66400000e+01 3.266684495633885e-19
2.66800000e+01 3.264234788131021e-19
2.67200000e+01 3.261790583529114e-19
2.67600000e+01 3.259351861256564e-19
2.68000000e+01 3.256918600849276e-19
2.68400000e+01 3.254490781949937e-19
2.68800000e+01 3.252068384307302e-19
2.69200000e+01 3.249651387775482e-19
2.69600000e+01 3.247239772313245e-19
2.70000000e+01 3.244833517983310e-19
2.70400000e+01 3.242432604951666e-19
2.70800000e+01 3.240037013486874e-19
2.71200000e+01 3.237646723959393e-19
2.71600000e+01 3.235261716840904e-19
2.72000000e+01 3.232881972703636e-19
2.72400000e+01 3.230507472219705e-19
2.72800000e+01 3.228138196160453e-19
2.73200000e+01 3.225774125395795e-19
2.73600000e+01 3.223415240893569e-19
2.74000000e+01 3.221061523718894e-19
2.74400000e+01 3.218712955033529e-19
2.74800000e+01 3.216369516095245e-19
2.75200000e+01 3.214031188257189e-19
2.75600000e+01 3.211697952967269e-19
2.76000000e+01 3.209369791767528e-19
2.76400000e+01 3.207046686293540e-19
2.76800000e+01 3.204728618273791e-19
2.77200000e+01 3.202415569529083e-19
2.77600000e+01 3.200107521971935e-19
2.78000000e+01 3.197804457605983e-19
2.78400000e+01 3.195506358525396e-19
2.78800000e+01 3.193213206914292e-19
2.79200000e+01 3.190924985046152e-19
2.79600000e+01 3.188641675283249e-19
2.80000000e+01 3.186363260076080e-19
2.80400000e+01 3.184089721962791e-19
2.80800000e+01 3.181821043568620e-19
2.81200000e+01 3.179557207605343e-19
2.81600000e+01 3.177298196870711e-19
2.82000000e+01 3.175043994247913e-19
2.82400000e+01 3.172794582705017e-19
2.82800000e+01 3.170549945294443e-19
2.83200000e+01 3.168310065152420e-19
2.83600000e+01 3.166074925498455e-19
2.84000000e+01 3.163844509634803e-19
2.84400000e+01 3.161618800945947e-19
2.84800000e+01 3.159397782898075e-19
2.85200000e+01 3.157181439038565e-19
2.85600000e+01 3.154969752995477e-19
2.86000000e+01 3.152762708477034e-19
2.86400000e+01 3.150560289271134e-19
2.86800000e+01 3.148362479244835e-19
2.87200000e+01 3.146169262343868e-19
2.87600000e+01 3.143980622592140e-19
2.88000000e+01 3.141796544091247e-19
2.88400000e+01 3.139617011019988e-19
2.88800000e+01 3.137442007633885e-19
2.89200000e+01 3.135271518264703e-19
2.89600000e+01 3.133105527319981e-19
2.90000000e+01 3.130944019282553e-19
2.90400000e+01 3.128786978710090e-19
2.90800000e+01 3.126634390234632e-19
2.91200000e+01 3.124486238562125e-19
2.91600000e+01 3.122342508471975e-19
2.92000000e+01 3.120203184816582e-19
2.92400000e+01 3.118068252520901e-19
2.92800000e+01 3.115937696581992e-19
2.93200000e+01 3.113811502068574e-19
2.93600000e+01 3.111689654120591e-19
2.94000000e+01 3.109572137948772e-19
2.94400000e+01 3.107458938834201e-19
2.94800000e+01 3.105350042127882e-19
2.95200000e+01 3.103245433250322e-19
2.95600000e+01 3.101145097691095e-19
2.96000000e+01 3.099049021008433e-19
2.96400000e+01 3.096957188828805e-19
2.96800000e+01 3.094869586846499e-19
2.97200000e+01 3.092786200823217e-19
2.97600000e+01 3.090707016587666e-19
2.98000000e+01 3.088632020035147e-19
2.98400000e+01 3.086561197127164e-19
2.98800000e+01 3.084494533891018e-19
2.99200000e+01 3.082432016419407e-19
2.99600000e+01 3.080373630870044e-19
3.00000000e+01 3.078319363465258e-19
3.00400000e+01 3.076269200491611e-19
3.00800000e+01 3.074223128299510e-19
3.01200000e+01 3.072181133302831e-19
3.01600000e+01 3.070143201978532e-19
3.02000000e+01 3.068109320866285e-19
3.02400000e+01 3.066079476568097e-19
3.02800000e+01 3.064053655747942e-19
3.03200000e+01 3.062031845131393e-19
3.03600000e+01 3.060014031505255e-19
3.04000000e+01 3.058000201717203e-19
3.04400000e+01 3.055990342675422e-19
3.04800000e+01 3.053984441348252e-19
3.05200000e+01 3.051982484763829e-19
3.05600000e+01 3.049984460009734e-19
3.06000000e+01 3.047990354232645e-19
3.06400000e+01 3.046000154637990e-19
3.06800000e+01 3.044013848489595e-19
3.07200000e+01 3.042031423109354e-19
3.07600000e+01 3.040052865876878e-19
3.08000000e+01 3.038078164229166e-19
3.08400000e+01 3.036107305660261e-19
3.08800000e+01 3.034140277720927e-19
3.09200000e+01 3.032177068018312e-19
3.09600000e+01 3.030217664215621e-19
3.10000000e+01 3.028262054031793e-19
3.10400000e+01 3.026310225241178e-19
3.10800000e+01 3.024362165673210e-19
3.11200000e+01 3.022417863212097e-19
3.11600000e+01 3.020477305796496e-19
3.12000000e+01 3.018540481419206e-19
3.12400000e+01 3.016607378126851e-19
3.12800000e+01 3.014677984019571e-19
3.13200000e+01 3.012752287250719e-19
3.13600000e+01 3.010830276026547e-19
3.14000000e+01 3.008911938605911e-19
3.14400000e+01 3.006997263299963e-19
3.14800000e+01 3.005086238471858e-19
3.15200000e+01 3.003178852536453e-19
3.15600000e+01 3.001275093960011e-19
3.16000000e+01 2.999374951259911e-19
3.16400000e+01 2.997478413004360e-19
3.16800000e+01 2.995585467812093e-19
3.17200000e+01 2.993696104352101e-19
3.17600000e+01 2.991810311343332e-19
3.18000000e+01 2.989928077554418e-19
3.18400000e+01 2.988049391803391e-19
3.18800000e+01 2.986174242957402e-19
3.19200000e+01 2.984302619932447e-19
3.19600000e+01 2.982434511693090e-19
3.20000000e+01 2.980569907252190e-19
3.20400000e+01 2.978708795670630e-19
3.20800000e+01 2.976851166057046e-19
3.21200000e+01 2.974997007567562e-19
3.21600000e+01 2.973146309405522e-19
3.22000000e+01 2.971299060821225e-19
3.22400000e+01 2.969455251111670e-19
3.22800000e+01 2.967614869620282e-19
3.23200000e+01 2.965777905736668e-19
3.23600000e+01 2.963944348896347e-19
3.24000000e+01 2.962114188580507e-19
3.24400000e+01 2.960287414315742e-19
3.24800000e+01 2.958464015673806e-19
3.25200000e+01 2.956643982271358e-19
3.25600000e+01 2.954827303769719e-19
3.26000000e+01 2.953013969874622e-19
3.26400000e+01 2.951203970335970e-19
3.26800000e+01 2.949397294947587e-19
3.27200000e+01 2.947593933546981e-19
3.27600000e+01 2.945793876015103e-19
3.28000000e+01 2.943997112276111e-19
3.28400000e+01 2.942203632297124e-19
3.28800000e+01 2.940413426088000e-19
3.29200000e+01 2.938626483701090e-19
3.29600000e+01 2.936842795231015e-19
3.30000000e+01 2.935062350814428e-19
3.30400000e+01 2.933285140629793e-19
3.30800000e+01 2.931511154897149e-19
3.31200000e+01 2.929740383877889e-19
3.31600000e+01 2.927972817874535e-19
3.32000000e+01 2.926208447230513e-19
3.32400000e+01 2.924447262329935e-19
3.32800000e+01 2.922689253597376e-19
3.33200000e+01 2.920934411497654e-19
3.33600000e+01 2.919182726535616e-19
3.34000000e+01 2.917434189255922e-19
3.34400000e+01 2.915688790242827e-19
3.34800000e+01 2.913946520119975e-19
3.35200000e+01 2.912207369550178e-19
3.35600000e+01 2.910471329235214e-19
3.36000000e+01 2.908738389915615e-19
3.36400000e+01 2.907008542370459e-19
3.36800000e+01 2.905281777417164e-19
3.37200000e+01 2.903558085911286e-19
3.37600000e+01 2.901837458746312e-19
3.38000000e+01 2.900119886853459e-19
3.38400000e+01 2.898405361201474e-19
3.38800000e+01 2.896693872796436e-19
3.39200000e+01 2.894985412681554e-19
3.39600000e+01 2.893279971936974e-19
3.40000000e+01 2.891577541679580e-19
3.40400000e+01 2.889878113062801e-19
3.40800000e+01 2.888181677276421e-19
3.41200000e+01 2.886488225546381e-19
3.41600000e+01 2.884797749134594e-19
3.42000000e+01 2.883110239338752e-19
3.42400000e+01 2.881425687492142e-19
3.42800000e+01 2.879744084963452e-19
3.43200000e+01 2.878065423156593e-19
3.43600000e+01 2.876389693510510e-19
3.44000000e+01 2.874716887498999e-19
3.44400000e+01 2.873046996630528e-19
3.44800000e+01 2.871380012448048e-19
3.45200000e+01 2.869715926528824e-19
3.45600000e+01 2.868054730484250e-19
3.46000000e+01 2.866396415959669e-19
3.46400000e+01 2.864740974634201e-19
3.46800000e+01 2.863088398220568e-19
3.47200000e+01 2.861438678464918e-19
3.47600000e+01 2.859791807146648e-19
3.48000000e+01 2.858147776078241e-19
3.48400000e+01 2.856506577105087e-19
3.48800000e+01 2.854868202105317e-19
3.49200000e+01 2.853232642989634e-19
3.49600000e+01 2.851599891701141e-19
3.50000000e+01 2.849969940215182e-19
3.50400000e+01 2.848342780539171e-19
3.50800000e+01 2.846718404712427e-19
3.51200000e+01 2.845096804806013e-19
3.51600000e+01 2.843477972922573e-19
3.52000000e+01 2.841861901196168e-19
3.52400000e+01 2.840248581792120e-19
3.52800000e+01 2.838638006906848e-19
3.53200000e+01 2.837030168767711e-19
3.53600000e+01 2.835425059632852e-19
3.54000000e+01 2.833822671791040e-19
3.54400000e+01 2.832222997561514e-19
3.54800000e+01 2.830626029293828e-19
3.55200000e+01 2.829031759367700e-19
3.55600000e+01 2.827440180192859e-19
3.56000000e+01 2.825851284208887e-19
3.56400000e+01 2.824265063885077e-19
3.56800000e+01 2.822681511720277e-19
3.57200000e+01 2.821100620242745e-19
3.57600000e+01 2.819522382009998e-19
3.58000000e+01 2.817946789608663e-19
3.58400000e+01 2.816373835654338e-19
3.58800000e+01 2.814803512791441e-19
3.59200000e+01 2.813235813693065e-19
3.59600000e+01 2.811670731060838e-19
3.60000000e+01 2.810108257624777e-19
3.60400000e+01 2.808548386143149e-19
3.60800000e+01 2.806991109402327e-19
3.61200000e+01 2.805436420216654e-19
3.61600000e+01 2.803884311428299e-19
3.62000000e+01 2.802334775907121e-19
3.62400000e+01 2.800787806550533e-19
3.62800000e+01 2.799243396283363e-19
3.63200000e+01 2.797701538057716e-19
3.63600000e+01 2.796162224852846e-19
3.64000000e+01 2.794625449675015e-19
3.64400000e+01 2.793091205557361e-19
3.64800000e+01 2.791559485559767e-19
3.65200000e+01 2.790030282768729e-19
3.65600000e+01 2.788503590297224e-19
3.66000000e+01 2.786979401284579e-19
3.66400000e+01 2.785457708896344e-19
3.66800000e+01 2.783938506324161e-19
3.67200000e+01 2.782421786785636e-19
3.67600000e+01 2.780907543524215e-19
3.68000000e+01 2.779395769809054e-19
3.68400000e+01 2.777886458934893e-19
3.68800000e+01 2.776379604221935e-19
3.69200000e+01 2.774875199015720e-19
3.69600000e+01 2.773373236686998e-19
3.70000000e+01 2.771873710631613e-19
3.70400000e+01 2.770376614270374e-19
3.70800000e+01 2.768881941048941e-19
3.71200000e+01 2.767389684437698e-19
3.71600000e+01 2.765899837931636e-19
3.72000000e+01 2.764412395050236e-19
3.72400000e+01 2.762927349337345e-19
3.72800000e+01 2.761444694361065e-19
3.73200000e+01 2.759964423713631e-19
3.73600000e+01 2.758486531011296e-19
3.74000000e+01 2.757011009894217e-19
3.74400000e+01 2.755537854026338e-19
3.74800000e+01 2.754067057095278e-19
3.75200000e+01 2.752598612812213e-19
3.75600000e+01 2.751132514911769e-19
3.76000000e+01 2.749668757151905e-19
3.76400000e+01 2.748207333313804e-19
3.76800000e+01 2.746748237201761e-19
3.77200000e+01 2.745291462643072e-19
3.77600000e+01 2.743837003487926e-19
3.78000000e+01 2.742384853609295e-19
3.78400000e+01 2.740935006902826e-19
3.78800000e+01 2.739487457286732e-19
3.79200000e+01 2.738042198701686e-19
3.79600000e+01 2.736599225110716e-19
3.80000000e+01 2.735158530499094e-19
3.80400000e+01 2.733720108874236e-19
3.80800000e+01 2.732283954265598e-19
3.81200000e+01 2.730850060724564e-19
3.81600000e+01 2.729418422324351e-19
3.82000000e+01 2.727989033159902e-19
3.82400000e+01 2.726561887347785e-19
3.82800000e+01 2.725136979026090e-19
3.83200000e+01 2.723714302354331e-19
3.83600000e+01 2.722293851513342e-19
3.84000000e+01 2.720875620705176e-19
3.84400000e+01 2.719459604153010e-19
3.84800000e+01 2.718045796101044e-19
3.85200000e+01 2.716634190814404e-19
3.85600000e+01 2.715224782579040e-19
3.86000000e+01 2.713817565701634e-19
3.86400000e+01 2.712412534509500e-19
3.86800000e+01 2.711009683350491e-19
3.87200000e+01 2.709609006592900e-19
3.87600000e+01 2.708210498625369e-19
3.88000000e+01 2.706814153856790e-19
3.88400000e+01 2.705419966716214e-19
3.88800000e+01 2.704027931652759e-19
3.89200000e+01 2.702638043135513e-19
3.89600000e+01 2.701250295653446e-19
3.90000000e+01 2.699864683715314e-19
3.90400000e+01 2.698481201849573e-19
3.90800000e+01 2.697099844604283e-19
3.91200000e+01 2.695720606547020e-19
3.91600000e+01 2.694343482264788e-19
3.92000000e+01 2.692968466363926e-19
3.92400000e+01 2.691595553470022e-19
3.92800000e+01 2.690224738227826e-19
3.93200000e+01 2.688856015301159e-19
3.93600000e+01 2.687489379372825e-19
3.94000000e+01 2.686124825144529e-19
3.94400000e+01 2.684762347336790e-19
3.94800000e+01 2.683401940688847e-19
3.95200000e+01 2.682043599958585e-19
3.95600000e+01 2.680687319922446e-19
3.96000000e+01 2.679333095375340e-19
3.96400000e+01 2.677980921130567e-19
3.96800000e+01 2.676630792019731e-19
3.97200000e+01 2.675282702892657e-19
3.97600000e+01 2.673936648617311e-19
3.98000000e+01 2.672592624079714e-19
3.98400000e+01 2.671250624183862e-19
3.98800000e+01 2.669910643851647e-19
3.99200000e+01 2.668572678022775e-19
3.99600000e+01 2.667236721654680e-19
4.00000000e+01 2.665902769722457e-19
4.00400000e+01 2.664570817218768e-19
4.00800000e+01 2.663240859153774e-19
4.01200000e+01 2.661912890555053e-19
4.01600000e+01 2.660586906467518e-19
4.02000000e+01 2.659262901953347e-19
4.02400000e+01 2.657940872091899e-19
4.02800000e+01 2.656620811979640e-19
4.03200000e+01 2.655302716730066e-19
4.03600000e+01 2.653986581473630e-19
4.04000000e+01 2.652672401357661e-19
4.04400000e+01 2.651360171546292e-19
4.04800000e+01 2.650049887220387e-19
4.05200000e+01 2.648741543577462e-19
4.05600000e+01 2.647435135831616e-19
4.06000000e+01 2.646130659213453e-19
4.06400000e+01 2.644828108970014e-19
4.06800000e+01 2.643527480364698e-19
4.07200000e+01 2.642228768677195e-19
4.07600000e+01 2.640931969203413e-19
4.08000000e+01 2.639637077255401e-19
4.08400000e+01 2.638344088161288e-19
4.08800000e+01 2.637052997265202e-19
4.09200000e+01 2.635763799927207e-19
4.09600000e+01 2.634476491523228e-19
4.10000000e+01 2.633191067444985e-19
4.10400000e+01 2.631907523099922e-19
4.10800000e+01 2.630625853911135e-19
4.11200000e+01 2.629346055317312e-19
4.11600000e+01 2.628068122772655e-19
4.12000000e+01 2.626792051746818e-19
4.12400000e+01 2.625517837724839e-19
4.12800000e+01 2.624245476207071e-19
4.13200000e+01 2.622974962709118e-19
4.13600000e+01 2.621706292761766e-19
4.14000000e+01 2.620439461910915e-19
4.14400000e+01 2.619174465717522e-19
4.14800000e+01 2.617911299757525e-19
4.15200000e+01 2.616649959621786e-19
4.15600000e+01 2.615390440916022e-19
4.16000000e+01 2.614132739260742e-19
4.16400000e+01 2.612876850291183e-19
4.16800000e+01 2.611622769657248e-19
4.17200000e+01 2.610370493023437e-19
4.17600000e+01 2.609120016068795e-19
4.18000000e+01 2.607871334486836e-19
4.18400000e+01 2.606624443985489e-19
4.18800000e+01 2.605379340287038e-19
4.19200000e+01 2.604136019128052e-19
4.19600000e+01 2.602894476259331e-19
4.20000000e+01 2.601654707445842e-19
4.20400000e+01 2.600416708466657e-19
4.20800000e+01 2.599180475114897e-19
4.21200000e+01 2.597946003197668e-19
4.21600000e+01 2.596713288536002e-19
4.22000000e+01 2.595482326964798e-19
4.22400000e+01 2.594253114332765e-19
4.22800000e+01 2.593025646502360e-19
4.23200000e+01 2.591799919349730e-19
4.23600000e+01 2.590575928764658e-19
4.24000000e+01 2.589353670650495e-19
4.24400000e+01 2.588133140924116e-19
4.24800000e+01 2.586914335515853e-19
4.25200000e+01 2.585697250369439e-19
4.25600000e+01 2.584481881441956e-19
4.26000000e+01 2.583268224703774e-19
4.26400000e+01 2.582056276138500e-19
4.26800000e+01 2.580846031742912e-19
4.27200000e+01 2.579637487526916e-19
4.27600000e+01 2.578430639513484e-19
4.28000000e+01 2.577225483738598e-19
4.28400000e+01 2.576022016251198e-19
4.28800000e+01 2.574820233113130e-19
4.29200000e+01 2.573620130399085e-19
4.29600000e+01 2.572421704196548e-19
4.30000000e+01 2.571224950605751e-19
4.30400000e+01 2.570029865739609e-19
4.30800000e+01 2.568836445723675e-19
4.31200000e+01 2.567644686696080e-19
4.31600000e+01 2.566454584807492e-19
4.32000000e+01 2.565266136221048e-19
4.32400000e+01 2.564079337112320e-19
4.32800000e+01 2.562894183669245e-19
4.33200000e+01 2.561710672092087e-19
4.33600000e+01 2.560528798593383e-19
4.34000000e+01 2.559348559397887e-19
4.34400000e+01 2.558169950742525e-19
4.34800000e+01 2.556992968876340e-19
4.35200000e+01 2.555817610060447e-19
4.35600000e+01 2.554643870567979e-19
4.36000000e+01 2.553471746684039e-19
4.36400000e+01 2.552301234705650e-19
4.36800000e+01 2.551132330941707e-19
4.37200000e+01 2.549965031712926e-19
4.37600000e+01 2.548799333351799e-19
4.38000000e+01 2.547635232202541e-19
4.38400000e+01 2.546472724621044e-19
4.38800000e+01 2.545311806974833e-19
4.39200000e+01 2.544152475643010e-19
4.39600000e+01 2.542994727016214e-19
4.40000000e+01 2.541838557496569e-19
4.40400000e+01 2.540683963497641e-19
4.40800000e+01 2.539530941444387e-19
4.41200000e+01 2.538379487773114e-19
4.41600000e+01 2.537229598931425e-19
4.42000000e+01 2.536081271378181e-19
4.42400000e+01 2.534934501583451e-19
4.42800000e+01 2.533789286028467e-19
4.43200000e+01 2.532645621205579e-19
4.43600000e+01 2.531503503618207e-19
4.44000000e+01 2.530362929780803e-19
4.44400000e+01 2.529223896218798e-19
4.44800000e+01 2.528086399468565e-19
4.45200000e+01 2.526950436077370e-19
4.45600000e+01 2.525816002603329e-19
4.46000000e+01 2.524683095615364e-19
4.46400000e+01 2.523551711693161e-19
4.46800000e+01 2.522421847427126e-19
4.47200000e+01 2.521293499418340e-19
4.47600000e+01 2.520166664278520e-19
4.48000000e+01 2.519041338629969e-19
4.48400000e+01 2.517917519105543e-19
4.48800000e+01 2.516795202348602e-19
4.49200000e+01 2.515674385012970e-19
4.49600000e+01 2.514555063762893e-19
4.50000000e+01 2.513437235272997e-19
4.50400000e+01 2.512320896228247e-19
4.50800000e+01 2.511206043323904e-19
4.51200000e+01 2.510092673265488e-19
4.51600000e+01 2.508980782768733e-19
4.52000000e+01 2.507870368559546e-19
4.52400000e+01 2.506761427373972e-19
4.52800000e+01 2.505653955958147e-19
4.53200000e+01 2.504547951068263e-19
4.53600000e+01 2.503443409470523e-19
4.54000000e+01 2.502340327941107e-19
4.54400000e+01 2.501238703266129e-19
4.54800000e+01 2.500138532241599e-19
4.55200000e+01 2.499039811673381e-19
4.55600000e+01 2.497942538377158e-19
4.56000000e+01 2.496846709178393e-19
4.56400000e+01 2.495752320912285e-19
4.56800000e+01 2.494659370423739e-19
4.57200000e+01 2.493567854567319e-19
4.57600000e+01 2.492477770207219e-19
4.58000000e+01 2.491389114217218e-19
4.58400000e+01 2.490301883480645e-19
4.58800000e+01 2.489216074890340e-19
4.59200000e+01 2.488131685348621e-19
4.59600000e+01 2.487048711767243e-19
4.60000000e+01 2.485967151067360e-19
4.60400000e+01 2.484887000179494e-19
4.60800000e+01 2.483808256043492e-19
4.61200000e+01 2.482730915608492e-19
4.61600000e+01 2.481654975832890e-19
4.62000000e+01 2.480580433684296e-19
4.62400000e+01 2.479507286139509e-19
4.62800000e+01 2.478435530184472e-19
4.63200000e+01 2.477365162814238e-19
4.63600000e+01 2.476296181032941e-19
4.64000000e+01 2.475228581853754e-19
4.64400000e+01 2.474162362298854e-19
4.64800000e+01 2.473097519399394e-19
4.65200000e+01 2.472034050195459e-19
4.65600000e+01 2.470971951736038e-19
4.66000000e+01 2.469911221078989e-19
4.66400000e+01 2.468851855291000e-19
4.66800000e+01 2.467793851447561e-19
4.67200000e+01 2.466737206632926e-19
4.67600000e+01 2.465681917940083e-19
4.68000000e+01 2.464627982470714e-19
4.68400000e+01 2.463575397335169e-19
4.68800000e+01 2.462524159652428e-19
4.69200000e+01 2.461474266550070e-19
4.69600000e+01 2.460425715164238e-19
4.70000000e+01 2.459378502639609e-19
4.70400000e+01 2.458332626129357e-19
4.70800000e+01 2.457288082795128e-19
4.71200000e+01 2.456244869806998e-19
4.71600000e+01 2.455202984343449e-19
4.72000000e+01 2.454162423591333e-19
4.72400000e+01 2.453123184745838e-19
4.72800000e+01 2.452085265010464e-19
4.73200000e+01 2.451048661596984e-19
4.73600000e+01 2.450013371725414e-19
4.74000000e+01 2.448979392623983e-19
4.74400000e+01 2.447946721529102e-19
4.74800000e+01 2.446915355685333e-19
4.75200000e+01 2.445885292345357e-19
4.75600000e+01 2.444856528769944e-19
4.76000000e+01 2.443829062227921e-19
4.76400000e+01 2.442802889996146e-19
4.76800000e+01 2.441778009359470e-19
4.77200000e+01 2.440754417610716e-19
4.77600000e+01 2.439732112050640e-19
4.78000000e+01 2.438711089987908e-19
4.78400000e+01 2.437691348739064e-19
4.78800000e+01 2.436672885628498e-19
4.79200000e+01 2.435655697988420e-19
4.79600000e+01 2.434639783158829e-19
4.80000000e+01 2.433625138487483e-19
4.80400000e+01 2.432611761329871e-19
4.80800000e+01 2.431599649049186e-19
4.81200000e+01 2.430588799016292e-19
4.81600000e+01 2.429579208609698e-19
4.82000000e+01 2.428570875215527e-19
4.82400000e+01 2.427563796227495e-19
4.82800000e+01 2.426557969046871e-19
4.83200000e+01 2.425553391082458e-19
4.83600000e+01 2.424550059750560e-19
4.84000000e+01 2.423547972474960e-19
4.84400000e+01 2.422547126686885e-19
4.84800000e+01 2.421547519824981e-19
4.85200000e+01 2.420549149335288e-19
4.85600000e+01 2.419552012671210e-19
4.86000000e+01 2.418556107293490e-19
4.86400000e+01 2.417561430670177e-19
4.86800000e+01 2.416567980276608e-19
4.87200000e+01 2.415575753595373e-19
4.87600000e+01 2.414584748116293e-19
4.88000000e+01 2.413594961336391e-19
4.88400000e+01 2.412606390759867e-19
4.88800000e+01 2.411619033898071e-19
4.89200000e+01 2.410632888269475e-19
4.89600000e+01 2.409647951399650e-19
4.90000000e+01 2.408664220821238e-19
4.90400000e+01 2.407681694073924e-19
4.90800000e+01 2.406700368704417e-19
4.91200000e+01 2.405720242266415e-19
4.91600000e+01 2.404741312320587e-19
4.92000000e+01 2.403763576434543e-19
4.92400000e+01 2.402787032182812e-19
4.92800000e+01 2.401811677146813e-19
4.93200000e+01 2.400837508914833e-19
4.93600000e+01 2.399864525082000e-19
4.94000000e+01 2.398892723250260e-19
4.94400000e+01 2.397922101028349e-19
4.94800000e+01 2.396952656031773e-19
4.95200000e+01 2.395984385882778e-19
4.95600000e+01 2.395017288210330e-19
4.96000000e+01 2.394051360650088e-19
4.96400000e+01 2.393086600844379e-19
4.96800000e+01 2.392123006442180e-19
4.97200000e+01 2.391160575099083e-19
4.97600000e+01 2.390199304477283e-19
4.98000000e+01 2.389239192245544e-19
4.98400000e+01 2.388280236079183e-19
4.98800000e+01 2.387322433660042e-19
4.99200000e+01 2.386365782676465e-19
4.99600000e+01 2.385410280823275e-19
5.00000000e+01 2.384455925801752e-19
5.00400000e+01 2.383502715319608e-19
5.00800000e+01 2.382550647090963e-19
5.01200000e+01 2.381599718836325e-19
5.01600000e+01 2.380649928282566e-19
5.02000000e+01 2.379701273162898e-19
5.02400000e+01 2.378753751216850e-19
5.02800000e+01 2.377807360190247e-19
5.03200000e+01 2.376862097835187e-19
5.03600000e+01 2.375917961910019e-19
5.04000000e+01 2.374974950179319e-19
5.04400000e+01 2.374033060413868e-19
5.04800000e+01 2.373092290390633e-19
5.05200000e+01 2.372152637892741e-19
5.05600000e+01 2.371214100709460e-19
5.06000000e+01 2.370276676636174e-19
5.06400000e+01 2.369340363474365e-19
5.06800000e+01 2.368405159031587e-19
5.07200000e+01 2.367471061121451e-19
5.07600000e+01 2.366538067563594e-19
5.08000000e+01 2.365606176183669e-19
5.08400000e+01 2.364675384813312e-19
5.08800000e+01 2.363745691290131e-19
5.09200000e+01 2.362817093457679e-19
5.09600000e+01 2.361889589165433e-19
5.10000000e+01 2.360963176268776e-19
5.10400000e+01 2.360037852628976e-19
5.10800000e+01 2.359113616113160e-19
5.11200000e+01 2.358190464594303e-19
5.11600000e+01 2.357268395951196e-19
5.12000000e+01 2.356347408068435e-19
5.12400000e+01 2.355427498836396e-19
5.12800000e+01 2.354508666151215e-19
5.13200000e+01 2.353590907914769e-19
5.13600000e+01 2.352674222034656e-19
5.14000000e+01 2.351758606424173e-19
5.14400000e+01 2.350844059002297e-19
5.14800000e+01 2.349930577693668e-19
5.15200000e+01 2.349018160428562e-19
5.15600000e+01 2.348106805142882e-19
5.16000000e+01 2.347196509778128e-19
5.16400000e+01 2.346287272281382e-19
5.16800000e+01 2.345379090605291e-19
5.17200000e+01 2.344471962708043e-19
5.17600000e+01 2.343565886553350e-19
5.18000000e+01 2.342660860110428e-19
5.18400000e+01 2.341756881353981e-19
5.18800000e+01 2.340853948264176e-19
5.19200000e+01 2.339952058826629e-19
5.19600000e+01 2.339051211032387e-19
5.20000000e+01 2.338151402877901e-19
5.20400000e+01 2.337252632365018e-19
5.20800000e+01 2.336354897500955e-19
5.21200000e+01 2.335458196298286e-19
5.21600000e+01 2.334562526774915e-19
5.22000000e+01 2.333667886954067e-19
5.22400000e+01 2.332774274864266e-19
5.22800000e+01 2.331881688539314e-19
5.23200000e+01 2.330990126018276e-19
5.23600000e+01 2.330099585345462e-19
5.24000000e+01 2.329210064570407e-19
5.24400000e+01 2.328321561747855e-19
5.24800000e+01 2.327434074937741e-19
5.25200000e+01 2.326547602205171e-19
5.25600000e+01 2.325662141620405e-19
5.26000000e+01 2.324777691258844e-19
5.26400000e+01 2.323894249201004e-19
5.26800000e+01 2.323011813532508e-19
5.27200000e+01 2.322130382344058e-19
5.27600000e+01 2.321249953731428e-19
5.28000000e+01 2.320370525795439e-19
5.28400000e+01 2.319492096641947e-19
5.28800000e+01 2.318614664381823e-19
5.29200000e+01 2.317738227130936e-19
5.29600000e+01 2.316862783010138e-19
5.30000000e+01 2.315988330145244e-19
5.30400000e+01 2.315114866667018e-19
5.30800000e+01 2.314242390711154e-19
5.31200000e+01 2.313370900418263e-19
5.31600000e+01 2.312500393933851e-19
5.32000000e+01 2.311630869408306e-19
5.32400000e+01 2.310762324996881e-19
5.32800000e+01 2.309894758859677e-19
5.33200000e+01 2.309028169161626e-19
5.33600000e+01 2.308162554072479e-19
5.34000000e+01 2.307297911766781e-19
5.34400000e+01 2.306434240423862e-19
5.34800000e+01 2.305571538227823e-19
5.35200000e+01 2.304709803367511e-19
5.35600000e+01 2.303849034036511e-19
5.36000000e+01 2.302989228433126e-19
5.36400000e+01 2.302130384760361e-19
5.36800000e+01 2.301272501225910e-19
5.37200000e+01 2.300415576042141e-19
5.37600000e+01 2.299559607426072e-19
5.38000000e+01 2.298704593599370e-19
5.38400000e+01 2.297850532788319e-19
5.38800000e+01 2.296997423223817e-19
5.39200000e+01 2.296145263141356e-19
5.39600000e+01 2.295294050781006e-19
5.40000000e+01 2.294443784387400e-19
5.40400000e+01 2.293594462209721e-19
5.40800000e+01 2.292746082501685e-19
5.41200000e+01 2.291898643521525e-19
5.41600000e+01 2.291052143531978e-19
5.42000000e+01 2.290206580800269e-19
5.42400000e+01 2.289361953598097e-19
5.42800000e+01 2.288518260201619e-19
5.43200000e+01 2.287675498891435e-19
5.43600000e+01 2.286833667952576e-19
5.44000000e+01 2.285992765674484e-19
5.44400000e+01 2.285152790351005e-19
5.44800000e+01 2.284313740280366e-19
5.45200000e+01 2.283475613765167e-19
5.45600000e+01 2.282638409112366e-19
5.46000000e+01 2.281802124633259e-19
5.46400000e+01 2.280966758643471e-19
5.46800000e+01 2.280132309462943e-19
5.47200000e+01 2.279298775415912e-19
5.47600000e+01 2.278466154830900e-19
5.48000000e+01 2.277634446040704e-19
5.48400000e+01 2.276803647382372e-19
5.48800000e+01 2.275973757197200e-19
5.49200000e+01 2.275144773830710e-19
5.49600000e+01 2.274316695632642e-19
5.50000000e+01 2.273489520956935e-19
5.50400000e+01 2.272663248161715e-19
5.50800000e+01 2.271837875609287e-19
5.51200000e+01 2.271013401666109e-19
5.51600000e+01 2.270189824702792e-19
5.52000000e+01 2.269367143094077e-19
5.52400000e+01 2.268545355218827e-19
5.52800000e+01 2.267724459460009e-19
5.53200000e+01 2.266904454204683e-19
5.53600000e+01 2.266085337843992e-19
5.54000000e+01 2.265267108773143e-19
5.54400000e+01 2.264449765391394e-19
5.54800000e+01 2.263633306102050e-19
5.55200000e+01 2.262817729312434e-19
5.55600000e+01 2.262003033433890e-19
5.56000000e+01 2.261189216881760e-19
5.56400000e+01 2.260376278075375e-19
5.56800000e+01 2.259564215438039e-19
5.57200000e+01 2.258753027397021e-19
5.57600000e+01 2.257942712383538e-19
5.58000000e+01 2.257133268832744e-19
5.58400000e+01 2.256324695183716e-19
5.58800000e+01 2.255516989879445e-19
5.59200000e+01 2.254710151366819e-19
5.59600000e+01 2.253904178096611e-19
5.60000000e+01 2.253099068523471e-19
5.60400000e+01 2.252294821105907e-19
5.60800000e+01 2.251491434306278e-19
5.61200000e+01 2.250688906590778e-19
5.61600000e+01 2.249887236429429e-19
5.62000000e+01 2.249086422296059e-19
5.62400000e+01 2.248286462668301e-19
5.62800000e+01 2.247487356027573e-19
5.63200000e+01 2.246689100859070e-19
5.63600000e+01 2.245891695651749e-19
5.64000000e+01 2.245095138898320e-19
5.64400000e+01 2.244299429095231e-19
5.64800000e+01 2.243504564742660e-19
5.65200000e+01 2.242710544344497e-19
5.65600000e+01 2.241917366408338e-19
5.66000000e+01 2.241125029445473e-19
5.66400000e+01 2.240333531970869e-19
5.66800000e+01 2.239542872503164e-19
5.67200000e+01 2.238753049564651e-19
5.67600000e+01 2.237964061681271e-19
5.68000000e+01 2.237175907382596e-19
5.68400000e+01 2.236388585201824e-19
5.68800000e+01 2.235602093675760e-19
5.69200000e+01 2.234816431344812e-19
5.69600000e+01 2.234031596752972e-19
5.70000000e+01 2.233247588447814e-19
5.70400000e+01 2.232464404980472e-19
5.70800000e+01 2.231682044905639e-19
5.71200000e+01 2.230900506781548e-19
5.71600000e+01 2.230119789169965e-19
5.72000000e+01 2.229339890636177e-19
5.72400000e+01 2.228560809748981e-19
5.72800000e+01 2.227782545080670e-19
5.73200000e+01 2.227005095207028e-19
5.73600000e+01 2.226228458707314e-19
5.74000000e+01 2.225452634164254e-19
5.74400000e+01 2.224677620164027e-19
5.74800000e+01 2.223903415296259e-19
5.75200000e+01 2.223130018154006e-19
5.75600000e+01 2.222357427333749e-19
5.76000000e+01 2.221585641435380e-19
5.76400000e+01 2.220814659062194e-19
5.76800000e+01 2.220044478820873e-19
5.77200000e+01 2.219275099321482e-19
5.77600000e+01 2.218506519177455e-19
5.78000000e+01 2.217738737005586e-19
5.78400000e+01 2.216971751426014e-19
5.78800000e+01 2.216205561062220e-19
5.79200000e+01 2.215440164541012e-19
5.79600000e+01 2.214675560492514e-19
5.80000000e+01 2.213911747550158e-19
5.80400000e+01 2.213148724350673e-19
5.80800000e+01 2.212386489534075e-19
5.81200000e+01 2.211625041743656e-19
5.81600000e+01 2.210864379625974e-19
5.82000000e+01 2.210104501830844e-19
5.82400000e+01 2.209345407011328e-19
5.82800000e+01 2.208587093823721e-19
5.83200000e+01 2.207829560927548e-19
5.83600000e+01 2.207072806985549e-19
5.84000000e+01 2.206316830663667e-19
5.84400000e+01 2.205561630631048e-19
5.84800000e+01 2.204807205560017e-19
5.85200000e+01 2.204053554126083e-19
5.85600000e+01 2.203300675007917e-19
5.86000000e+01 2.202548566887350e-19
5.86400000e+01 2.201797228449358e-19
5.86800000e+01 2.201046658382058e-19
5.87200000e+01 2.200296855376692e-19
5.87600000e+01 2.199547818127625e-19
5.88000000e+01 2.198799545332327e-19
5.88400000e+01 2.198052035691370e-19
5.88800000e+01 2.197305287908416e-19
5.89200000e+01 2.196559300690207e-19
5.89600000e+01 2.195814072746556e-19
5.90000000e+01 2.195069602790341e-19
5.90400000e+01 2.194325889537488e-19
5.90800000e+01 2.193582931706969e-19
5.91200000e+01 2.192840728020792e-19
5.91600000e+01 2.192099277203984e-19
5.92000000e+01 2.191358577984595e-19
5.92400000e+01 2.190618629093675e-19
5.92800000e+01 2.189879429265275e-19
5.93200000e+01 2.189140977236434e-19
5.93600000e+01 2.188403271747168e-19
5.94000000e+01 2.187666311540466e-19
5.94400000e+01 2.186930095362276e-19
5.94800000e+01 2.186194621961500e-19
5.95200000e+01 2.185459890089981e-19
5.95600000e+01 2.184725898502499e-19
5.96000000e+01 2.183992645956757e-19
5.96400000e+01 2.183260131213377e-19
5.96800000e+01 2.182528353035886e-19
5.97200000e+01 2.181797310190714e-19
5.97600000e+01 2.181067001447178e-19
5.98000000e+01 2.180337425577478e-19
5.98400000e+01 2.179608581356686e-19
5.98800000e+01 2.178880467562741e-19
5.99200000e+01 2.178153082976435e-19
5.99600000e+01 2.177426426381409e-19
6.00000000e+01 2.176700496564140e-19
6.00400000e+01 2.175975292313940e-19
-----------------------------
