SPECIES: e / A
PROCESS: E + A -> E + A, Elastic
PARAM.:  m/M = 0.0000195921, complete set
COMMENT: [e + A(gnd) -> e + A(gnd), Elastic]
UPDATED: 2018-06-05 11:00:00
COLUMNS: Energy (eV) | Cross section (m2)
-----------------------------
0.00000000e+00 7.824431706777100e-17
1.55238095e-03 4.279323797421367e-17
3.10476190e-03 3.025938876049617e-17
4.65714286e-03 2.470668746390798e-17
6.20952381e-03 2.139661898710684e-17
7.76190476e-03 1.913771781753343e-17
9.31428571e-03 1.747026624638600e-17
1.08666667e-02 1.617432363928212e-17
1.24190476e-02 1.512969438024808e-17
1.39714286e-02 1.426441265807122e-17
1.55238095e-02 1.353241004521250e-17
1.70761905e-02 1.290264672044138e-17
1.86285714e-02 1.235334373195399e-17
2.01809524e-02 1.186870875070462e-17
2.17333333e-02 1.143697392644226e-17
2.32857143e-02 1.104916653362802e-17
2.48380952e-02 1.069830949355342e-17
2.63904762e-02 1.037888471940445e-17
2.79428571e-02 1.008646292016539e-17
2.94952381e-02 9.817442094551821e-18
3.10476190e-02 9.568858908766717e-18
3.26000000e-02 9.338250107099661e-18
3.41523810e-02 9.123548991278465e-18
3.57047619e-02 8.923006941798125e-18
3.72571429e-02 8.735133123192998e-18
3.88095238e-02 8.558647594842734e-18
4.03619048e-02 8.392444441551356e-18
4.19142857e-02 8.235562487969327e-18
4.34666667e-02 8.087161819641059e-18
4.50190476e-02 7.946504797312665e-18
4.65714286e-02 7.812940582387835e-18
4.81238095e-02 7.685892431062299e-18
4.96761905e-02 7.564847190124042e-18
5.12285714e-02 7.449346557305471e-18
5.27809524e-02 7.338979766244325e-18
5.43333333e-02 7.233377429503322e-18
5.58857143e-02 7.132206329035611e-18
5.74380952e-02 7.035164986477887e-18
5.89904762e-02 6.941979878963855e-18
6.05428571e-02 6.852402192152582e-18
6.20952381e-02 6.766205022606252e-18
6.36476190e-02 6.683180957827300e-18
6.52000000e-02 6.603139975146173e-18
6.67523810e-02 6.525907610970513e-18
6.83047619e-02 6.451323360220688e-18
6.98571429e-02 6.379239272511144e-18
7.14095238e-02 6.309518717120091e-18
7.29619048e-02 6.242035293276055e-18
7.45142857e-02 6.176671865976994e-18
7.60666667e-02 6.113319710601953e-18
7.76190476e-02 6.051877752099233e-18
7.91714286e-02 5.992251886636253e-18
8.07238095e-02 5.934354375352312e-18
8.22761905e-02 5.878103301328444e-18
8.38285714e-02 5.823422082128665e-18
8.53809524e-02 5.770239031314329e-18
8.69333333e-02 5.718486963221132e-18
8.84857143e-02 5.668102836043058e-18
9.00380952e-02 5.619027428911217e-18
9.15904762e-02 5.571205049206116e-18
9.31428571e-02 5.524583266814012e-18
9.46952381e-02 5.479112672444241e-18
9.62476190e-02 5.434746657474511e-18
9.78000000e-02 5.391441213094040e-18
9.93523810e-02 5.349154746776709e-18
1.00904762e-01 5.307847914344429e-18
1.02457143e-01 5.267483466079361e-18
1.04009524e-01 5.228026105516824e-18
1.05561905e-01 5.189442359702226e-18
1.07114286e-01 5.151700459828047e-18
1.08666667e-01 5.114770231283517e-18
1.10219048e-01 5.078622992252148e-18
1.11771429e-01 5.043231460082694e-18
1.13323810e-01 5.008569664738986e-18
1.14876190e-01 4.974612868704679e-18
1.16428571e-01 4.941337492781596e-18
1.17980952e-01 4.908721047275911e-18
1.19533333e-01 4.876742068115859e-18
1.21085714e-01 4.845380057488655e-18
1.22638095e-01 4.814615428623587e-18
1.24190476e-01 4.784429454383359e-18
1.25742857e-01 4.754804219357074e-18
1.27295238e-01 4.725722575176490e-18
1.28847619e-01 4.697168098802279e-18
1.30400000e-01 4.669125053549831e-18
1.31952381e-01 4.641578352644437e-18
1.33504762e-01 4.614513525114151e-18
1.35057143e-01 4.587916683845120e-18
1.36609524e-01 4.561774495639232e-18
1.38161905e-01 4.536074153127414e-18
1.39714286e-01 4.510803348404168e-18
1.41266667e-01 4.485950248260077e-18
1.42819048e-01 4.461503470899063e-18
1.44371429e-01 4.437452064036326e-18
1.45923810e-01 4.413785484281258e-18
1.47476190e-01 4.390493577717158e-18
1.49028571e-01 4.367566561596499e-18
1.50580952e-01 4.344995007076821e-18
1.52133333e-01 4.322769822928023e-18
1.53685714e-01 4.300882240147126e-18
1.55238095e-01 4.279323797421367e-18
1.56790476e-01 4.258086327384897e-18
1.58342857e-01 4.237161943618378e-18
1.59895238e-01 4.216543028344477e-18
1.61447619e-01 4.196222220775678e-18
1.63000000e-01 4.176192406073907e-18
1.64552381e-01 4.156446704884375e-18
1.66104762e-01 4.136978463408689e-18
1.67657143e-01 4.117781243984664e-18
1.69209524e-01 4.098848816142578e-18
1.70761905e-01 4.080175148109657e-18
1.72314286e-01 4.061754398736438e-18
1.73866667e-01 4.043580909820530e-18
1.75419048e-01 4.025649198804821e-18
1.76971429e-01 4.007953951828748e-18
1.78523810e-01 3.990490017112623e-18
1.80076190e-01 3.973252398656333e-18
1.81628571e-01 3.956236250234875e-18
1.83180952e-01 3.939436869674378e-18
1.84733333e-01 3.922849693393225e-18
1.86285714e-01 3.906470291193918e-18
1.87838095e-01 3.890294361292152e-18
1.89390476e-01 3.874317725570469e-18
1.90942857e-01 3.858536325044573e-18
1.92495238e-01 3.842946215531149e-18
1.94047619e-01 3.827543563506687e-18
1.95600000e-01 3.812324642147422e-18
1.97152381e-01 3.797285827541133e-18
1.98704762e-01 3.782423595062021e-18
2.00257143e-01 3.767734515900453e-18
2.01809524e-01 3.753215253739819e-18
2.03361905e-01 3.738862561573166e-18
2.04914286e-01 3.724673278652736e-18
2.06466667e-01 3.710644327565883e-18
2.08019048e-01 3.696772711431244e-18
2.09571429e-01 3.683055511209342e-18
2.11123810e-01 3.669489883122162e-18
2.12676190e-01 3.656073056176514e-18
2.14228571e-01 3.642802329786267e-18
2.15780952e-01 3.629675071488858e-18
2.17333333e-01 3.616688714751661e-18
2.18885714e-01 3.603840756864075e-18
2.20438095e-01 3.591128756911408e-18
2.21990476e-01 3.578550333826821e-18
2.23542857e-01 3.566103164517805e-18
2.25095238e-01 3.553784982063861e-18
2.26647619e-01 3.541593573982170e-18
2.28200000e-01 3.529526780558283e-18
2.29752381e-01 3.517582493238943e-18
2.31304762e-01 3.505758653084340e-18
2.32857143e-01 3.494053249277199e-18
2.34409524e-01 3.482464317686279e-18
2.35961905e-01 3.470989939481928e-18
2.37514286e-01 3.459628239801484e-18
2.39066667e-01 3.448377386462432e-18
2.40619048e-01 3.437235588721283e-18
2.42171429e-01 3.426201096076291e-18
2.43723810e-01 3.415272197112173e-18
2.45276190e-01 3.404447218385115e-18
2.46828571e-01 3.393724523346405e-18
2.48380952e-01 3.383102511303126e-18
2.49933333e-01 3.372579616414404e-18
2.51485714e-01 3.362154306721795e-18
2.53038095e-01 3.351825083212434e-18
2.54590476e-01 3.341590478913650e-18
2.56142857e-01 3.331449058017813e-18
2.57695238e-01 3.321399415036215e-18
2.59247619e-01 3.311440173980860e-18
2.60800000e-01 3.301569987573087e-18
2.62352381e-01 3.291787536477975e-18
2.63904762e-01 3.282091528563566e-18
2.65457143e-01 3.272480698183941e-18
2.67009524e-01 3.262953805485256e-18
2.68561905e-01 3.253509635733878e-18
2.70114286e-01 3.244146998665782e-18
2.71666667e-01 3.234864727856424e-18
2.73219048e-01 3.225661680110344e-18
2.74771429e-01 3.216536734869753e-18
2.76323810e-01 3.207488793641421e-18
2.77876190e-01 3.198516779441206e-18
2.79428571e-01 3.189619636255572e-18
2.80980952e-01 3.180796328519497e-18
2.82533333e-01 3.172045840610177e-18
2.84085714e-01 3.163367176355972e-18
2.85638095e-01 3.154759358560045e-18
2.87190476e-01 3.146221428538189e-18
2.88742857e-01 3.137752445670328e-18
2.90295238e-01 3.129351486965241e-18
2.91847619e-01 3.121017646638028e-18
2.93400000e-01 3.112750035699887e-18
2.94952381e-01 3.104547781559788e-18
2.96504762e-01 3.096410027637632e-18
2.98057143e-01 3.088335932988497e-18
2.99609524e-01 3.080324671937616e-18
3.01161905e-01 3.072375433725711e-18
3.02714286e-01 3.064487422164350e-18
3.04266667e-01 3.056659855300977e-18
3.05819048e-01 3.048891965093314e-18
3.07371429e-01 3.041182997092822e-18
3.08923810e-01 3.033532210136906e-18
3.10476190e-01 3.025938876049616e-18
3.12028571e-01 3.018402279350529e-18
3.13580952e-01 3.010921716971583e-18
3.15133333e-01 3.003496497981577e-18
3.16685714e-01 2.996125943318127e-18
3.18238095e-01 2.988809385526800e-18
3.19790476e-01 2.981546168507241e-18
3.21342857e-01 2.974335647266041e-18
3.22895238e-01 2.967177187676156e-18
3.24447619e-01 2.960070166242656e-18
3.26000000e-01 2.953013969874623e-18
3.27552381e-01 2.946007995663003e-18
3.29104762e-01 2.939051650664222e-18
3.30657143e-01 2.932144351689400e-18
3.32209524e-01 2.925285525098987e-18
3.33761905e-01 2.918474606602663e-18
3.35314286e-01 2.911711041064332e-18
3.36866667e-01 2.904994282312070e-18
3.38419048e-01 2.898323792952870e-18
3.39971429e-01 2.891699044192048e-18
3.41523810e-01 2.885119515657164e-18
3.43076190e-01 2.878584695226341e-18
3.44628571e-01 2.872094078860823e-18
3.46180952e-01 2.865647170441690e-18
3.47733333e-01 2.859243481610566e-18
3.49285714e-01 2.852882531614245e-18
3.50838095e-01 2.846563847153081e-18
3.52390476e-01 2.840286962233077e-18
3.53942857e-01 2.834051418021529e-18
3.55495238e-01 2.827856762706148e-18
3.57047619e-01 2.821702551357558e-18
3.58600000e-01 2.815588345795064e-18
3.60152381e-01 2.809513714455608e-18
3.61704762e-01 2.803478232265829e-18
3.63257143e-01 2.797481480517119e-18
3.64809524e-01 2.791523046743619e-18
3.66361905e-01 2.785602524603058e-18
3.67914286e-01 2.779719513760353e-18
3.69466667e-01 2.773873619773918e-18
3.71019048e-01 2.768064453984571e-18
3.72571429e-01 2.762291633407006e-18
3.74123810e-01 2.756554780623740e-18
3.75676190e-01 2.750853523681469e-18
3.77228571e-01 2.745187495989775e-18
3.78780952e-01 2.739556336222120e-18
3.80333333e-01 2.733959688219062e-18
3.81885714e-01 2.728397200893638e-18
3.83438095e-01 2.722868528138860e-18
3.84990476e-01 2.717373328737256e-18
3.86542857e-01 2.711911266272419e-18
3.88095238e-01 2.706482009042501e-18
3.89647619e-01 2.701085229975604e-18
3.91200000e-01 2.695720606547020e-18
3.92752381e-01 2.690387820698271e-18
3.94304762e-01 2.685086558757906e-18
3.95857143e-01 2.679816511364005e-18
3.97409524e-01 2.674577373388355e-18
3.98961905e-01 2.669368843862239e-18
4.00514286e-01 2.664190625903824e-18
4.02066667e-01 2.659042426647082e-18
4.03619048e-01 2.653923957172215e-18
4.05171429e-01 2.648834932437555e-18
4.06723810e-01 2.643775071212891e-18
4.08276190e-01 2.638744096014190e-18
4.09828571e-01 2.633741733039681e-18
4.11380952e-01 2.628767712107266e-18
4.12933333e-01 2.623821766593232e-18
4.14485714e-01 2.618903633372216e-18
4.16038095e-01 2.614013052758412e-18
4.17590476e-01 2.609149768447977e-18
4.19142857e-01 2.604313527462612e-18
4.20695238e-01 2.599504080094292e-18
4.22247619e-01 2.594721179851113e-18
4.23800000e-01 2.589964583404224e-18
4.25352381e-01 2.585234050535838e-18
4.26904762e-01 2.580529344088275e-18
4.28457143e-01 2.575850229914024e-18
4.30009524e-01 2.571196476826792e-18
4.31561905e-01 2.566567856553538e-18
4.33114286e-01 2.561964143687433e-18
4.34666667e-01 2.557385115641759e-18
4.36219048e-01 2.552830552604704e-18
4.37771429e-01 2.548300237495048e-18
4.39323810e-01 2.543793955918697e-18
4.40876190e-01 2.539311496126074e-18
4.42428571e-01 2.534852648970324e-18
4.43980952e-01 2.530417207866329e-18
4.45533333e-01 2.526004968750498e-18
4.47085714e-01 2.521615730041347e-18
4.48638095e-01 2.517249292600804e-18
4.50190476e-01 2.512905459696270e-18
4.51742857e-01 2.508584036963383e-18
4.53295238e-01 2.504284832369493e-18
4.54847619e-01 2.500007656177821e-18
4.56400000e-01 2.495752320912285e-18
4.57952381e-01 2.491518641322987e-18
4.59504762e-01 2.487306434352340e-18
4.61057143e-01 2.483115519101824e-18
4.62609524e-01 2.478945716799354e-18
4.64161905e-01 2.474796850767251e-18
4.65714286e-01 2.470668746390798e-18
4.67266667e-01 2.466561231087375e-18
4.68819048e-01 2.462474134276151e-18
4.70371429e-01 2.458407287348336e-18
4.71923810e-01 2.454360523637955e-18
4.73476190e-01 2.450333678393172e-18
4.75028571e-01 2.446326588748108e-18
4.76580952e-01 2.442339093695182e-18
4.78133333e-01 2.438371034057929e-18
4.79685714e-01 2.434422252464324e-18
4.81238095e-01 2.430492593320555e-18
4.82790476e-01 2.426581902785279e-18
4.84342857e-01 2.422690028744327e-18
4.85895238e-01 2.418816820785848e-18
4.87447619e-01 2.414962130175897e-18
4.89000000e-01 2.411125809834441e-18
4.90552381e-01 2.407307714311794e-18
4.92104762e-01 2.403507699765450e-18
4.93657143e-01 2.399725623937327e-18
4.95209524e-01 2.395961346131391e-18
4.96761905e-01 2.392214727191679e-18
4.98314286e-01 2.388485629480691e-18
4.99866667e-01 2.384773916858150e-18
5.01419048e-01 2.381079454660132e-18
5.02971429e-01 2.377402109678537e-18
5.04523810e-01 2.373741750140925e-18
5.06076190e-01 2.370098245690676e-18
5.07628571e-01 2.366471467367497e-18
5.09180952e-01 2.362861287588245e-18
5.10733333e-01 2.359267580128082e-18
5.12285714e-01 2.355690220101932e-18
5.13838095e-01 2.352129083946259e-18
5.15390476e-01 2.348584049401139e-18
5.16942857e-01 2.345054995492629e-18
5.18495238e-01 2.341541802515427e-18
5.20047619e-01 2.338044352015821e-18
5.21600000e-01 2.334562526774915e-18
5.23152381e-01 2.331096210792121e-18
5.24704762e-01 2.327645289268936e-18
5.26257143e-01 2.324209648592965e-18
5.27809524e-01 2.320789176322219e-18
5.29361905e-01 2.317383761169650e-18
5.30914286e-01 2.313993292987952e-18
5.32466667e-01 2.310617662754589e-18
5.34019048e-01 2.307256762557076e-18
5.35571429e-01 2.303910485578488e-18
5.37123810e-01 2.300578726083199e-18
5.38676190e-01 2.297261379402857e-18
5.40228571e-01 2.293958341922560e-18
5.41780952e-01 2.290669511067275e-18
5.43333333e-01 2.287394785288453e-18
5.44885714e-01 2.284134064050860e-18
5.46438095e-01 2.280887247819616e-18
5.47990476e-01 2.277654238047430e-18
5.49542857e-01 2.274434937162038e-18
5.51095238e-01 2.271229248553838e-18
5.52647619e-01 2.268037076563707e-18
5.54200000e-01 2.264858326471019e-18
5.55752381e-01 2.261692904481833e-18
5.57304762e-01 2.258540717717275e-18
5.58857143e-01 2.255401674202084e-18
5.60409524e-01 2.252275682853351e-18
5.61961905e-01 2.249162653469409e-18
5.63514286e-01 2.246062496718907e-18
5.65066667e-01 2.242975124130039e-18
5.66619048e-01 2.239900448079941e-18
5.68171429e-01 2.236838381784249e-18
5.69723810e-01 2.233788839286806e-18
5.71276190e-01 2.230751735449531e-18
5.72828571e-01 2.227726985942434e-18
5.74380952e-01 2.224714507233780e-18
5.75933333e-01 2.221714216580405e-18
5.77485714e-01 2.218726032018163e-18
5.79038095e-01 2.215749872352529e-18
5.80590476e-01 2.212785657149328e-18
5.82142857e-01 2.209833306725605e-18
5.83695238e-01 2.206892742140629e-18
5.85247619e-01 2.203963885187030e-18
5.86800000e-01 2.201046658382058e-18
5.88352381e-01 2.198140984958976e-18
5.89904762e-01 2.195246788858579e-18
5.91457143e-01 2.192363994720824e-18
5.93009524e-01 2.189492527876595e-18
5.94561905e-01 2.186632314339577e-18
5.96114286e-01 2.183783280798249e-18
5.97666667e-01 2.180945354607995e-18
5.99219048e-01 2.178118463783316e-18
6.00771429e-01 2.175302536990171e-18
6.02323810e-01 2.172497503538410e-18
6.03876190e-01 2.169703293374325e-18
6.05428571e-01 2.166919837073294e-18
6.06980952e-01 2.164147065832546e-18
6.08533333e-01 2.161384911464012e-18
6.10085714e-01 2.158633306387281e-18
6.11638095e-01 2.155892183622661e-18
6.13190476e-01 2.153161476784326e-18
6.14742857e-01 2.150441120073563e-18
6.16295238e-01 2.147731048272117e-18
6.17847619e-01 2.145031196735621e-18
6.19400000e-01 2.142341501387121e-18
6.20952381e-01 2.139661898710683e-18
6.22504762e-01 2.136992325745105e-18
6.24057143e-01 2.134332720077691e-18
6.25609524e-01 2.131683019838130e-18
6.27161905e-01 2.129043163692449e-18
6.28714286e-01 2.126413090837048e-18
6.30266667e-01 2.123792740992821e-18
6.31819048e-01 2.121182054399352e-18
6.33371429e-01 2.118580971809189e-18
6.34923810e-01 2.115989434482200e-18
6.36476190e-01 2.113407384179998e-18
6.38028571e-01 2.110834763160448e-18
6.39580952e-01 2.108271514172238e-18
6.41133333e-01 2.105717580449535e-18
6.42685714e-01 2.103172905706697e-18
6.44238095e-01 2.100637434133069e-18
6.45790476e-01 2.098111110387839e-18
6.47342857e-01 2.095593879594966e-18
6.48895238e-01 2.093085687338173e-18
6.50447619e-01 2.090586479656004e-18
6.52000000e-01 2.088096203036953e-18
6.53552381e-01 2.085614804414647e-18
6.55104762e-01 2.083142231163099e-18
6.56657143e-01 2.080678431092019e-18
6.58209524e-01 2.078223352442187e-18
6.59761905e-01 2.075776943880890e-18
6.61314286e-01 2.073339154497408e-18
6.62866667e-01 2.070909933798566e-18
6.64419048e-01 2.068489231704344e-18
6.65971429e-01 2.066076998543540e-18
6.67523810e-01 2.063673185049485e-18
6.69076190e-01 2.061277742355822e-18
6.70628571e-01 2.058890621992332e-18
6.72180952e-01 2.056511775880812e-18
6.73733333e-01 2.054141156331012e-18
6.75285714e-01 2.051778716036620e-18
6.76838095e-01 2.049424408071289e-18
6.78390476e-01 2.047078185884734e-18
6.79942857e-01 2.044740003298855e-18
6.81495238e-01 2.042409814503927e-18
6.83047619e-01 2.040087574054829e-18
6.84600000e-01 2.037773236867318e-18
6.86152381e-01 2.035466758214357e-18
6.87704762e-01 2.033168093722482e-18
6.89257143e-01 2.030877199368219e-18
6.90809524e-01 2.028594031474538e-18
6.92361905e-01 2.026318546707361e-18
6.93914286e-01 2.024050702072104e-18
6.95466667e-01 2.021790454910265e-18
6.97019048e-01 2.019537762896058e-18
6.98571429e-01 2.017292584033077e-18
7.00123810e-01 2.015054876651016e-18
7.01676190e-01 2.012824599402410e-18
7.03228571e-01 2.010601711259440e-18
7.04780952e-01 2.008386171510748e-18
7.06333333e-01 2.006177939758318e-18
7.07885714e-01 2.003976975914374e-18
7.09438095e-01 2.001783240198327e-18
7.10990476e-01 1.999596693133755e-18
7.12542857e-01 1.997417295545418e-18
7.14095238e-01 1.995245008556312e-18
7.15647619e-01 1.993079793584753e-18
7.17200000e-01 1.990921612341504e-18
7.18752381e-01 1.988770426826924e-18
7.20304762e-01 1.986626199328166e-18
7.21857143e-01 1.984488892416395e-18
7.23409524e-01 1.982358468944043e-18
7.24961905e-01 1.980234892042101e-18
7.26514286e-01 1.978118125117438e-18
7.28066667e-01 1.976008131850149e-18
7.29619048e-01 1.973904876190945e-18
7.31171429e-01 1.971808322358558e-18
7.32723810e-01 1.969718434837189e-18
7.34276190e-01 1.967635178373980e-18
7.35828571e-01 1.965558517976519e-18
7.37380952e-01 1.963488418910364e-18
7.38933333e-01 1.961424846696612e-18
7.40485714e-01 1.959367767109481e-18
7.42038095e-01 1.957317146173928e-18
7.43590476e-01 1.955272950163290e-18
7.45142857e-01 1.953235145596959e-18
7.46695238e-01 1.951203699238072e-18
7.48247619e-01 1.949178578091243e-18
7.49800000e-01 1.947159749400301e-18
7.51352381e-01 1.945147180646076e-18
7.52904762e-01 1.943140839544191e-18
7.54457143e-01 1.941140694042888e-18
7.56009524e-01 1.939146712320884e-18
7.57561905e-01 1.937158862785234e-18
7.59114286e-01 1.935177114069239e-18
7.60666667e-01 1.933201435030358e-18
7.62219048e-01 1.931231794748160e-18
7.63771429e-01 1.929268162522287e-18
7.65323810e-01 1.927310507870446e-18
7.66876190e-01 1.925358800526421e-18
7.68428571e-01 1.923413010438110e-18
7.69980952e-01 1.921473107765575e-18
7.71533333e-01 1.919539062879127e-18
7.73085714e-01 1.917610846357424e-18
7.74638095e-01 1.915688428985586e-18
7.76190476e-01 1.913771781753343e-18
7.77742857e-01 1.911860875853191e-18
7.79295238e-01 1.909955682678575e-18
7.80847619e-01 1.908056173822092e-18
7.82400000e-01 1.906162321073711e-18
7.83952381e-01 1.904274096419011e-18
7.85504762e-01 1.902391472037445e-18
7.87057143e-01 1.900514420300614e-18
7.88609524e-01 1.898642913770566e-18
7.90161905e-01 1.896776925198115e-18
7.91714286e-01 1.894916427521165e-18
7.93266667e-01 1.893061393863073e-18
7.94819048e-01 1.891211797531010e-18
7.96371429e-01 1.889367612014353e-18
7.97923810e-01 1.887528810983083e-18
7.99476190e-01 1.885695368286215e-18
8.01028571e-01 1.883867257950226e-18
8.02580952e-01 1.882044454177519e-18
8.04133333e-01 1.880226931344884e-18
8.05685714e-01 1.878414664001996e-18
8.07238095e-01 1.876607626869909e-18
8.08790476e-01 1.874805794839582e-18
8.10342857e-01 1.873009142970406e-18
8.11895238e-01 1.871217646488762e-18
8.13447619e-01 1.869431280786583e-18
8.15000000e-01 1.867650021419932e-18
8.16552381e-01 1.865873844107600e-18
8.18104762e-01 1.864102724729715e-18
8.19657143e-01 1.862336639326368e-18
8.21209524e-01 1.860575564096246e-18
8.22761905e-01 1.858819475395294e-18
8.24314286e-01 1.857068349735371e-18
8.25866667e-01 1.855322163782941e-18
8.27419048e-01 1.853580894357759e-18
8.28971429e-01 1.851844518431582e-18
8.30523810e-01 1.850113013126891e-18
8.32076190e-01 1.848386355715622e-18
8.33628571e-01 1.846664523617915e-18
8.35180952e-01 1.844947494400874e-18
8.36733333e-01 1.843235245777339e-18
8.38285714e-01 1.841527755604671e-18
8.39838095e-01 1.839825001883546e-18
8.41390476e-01 1.838126962756773e-18
8.42942857e-01 1.836433616508105e-18
8.44495238e-01 1.834744941561081e-18
8.46047619e-01 1.833060916477869e-18
8.47600000e-01 1.831381519958118e-18
8.49152381e-01 1.829706730837835e-18
8.50704762e-01 1.828036528088257e-18
8.52257143e-01 1.826370890814747e-18
8.53809524e-01 1.824709798255693e-18
8.55361905e-01 1.823053229781425e-18
8.56914286e-01 1.821401164893133e-18
8.58466667e-01 1.819753583221809e-18
8.60019048e-01 1.818110464527184e-18
8.61571429e-01 1.816471788696692e-18
8.63123810e-01 1.814837535744429e-18
8.64676190e-01 1.813207685810133e-18
8.66228571e-01 1.811582219158170e-18
8.67780952e-01 1.809961116176530e-18
8.69333333e-01 1.808344357375830e-18
8.70885714e-01 1.806731923388338e-18
8.72438095e-01 1.805123794966988e-18
8.73990476e-01 1.803519952984423e-18
8.75542857e-01 1.801920378432037e-18
8.77095238e-01 1.800325052419029e-18
8.78647619e-01 1.798733956171464e-18
8.80200000e-01 1.797147071031347e-18
8.81752381e-01 1.795564378455704e-18
8.83304762e-01 1.793985860015673e-18
8.84857143e-01 1.792411497395600e-18
8.86409524e-01 1.790841272392147e-18
8.87961905e-01 1.789275166913410e-18
8.89514286e-01 1.787713162978044e-18
8.91066667e-01 1.786155242714390e-18
8.92619048e-01 1.784601388359625e-18
8.94171429e-01 1.783051582258903e-18
8.95723810e-01 1.781505806864518e-18
8.97276190e-01 1.779964044735069e-18
8.98828571e-01 1.778426278534628e-18
9.00380952e-01 1.776892491031931e-18
9.01933333e-01 1.775362665099557e-18
9.03485714e-01 1.773836783713133e-18
9.05038095e-01 1.772314829950530e-18
9.06590476e-01 1.770796786991085e-18
9.08142857e-01 1.769282638114810e-18
9.09695238e-01 1.767772366701624e-18
9.11247619e-01 1.766265956230588e-18
9.12800000e-01 1.764763390279141e-18
9.14352381e-01 1.763264652522353e-18
9.15904762e-01 1.761769726732177e-18
9.17457143e-01 1.760278596776712e-18
9.19009524e-01 1.758791246619472e-18
9.20561905e-01 1.757307660318660e-18
9.22114286e-01 1.755827822026454e-18
9.23666667e-01 1.754351715988292e-18
9.25219048e-01 1.752879326542170e-18
9.26771429e-01 1.751410638117944e-18
9.28323810e-01 1.749945635236635e-18
9.29876190e-01 1.748484302509751e-18
9.31428571e-01 1.747026624638600e-18
9.32980952e-01 1.745572586413622e-18
9.34533333e-01 1.744122172713721e-18
9.36085714e-01 1.742675368505608e-18
9.37638095e-01 1.741232158843140e-18
9.39190476e-01 1.739792528866676e-18
9.40742857e-01 1.738356463802434e-18
9.42295238e-01 1.736923948961853e-18
9.43847619e-01 1.735494969740964e-18
9.45400000e-01 1.734069511619762e-18
9.46952381e-01 1.732647560161589e-18
9.48504762e-01 1.731229101012517e-18
9.50057143e-01 1.729814119900742e-18
9.51609524e-01 1.728402602635980e-18
9.53161905e-01 1.726994535108870e-18
9.54714286e-01 1.725589903290378e-18
9.56266667e-01 1.724188693231216e-18
9.57819048e-01 1.722790891061256e-18
9.59371429e-01 1.721396482988953e-18
9.60923810e-01 1.720005455300777e-18
9.62476190e-01 1.718617794360642e-18
9.64028571e-01 1.717233486609349e-18
9.65580952e-01 1.715852518564026e-18
9.67133333e-01 1.714474876817580e-18
9.68685714e-01 1.713100548038145e-18
9.70238095e-01 1.711729518968547e-18
9.71790476e-01 1.710361776425759e-18
9.73342857e-01 1.708997307300377e-18
9.74895238e-01 1.707636098556086e-18
9.76447619e-01 1.706278137229139e-18
9.78000000e-01 1.704923410427839e-18
9.79552381e-01 1.703571905332024e-18
9.81104762e-01 1.702223609192557e-18
9.82657143e-01 1.700878509330825e-18
9.84209524e-01 1.699536593138231e-18
9.85761905e-01 1.698197848075703e-18
9.87314286e-01 1.696862261673203e-18
9.88866667e-01 1.695529821529232e-18
9.90419048e-01 1.694200515310355e-18
9.91971429e-01 1.692874330750716e-18
9.93523810e-01 1.691551255651563e-18
9.95076190e-01 1.690231277880780e-18
9.96628571e-01 1.688914385372416e-18
9.98180952e-01 1.687600566126224e-18
9.99733333e-01 1.686289808207202e-18
1.00128571e+00 1.684982099745135e-18
1.00283810e+00 1.683677428934146e-18
1.00439048e+00 1.682375784032247e-18
1.00594286e+00 1.681077153360898e-18
1.00749524e+00 1.679781525304562e-18
1.00904762e+00 1.678488888310271e-18
1.01060000e+00 1.677199230887198e-18
1.01215238e+00 1.675912541606217e-18
1.01370476e+00 1.674628809099490e-18
1.01525714e+00 1.673348022060037e-18
1.01680952e+00 1.672070169241319e-18
1.01836190e+00 1.670795239456825e-18
1.01991429e+00 1.669523221579662e-18
1.02146667e+00 1.668254104542143e-18
1.02301905e+00 1.666987877335384e-18
1.02457143e+00 1.665724529008907e-18
1.02612381e+00 1.664464048670234e-18
1.02767619e+00 1.663206425484502e-18
1.02922857e+00 1.661951648674065e-18
1.03078095e+00 1.660699707518107e-18
1.03233333e+00 1.659450591352262e-18
1.03388571e+00 1.658204289568226e-18
1.03543810e+00 1.656960791613384e-18
1.03699048e+00 1.655720086990430e-18
1.03854286e+00 1.654482165256999e-18
1.04009524e+00 1.653247016025295e-18
1.04164762e+00 1.652014628961726e-18
1.04320000e+00 1.650784993786543e-18
1.04475238e+00 1.649558100273475e-18
1.04630476e+00 1.648333938249374e-18
1.04785714e+00 1.647112497593865e-18
1.04940952e+00 1.645893768238987e-18
1.05096190e+00 1.644677740168850e-18
1.05251429e+00 1.643464403419288e-18
1.05406667e+00 1.642253748077514e-18
1.05561905e+00 1.641045764281783e-18
1.05717143e+00 1.639840442221051e-18
1.05872381e+00 1.638637772134646e-18
1.06027619e+00 1.637437744311930e-18
1.06182857e+00 1.636240349091970e-18
1.06338095e+00 1.635045576863218e-18
1.06493333e+00 1.633853418063181e-18
1.06648571e+00 1.632663863178098e-18
1.06803810e+00 1.631476902742628e-18
1.06959048e+00 1.630292527339528e-18
1.07114286e+00 1.629110727599340e-18
1.07269524e+00 1.627931494200083e-18
1.07424762e+00 1.626754817866939e-18
1.07580000e+00 1.625580689371953e-18
1.07735238e+00 1.624409099533722e-18
1.07890476e+00 1.623240039217099e-18
1.08045714e+00 1.622073499332891e-18
1.08200952e+00 1.620909470837563e-18
1.08356190e+00 1.619747944732943e-18
1.08511429e+00 1.618588912065933e-18
1.08666667e+00 1.617432363928212e-18
1.08821905e+00 1.616278291455957e-18
1.08977143e+00 1.615126685829551e-18
1.09132381e+00 1.613977538273305e-18
1.09287619e+00 1.612830840055172e-18
1.09442857e+00 1.611686582486473e-18
1.09598095e+00 1.610544756921617e-18
1.09753333e+00 1.609405354757829e-18
1.09908571e+00 1.608268367434876e-18
1.10063810e+00 1.607133786434800e-18
1.10219048e+00 1.606001603281645e-18
1.10374286e+00 1.604871809541196e-18
1.10529524e+00 1.603744396820710e-18
1.10684762e+00 1.602619356768661e-18
1.10840000e+00 1.601496681074473e-18
1.10995238e+00 1.600376361468267e-18
1.11150476e+00 1.599258389720603e-18
1.11305714e+00 1.598142757642226e-18
1.11460952e+00 1.597029457083817e-18
1.11616190e+00 1.595918479935737e-18
1.11771429e+00 1.594809818127786e-18
1.11926667e+00 1.593703463628951e-18
1.12081905e+00 1.592599408447166e-18
1.12237143e+00 1.591497644629066e-18
1.12392381e+00 1.590398164259749e-18
1.12547619e+00 1.589300959462533e-18
1.12702857e+00 1.588206022398727e-18
1.12858095e+00 1.587113345267387e-18
1.13013333e+00 1.586022920305088e-18
1.13168571e+00 1.584934739785692e-18
1.13323810e+00 1.583848796020112e-18
1.13479048e+00 1.582765081356096e-18
1.13634286e+00 1.581683588177986e-18
1.13789524e+00 1.580604308906505e-18
1.13944762e+00 1.579527235998528e-18
1.14100000e+00 1.578452361946860e-18
1.14255238e+00 1.577379679280023e-18
1.14410476e+00 1.576309180562027e-18
1.14565714e+00 1.575240858392164e-18
1.14720952e+00 1.574174705404785e-18
1.14876190e+00 1.573110714269094e-18
1.15031429e+00 1.572048877688931e-18
1.15186667e+00 1.570989188402562e-18
1.15341905e+00 1.569931639182473e-18
1.15497143e+00 1.568876222835164e-18
1.15652381e+00 1.567822932200937e-18
1.15807619e+00 1.566771760153700e-18
1.15962857e+00 1.565722699600760e-18
1.16118095e+00 1.564675743482620e-18
1.16273333e+00 1.563630884772788e-18
1.16428571e+00 1.562588116477567e-18
1.16583810e+00 1.561547431635869e-18
1.16739048e+00 1.560508823319014e-18
1.16894286e+00 1.559472284630537e-18
1.17049524e+00 1.558437808705998e-18
1.17204762e+00 1.557405388712789e-18
1.17360000e+00 1.556375017849943e-18
1.17515238e+00 1.555346689347951e-18
1.17670476e+00 1.554320396468569e-18
1.17825714e+00 1.553296132504638e-18
1.17980952e+00 1.552273890779894e-18
1.18136190e+00 1.551253664648793e-18
1.18291429e+00 1.550235447496323e-18
1.18446667e+00 1.549219232737825e-18
1.18601905e+00 1.548205013818816e-18
1.18757143e+00 1.547192784214812e-18
1.18912381e+00 1.546182537431149e-18
1.19067619e+00 1.545174267002810e-18
1.19222857e+00 1.544167966494249e-18
1.19378095e+00 1.543163629499221e-18
1.19533333e+00 1.542161249640612e-18
1.19688571e+00 1.541160820570263e-18
1.19843810e+00 1.540162335968808e-18
1.19999048e+00 1.539165789545500e-18
1.20154286e+00 1.538171175038050e-18
1.20309524e+00 1.537178486212460e-18
1.20464762e+00 1.536187716862856e-18
1.20620000e+00 1.535198860811328e-18
1.20775238e+00 1.534211911907770e-18
1.20930476e+00 1.533226864029714e-18
1.21085714e+00 1.532243711082175e-18
1.21240952e+00 1.531262446997490e-18
1.21396190e+00 1.530283065735163e-18
1.21551429e+00 1.529305561281707e-18
1.21706667e+00 1.528329927650488e-18
1.21861905e+00 1.527356158881576e-18
1.22017143e+00 1.526384249041585e-18
1.22172381e+00 1.525414192223526e-18
1.22327619e+00 1.524445982546657e-18
1.22482857e+00 1.523479614156328e-18
1.22638095e+00 1.522515081223838e-18
1.22793333e+00 1.521552377946282e-18
1.22948571e+00 1.520591498546411e-18
1.23103810e+00 1.519632437272480e-18
1.23259048e+00 1.518675188398106e-18
1.23414286e+00 1.517719746222127e-18
1.23569524e+00 1.516766105068453e-18
1.23724762e+00 1.515814259285932e-18
1.23880000e+00 1.514864203248202e-18
1.24035238e+00 1.513915931353558e-18
1.24190476e+00 1.512969438024808e-18
1.24345714e+00 1.512024717709138e-18
1.24500952e+00 1.511081764877975e-18
1.24656190e+00 1.510140574026851e-18
1.24811429e+00 1.509201139675265e-18
1.24966667e+00 1.508263456366555e-18
1.25121905e+00 1.507327518667760e-18
1.25277143e+00 1.506393321169489e-18
1.25432381e+00 1.505460858485791e-18
1.25587619e+00 1.504530125254024e-18
1.25742857e+00 1.503601116134723e-18
1.25898095e+00 1.502673825811475e-18
1.26053333e+00 1.501748248990789e-18
1.26208571e+00 1.500824380401970e-18
1.26363810e+00 1.499902214796994e-18
1.26519048e+00 1.498981746950379e-18
1.26674286e+00 1.498062971659063e-18
1.26829524e+00 1.497145883742284e-18
1.26984762e+00 1.496230478041451e-18
1.27140000e+00 1.495316749420026e-18
1.27295238e+00 1.494404692763400e-18
1.27450476e+00 1.493494302978777e-18
1.27605714e+00 1.492585574995053e-18
1.27760952e+00 1.491678503762693e-18
1.27916190e+00 1.490773084253620e-18
1.28071429e+00 1.489869311461094e-18
1.28226667e+00 1.488967180399596e-18
1.28381905e+00 1.488066686104712e-18
1.28537143e+00 1.487167823633021e-18
1.28692381e+00 1.486270588061978e-18
1.28847619e+00 1.485374974489803e-18
1.29002857e+00 1.484480978035366e-18
1.29158095e+00 1.483588593838078e-18
1.29313333e+00 1.482697817057779e-18
1.29468571e+00 1.481808642874626e-18
1.29623810e+00 1.480921066488987e-18
1.29779048e+00 1.480035083121328e-18
1.29934286e+00 1.479150688012109e-18
1.30089524e+00 1.478267876421673e-18
1.30244762e+00 1.477386643630142e-18
1.30400000e+00 1.476506984937311e-18
1.30555238e+00 1.475628895662540e-18
1.30710476e+00 1.474752371144652e-18
1.30865714e+00 1.473877406741827e-18
1.31020952e+00 1.473003997831502e-18
1.31176190e+00 1.472132139810264e-18
1.31331429e+00 1.471261828093753e-18
1.31486667e+00 1.470393058116556e-18
1.31641905e+00 1.469525825332111e-18
1.31797143e+00 1.468660125212602e-18
1.31952381e+00 1.467795953248865e-18
1.32107619e+00 1.466933304950285e-18
1.32262857e+00 1.466072175844700e-18
1.32418095e+00 1.465212561478304e-18
1.32573333e+00 1.464354457415550e-18
1.32728571e+00 1.463497859239053e-18
1.32883810e+00 1.462642762549494e-18
1.33039048e+00 1.461789162965527e-18
1.33194286e+00 1.460937056123686e-18
1.33349524e+00 1.460086437678285e-18
1.33504762e+00 1.459237303301332e-18
1.33660000e+00 1.458389648682432e-18
1.33815238e+00 1.457543469528699e-18
1.33970476e+00 1.456698761564659e-18
1.34125714e+00 1.455855520532166e-18
1.34280952e+00 1.455013742190306e-18
1.34436190e+00 1.454173422315311e-18
1.34591429e+00 1.453334556700469e-18
1.34746667e+00 1.452497141156035e-18
1.34901905e+00 1.451661171509144e-18
1.35057143e+00 1.450826643603721e-18
1.35212381e+00 1.449993553300402e-18
1.35367619e+00 1.449161896476435e-18
1.35522857e+00 1.448331669025607e-18
1.35678095e+00 1.447502866858151e-18
1.35833333e+00 1.446675485900664e-18
1.35988571e+00 1.445849522096024e-18
1.36143810e+00 1.445024971403302e-18
1.36299048e+00 1.444201829797685e-18
1.36454286e+00 1.443380093270390e-18
1.36609524e+00 1.442559757828582e-18
1.36764762e+00 1.441740819495293e-18
1.36920000e+00 1.440923274309341e-18
1.37075238e+00 1.440107118325250e-18
1.37230476e+00 1.439292347613170e-18
1.37385714e+00 1.438478958258797e-18
1.37540952e+00 1.437666946363293e-18
1.37696190e+00 1.436856308043211e-18
1.37851429e+00 1.436047039430412e-18
1.38006667e+00 1.435239136671992e-18
1.38161905e+00 1.434432595930203e-18
1.38317143e+00 1.433627413382375e-18
1.38472381e+00 1.432823585220845e-18
1.38627619e+00 1.432021107652873e-18
1.38782857e+00 1.431219976900577e-18
1.38938095e+00 1.430420189200847e-18
1.39093333e+00 1.429621740805283e-18
1.39248571e+00 1.428824627980110e-18
1.39403810e+00 1.428028847006113e-18
1.39559048e+00 1.427234394178557e-18
1.39714286e+00 1.426441265807122e-18
1.39869524e+00 1.425649458215827e-18
1.40024762e+00 1.424858967742955e-18
1.40180000e+00 1.424069790740991e-18
1.40335238e+00 1.423281923576541e-18
1.40490476e+00 1.422495362630269e-18
1.40645714e+00 1.421710104296827e-18
1.40800952e+00 1.420926144984779e-18
1.40956190e+00 1.420143481116539e-18
1.41111429e+00 1.419362109128299e-18
1.41266667e+00 1.418582025469964e-18
1.41421905e+00 1.417803226605078e-18
1.41577143e+00 1.417025709010764e-18
1.41732381e+00 1.416249469177653e-18
1.41887619e+00 1.415474503609816e-18
1.42042857e+00 1.414700808824704e-18
1.42198095e+00 1.413928381353074e-18
1.42353333e+00 1.413157217738931e-18
1.42508571e+00 1.412387314539459e-18
1.42663810e+00 1.411618668324958e-18
1.42819048e+00 1.410851275678779e-18
1.42974286e+00 1.410085133197260e-18
1.43129524e+00 1.409320237489663e-18
1.43284762e+00 1.408556585178113e-18
1.43440000e+00 1.407794172897532e-18
1.43595238e+00 1.407032997295577e-18
1.43750476e+00 1.406273055032582e-18
1.43905714e+00 1.405514342781492e-18
1.44060952e+00 1.404756857227804e-18
1.44216190e+00 1.404000595069505e-18
1.44371429e+00 1.403245553017014e-18
1.44526667e+00 1.402491727793117e-18
1.44681905e+00 1.401739116132915e-18
1.44837143e+00 1.400987714783755e-18
1.44992381e+00 1.400237520505181e-18
1.45147619e+00 1.399488530068865e-18
1.45302857e+00 1.398740740258559e-18
1.45458095e+00 1.397994147870030e-18
1.45613333e+00 1.397248749711002e-18
1.45768571e+00 1.396504542601104e-18
1.45923810e+00 1.395761523371810e-18
1.46079048e+00 1.395019688866379e-18
1.46234286e+00 1.394279035939806e-18
1.46389524e+00 1.393539561458759e-18
1.46544762e+00 1.392801262301529e-18
1.46700000e+00 1.392064135357969e-18
1.46855238e+00 1.391328177529443e-18
1.47010476e+00 1.390593385728773e-18
1.47165714e+00 1.389859756880177e-18
1.47320952e+00 1.389127287919223e-18
1.47476190e+00 1.388395975792771e-18
1.47631429e+00 1.387665817458921e-18
1.47786667e+00 1.386936809886959e-18
1.47941905e+00 1.386208950057305e-18
1.48097143e+00 1.385482234961458e-18
1.48252381e+00 1.384756661601950e-18
1.48407619e+00 1.384032226992285e-18
1.48562857e+00 1.383308928156896e-18
1.48718095e+00 1.382586762131089e-18
1.48873333e+00 1.381865725960991e-18
1.49028571e+00 1.381145816703503e-18
1.49183810e+00 1.380427031426247e-18
1.49339048e+00 1.379709367207518e-18
1.49494286e+00 1.378992821136230e-18
1.49649524e+00 1.378277390311870e-18
1.49804762e+00 1.377563071844450e-18
1.49960000e+00 1.376849862854451e-18
1.50115238e+00 1.376137760472785e-18
1.50270476e+00 1.375426761840735e-18
1.50425714e+00 1.374716864109915e-18
1.50580952e+00 1.374008064442218e-18
1.50736190e+00 1.373300360009772e-18
1.50891429e+00 1.372593747994888e-18
1.51046667e+00 1.371888225590015e-18
1.51201905e+00 1.371183789997696e-18
1.51357143e+00 1.370480438430516e-18
1.51512381e+00 1.369778168111060e-18
1.51667619e+00 1.369076976271864e-18
1.51822857e+00 1.368376860155372e-18
1.51978095e+00 1.367677817013887e-18
1.52133333e+00 1.366979844109531e-18
1.52288571e+00 1.366282938714193e-18
1.52443810e+00 1.365587098109490e-18
1.52599048e+00 1.364892319586721e-18
1.52754286e+00 1.364198600446819e-18
1.52909524e+00 1.363505938000313e-18
1.53064762e+00 1.362814329567281e-18
1.53220000e+00 1.362123772477305e-18
1.53375238e+00 1.361434264069430e-18
1.53530476e+00 1.360745801692121e-18
1.53685714e+00 1.360058382703219e-18
1.53840952e+00 1.359372004469899e-18
1.53996190e+00 1.358686664368628e-18
1.54151429e+00 1.358002359785121e-18
1.54306667e+00 1.357319088114302e-18
1.54461905e+00 1.356636846760260e-18
1.54617143e+00 1.355955633136209e-18
1.54772381e+00 1.355275444664447e-18
1.54927619e+00 1.354596278776312e-18
1.55082857e+00 1.353918132912146e-18
1.55238095e+00 1.353241004521250e-18
1.55393333e+00 1.352564891061848e-18
1.55548571e+00 1.351889790001043e-18
1.55703810e+00 1.351215698814779e-18
1.55859048e+00 1.350542614987802e-18
1.56014286e+00 1.349870536013619e-18
1.56169524e+00 1.349199459394459e-18
1.56324762e+00 1.348529382641237e-18
1.56480000e+00 1.347860303273510e-18
1.56635238e+00 1.347192218819443e-18
1.56790476e+00 1.346525126815768e-18
1.56945714e+00 1.345859024807748e-18
1.57100952e+00 1.345193910349136e-18
1.57256190e+00 1.344529781002140e-18
1.57411429e+00 1.343866634337384e-18
1.57566667e+00 1.343204467933873e-18
1.57721905e+00 1.342543279378953e-18
1.57877143e+00 1.341883066268274e-18
1.58032381e+00 1.341223826205756e-18
1.58187619e+00 1.340565556803549e-18
1.58342857e+00 1.339908255682003e-18
1.58498095e+00 1.339251920469622e-18
1.58653333e+00 1.338596548803037e-18
1.58808571e+00 1.337942138326965e-18
1.58963810e+00 1.337288686694177e-18
1.59119048e+00 1.336636191565460e-18
1.59274286e+00 1.335984650609582e-18
1.59429524e+00 1.335334061503260e-18
1.59584762e+00 1.334684421931119e-18
1.59740000e+00 1.334035729585666e-18
1.59895238e+00 1.333387982167247e-18
1.60050476e+00 1.332741177384018e-18
1.60205714e+00 1.332095312951912e-18
1.60360952e+00 1.331450386594599e-18
1.60516190e+00 1.330806396043458e-18
1.60671429e+00 1.330163339037541e-18
1.60826667e+00 1.329521213323541e-18
1.60981905e+00 1.328880016655757e-18
1.61137143e+00 1.328239746796062e-18
1.61292381e+00 1.327600401513871e-18
1.61447619e+00 1.326961978586107e-18
1.61602857e+00 1.326324475797170e-18
1.61758095e+00 1.325687890938903e-18
1.61913333e+00 1.325052221810561e-18
1.62068571e+00 1.324417466218778e-18
1.62223810e+00 1.323783621977536e-18
1.62379048e+00 1.323150686908136e-18
1.62534286e+00 1.322518658839160e-18
1.62689524e+00 1.321887535606446e-18
1.62844762e+00 1.321257315053054e-18
1.63000000e+00 1.320627995029235e-18
1.63155238e+00 1.319999573392401e-18
1.63310476e+00 1.319372048007095e-18
1.63465714e+00 1.318745416744958e-18
1.63620952e+00 1.318119677484702e-18
1.63776190e+00 1.317494828112076e-18
1.63931429e+00 1.316870866519840e-18
1.64086667e+00 1.316247790607733e-18
1.64241905e+00 1.315625598282442e-18
1.64397143e+00 1.315004287457576e-18
1.64552381e+00 1.314383856053633e-18
1.64707619e+00 1.313764301997975e-18
1.64862857e+00 1.313145623224792e-18
1.65018095e+00 1.312527817675083e-18
1.65173333e+00 1.311910883296616e-18
1.65328571e+00 1.311294818043910e-18
1.65483810e+00 1.310679619878197e-18
1.65639048e+00 1.310065286767402e-18
1.65794286e+00 1.309451816686108e-18
1.65949524e+00 1.308839207615534e-18
1.66104762e+00 1.308227457543501e-18
1.66260000e+00 1.307616564464408e-18
1.66415238e+00 1.307006526379206e-18
1.66570476e+00 1.306397341295366e-18
1.66725714e+00 1.305789007226853e-18
1.66880952e+00 1.305181522194103e-18
1.67036190e+00 1.304574884223988e-18
1.67191429e+00 1.303969091349799e-18
1.67346667e+00 1.303364141611209e-18
1.67501905e+00 1.302760033054255e-18
1.67657143e+00 1.302156763731306e-18
1.67812381e+00 1.301554331701037e-18
1.67967619e+00 1.300952735028408e-18
1.68122857e+00 1.300351971784630e-18
1.68278095e+00 1.299752040047146e-18
1.68433333e+00 1.299152937899601e-18
1.68588571e+00 1.298554663431817e-18
1.68743810e+00 1.297957214739768e-18
1.68899048e+00 1.297360589925557e-18
1.69054286e+00 1.296764787097384e-18
1.69209524e+00 1.296169804369529e-18
1.69364762e+00 1.295575639862320e-18
1.69520000e+00 1.294982291702112e-18
1.69675238e+00 1.294389758021262e-18
1.69830476e+00 1.293798036958102e-18
1.69985714e+00 1.293207126656917e-18
1.70140952e+00 1.292617025267919e-18
1.70296190e+00 1.292027730947223e-18
1.70451429e+00 1.291439241856823e-18
1.70606667e+00 1.290851556164568e-18
1.70761905e+00 1.290264672044138e-18
1.70917143e+00 1.289678587675019e-18
1.71072381e+00 1.289093301242483e-18
1.71227619e+00 1.288508810937558e-18
1.71382857e+00 1.287925114957012e-18
1.71538095e+00 1.287342211503322e-18
1.71693333e+00 1.286760098784659e-18
1.71848571e+00 1.286178775014858e-18
1.72003810e+00 1.285598238413396e-18
1.72159048e+00 1.285018487205374e-18
1.72314286e+00 1.284439519621488e-18
1.72469524e+00 1.283861333898012e-18
1.72624762e+00 1.283283928276769e-18
1.72780000e+00 1.282707301005115e-18
1.72935238e+00 1.282131450335912e-18
1.73090476e+00 1.281556374527509e-18
1.73245714e+00 1.280982071843716e-18
1.73400952e+00 1.280408540553788e-18
1.73556190e+00 1.279835778932397e-18
1.73711429e+00 1.279263785259611e-18
1.73866667e+00 1.278692557820879e-18
1.74021905e+00 1.278122094907000e-18
1.74177143e+00 1.277552394814107e-18
1.74332381e+00 1.276983455843647e-18
1.74487619e+00 1.276415276302352e-18
1.74642857e+00 1.275847854502229e-18
1.74798095e+00 1.275281188760529e-18
1.74953333e+00 1.274715277399732e-18
1.75108571e+00 1.274150118747524e-18
1.75263810e+00 1.273585711136775e-18
1.75419048e+00 1.273022052905522e-18
1.75574286e+00 1.272459142396945e-18
1.75729524e+00 1.271896977959348e-18
1.75884762e+00 1.271335557946139e-18
1.76040000e+00 1.270774880715807e-18
1.76195238e+00 1.270214944631908e-18
1.76350476e+00 1.269655748063037e-18
1.76505714e+00 1.269097289382814e-18
1.76660952e+00 1.268539566969863e-18
1.76816190e+00 1.267982579207789e-18
1.76971429e+00 1.267426324485162e-18
1.77126667e+00 1.266870801195497e-18
1.77281905e+00 1.266316007737232e-18
1.77437143e+00 1.265761942513711e-18
1.77592381e+00 1.265208603933164e-18
1.77747619e+00 1.264655990408688e-18
1.77902857e+00 1.264104100358226e-18
1.78058095e+00 1.263552932204553e-18
1.78213333e+00 1.263002484375249e-18
1.78368571e+00 1.262452755302689e-18
1.78523810e+00 1.261903743424018e-18
1.78679048e+00 1.261355447181135e-18
1.78834286e+00 1.260807865020674e-18
1.78989524e+00 1.260260995393983e-18
1.79144762e+00 1.259714836757113e-18
1.79300000e+00 1.259169387570789e-18
1.79455238e+00 1.258624646300402e-18
1.79610476e+00 1.258080611415983e-18
1.79765714e+00 1.257537281392191e-18
1.79920952e+00 1.256994654708290e-18
1.80076190e+00 1.256452729848135e-18
1.80231429e+00 1.255911505300151e-18
1.80386667e+00 1.255370979557319e-18
1.80541905e+00 1.254831151117154e-18
1.80697143e+00 1.254292018481691e-18
1.80852381e+00 1.253753580157468e-18
1.81007619e+00 1.253215834655503e-18
1.81162857e+00 1.252678780491284e-18
1.81318095e+00 1.252142416184747e-18
1.81473333e+00 1.251606740260259e-18
1.81628571e+00 1.251071751246606e-18
1.81783810e+00 1.250537447676969e-18
1.81939048e+00 1.250003828088911e-18
1.82094286e+00 1.249470891024359e-18
1.82249524e+00 1.248938635029591e-18
1.82404762e+00 1.248407058655211e-18
1.82560000e+00 1.247876160456142e-18
1.82715238e+00 1.247345938991604e-18
1.82870476e+00 1.246816392825098e-18
1.83025714e+00 1.246287520524389e-18
1.83180952e+00 1.245759320661493e-18
1.83336190e+00 1.245231791812660e-18
1.83491429e+00 1.244704932558354e-18
1.83646667e+00 1.244178741483240e-18
1.83801905e+00 1.243653217176170e-18
1.83957143e+00 1.243128358230163e-18
1.84112381e+00 1.242604163242390e-18
1.84267619e+00 1.242080630814163e-18
1.84422857e+00 1.241557759550912e-18
1.84578095e+00 1.241035548062174e-18
1.84733333e+00 1.240513994961577e-18
1.84888571e+00 1.239993098866824e-18
1.85043810e+00 1.239472858399677e-18
1.85199048e+00 1.238953272185942e-18
1.85354286e+00 1.238434338855456e-18
1.85509524e+00 1.237916057042068e-18
1.85664762e+00 1.237398425383625e-18
1.85820000e+00 1.236881442521961e-18
1.85975238e+00 1.236365107102876e-18
1.86130476e+00 1.235849417776124e-18
1.86285714e+00 1.235334373195399e-18
1.86440952e+00 1.234819972018319e-18
1.86596190e+00 1.234306212906413e-18
1.86751429e+00 1.233793094525101e-18
1.86906667e+00 1.233280615543687e-18
1.87061905e+00 1.232768774635341e-18
1.87217143e+00 1.232257570477081e-18
1.87372381e+00 1.231747001749766e-18
1.87527619e+00 1.231237067138076e-18
1.87682857e+00 1.230727765330499e-18
1.87838095e+00 1.230219095019318e-18
1.87993333e+00 1.229711054900598e-18
1.88148571e+00 1.229203643674168e-18
1.88303810e+00 1.228696860043609e-18
1.88459048e+00 1.228190702716243e-18
1.88614286e+00 1.227685170403114e-18
1.88769524e+00 1.227180261818978e-18
1.88924762e+00 1.226675975682287e-18
1.89080000e+00 1.226172310715178e-18
1.89235238e+00 1.225669265643457e-18
1.89390476e+00 1.225166839196586e-18
1.89545714e+00 1.224665030107669e-18
1.89700952e+00 1.224163837113441e-18
1.89856190e+00 1.223663258954252e-18
1.90011429e+00 1.223163294374054e-18
1.90166667e+00 1.222663942120391e-18
1.90321905e+00 1.222165200944379e-18
1.90477143e+00 1.221667069600702e-18
1.90632381e+00 1.221169546847591e-18
1.90787619e+00 1.220672631446814e-18
1.90942857e+00 1.220176322163665e-18
1.91098095e+00 1.219680617766948e-18
1.91253333e+00 1.219185517028965e-18
1.91408571e+00 1.218691018725505e-18
1.91563810e+00 1.218197121635829e-18
1.91719048e+00 1.217703824542658e-18
1.91874286e+00 1.217211126232162e-18
1.92029524e+00 1.216719025493945e-18
1.92184762e+00 1.216227521121034e-18
1.92340000e+00 1.215736611909867e-18
1.92495238e+00 1.215246296660277e-18
1.92650476e+00 1.214756574175487e-18
1.92805714e+00 1.214267443262089e-18
1.92960952e+00 1.213778902730039e-18
1.93116190e+00 1.213290951392640e-18
1.93271429e+00 1.212803588066532e-18
1.93426667e+00 1.212316811571682e-18
1.93581905e+00 1.211830620731366e-18
1.93737143e+00 1.211345014372164e-18
1.93892381e+00 1.210859991323942e-18
1.94047619e+00 1.210375550419847e-18
1.94202857e+00 1.209891690496286e-18
1.94358095e+00 1.209408410392924e-18
1.94513333e+00 1.208925708952666e-18
1.94668571e+00 1.208443585021647e-18
1.94823810e+00 1.207962037449221e-18
1.94979048e+00 1.207481065087948e-18
1.95134286e+00 1.207000666793586e-18
1.95289524e+00 1.206520841425075e-18
1.95444762e+00 1.206041587844528e-18
1.95600000e+00 1.205562904917220e-18
1.95755238e+00 1.205084791511577e-18
1.95910476e+00 1.204607246499161e-18
1.96065714e+00 1.204130268754665e-18
1.96220952e+00 1.203653857155897e-18
1.96376190e+00 1.203178010583770e-18
1.96531429e+00 1.202702727922293e-18
1.96686667e+00 1.202228008058556e-18
1.96841905e+00 1.201753849882725e-18
1.96997143e+00 1.201280252288025e-18
1.97152381e+00 1.200807214170732e-18
1.97307619e+00 1.200334734430163e-18
1.97462857e+00 1.199862811968663e-18
1.97618095e+00 1.199391445691597e-18
1.97773333e+00 1.198920634507337e-18
1.97928571e+00 1.198450377327251e-18
1.98083810e+00 1.197980673065695e-18
1.98239048e+00 1.197511520640002e-18
1.98394286e+00 1.197042918970469e-18
1.98549524e+00 1.196574866980349e-18
1.98704762e+00 1.196107363595840e-18
1.98860000e+00 1.195640407746072e-18
1.99015238e+00 1.195173998363103e-18
1.99170476e+00 1.194708134381903e-18
1.99325714e+00 1.194242814740345e-18
1.99480952e+00 1.193778038379197e-18
1.99636190e+00 1.193313804242110e-18
1.99791429e+00 1.192850111275607e-18
1.99946667e+00 1.192386958429075e-18
2.00101905e+00 1.191924344654756e-18
2.00257143e+00 1.191462268907733e-18
2.00412381e+00 1.191000730145922e-18
2.00567619e+00 1.190539727330066e-18
2.00722857e+00 1.190079259423718e-18
2.00878095e+00 1.189619325393237e-18
2.01033333e+00 1.189159924207774e-18
2.01188571e+00 1.188701054839269e-18
2.01343810e+00 1.188242716262431e-18
2.01499048e+00 1.187784907454738e-18
2.01654286e+00 1.187327627396422e-18
2.01809524e+00 1.186870875070462e-18
2.01964762e+00 1.186414649462574e-18
2.02120000e+00 1.185958949561199e-18
2.02275238e+00 1.185503774357498e-18
2.02430476e+00 1.185049122845338e-18
2.02585714e+00 1.184594994021287e-18
2.02740952e+00 1.184141386884602e-18
2.02896190e+00 1.183688300437219e-18
2.03051429e+00 1.183235733683748e-18
2.03206667e+00 1.182783685631459e-18
2.03361905e+00 1.182332155290274e-18
2.03517143e+00 1.181881141672762e-18
2.03672381e+00 1.181430643794122e-18
2.03827619e+00 1.180980660672184e-18
2.03982857e+00 1.180531191327390e-18
2.04138095e+00 1.180082234782792e-18
2.04293333e+00 1.179633790064041e-18
2.04448571e+00 1.179185856199376e-18
2.04603810e+00 1.178738432219619e-18
2.04759048e+00 1.178291517158163e-18
2.04914286e+00 1.177845110050966e-18
2.05069524e+00 1.177399209936538e-18
2.05224762e+00 1.176953815855938e-18
2.05380000e+00 1.176508926852761e-18
2.05535238e+00 1.176064541973130e-18
2.05690476e+00 1.175620660265689e-18
2.05845714e+00 1.175177280781594e-18
2.06000952e+00 1.174734402574503e-18
2.06156190e+00 1.174292024700570e-18
2.06311429e+00 1.173850146218433e-18
2.06466667e+00 1.173408766189211e-18
2.06621905e+00 1.172967883676489e-18
2.06777143e+00 1.172527497746315e-18
2.06932381e+00 1.172087607467188e-18
2.07087619e+00 1.171648211910054e-18
2.07242857e+00 1.171209310148293e-18
2.07398095e+00 1.170770901257713e-18
2.07553333e+00 1.170332984316545e-18
2.07708571e+00 1.169895558405426e-18
2.07863810e+00 1.169458622607402e-18
2.08019048e+00 1.169022176007911e-18
2.08174286e+00 1.168586217694780e-18
2.08329524e+00 1.168150746758215e-18
2.08484762e+00 1.167715762290794e-18
2.08640000e+00 1.167281263387458e-18
2.08795238e+00 1.166847249145503e-18
2.08950476e+00 1.166413718664573e-18
2.09105714e+00 1.165980671046654e-18
2.09260952e+00 1.165548105396060e-18
2.09416190e+00 1.165116020819435e-18
2.09571429e+00 1.164684416425733e-18
2.09726667e+00 1.164253291326222e-18
2.09881905e+00 1.163822644634468e-18
2.10037143e+00 1.163392475466332e-18
2.10192381e+00 1.162962782939961e-18
2.10347619e+00 1.162533566175779e-18
2.10502857e+00 1.162104824296483e-18
2.10658095e+00 1.161676556427029e-18
2.10813333e+00 1.161248761694634e-18
2.10968571e+00 1.160821439228760e-18
2.11123810e+00 1.160394588161109e-18
2.11279048e+00 1.159968207625619e-18
2.11434286e+00 1.159542296758452e-18
2.11589524e+00 1.159116854697990e-18
2.11744762e+00 1.158691880584825e-18
2.11900000e+00 1.158267373561754e-18
2.12055238e+00 1.157843332773769e-18
2.12210476e+00 1.157419757368055e-18
2.12365714e+00 1.156996646493976e-18
2.12520952e+00 1.156573999303072e-18
2.12676190e+00 1.156151814949052e-18
2.12831429e+00 1.155730092587785e-18
2.12986667e+00 1.155308831377294e-18
2.13141905e+00 1.154888030477749e-18
2.13297143e+00 1.154467689051459e-18
2.13452381e+00 1.154047806262866e-18
2.13607619e+00 1.153628381278538e-18
2.13762857e+00 1.153209413267161e-18
2.13918095e+00 1.152790901399535e-18
2.14073333e+00 1.152372844848562e-18
2.14228571e+00 1.151955242789244e-18
2.14383810e+00 1.151538094398673e-18
2.14539048e+00 1.151121398856027e-18
2.14694286e+00 1.150705155342561e-18
2.14849524e+00 1.150289363041600e-18
2.15004762e+00 1.149874021138534e-18
2.15160000e+00 1.149459128820811e-18
2.15315238e+00 1.149044685277928e-18
2.15470476e+00 1.148630689701428e-18
2.15625714e+00 1.148217141284892e-18
2.15780952e+00 1.147804039223928e-18
2.15936190e+00 1.147391382716173e-18
2.16091429e+00 1.146979170961280e-18
2.16246667e+00 1.146567403160912e-18
2.16401905e+00 1.146156078518739e-18
2.16557143e+00 1.145745196240428e-18
2.16712381e+00 1.145334755533638e-18
2.16867619e+00 1.144924755608013e-18
2.17022857e+00 1.144515195675177e-18
2.17178095e+00 1.144106074948728e-18
2.17333333e+00 1.143697392644227e-18
2.17488571e+00 1.143289147979197e-18
2.17643810e+00 1.142881340173114e-18
2.17799048e+00 1.142473968447404e-18
2.17954286e+00 1.142067032025430e-18
2.18109524e+00 1.141660530132494e-18
2.18264762e+00 1.141254461995824e-18
2.18420000e+00 1.140848826844573e-18
2.18575238e+00 1.140443623909808e-18
2.18730476e+00 1.140038852424508e-18
2.18885714e+00 1.139634511623557e-18
2.19040952e+00 1.139230600743735e-18
2.19196190e+00 1.138827119023715e-18
2.19351429e+00 1.138424065704058e-18
2.19506667e+00 1.138021440027202e-18
2.19661905e+00 1.137619241237462e-18
2.19817143e+00 1.137217468581019e-18
2.19972381e+00 1.136816121305918e-18
2.20127619e+00 1.136415198662060e-18
2.20282857e+00 1.136014699901195e-18
2.20438095e+00 1.135614624276919e-18
2.20593333e+00 1.135214971044666e-18
2.20748571e+00 1.134815739461705e-18
2.20903810e+00 1.134416928787129e-18
2.21059048e+00 1.134018538281853e-18
2.21214286e+00 1.133620567208612e-18
2.21369524e+00 1.133223014831943e-18
2.21524762e+00 1.132825880418195e-18
2.21680000e+00 1.132429163235510e-18
2.21835238e+00 1.132032862553825e-18
2.21990476e+00 1.131636977644865e-18
2.22145714e+00 1.131241507782135e-18
2.22300952e+00 1.130846452240917e-18
2.22456190e+00 1.130451810298262e-18
2.22611429e+00 1.130057581232987e-18
2.22766667e+00 1.129663764325669e-18
2.22921905e+00 1.129270358858637e-18
2.23077143e+00 1.128877364115969e-18
2.23232381e+00 1.128484779383487e-18
2.23387619e+00 1.128092603948748e-18
2.23542857e+00 1.127700837101042e-18
2.23698095e+00 1.127309478131387e-18
2.23853333e+00 1.126918526332520e-18
2.24008571e+00 1.126527980998895e-18
2.24163810e+00 1.126137841426675e-18
2.24319048e+00 1.125748106913731e-18
2.24474286e+00 1.125358776759631e-18
2.24629524e+00 1.124969850265638e-18
2.24784762e+00 1.124581326734705e-18
2.24940000e+00 1.124193205471468e-18
2.25095238e+00 1.123805485782243e-18
2.25250476e+00 1.123418166975019e-18
2.25405714e+00 1.123031248359454e-18
2.25560952e+00 1.122644729246866e-18
2.25716190e+00 1.122258608950236e-18
2.25871429e+00 1.121872886784194e-18
2.26026667e+00 1.121487562065019e-18
2.26181905e+00 1.121102634110635e-18
2.26337143e+00 1.120718102240599e-18
2.26492381e+00 1.120333965776104e-18
2.26647619e+00 1.119950224039970e-18
2.26802857e+00 1.119566876356640e-18
2.26958095e+00 1.119183922052173e-18
2.27113333e+00 1.118801360454241e-18
2.27268571e+00 1.118419190892124e-18
2.27423810e+00 1.118037412696706e-18
2.27579048e+00 1.117656025200466e-18
2.27734286e+00 1.117275027737478e-18
2.27889524e+00 1.116894419643403e-18
2.28044762e+00 1.116514200255486e-18
2.28200000e+00 1.116134368912548e-18
2.28355238e+00 1.115754924954986e-18
2.28510476e+00 1.115375867724766e-18
2.28665714e+00 1.114997196565414e-18
2.28820952e+00 1.114618910822019e-18
2.28976190e+00 1.114241009841223e-18
2.29131429e+00 1.113863492971217e-18
2.29286667e+00 1.113486359561737e-18
2.29441905e+00 1.113109608964059e-18
2.29597143e+00 1.112733240530996e-18
2.29752381e+00 1.112357253616890e-18
2.29907619e+00 1.111981647577609e-18
2.30062857e+00 1.111606421770544e-18
2.30218095e+00 1.111231575554602e-18
2.30373333e+00 1.110857108290202e-18
2.30528571e+00 1.110483019339271e-18
2.30683810e+00 1.110109308065239e-18
2.30839048e+00 1.109735973833035e-18
2.30994286e+00 1.109363016009081e-18
2.31149524e+00 1.108990433961291e-18
2.31304762e+00 1.108618227059059e-18
2.31460000e+00 1.108246394673266e-18
2.31615238e+00 1.107874936176265e-18
2.31770476e+00 1.107503850941880e-18
2.31925714e+00 1.107133138345405e-18
2.32080952e+00 1.106762797763595e-18
2.32236190e+00 1.106392828574664e-18
2.32391429e+00 1.106023230158280e-18
2.32546667e+00 1.105654001895559e-18
2.32701905e+00 1.105285143169066e-18
2.32857143e+00 1.104916653362802e-18
2.33012381e+00 1.104548531862210e-18
2.33167619e+00 1.104180778054160e-18
2.33322857e+00 1.103813391326953e-18
2.33478095e+00 1.103446371070315e-18
2.33633333e+00 1.103079716675388e-18
2.33788571e+00 1.102713427534731e-18
2.33943810e+00 1.102347503042314e-18
2.34099048e+00 1.101981942593515e-18
2.34254286e+00 1.101616745585112e-18
2.34409524e+00 1.101251911415284e-18
2.34564762e+00 1.100887439483602e-18
2.34720000e+00 1.100523329191029e-18
2.34875238e+00 1.100159579939912e-18
2.35030476e+00 1.099796191133983e-18
2.35185714e+00 1.099433162178347e-18
2.35340952e+00 1.099070492479488e-18
2.35496190e+00 1.098708181445256e-18
2.35651429e+00 1.098346228484867e-18
2.35806667e+00 1.097984633008900e-18
2.35961905e+00 1.097623394429290e-18
2.36117143e+00 1.097262512159325e-18
2.36272381e+00 1.096901985613644e-18
2.36427619e+00 1.096541814208232e-18
2.36582857e+00 1.096181997360412e-18
2.36738095e+00 1.095822534488848e-18
2.36893333e+00 1.095463425013536e-18
2.37048571e+00 1.095104668355802e-18
2.37203810e+00 1.094746263938297e-18
2.37359048e+00 1.094388211184996e-18
2.37514286e+00 1.094030509521189e-18
2.37669524e+00 1.093673158373481e-18
2.37824762e+00 1.093316157169788e-18
2.37980000e+00 1.092959505339333e-18
2.38135238e+00 1.092603202312640e-18
2.38290476e+00 1.092247247521531e-18
2.38445714e+00 1.091891640399125e-18
2.38600952e+00 1.091536380379830e-18
2.38756190e+00 1.091181466899345e-18
2.38911429e+00 1.090826899394647e-18
2.39066667e+00 1.090472677303997e-18
2.39221905e+00 1.090118800066931e-18
2.39377143e+00 1.089765267124257e-18
2.39532381e+00 1.089412077918052e-18
2.39687619e+00 1.089059231891658e-18
2.39842857e+00 1.088706728489677e-18
2.39998095e+00 1.088354567157969e-18
2.40153333e+00 1.088002747343651e-18
2.40308571e+00 1.087651268495086e-18
2.40463810e+00 1.087300130061884e-18
2.40619048e+00 1.086949331494902e-18
2.40774286e+00 1.086598872246233e-18
2.40929524e+00 1.086248751769205e-18
2.41084762e+00 1.085898969518382e-18
2.41240000e+00 1.085549524949553e-18
2.41395238e+00 1.085200417519734e-18
2.41550476e+00 1.084851646687162e-18
2.41705714e+00 1.084503211911293e-18
2.41860952e+00 1.084155112652795e-18
2.42016190e+00 1.083807348373551e-18
2.42171429e+00 1.083459918536647e-18
2.42326667e+00 1.083112822606376e-18
2.42481905e+00 1.082766060048232e-18
2.42637143e+00 1.082419630328903e-18
2.42792381e+00 1.082073532916273e-18
2.42947619e+00 1.081727767279417e-18
2.43102857e+00 1.081382332888594e-18
2.43258095e+00 1.081037229215249e-18
2.43413333e+00 1.080692455732006e-18
2.43568571e+00 1.080348011912665e-18
2.43723810e+00 1.080003897232200e-18
2.43879048e+00 1.079660111166755e-18
2.44034286e+00 1.079316653193641e-18
2.44189524e+00 1.078973522791330e-18
2.44344762e+00 1.078630719439455e-18
2.44500000e+00 1.078288242618808e-18
2.44655238e+00 1.077946091811331e-18
2.44810476e+00 1.077604266500116e-18
2.44965714e+00 1.077262766169405e-18
2.45120952e+00 1.076921590304579e-18
2.45276190e+00 1.076580738392163e-18
2.45431429e+00 1.076240209919816e-18
2.45586667e+00 1.075900004376333e-18
2.45741905e+00 1.075560121251637e-18
2.45897143e+00 1.075220560036781e-18
2.46052381e+00 1.074881320223941e-18
2.46207619e+00 1.074542401306411e-18
2.46362857e+00 1.074203802778608e-18
2.46518095e+00 1.073865524136059e-18
2.46673333e+00 1.073527564875404e-18
2.46828571e+00 1.073189924494392e-18
2.46983810e+00 1.072852602491876e-18
2.47139048e+00 1.072515598367811e-18
2.47294286e+00 1.072178911623251e-18
2.47449524e+00 1.071842541760346e-18
2.47604762e+00 1.071506488282339e-18
2.47760000e+00 1.071170750693560e-18
2.47915238e+00 1.070835328499430e-18
2.48070476e+00 1.070500221206449e-18
2.48225714e+00 1.070165428322200e-18
2.48380952e+00 1.069830949355342e-18
2.48536190e+00 1.069496783815609e-18
2.48691429e+00 1.069162931213807e-18
2.48846667e+00 1.068829391061808e-18
2.49001905e+00 1.068496162872553e-18
2.49157143e+00 1.068163246160040e-18
2.49312381e+00 1.067830640439331e-18
2.49467619e+00 1.067498345226543e-18
2.49622857e+00 1.067166360038846e-18
2.49778095e+00 1.066834684394459e-18
2.49933333e+00 1.066503317812651e-18
2.50088571e+00 1.066172259813735e-18
2.50243810e+00 1.065841509919065e-18
2.50399048e+00 1.065511067651034e-18
2.50554286e+00 1.065180932533070e-18
2.50709524e+00 1.064851104089637e-18
2.50864762e+00 1.064521581846224e-18
2.51020000e+00 1.064192365329353e-18
2.51175238e+00 1.063863454066566e-18
2.51330476e+00 1.063534847586428e-18
2.51485714e+00 1.063206545418524e-18
2.51640952e+00 1.062878547093452e-18
2.51796190e+00 1.062550852142827e-18
2.51951429e+00 1.062223460099269e-18
2.52106667e+00 1.061896370496411e-18
2.52261905e+00 1.061569582868886e-18
2.52417143e+00 1.061243096752332e-18
2.52572381e+00 1.060916911683384e-18
2.52727619e+00 1.060591027199676e-18
2.52882857e+00 1.060265442839832e-18
2.53038095e+00 1.059940158143470e-18
2.53193333e+00 1.059615172651194e-18
2.53348571e+00 1.059290485904594e-18
2.53503810e+00 1.058966097446244e-18
2.53659048e+00 1.058642006819696e-18
2.53814286e+00 1.058318213569480e-18
2.53969524e+00 1.057994717241100e-18
2.54124762e+00 1.057671517381033e-18
2.54280000e+00 1.057348613536726e-18
2.54435238e+00 1.057026005256589e-18
2.54590476e+00 1.056703692089999e-18
2.54745714e+00 1.056381673587294e-18
2.54900952e+00 1.056059949299770e-18
2.55056190e+00 1.055738518779678e-18
2.55211429e+00 1.055417381580224e-18
2.55366667e+00 1.055096537255564e-18
2.55521905e+00 1.054775985360803e-18
2.55677143e+00 1.054455725451991e-18
2.55832381e+00 1.054135757086119e-18
2.55987619e+00 1.053816079821123e-18
2.56142857e+00 1.053496693215872e-18
2.56298095e+00 1.053177596830174e-18
2.56453333e+00 1.052858790224768e-18
2.56608571e+00 1.052540272961322e-18
2.56763810e+00 1.052222044602435e-18
2.56919048e+00 1.051904104711629e-18
2.57074286e+00 1.051586452853349e-18
2.57229524e+00 1.051269088592959e-18
2.57384762e+00 1.050952011496742e-18
2.57540000e+00 1.050635221131897e-18
2.57695238e+00 1.050318717066535e-18
2.57850476e+00 1.050002498869674e-18
2.58005714e+00 1.049686566111246e-18
2.58160952e+00 1.049370918362082e-18
2.58316190e+00 1.049055555193920e-18
2.58471429e+00 1.048740476179396e-18
2.58626667e+00 1.048425680892047e-18
2.58781905e+00 1.048111168906301e-18
2.58937143e+00 1.047796939797483e-18
2.59092381e+00 1.047482993141807e-18
2.59247619e+00 1.047169328516377e-18
2.59402857e+00 1.046855945499179e-18
2.59558095e+00 1.046542843669086e-18
2.59713333e+00 1.046230022605852e-18
2.59868571e+00 1.045917481890109e-18
2.60023810e+00 1.045605221103365e-18
2.60179048e+00 1.045293239828002e-18
2.60334286e+00 1.044981537647275e-18
2.60489524e+00 1.044670114145307e-18
2.60644762e+00 1.044358968907089e-18
2.60800000e+00 1.044048101518477e-18
2.60955238e+00 1.043737511566187e-18
2.61110476e+00 1.043427198637799e-18
2.61265714e+00 1.043117162321747e-18
2.61420952e+00 1.042807402207323e-18
2.61576190e+00 1.042497917884672e-18
2.61731429e+00 1.042188708944789e-18
2.61886667e+00 1.041879774979518e-18
2.62041905e+00 1.041571115581549e-18
2.62197143e+00 1.041262730344418e-18
2.62352381e+00 1.040954618862500e-18
2.62507619e+00 1.040646780731013e-18
2.62662857e+00 1.040339215546009e-18
2.62818095e+00 1.040031922904378e-18
2.62973333e+00 1.039724902403842e-18
2.63128571e+00 1.039418153642954e-18
2.63283810e+00 1.039111676221094e-18
2.63439048e+00 1.038805469738470e-18
2.63594286e+00 1.038499533796115e-18
2.63749524e+00 1.038193867995882e-18
2.63904762e+00 1.037888471940445e-18
2.64060000e+00 1.037583345233296e-18
2.64215238e+00 1.037278487478740e-18
2.64370476e+00 1.036973898281899e-18
2.64525714e+00 1.036669577248704e-18
2.64680952e+00 1.036365523985895e-18
2.64836190e+00 1.036061738101020e-18
2.64991429e+00 1.035758219202431e-18
2.65146667e+00 1.035454966899283e-18
2.65301905e+00 1.035151980801531e-18
2.65457143e+00 1.034849260519930e-18
2.65612381e+00 1.034546805666028e-18
2.65767619e+00 1.034244615852172e-18
2.65922857e+00 1.033942690691498e-18
2.66078095e+00 1.033641029797932e-18
2.66233333e+00 1.033339632786189e-18
2.66388571e+00 1.033038499271770e-18
2.66543810e+00 1.032737628870960e-18
2.66699048e+00 1.032437021200825e-18
2.66854286e+00 1.032136675879211e-18
2.67009524e+00 1.031836592524742e-18
2.67164762e+00 1.031536770756819e-18
2.67320000e+00 1.031237210195615e-18
2.67475238e+00 1.030937910462074e-18
2.67630476e+00 1.030638871177911e-18
2.67785714e+00 1.030340091965609e-18
2.67940952e+00 1.030041572448416e-18
2.68096190e+00 1.029743312250344e-18
2.68251429e+00 1.029445310996166e-18
2.68406667e+00 1.029147568311414e-18
2.68561905e+00 1.028850083822381e-18
2.68717143e+00 1.028552857156111e-18
2.68872381e+00 1.028255887940406e-18
2.69027619e+00 1.027959175803817e-18
2.69182857e+00 1.027662720375647e-18
2.69338095e+00 1.027366521285945e-18
2.69493333e+00 1.027070578165506e-18
2.69648571e+00 1.026774890645872e-18
2.69803810e+00 1.026479458359323e-18
2.69959048e+00 1.026184280938882e-18
2.70114286e+00 1.025889358018310e-18
2.70269524e+00 1.025594689232103e-18
2.70424762e+00 1.025300274215492e-18
2.70580000e+00 1.025006112604441e-18
2.70735238e+00 1.024712204035644e-18
2.70890476e+00 1.024418548146527e-18
2.71045714e+00 1.024125144575237e-18
2.71200952e+00 1.023831992960651e-18
2.71356190e+00 1.023539092942367e-18
2.71511429e+00 1.023246444160705e-18
2.71666667e+00 1.022954046256703e-18
2.71821905e+00 1.022661898872120e-18
2.71977143e+00 1.022370001649427e-18
2.72132381e+00 1.022078354231812e-18
2.72287619e+00 1.021786956263172e-18
2.72442857e+00 1.021495807388117e-18
2.72598095e+00 1.021204907251963e-18
2.72753333e+00 1.020914255500737e-18
2.72908571e+00 1.020623851781165e-18
2.73063810e+00 1.020333695740679e-18
2.73219048e+00 1.020043787027414e-18
2.73374286e+00 1.019754125290202e-18
2.73529524e+00 1.019464710178572e-18
2.73684762e+00 1.019175541342751e-18
2.73840000e+00 1.018886618433659e-18
2.73995238e+00 1.018597941102908e-18
2.74150476e+00 1.018309509002802e-18
2.74305714e+00 1.018021321786333e-18
2.74460952e+00 1.017733379107179e-18
2.74616190e+00 1.017445680619703e-18
2.74771429e+00 1.017158225978956e-18
2.74926667e+00 1.016871014840665e-18
2.75081905e+00 1.016584046861241e-18
2.75237143e+00 1.016297321697771e-18
2.75392381e+00 1.016010839008021e-18
2.75547619e+00 1.015724598450429e-18
2.75702857e+00 1.015438599684109e-18
2.75858095e+00 1.015152842368845e-18
2.76013333e+00 1.014867326165092e-18
2.76168571e+00 1.014582050733970e-18
2.76323810e+00 1.014297015737269e-18
2.76479048e+00 1.014012220837443e-18
2.76634286e+00 1.013727665697607e-18
2.76789524e+00 1.013443349981541e-18
2.76944762e+00 1.013159273353681e-18
2.77100000e+00 1.012875435479122e-18
2.77255238e+00 1.012591836023618e-18
2.77410476e+00 1.012308474653574e-18
2.77565714e+00 1.012025351036052e-18
2.77720952e+00 1.011742464838761e-18
2.77876190e+00 1.011459815730064e-18
2.78031429e+00 1.011177403378969e-18
2.78186667e+00 1.010895227455132e-18
2.78341905e+00 1.010613287628856e-18
2.78497143e+00 1.010331583571082e-18
2.78652381e+00 1.010050114953398e-18
2.78807619e+00 1.009768881448029e-18
2.78962857e+00 1.009487882727840e-18
2.79118095e+00 1.009207118466332e-18
2.79273333e+00 1.008926588337641e-18
2.79428571e+00 1.008646292016539e-18
2.79583810e+00 1.008366229178427e-18
2.79739048e+00 1.008086399499338e-18
2.79894286e+00 1.007806802655936e-18
2.80049524e+00 1.007527438325508e-18
2.80204762e+00 1.007248306185970e-18
2.80360000e+00 1.006969405915862e-18
2.80515238e+00 1.006690737194346e-18
2.80670476e+00 1.006412299701205e-18
2.80825714e+00 1.006134093116843e-18
2.80980952e+00 1.005856117122281e-18
2.81136190e+00 1.005578371399155e-18
2.81291429e+00 1.005300855629720e-18
2.81446667e+00 1.005023569496841e-18
2.81601905e+00 1.004746512683996e-18
2.81757143e+00 1.004469684875275e-18
2.81912381e+00 1.004193085755374e-18
2.82067619e+00 1.003916715009599e-18
2.82222857e+00 1.003640572323861e-18
2.82378095e+00 1.003364657384675e-18
2.82533333e+00 1.003088969879159e-18
2.82688571e+00 1.002813509495034e-18
2.82843810e+00 1.002538275920618e-18
2.82999048e+00 1.002263268844831e-18
2.83154286e+00 1.001988487957187e-18
2.83309524e+00 1.001713932947797e-18
2.83464762e+00 1.001439603507367e-18
2.83620000e+00 1.001165499327192e-18
2.83775238e+00 1.000891620099163e-18
2.83930476e+00 1.000617965515757e-18
2.84085714e+00 1.000344535270042e-18
2.84240952e+00 1.000071329055669e-18
2.84396190e+00 9.997983465668775e-19
2.84551429e+00 9.995255874984905e-19
2.84706667e+00 9.992530515459128e-19
2.84861905e+00 9.989807384051304e-19
2.85017143e+00 9.987086477727089e-19
2.85172381e+00 9.984367793457926e-19
2.85327619e+00 9.981651328221020e-19
2.85482857e+00 9.978937078999330e-19
2.85638095e+00 9.976225042781558e-19
2.85793333e+00 9.973515216562128e-19
2.85948571e+00 9.970807597341185e-19
2.86103810e+00 9.968102182124557e-19
2.86259048e+00 9.965398967923763e-19
2.86414286e+00 9.962697951756000e-19
2.86569524e+00 9.959999130644105e-19
2.86724762e+00 9.957302501616574e-19
2.86880000e+00 9.954608061707519e-19
2.87035238e+00 9.951915807956666e-19
2.87190476e+00 9.949225737409359e-19
2.87345714e+00 9.946537847116513e-19
2.87500952e+00 9.943852134134620e-19
2.87656190e+00 9.941168595525737e-19
2.87811429e+00 9.938487228357469e-19
2.87966667e+00 9.935808029702949e-19
2.88121905e+00 9.933130996640831e-19
2.88277143e+00 9.930456126255281e-19
2.88432381e+00 9.927783415635953e-19
2.88587619e+00 9.925112861877982e-19
2.88742857e+00 9.922444462081974e-19
2.88898095e+00 9.919778213353983e-19
2.89053333e+00 9.917114112805507e-19
2.89208571e+00 9.914452157553473e-19
2.89363810e+00 9.911792344720214e-19
2.89519048e+00 9.909134671433474e-19
2.89674286e+00 9.906479134826378e-19
2.89829524e+00 9.903825732037434e-19
2.89984762e+00 9.901174460210504e-19
2.90140000e+00 9.898525316494804e-19
2.90295238e+00 9.895878298044882e-19
2.90450476e+00 9.893233402020616e-19
2.90605714e+00 9.890590625587188e-19
2.90760952e+00 9.887949965915083e-19
2.90916190e+00 9.885311420180071e-19
2.91071429e+00 9.882674985563191e-19
2.91226667e+00 9.880040659250747e-19
2.91381905e+00 9.877408438434282e-19
2.91537143e+00 9.874778320310586e-19
2.91692381e+00 9.872150302081661e-19
2.91847619e+00 9.869524380954723e-19
2.92002857e+00 9.866900554142186e-19
2.92158095e+00 9.864278818861641e-19
2.92313333e+00 9.861659172335869e-19
2.92468571e+00 9.859041611792789e-19
2.92623810e+00 9.856426134465481e-19
2.92779048e+00 9.853812737592163e-19
2.92934286e+00 9.851201418416169e-19
2.93089524e+00 9.848592174185945e-19
2.93244762e+00 9.845985002155036e-19
2.93400000e+00 9.843379899582076e-19
2.93555238e+00 9.840776863730776e-19
2.93710476e+00 9.838175891869900e-19
2.93865714e+00 9.835576981273275e-19
2.94020952e+00 9.832980129219756e-19
2.94176190e+00 9.830385332993229e-19
2.94331429e+00 9.827792589882594e-19
2.94486667e+00 9.825201897181752e-19
2.94641905e+00 9.822613252189603e-19
2.94797143e+00 9.820026652210011e-19
2.94952381e+00 9.817442094551821e-19
2.95107619e+00 9.814859576528828e-19
2.95262857e+00 9.812279095459767e-19
2.95418095e+00 9.809700648668318e-19
2.95573333e+00 9.807124233483062e-19
2.95728571e+00 9.804549847237507e-19
2.95883810e+00 9.801977487270043e-19
2.96039048e+00 9.799407150923957e-19
2.96194286e+00 9.796838835547407e-19
2.96349524e+00 9.794272538493411e-19
2.96504762e+00 9.791708257119839e-19
2.96660000e+00 9.789145988789404e-19
2.96815238e+00 9.786585730869640e-19
2.96970476e+00 9.784027480732906e-19
2.97125714e+00 9.781471235756363e-19
2.97280952e+00 9.778916993321965e-19
2.97436190e+00 9.776364750816451e-19
2.97591429e+00 9.773814505631331e-19
2.97746667e+00 9.771266255162880e-19
2.97901905e+00 9.768719996812112e-19
2.98057143e+00 9.766175727984794e-19
2.98212381e+00 9.763633446091404e-19
2.98367619e+00 9.761093148547149e-19
2.98522857e+00 9.758554832771935e-19
2.98678095e+00 9.756018496190360e-19
2.98833333e+00 9.753484136231719e-19
2.98988571e+00 9.750951750329958e-19
2.99143810e+00 9.748421335923699e-19
2.99299048e+00 9.745892890456214e-19
2.99454286e+00 9.743366411375405e-19
2.99609524e+00 9.740841896133815e-19
2.99764762e+00 9.738319342188595e-19
2.99920000e+00 9.735798747001506e-19
3.00075238e+00 9.733280108038908e-19
3.00230476e+00 9.730763422771749e-19
3.00385714e+00 9.728248688675547e-19
3.00540952e+00 9.725735903230379e-19
3.00696190e+00 9.723225063920891e-19
3.00851429e+00 9.720716168236260e-19
3.01006667e+00 9.718209213670201e-19
3.01161905e+00 9.715704197720953e-19
3.01317143e+00 9.713201117891257e-19
3.01472381e+00 9.710699971688367e-19
3.01627619e+00 9.708200756624021e-19
3.01782857e+00 9.705703470214442e-19
3.01938095e+00 9.703208109980317e-19
3.02093333e+00 9.700714673446799e-19
3.02248571e+00 9.698223158143488e-19
3.02403810e+00 9.695733561604419e-19
3.02559048e+00 9.693245881368065e-19
3.02714286e+00 9.690760114977308e-19
3.02869524e+00 9.688276259979447e-19
3.03024762e+00 9.685794313926172e-19
3.03180000e+00 9.683314274373566e-19
3.03335238e+00 9.680836138882091e-19
3.03490476e+00 9.678359905016572e-19
3.03645714e+00 9.675885570346194e-19
3.03800952e+00 9.673413132444493e-19
3.03956190e+00 9.670942588889337e-19
3.04111429e+00 9.668473937262930e-19
3.04266667e+00 9.666007175151790e-19
3.04421905e+00 9.663542300146738e-19
3.04577143e+00 9.661079309842900e-19
3.04732381e+00 9.658618201839688e-19
3.04887619e+00 9.656158973740798e-19
3.05042857e+00 9.653701623154185e-19
3.05198095e+00 9.651246147692066e-19
3.05353333e+00 9.648792544970914e-19
3.05508571e+00 9.646340812611433e-19
3.05663810e+00 9.643890948238563e-19
3.05819048e+00 9.641442949481457e-19
3.05974286e+00 9.638996813973491e-19
3.06129524e+00 9.636552539352230e-19
3.06284762e+00 9.634110123259430e-19
3.06440000e+00 9.631669563341043e-19
3.06595238e+00 9.629230857247175e-19
3.06750476e+00 9.626794002632107e-19
3.06905714e+00 9.624358997154270e-19
3.07060952e+00 9.621925838476236e-19
3.07216190e+00 9.619494524264718e-19
3.07371429e+00 9.617065052190548e-19
3.07526667e+00 9.614637419928673e-19
3.07681905e+00 9.612211625158157e-19
3.07837143e+00 9.609787665562139e-19
3.07992381e+00 9.607365538827874e-19
3.08147619e+00 9.604945242646673e-19
3.08302857e+00 9.602526774713926e-19
3.08458095e+00 9.600110132729080e-19
3.08613333e+00 9.597695314395637e-19
3.08768571e+00 9.595282317421137e-19
3.08923810e+00 9.592871139517150e-19
3.09079048e+00 9.590461778399273e-19
3.09234286e+00 9.588054231787121e-19
3.09389524e+00 9.585648497404306e-19
3.09544762e+00 9.583244572978440e-19
3.09700000e+00 9.580842456241122e-19
3.09855238e+00 9.578442144927932e-19
3.10010476e+00 9.576043636778417e-19
3.10165714e+00 9.573646929536079e-19
3.10320952e+00 9.571252020948377e-19
3.10476190e+00 9.568858908766716e-19
3.10631429e+00 9.566467590746426e-19
3.10786667e+00 9.564078064646770e-19
3.10941905e+00 9.561690328230918e-19
3.11097143e+00 9.559304379265953e-19
3.11252381e+00 9.556920215522857e-19
3.11407619e+00 9.554537834776501e-19
3.11562857e+00 9.552157234805632e-19
3.11718095e+00 9.549778413392874e-19
3.11873333e+00 9.547401368324715e-19
3.12028571e+00 9.545026097391494e-19
3.12183810e+00 9.542652598387402e-19
3.12339048e+00 9.540280869110461e-19
3.12494286e+00 9.537910907362526e-19
3.12649524e+00 9.535542710949272e-19
3.12804762e+00 9.533176277680184e-19
3.12960000e+00 9.530811605368554e-19
3.13115238e+00 9.528448691831468e-19
3.13270476e+00 9.526087534889794e-19
3.13425714e+00 9.523728132368183e-19
3.13580952e+00 9.521370482095055e-19
3.13736190e+00 9.519014581902591e-19
3.13891429e+00 9.516660429626724e-19
3.14046667e+00 9.514308023107131e-19
3.14201905e+00 9.511957360187223e-19
3.14357143e+00 9.509608438714148e-19
3.14512381e+00 9.507261256538765e-19
3.14667619e+00 9.504915811515646e-19
3.14822857e+00 9.502572101503069e-19
3.14978095e+00 9.500230124363002e-19
3.15133333e+00 9.497889877961104e-19
3.15288571e+00 9.495551360166712e-19
3.15443810e+00 9.493214568852832e-19
3.15599048e+00 9.490879501896133e-19
3.15754286e+00 9.488546157176939e-19
3.15909524e+00 9.486214532579214e-19
3.16064762e+00 9.483884625990573e-19
3.16220000e+00 9.481556435302246e-19
3.16375238e+00 9.479229958409097e-19
3.16530476e+00 9.476905193209596e-19
3.16685714e+00 9.474582137605824e-19
3.16840952e+00 9.472260789503458e-19
3.16996190e+00 9.469941146811763e-19
3.17151429e+00 9.467623207443590e-19
3.17306667e+00 9.465306969315365e-19
3.17461905e+00 9.462992430347073e-19
3.17617143e+00 9.460679588462268e-19
3.17772381e+00 9.458368441588045e-19
3.17927619e+00 9.456058987655052e-19
3.18082857e+00 9.453751224597462e-19
3.18238095e+00 9.451445150352980e-19
3.18393333e+00 9.449140762862834e-19
3.18548571e+00 9.446838060071763e-19
3.18703810e+00 9.444537039928003e-19
3.18859048e+00 9.442237700383294e-19
3.19014286e+00 9.439940039392861e-19
3.19169524e+00 9.437644054915417e-19
3.19324762e+00 9.435349744913137e-19
3.19480000e+00 9.433057107351677e-19
3.19635238e+00 9.430766140200136e-19
3.19790476e+00 9.428476841431074e-19
3.19945714e+00 9.426189209020493e-19
3.20100952e+00 9.423903240947828e-19
3.20256190e+00 9.421618935195948e-19
3.20411429e+00 9.419336289751132e-19
3.20566667e+00 9.417055302603085e-19
3.20721905e+00 9.414775971744911e-19
3.20877143e+00 9.412498295173116e-19
3.21032381e+00 9.410222270887593e-19
3.21187619e+00 9.407947896891623e-19
3.21342857e+00 9.405675171191860e-19
3.21498095e+00 9.403404091798331e-19
3.21653333e+00 9.401134656724422e-19
3.21808571e+00 9.398866863986875e-19
3.21963810e+00 9.396600711605777e-19
3.22119048e+00 9.394336197604559e-19
3.22274286e+00 9.392073320009980e-19
3.22429524e+00 9.389812076852130e-19
3.22584762e+00 9.387552466164414e-19
3.22740000e+00 9.385294485983545e-19
3.22895238e+00 9.383038134349546e-19
3.23050476e+00 9.380783409305735e-19
3.23205714e+00 9.378530308898720e-19
3.23360952e+00 9.376278831178390e-19
3.23516190e+00 9.374028974197908e-19
3.23671429e+00 9.371780736013708e-19
3.23826667e+00 9.369534114685489e-19
3.23981905e+00 9.367289108276196e-19
3.24137143e+00 9.365045714852029e-19
3.24292381e+00 9.362803932482424e-19
3.24447619e+00 9.360563759240050e-19
3.24602857e+00 9.358325193200808e-19
3.24758095e+00 9.356088232443811e-19
3.24913333e+00 9.353852875051390e-19
3.25068571e+00 9.351619119109080e-19
3.25223810e+00 9.349386962705613e-19
3.25379048e+00 9.347156403932915e-19
3.25534286e+00 9.344927440886097e-19
3.25689524e+00 9.342700071663448e-19
3.25844762e+00 9.340474294366427e-19
3.26000000e+00 9.338250107099660e-19
3.26155238e+00 9.336027507970927e-19
-----------------------------
