SPECIES: e / A
PROCESS: E + A -> E + A, Elastic
PARAM.:  m/M = 0.0000195921, complete set
COMMENT: [e + A(gnd) -> e + A(gnd), Elastic]
UPDATED: 2018-06-05 11:00:00
COLUMNS: Energy (eV) | Cross section (m2)
-----------------------------
0.00000000e+00 3.933387643833113e-17
6.14285714e-03 2.151241135398885e-17
1.22857143e-02 1.521157194807999e-17
1.84285714e-02 1.242019648614342e-17
2.45714286e-02 1.075620567699443e-17
3.07142857e-02 9.620642829491472e-18
3.68571429e-02 8.782405159021345e-18
4.30000000e-02 8.130927220568112e-18
4.91428571e-02 7.605785974039997e-18
5.52857143e-02 7.170803784662948e-18
6.14285714e-02 6.802821784107153e-18
6.75714286e-02 6.486236072451127e-18
7.37142857e-02 6.210098243071712e-18
7.98571429e-02 5.966469399667731e-18
8.60000000e-02 5.749433774997999e-18
9.21428571e-02 5.554480727384145e-18
9.82857143e-02 5.378102838497213e-18
1.04428571e-01 5.217526133778391e-18
1.10571429e-01 5.070523982693331e-18
1.16714286e-01 4.935285638100758e-18
1.22857143e-01 4.810321414745736e-18
1.29000000e-01 4.694393019556255e-18
1.35142857e-01 4.586461511206990e-18
1.41285714e-01 4.485647848431747e-18
1.47428571e-01 4.391202579510672e-18
1.53571429e-01 4.302482270797770e-18
1.59714286e-01 4.218930972247082e-18
1.65857143e-01 4.140065495381142e-18
1.72000000e-01 4.065463610284056e-18
1.78142857e-01 3.994754501382809e-18
1.84285714e-01 3.927610988303316e-18
1.90428571e-01 3.863743138557389e-18
1.96571429e-01 3.802892987019998e-18
2.02714286e-01 3.744830142457119e-18
2.08857143e-01 3.689348110212731e-18
2.15000000e-01 3.636261197058745e-18
2.21142857e-01 3.585401892331474e-18
2.27285714e-01 3.536618641092036e-18
2.33428571e-01 3.489773941793622e-18
2.39571429e-01 3.444742714009829e-18
2.45714286e-01 3.401410892053577e-18
2.51857143e-01 3.359674208447600e-18
2.58000000e-01 3.319437137683021e-18
2.64142857e-01 3.280611975890192e-18
2.70285714e-01 3.243118036225563e-18
2.76428571e-01 3.206880943163824e-18
2.82571429e-01 3.171832011640935e-18
2.88714286e-01 3.137907699248794e-18
2.94857143e-01 3.105049121535856e-18
3.01000000e-01 3.073201621998407e-18
3.07142857e-01 3.042314389615999e-18
3.13285714e-01 3.012340117840862e-18
3.19428571e-01 2.983234699833865e-18
3.25571429e-01 2.954956955480089e-18
3.31714286e-01 2.927468386340448e-18
3.37857143e-01 2.900732955222394e-18
3.44000000e-01 2.874716887498999e-18
3.50142857e-01 2.849388491685166e-18
3.56285714e-01 2.824717997103270e-18
3.62428571e-01 2.800677406747319e-18
3.68571429e-01 2.777240363692072e-18
3.74714286e-01 2.754382029597738e-18
3.80857143e-01 2.732078974036924e-18
3.87000000e-01 2.710309073522704e-18
3.93142857e-01 2.689051419248606e-18
3.99285714e-01 2.668286232665882e-18
4.05428571e-01 2.647994788123214e-18
4.11571429e-01 2.628159341881089e-18
4.17714286e-01 2.608763066889195e-18
4.23857143e-01 2.589789992781935e-18
4.30000000e-01 2.571224950605751e-18
4.36142857e-01 2.553053521843516e-18
4.42285714e-01 2.535261991346665e-18
4.48428571e-01 2.517837303825919e-18
4.54571429e-01 2.500767023586932e-18
4.60714286e-01 2.484039297228685e-18
4.66857143e-01 2.467642819050379e-18
4.73000000e-01 2.451566798937429e-18
4.79142857e-01 2.435800932519302e-18
4.85285714e-01 2.420335373411647e-18
4.91428571e-01 2.405160707372868e-18
4.97571429e-01 2.390267928220983e-18
5.03714286e-01 2.375648415370845e-18
5.09857143e-01 2.361293912864399e-18
5.16000000e-01 2.347196509778127e-18
5.22142857e-01 2.333348621902029e-18
5.28285714e-01 2.319742974593753e-18
5.34428571e-01 2.306372586719834e-18
5.40571429e-01 2.293230755603495e-18
5.46714286e-01 2.280311042905293e-18
5.52857143e-01 2.267607261369052e-18
5.59000000e-01 2.255113462371094e-18
5.65142857e-01 2.242823924215873e-18
5.71285714e-01 2.230733141125678e-18
5.77428571e-01 2.218835812876299e-18
5.83571429e-01 2.207126835034344e-18
5.89714286e-01 2.195601289755336e-18
5.95857143e-01 2.184254437104950e-18
6.02000000e-01 2.173081706868571e-18
6.08142857e-01 2.162078690817042e-18
6.14285714e-01 2.151241135398885e-18
6.20428571e-01 2.140564934831453e-18
6.26571429e-01 2.130046124565557e-18
6.32714286e-01 2.119680875099918e-18
6.38857143e-01 2.109465486123541e-18
6.45000000e-01 2.099396380965657e-18
6.51142857e-01 2.089470101334326e-18
6.57285714e-01 2.079683302326125e-18
6.63428571e-01 2.070032747690571e-18
6.69571429e-01 2.060515305334046e-18
6.75714286e-01 2.051127943049049e-18
6.81857143e-01 2.041867724455535e-18
6.88000000e-01 2.032731805142028e-18
6.94142857e-01 2.023717428994955e-18
7.00285714e-01 2.014821924705489e-18
7.06428571e-01 2.006042702443812e-18
7.12571429e-01 1.997377250691404e-18
7.18714286e-01 1.988823133222577e-18
7.24857143e-01 1.980377986226984e-18
7.31000000e-01 1.972039515565420e-18
7.37142857e-01 1.963805494151658e-18
7.43285714e-01 1.955673759453532e-18
7.49428571e-01 1.947642211106926e-18
7.55571429e-01 1.939708808636665e-18
7.61714286e-01 1.931871569278694e-18
7.67857143e-01 1.924128565898294e-18
7.74000000e-01 1.916477924999333e-18
7.80142857e-01 1.908917824819912e-18
7.86285714e-01 1.901446493509999e-18
7.92428571e-01 1.894062207386912e-18
7.98571429e-01 1.886763289264751e-18
8.04714286e-01 1.879548106854103e-18
8.10857143e-01 1.872415071228559e-18
8.17000000e-01 1.865362635354760e-18
8.23142857e-01 1.858389292682892e-18
8.29285714e-01 1.851493575794715e-18
8.35428571e-01 1.844674055106365e-18
8.41571429e-01 1.837929337623337e-18
8.47714286e-01 1.831258065745166e-18
8.53857143e-01 1.824658916117506e-18
8.60000000e-01 1.818130598529372e-18
8.66142857e-01 1.811671854853490e-18
8.72285714e-01 1.805281458027748e-18
8.78428571e-01 1.798958211075899e-18
8.84571429e-01 1.792700946165737e-18
8.90714286e-01 1.786508523703048e-18
8.96857143e-01 1.780379831459761e-18
9.03000000e-01 1.774313783734775e-18
9.09142857e-01 1.768309320546018e-18
9.15285714e-01 1.762365406852390e-18
9.21428571e-01 1.756481031804269e-18
9.27571429e-01 1.750655208021378e-18
9.33714286e-01 1.744886970896811e-18
9.39857143e-01 1.739175377926131e-18
9.46000000e-01 1.733519508060454e-18
9.52142857e-01 1.727918461082542e-18
9.58285714e-01 1.722371357004915e-18
9.64428571e-01 1.716877335489086e-18
9.70571429e-01 1.711435555285051e-18
9.76714286e-01 1.706045193690187e-18
9.82857143e-01 1.700705446026788e-18
9.89000000e-01 1.695415525137479e-18
9.95142857e-01 1.690174660897777e-18
1.00128571e+00 1.684982099745135e-18
1.00742857e+00 1.679837104223800e-18
1.01357143e+00 1.674738952544868e-18
1.01971429e+00 1.669686938160933e-18
1.02585714e+00 1.664680369354772e-18
1.03200000e+00 1.659718568841510e-18
1.03814286e+00 1.654800873383758e-18
1.04428571e+00 1.649926633419210e-18
1.05042857e+00 1.645095212700252e-18
1.05657143e+00 1.640305987945096e-18
1.06271429e+00 1.635558348500029e-18
1.06885714e+00 1.630851696012354e-18
1.07500000e+00 1.626185444113622e-18
1.08114286e+00 1.621559018112782e-18
1.08728571e+00 1.616971854698867e-18
1.09342857e+00 1.612423401652901e-18
1.09957143e+00 1.607913117568646e-18
1.10571429e+00 1.603440471581912e-18
1.11185714e+00 1.599004943108099e-18
1.11800000e+00 1.594606021587675e-18
1.12414286e+00 1.590243206239322e-18
1.13028571e+00 1.585916005820468e-18
1.13642857e+00 1.581623938394945e-18
1.14257143e+00 1.577366531107535e-18
1.14871429e+00 1.573143319965144e-18
1.15485714e+00 1.568953849624397e-18
1.16100000e+00 1.564797673185418e-18
1.16714286e+00 1.560674351991587e-18
1.17328571e+00 1.556583455435069e-18
1.17942857e+00 1.552524560767928e-18
1.18557143e+00 1.548497252918622e-18
1.19171429e+00 1.544501124313716e-18
1.19785714e+00 1.540535774704619e-18
1.20400000e+00 1.536600810999204e-18
1.21014286e+00 1.532695847098118e-18
1.21628571e+00 1.528820503735663e-18
1.22242857e+00 1.524974408325062e-18
1.22857143e+00 1.521157194807999e-18
1.23471429e+00 1.517368503508277e-18
1.24085714e+00 1.513607980989461e-18
1.24700000e+00 1.509875279916392e-18
1.25314286e+00 1.506170058920431e-18
1.25928571e+00 1.502491982468327e-18
1.26542857e+00 1.498840720734587e-18
1.27157143e+00 1.495215949477249e-18
1.27771429e+00 1.491617349916933e-18
1.28385714e+00 1.488044608619085e-18
1.29000000e+00 1.484497417379312e-18
1.29614286e+00 1.480975473111702e-18
1.30228571e+00 1.477478477740045e-18
1.30842857e+00 1.474006138091876e-18
1.31457143e+00 1.470558165795236e-18
1.32071429e+00 1.467134277178074e-18
1.32685714e+00 1.463734193170224e-18
1.33300000e+00 1.460357639207861e-18
1.33914286e+00 1.457004345140373e-18
1.34528571e+00 1.453674045139576e-18
1.35142857e+00 1.450366477611197e-18
1.35757143e+00 1.447081385108568e-18
1.36371429e+00 1.443818514248454e-18
1.36985714e+00 1.440577615628970e-18
1.37600000e+00 1.437358443749500e-18
1.38214286e+00 1.434160756932590e-18
1.38828571e+00 1.430984317247738e-18
1.39442857e+00 1.427828890437032e-18
1.40057143e+00 1.424694245842583e-18
1.40671429e+00 1.421580156335710e-18
1.41285714e+00 1.418486398247807e-18
1.41900000e+00 1.415412751302874e-18
1.42514286e+00 1.412358998551635e-18
1.43128571e+00 1.409324926307220e-18
1.43742857e+00 1.406310324082361e-18
1.44357143e+00 1.403314984528054e-18
1.44971429e+00 1.400338703373659e-18
1.45585714e+00 1.397381279368388e-18
1.46200000e+00 1.394442514224143e-18
1.46814286e+00 1.391522212559677e-18
1.47428571e+00 1.388620181846036e-18
1.48042857e+00 1.385736232353239e-18
1.48657143e+00 1.382870177098181e-18
1.49271429e+00 1.380021831793714e-18
1.49885714e+00 1.377191014798869e-18
1.50500000e+00 1.374377547070210e-18
1.51114286e+00 1.371581252114265e-18
1.51728571e+00 1.368801955941022e-18
1.52342857e+00 1.366039487018462e-18
1.52957143e+00 1.363293676228085e-18
1.53571429e+00 1.360564356821431e-18
1.54185714e+00 1.357851364377540e-18
1.54800000e+00 1.355154536761352e-18
1.55414286e+00 1.352473714083009e-18
1.56028571e+00 1.349808738658034e-18
1.56642857e+00 1.347159454968379e-18
1.57257143e+00 1.344525709624303e-18
1.57871429e+00 1.341907351327071e-18
1.58485714e+00 1.339304230832447e-18
1.59100000e+00 1.336716200914961e-18
1.59714286e+00 1.334143116332941e-18
1.60328571e+00 1.331584833794270e-18
1.60942857e+00 1.329041211922874e-18
1.61557143e+00 1.326512111225904e-18
1.62171429e+00 1.323997394061607e-18
1.62785714e+00 1.321496924607860e-18
1.63400000e+00 1.319010568831360e-18
1.64014286e+00 1.316538194457447e-18
1.64628571e+00 1.314079670940545e-18
1.65242857e+00 1.311634869435210e-18
1.65857143e+00 1.309203662767772e-18
1.66471429e+00 1.306785925408543e-18
1.67085714e+00 1.304381533444598e-18
1.67700000e+00 1.301990364553100e-18
1.68314286e+00 1.299612297975161e-18
1.68928571e+00 1.297247214490225e-18
1.69542857e+00 1.294894996390967e-18
1.70157143e+00 1.292555527458686e-18
1.70771429e+00 1.290228692939184e-18
1.71385714e+00 1.287914379519130e-18
1.72000000e+00 1.285612475302875e-18
1.72614286e+00 1.283322869789738e-18
1.73228571e+00 1.281045453851714e-18
1.73842857e+00 1.278780119711638e-18
1.74457143e+00 1.276526760921758e-18
1.75071429e+00 1.274285272342725e-18
1.75685714e+00 1.272055550122989e-18
1.76300000e+00 1.269837491678590e-18
1.76914286e+00 1.267630995673333e-18
1.77528571e+00 1.265435961999344e-18
1.78142857e+00 1.263252291757993e-18
1.78757143e+00 1.261079887241178e-18
1.79371429e+00 1.258918651912960e-18
1.79985714e+00 1.256768490391549e-18
1.80600000e+00 1.254629308431621e-18
1.81214286e+00 1.252501012906967e-18
1.81828571e+00 1.250383511793466e-18
1.82442857e+00 1.248276714152373e-18
1.83057143e+00 1.246180530113913e-18
1.83671429e+00 1.244094870861183e-18
1.84285714e+00 1.242019648614342e-18
1.84900000e+00 1.239954776615096e-18
1.85514286e+00 1.237900169111462e-18
1.86128571e+00 1.235855741342813e-18
1.86742857e+00 1.233821409525189e-18
1.87357143e+00 1.231797090836876e-18
1.87971429e+00 1.229782703404244e-18
1.88585714e+00 1.227778166287836e-18
1.89200000e+00 1.225783399468715e-18
1.89814286e+00 1.223798323835039e-18
1.90428571e+00 1.221822861168889e-18
1.91042857e+00 1.219856934133321e-18
1.91657143e+00 1.217900466259651e-18
1.92271429e+00 1.215953381934961e-18
1.92885714e+00 1.214015606389824e-18
1.93500000e+00 1.212087065686248e-18
1.94114286e+00 1.210167686705824e-18
1.94728571e+00 1.208257397138081e-18
1.95342857e+00 1.206356125469048e-18
1.95957143e+00 1.204463800970005e-18
1.96571429e+00 1.202580353686434e-18
1.97185714e+00 1.200705714427158e-18
1.97800000e+00 1.198839814753663e-18
1.98414286e+00 1.196982586969605e-18
1.99028571e+00 1.195133964110492e-18
1.99642857e+00 1.193293879933546e-18
2.00257143e+00 1.191462268907732e-18
2.00871429e+00 1.189639066203955e-18
2.01485714e+00 1.187824207685422e-18
2.02100000e+00 1.186017629898167e-18
2.02714286e+00 1.184219270061732e-18
2.03328571e+00 1.182429066060002e-18
2.03942857e+00 1.180646956432200e-18
2.04557143e+00 1.178872880364012e-18
2.05171429e+00 1.177106777678886e-18
2.05785714e+00 1.175348588829445e-18
2.06400000e+00 1.173598254889064e-18
2.07014286e+00 1.171855717543568e-18
2.07628571e+00 1.170120919083077e-18
2.08242857e+00 1.168393802393974e-18
2.08857143e+00 1.166674310951014e-18
2.09471429e+00 1.164962388809547e-18
2.10085714e+00 1.163257980597874e-18
2.10700000e+00 1.161561031509730e-18
2.11314286e+00 1.159871487296876e-18
2.11928571e+00 1.158189294261819e-18
2.12542857e+00 1.156514399250640e-18
2.13157143e+00 1.154846749645945e-18
2.13771429e+00 1.153186293359917e-18
2.14385714e+00 1.151532978827485e-18
2.15000000e+00 1.149886754999600e-18
2.15614286e+00 1.148247571336610e-18
2.16228571e+00 1.146615377801747e-18
2.16842857e+00 1.144990124854713e-18
2.17457143e+00 1.143371763445358e-18
2.18071429e+00 1.141760245007470e-18
2.18685714e+00 1.140155521452646e-18
2.19300000e+00 1.138557545164275e-18
2.19914286e+00 1.136966268991592e-18
2.20528571e+00 1.135381646243842e-18
2.21142857e+00 1.133803630684526e-18
2.21757143e+00 1.132232176525729e-18
2.22371429e+00 1.130667238422546e-18
2.22985714e+00 1.129108771467584e-18
2.23600000e+00 1.127556731185547e-18
2.24214286e+00 1.126011073527909e-18
2.24828571e+00 1.124471754867662e-18
2.25442857e+00 1.122938731994142e-18
2.26057143e+00 1.121411962107937e-18
2.26671429e+00 1.119891402815867e-18
2.27285714e+00 1.118377012126040e-18
2.27900000e+00 1.116868748442982e-18
2.28514286e+00 1.115366570562839e-18
2.29128571e+00 1.113870437668646e-18
2.29742857e+00 1.112380309325672e-18
2.30357143e+00 1.110896145476829e-18
2.30971429e+00 1.109417906438150e-18
2.31585714e+00 1.107945552894331e-18
2.32200000e+00 1.106479045894340e-18
2.32814286e+00 1.105018346847090e-18
2.33428571e+00 1.103563417517172e-18
2.34042857e+00 1.102114220020651e-18
2.34657143e+00 1.100670716820926e-18
2.35271429e+00 1.099232870724641e-18
2.35885714e+00 1.097800644877668e-18
2.36500000e+00 1.096374002761130e-18
2.37114286e+00 1.094952908187498e-18
2.37728571e+00 1.093537325296731e-18
2.38342857e+00 1.092127218552475e-18
2.38957143e+00 1.090722552738322e-18
2.39571429e+00 1.089323292954107e-18
2.40185714e+00 1.087929404612276e-18
2.40800000e+00 1.086540853434285e-18
2.41414286e+00 1.085157605447068e-18
2.42028571e+00 1.083779626979539e-18
2.42642857e+00 1.082406884659156e-18
2.43257143e+00 1.081039345408521e-18
2.43871429e+00 1.079676976442034e-18
2.44485714e+00 1.078319745262595e-18
2.45100000e+00 1.076967619658341e-18
2.45714286e+00 1.075620567699442e-18
2.46328571e+00 1.074278557734933e-18
2.46942857e+00 1.072941558389586e-18
2.47557143e+00 1.071609538560833e-18
2.48171429e+00 1.070282467415727e-18
2.48785714e+00 1.068960314387941e-18
2.49400000e+00 1.067643049174817e-18
2.50014286e+00 1.066330641734443e-18
2.50628571e+00 1.065023062282779e-18
2.51242857e+00 1.063720281290814e-18
2.51857143e+00 1.062422269481773e-18
2.52471429e+00 1.061128997828344e-18
2.53085714e+00 1.059840437549959e-18
2.53700000e+00 1.058556560110099e-18
2.54314286e+00 1.057277337213645e-18
2.54928571e+00 1.056002740804252e-18
2.55542857e+00 1.054732743061770e-18
2.56157143e+00 1.053467316399693e-18
2.56771429e+00 1.052206433462637e-18
2.57385714e+00 1.050950067123865e-18
2.58000000e+00 1.049698190482829e-18
2.58614286e+00 1.048450776862751e-18
2.59228571e+00 1.047207799808240e-18
2.59842857e+00 1.045969233082931e-18
2.60457143e+00 1.044735050667163e-18
2.61071429e+00 1.043505226755678e-18
2.61685714e+00 1.042279735755360e-18
2.62300000e+00 1.041058552282995e-18
2.62914286e+00 1.039841651163062e-18
2.63528571e+00 1.038629007425558e-18
2.64142857e+00 1.037420596303840e-18
2.64757143e+00 1.036216393232503e-18
2.65371429e+00 1.035016373845285e-18
2.65985714e+00 1.033820513972992e-18
2.66600000e+00 1.032628789641456e-18
2.67214286e+00 1.031441177069516e-18
2.67828571e+00 1.030257652667023e-18
2.68442857e+00 1.029078193032876e-18
2.69057143e+00 1.027902774953074e-18
2.69671429e+00 1.026731375398799e-18
2.70285714e+00 1.025563971524524e-18
2.70900000e+00 1.024400540666136e-18
2.71514286e+00 1.023241060339090e-18
2.72128571e+00 1.022085508236587e-18
2.72742857e+00 1.020933862227768e-18
2.73357143e+00 1.019786100355935e-18
2.73971429e+00 1.018642200836792e-18
2.74585714e+00 1.017502142056711e-18
2.75200000e+00 1.016365902571014e-18
2.75814286e+00 1.015233461102278e-18
2.76428571e+00 1.014104796538666e-18
2.77042857e+00 1.012979887932270e-18
2.77657143e+00 1.011858714497477e-18
2.78271429e+00 1.010741255609363e-18
2.78885714e+00 1.009627490802089e-18
2.79500000e+00 1.008517399767336e-18
2.80114286e+00 1.007410962352745e-18
2.80728571e+00 1.006308158560380e-18
2.81342857e+00 1.005208968545212e-18
2.81957143e+00 1.004113372613621e-18
2.82571429e+00 1.003021351221906e-18
2.83185714e+00 1.001932884974831e-18
2.83800000e+00 1.000847954624171e-18
2.84414286e+00 9.997665410672845e-19
2.85028571e+00 9.986886253457022e-19
2.85642857e+00 9.976141886437296e-19
2.86257143e+00 9.965432122870666e-19
2.86871429e+00 9.954756777414469e-19
2.87485714e+00 9.944115666112885e-19
2.88100000e+00 9.933508606383633e-19
2.88714286e+00 9.922935417004819e-19
2.89328571e+00 9.912395918101913e-19
2.89942857e+00 9.901889931134921e-19
2.90557143e+00 9.891417278885655e-19
2.91171429e+00 9.880977785445208e-19
2.91785714e+00 9.870571276201515e-19
2.92400000e+00 9.860197577827102e-19
2.93014286e+00 9.849856518266964e-19
2.93628571e+00 9.839547926726563e-19
2.94242857e+00 9.829271633660000e-19
2.94857143e+00 9.819027470758289e-19
2.95471429e+00 9.808815270937780e-19
2.96085714e+00 9.798634868328722e-19
2.96700000e+00 9.788486098263944e-19
2.97314286e+00 9.778368797267660e-19
2.97928571e+00 9.768282803044416e-19
2.98542857e+00 9.758227954468161e-19
2.99157143e+00 9.748204091571424e-19
2.99771429e+00 9.738211055534632e-19
3.00385714e+00 9.728248688675545e-19
3.01000000e+00 9.718316834438792e-19
3.01614286e+00 9.708415337385550e-19
3.02228571e+00 9.698544043183324e-19
3.02842857e+00 9.688702798595845e-19
3.03457143e+00 9.678891451473068e-19
3.04071429e+00 9.669109850741312e-19
3.04685714e+00 9.659357846393471e-19
3.05300000e+00 9.649635289479363e-19
3.05914286e+00 9.639942032096165e-19
3.06528571e+00 9.630277927378980e-19
3.07142857e+00 9.620642829491471e-19
3.07757143e+00 9.611036593616632e-19
3.08371429e+00 9.601459075947640e-19
3.08985714e+00 9.591910133678809e-19
3.09600000e+00 9.582389624996665e-19
3.10214286e+00 9.572897409071074e-19
3.10828571e+00 9.563433346046512e-19
3.11442857e+00 9.553997297033402e-19
3.12057143e+00 9.544589124099560e-19
3.12671429e+00 9.535208690261713e-19
3.13285714e+00 9.525855859477141e-19
3.13900000e+00 9.516530496635371e-19
3.14514286e+00 9.507232467549996e-19
3.15128571e+00 9.497961638950553e-19
3.15742857e+00 9.488717878474510e-19
3.16357143e+00 9.479501054659314e-19
3.16971429e+00 9.470311036934562e-19
3.17585714e+00 9.461147695614205e-19
3.18200000e+00 9.452010901888885e-19
3.18814286e+00 9.442900527818313e-19
3.19428571e+00 9.433816446323754e-19
3.20042857e+00 9.424758531180580e-19
3.20657143e+00 9.415726657010900e-19
3.21271429e+00 9.406720699276279e-19
3.21885714e+00 9.397740534270514e-19
3.22500000e+00 9.388786039112511e-19
3.23114286e+00 9.379857091739205e-19
3.23728571e+00 9.370953570898591e-19
3.24342857e+00 9.362075356142797e-19
3.24957143e+00 9.353222327821240e-19
3.25571429e+00 9.344394367073854e-19
3.26185714e+00 9.335591355824395e-19
3.26800000e+00 9.326813176773802e-19
3.27414286e+00 9.318059713393626e-19
3.28028571e+00 9.309330849919545e-19
3.28642857e+00 9.300626471344924e-19
3.29257143e+00 9.291946463414460e-19
3.29871429e+00 9.283290712617878e-19
3.30485714e+00 9.274659106183691e-19
3.31100000e+00 9.266051532073038e-19
3.31714286e+00 9.257467878973574e-19
3.32328571e+00 9.248908036293421e-19
3.32942857e+00 9.240371894155183e-19
3.33557143e+00 9.231859343390032e-19
3.34171429e+00 9.223370275531826e-19
3.34785714e+00 9.214904582811325e-19
3.35400000e+00 9.206462158150423e-19
3.36014286e+00 9.198042895156482e-19
3.36628571e+00 9.189646688116684e-19
3.37242857e+00 9.181273431992461e-19
3.37857143e+00 9.172923022413981e-19
3.38471429e+00 9.164595355674672e-19
3.39085714e+00 9.156290328725830e-19
3.39700000e+00 9.148007839171247e-19
3.40314286e+00 9.139747785261913e-19
3.40928571e+00 9.131510065890777e-19
3.41542857e+00 9.123294580587528e-19
3.42157143e+00 9.115101229513471e-19
3.42771429e+00 9.106929913456412e-19
3.43385714e+00 9.098780533825630e-19
3.44000000e+00 9.090652992646862e-19
3.44614286e+00 9.082547192557372e-19
3.45228571e+00 9.074463036801043e-19
3.45842857e+00 9.066400429223529e-19
3.46457143e+00 9.058359274267452e-19
3.47071429e+00 9.050339476967645e-19
3.47685714e+00 9.042340942946444e-19
3.48300000e+00 9.034363578409013e-19
3.48914286e+00 9.026407290138741e-19
3.49528571e+00 9.018471985492649e-19
3.50142857e+00 9.010557572396876e-19
3.50757143e+00 9.002663959342177e-19
3.51371429e+00 8.994791055379497e-19
3.51985714e+00 8.986938770115550e-19
3.52600000e+00 8.979107013708469e-19
3.53214286e+00 8.971295696863495e-19
3.53828571e+00 8.963504730828686e-19
3.54442857e+00 8.955734027390702e-19
3.55057143e+00 8.947983498870584e-19
3.55671429e+00 8.940253058119626e-19
3.56285714e+00 8.932542618515239e-19
3.56900000e+00 8.924852093956885e-19
3.57514286e+00 8.917181398862034e-19
3.58128571e+00 8.909530448162164e-19
3.58742857e+00 8.901899157298806e-19
3.59357143e+00 8.894287442219605e-19
3.59971429e+00 8.886695219374445e-19
3.60585714e+00 8.879122405711592e-19
3.61200000e+00 8.871568918673873e-19
3.61814286e+00 8.864034676194910e-19
3.62428571e+00 8.856519596695357e-19
3.63042857e+00 8.849023599079201e-19
3.63657143e+00 8.841546602730091e-19
3.64271429e+00 8.834088527507684e-19
3.64885714e+00 8.826649293744045e-19
3.65500000e+00 8.819228822240069e-19
3.66114286e+00 8.811827034261948e-19
3.66728571e+00 8.804443851537650e-19
3.67342857e+00 8.797079196253449e-19
3.67957143e+00 8.789732991050487e-19
3.68571429e+00 8.782405159021344e-19
3.69185714e+00 8.775095623706676e-19
3.69800000e+00 8.767804309091850e-19
3.70414286e+00 8.760531139603632e-19
3.71028571e+00 8.753276040106888e-19
3.71642857e+00 8.746038935901337e-19
3.72257143e+00 8.738819752718312e-19
3.72871429e+00 8.731618416717554e-19
3.73485714e+00 8.724434854484056e-19
3.74100000e+00 8.717268993024904e-19
3.74714286e+00 8.710120759766168e-19
3.75328571e+00 8.702990082549816e-19
3.75942857e+00 8.695876889630653e-19
3.76557143e+00 8.688781109673289e-19
3.77171429e+00 8.681702671749136e-19
3.77785714e+00 8.674641505333429e-19
3.78400000e+00 8.667597540302269e-19
3.79014286e+00 8.660570706929716e-19
3.79628571e+00 8.653560935884865e-19
3.80242857e+00 8.646568158228997e-19
3.80857143e+00 8.639592305412710e-19
3.81471429e+00 8.632633309273116e-19
3.82085714e+00 8.625691102031030e-19
3.82700000e+00 8.618765616288203e-19
3.83314286e+00 8.611856785024573e-19
3.83928571e+00 8.604964541595540e-19
3.84542857e+00 8.598088819729267e-19
3.85157143e+00 8.591229553524002e-19
3.85771429e+00 8.584386677445432e-19
3.86385714e+00 8.577560126324038e-19
3.87000000e+00 8.570749835352503e-19
3.87614286e+00 8.563955740083128e-19
3.88228571e+00 8.557177776425254e-19
3.88842857e+00 8.550415880642743e-19
3.89457143e+00 8.543669989351447e-19
3.90071429e+00 8.536940039516716e-19
3.90685714e+00 8.530225968450933e-19
3.91300000e+00 8.523527713811043e-19
3.91914286e+00 8.516845213596143e-19
3.92528571e+00 8.510178406145055e-19
3.93142857e+00 8.503527230133942e-19
3.93757143e+00 8.496891624573944e-19
3.94371429e+00 8.490271528808817e-19
3.94985714e+00 8.483666882512621e-19
3.95600000e+00 8.477077625687397e-19
3.96214286e+00 8.470503698660881e-19
3.96828571e+00 8.463945042084238e-19
3.97442857e+00 8.457401596929810e-19
3.98057143e+00 8.450873304488886e-19
3.98671429e+00 8.444360106369483e-19
3.99285714e+00 8.437861944494164e-19
3.99900000e+00 8.431378761097851e-19
4.00514286e+00 8.424910498725675e-19
4.01128571e+00 8.418457100230837e-19
4.01742857e+00 8.412018508772490e-19
4.02357143e+00 8.405594667813625e-19
4.02971429e+00 8.399185521119000e-19
4.03585714e+00 8.392791012753064e-19
4.04200000e+00 8.386411087077908e-19
4.04814286e+00 8.380045688751235e-19
4.05428571e+00 8.373694762724339e-19
4.06042857e+00 8.367358254240108e-19
4.06657143e+00 8.361036108831039e-19
4.07271429e+00 8.354728272317279e-19
4.07885714e+00 8.348434690804665e-19
4.08500000e+00 8.342155310682794e-19
4.09114286e+00 8.335890078623108e-19
4.09728571e+00 8.329638941576984e-19
4.10342857e+00 8.323401846773859e-19
4.10957143e+00 8.317178741719351e-19
4.11571429e+00 8.310969574193399e-19
4.12185714e+00 8.304774292248437e-19
4.12800000e+00 8.298592844207552e-19
4.13414286e+00 8.292425178662689e-19
4.14028571e+00 8.286271244472841e-19
4.14642857e+00 8.280130990762283e-19
4.15257143e+00 8.274004366918788e-19
4.15871429e+00 8.267891322591893e-19
4.16485714e+00 8.261791807691143e-19
4.17100000e+00 8.255705772384388e-19
4.17714286e+00 8.249633167096052e-19
4.18328571e+00 8.243573942505449e-19
4.18942857e+00 8.237528049545097e-19
4.19557143e+00 8.231495439399057e-19
4.20171429e+00 8.225476063501262e-19
4.20785714e+00 8.219469873533886e-19
4.21400000e+00 8.213476821425714e-19
4.22014286e+00 8.207496859350521e-19
4.22628571e+00 8.201529939725479e-19
4.23242857e+00 8.195576015209555e-19
4.23857143e+00 8.189635038701942e-19
4.24471429e+00 8.183706963340486e-19
4.25085714e+00 8.177791742500143e-19
4.25700000e+00 8.171889329791433e-19
4.26314286e+00 8.165999679058913e-19
4.26928571e+00 8.160122744379658e-19
4.27542857e+00 8.154258480061768e-19
4.28157143e+00 8.148406840642859e-19
4.28771429e+00 8.142567780888599e-19
4.29385714e+00 8.136741255791230e-19
4.30000000e+00 8.130927220568112e-19
4.30614286e+00 8.125125630660280e-19
4.31228571e+00 8.119336441731005e-19
4.31842857e+00 8.113559609664384e-19
4.32457143e+00 8.107795090563908e-19
4.33071429e+00 8.102042840751075e-19
4.33685714e+00 8.096302816763993e-19
4.34300000e+00 8.090574975356010e-19
4.34914286e+00 8.084859273494337e-19
4.35528571e+00 8.079155668358694e-19
4.36142857e+00 8.073464117339956e-19
4.36757143e+00 8.067784578038827e-19
4.37371429e+00 8.062117008264504e-19
4.37985714e+00 8.056461366033369e-19
4.38600000e+00 8.050817609567676e-19
4.39214286e+00 8.045185697294254e-19
4.39828571e+00 8.039565587843228e-19
4.40442857e+00 8.033957240046735e-19
4.41057143e+00 8.028360612937666e-19
4.41671429e+00 8.022775665748399e-19
4.42285714e+00 8.017202357909560e-19
4.42900000e+00 8.011640649048780e-19
4.43514286e+00 8.006090498989470e-19
4.44128571e+00 8.000551867749601e-19
4.44742857e+00 7.995024715540494e-19
4.45357143e+00 7.989509002765620e-19
4.45971429e+00 7.984004690019404e-19
4.46585714e+00 7.978511738086053e-19
4.47200000e+00 7.973030107938374e-19
4.47814286e+00 7.967559760736610e-19
4.48428571e+00 7.962100657827290e-19
4.49042857e+00 7.956652760742069e-19
4.49657143e+00 7.951216031196608e-19
4.50271429e+00 7.945790431089434e-19
4.50885714e+00 7.940375922500809e-19
4.51500000e+00 7.934972467691636e-19
4.52114286e+00 7.929580029102338e-19
4.52728571e+00 7.924198569351776e-19
4.53342857e+00 7.918828051236148e-19
4.53957143e+00 7.913468437727914e-19
4.54571429e+00 7.908119691974726e-19
4.55185714e+00 7.902781777298356e-19
4.55800000e+00 7.897454657193651e-19
4.56414286e+00 7.892138295327475e-19
4.57028571e+00 7.886832655537673e-19
4.57642857e+00 7.881537701832034e-19
4.58257143e+00 7.876253398387271e-19
4.58871429e+00 7.870979709547994e-19
4.59485714e+00 7.865716599825718e-19
4.60100000e+00 7.860464033897833e-19
4.60714286e+00 7.855221976606631e-19
4.61328571e+00 7.849990392958308e-19
4.61942857e+00 7.844769248121984e-19
4.62557143e+00 7.839558507428731e-19
4.63171429e+00 7.834358136370600e-19
4.63785714e+00 7.829168100599672e-19
4.64400000e+00 7.823988365927091e-19
4.65014286e+00 7.818818898322133e-19
4.65628571e+00 7.813659663911260e-19
4.66242857e+00 7.808510628977179e-19
4.66857143e+00 7.803371759957936e-19
4.67471429e+00 7.798243023445976e-19
4.68085714e+00 7.793124386187250e-19
4.68700000e+00 7.788015815080296e-19
4.69314286e+00 7.782917277175346e-19
4.69928571e+00 7.777828739673430e-19
4.70542857e+00 7.772750169925494e-19
4.71157143e+00 7.767681535431519e-19
4.71771429e+00 7.762622803839640e-19
4.72385714e+00 7.757573942945292e-19
4.73000000e+00 7.752534920690339e-19
4.73614286e+00 7.747505705162223e-19
4.74228571e+00 7.742486264593111e-19
4.74842857e+00 7.737476567359062e-19
4.75457143e+00 7.732476581979178e-19
4.76071429e+00 7.727486277114779e-19
4.76685714e+00 7.722505621568578e-19
4.77300000e+00 7.717534584283866e-19
4.77914286e+00 7.712573134343690e-19
4.78528571e+00 7.707621240970049e-19
4.79142857e+00 7.702678873523095e-19
4.79757143e+00 7.697746001500334e-19
4.80371429e+00 7.692822594535834e-19
4.80985714e+00 7.687908622399447e-19
4.81600000e+00 7.683004054996019e-19
4.82214286e+00 7.678108862364618e-19
4.82828571e+00 7.673223014677777e-19
4.83442857e+00 7.668346482240716e-19
4.84057143e+00 7.663479235490592e-19
4.84671429e+00 7.658621244995745e-19
4.85285714e+00 7.653772481454945e-19
4.85900000e+00 7.648932915696663e-19
4.86514286e+00 7.644102518678317e-19
4.87128571e+00 7.639281261485552e-19
4.87742857e+00 7.634469115331509e-19
4.88357143e+00 7.629666051556105e-19
4.88971429e+00 7.624872041625312e-19
4.89585714e+00 7.620087057130448e-19
4.90200000e+00 7.615311069787472e-19
4.90814286e+00 7.610544051436278e-19
4.91428571e+00 7.605785974039997e-19
4.92042857e+00 7.601036809684310e-19
4.92657143e+00 7.596296530576752e-19
4.93271429e+00 7.591565109046040e-19
4.93885714e+00 7.586842517541383e-19
4.94500000e+00 7.582128728631814e-19
4.95114286e+00 7.577423715005521e-19
4.95728571e+00 7.572727449469183e-19
4.96342857e+00 7.568039904947304e-19
4.96957143e+00 7.563361054481566e-19
4.97571429e+00 7.558690871230171e-19
4.98185714e+00 7.554029328467198e-19
4.98800000e+00 7.549376399581958e-19
4.99414286e+00 7.544732058078363e-19
5.00028571e+00 7.540096277574278e-19
5.00642857e+00 7.535469031800904e-19
5.01257143e+00 7.530850294602154e-19
5.01871429e+00 7.526240039934020e-19
5.02485714e+00 7.521638241863966e-19
5.03100000e+00 7.517044874570313e-19
5.03714286e+00 7.512459912341633e-19
5.04328571e+00 7.507883329576134e-19
5.04942857e+00 7.503315100781073e-19
5.05557143e+00 7.498755200572155e-19
5.06171429e+00 7.494203603672935e-19
5.06785714e+00 7.489660284914238e-19
5.07400000e+00 7.485125219233566e-19
5.08014286e+00 7.480598381674526e-19
5.08628571e+00 7.476079747386245e-19
5.09242857e+00 7.471569291622805e-19
5.09857143e+00 7.467066989742668e-19
5.10471429e+00 7.462572817208109e-19
5.11085714e+00 7.458086749584663e-19
5.11700000e+00 7.453608762540559e-19
5.12314286e+00 7.449138831846168e-19
5.12928571e+00 7.444676933373455e-19
5.13542857e+00 7.440223043095427e-19
5.14157143e+00 7.435777137085593e-19
5.14771429e+00 7.431339191517425e-19
5.15385714e+00 7.426909182663819e-19
5.16000000e+00 7.422487086896562e-19
5.16614286e+00 7.418072880685810e-19
5.17228571e+00 7.413666540599549e-19
5.17842857e+00 7.409268043303080e-19
5.18457143e+00 7.404877365558508e-19
5.19071429e+00 7.400494484224209e-19
5.19685714e+00 7.396119376254332e-19
5.20300000e+00 7.391752018698283e-19
5.20914286e+00 7.387392388700223e-19
5.21528571e+00 7.383040463498561e-19
5.22142857e+00 7.378696220425462e-19
5.22757143e+00 7.374359636906341e-19
5.23371429e+00 7.370030690459381e-19
5.23985714e+00 7.365709358695039e-19
5.24600000e+00 7.361395619315555e-19
5.25214286e+00 7.357089450114479e-19
5.25828571e+00 7.352790828976180e-19
5.26442857e+00 7.348499733875374e-19
5.27057143e+00 7.344216142876652e-19
5.27671429e+00 7.339940034134009e-19
5.28285714e+00 7.335671385890369e-19
5.28900000e+00 7.331410176477130e-19
5.29514286e+00 7.327156384313693e-19
5.30128571e+00 7.322909987907008e-19
5.30742857e+00 7.318670965851120e-19
5.31357143e+00 7.314439296826710e-19
5.31971429e+00 7.310214959600648e-19
5.32585714e+00 7.305997933025544e-19
5.33200000e+00 7.301788196039305e-19
5.33814286e+00 7.297585727664696e-19
5.34428571e+00 7.293390507008891e-19
5.35042857e+00 7.289202513263047e-19
5.35657143e+00 7.285021725701867e-19
5.36271429e+00 7.280848123683168e-19
5.36885714e+00 7.276681686647454e-19
5.37500000e+00 7.272522394117490e-19
5.38114286e+00 7.268370225697880e-19
5.38728571e+00 7.264225161074649e-19
5.39342857e+00 7.260087180014819e-19
5.39957143e+00 7.255956262366004e-19
5.40571429e+00 7.251832388055985e-19
5.41185714e+00 7.247715537092315e-19
5.41800000e+00 7.243605689561901e-19
5.42414286e+00 7.239502825630604e-19
5.43028571e+00 7.235406925542838e-19
5.43642857e+00 7.231317969621162e-19
5.44257143e+00 7.227235938265896e-19
5.44871429e+00 7.223160811954717e-19
5.45485714e+00 7.219092571242272e-19
5.46100000e+00 7.215031196759784e-19
5.46714286e+00 7.210976669214667e-19
5.47328571e+00 7.206928969390141e-19
5.47942857e+00 7.202888078144849e-19
5.48557143e+00 7.198853976412480e-19
5.49171429e+00 7.194826645201385e-19
5.49785714e+00 7.190806065594205e-19
5.50400000e+00 7.186792218747498e-19
5.51014286e+00 7.182785085891370e-19
5.51628571e+00 7.178784648329100e-19
5.52242857e+00 7.174790887436781e-19
5.52857143e+00 7.170803784662949e-19
5.53471429e+00 7.166823321528230e-19
5.54085714e+00 7.162849479624967e-19
5.54700000e+00 7.158882240616878e-19
5.55314286e+00 7.154921586238691e-19
5.55928571e+00 7.150967498295787e-19
5.56542857e+00 7.147019958663860e-19
5.57157143e+00 7.143078949288561e-19
5.57771429e+00 7.139144452185158e-19
5.58385714e+00 7.135216449438177e-19
5.59000000e+00 7.131294923201077e-19
5.59614286e+00 7.127379855695894e-19
5.60228571e+00 7.123471229212915e-19
5.60842857e+00 7.119569026110334e-19
5.61457143e+00 7.115673228813920e-19
5.62071429e+00 7.111783819816684e-19
5.62685714e+00 7.107900781678548e-19
5.63300000e+00 7.104024097026016e-19
5.63914286e+00 7.100153748551857e-19
5.64528571e+00 7.096289719014761e-19
5.65142857e+00 7.092431991239035e-19
5.65757143e+00 7.088580548114274e-19
5.66371429e+00 7.084735372595040e-19
5.66985714e+00 7.080896447700554e-19
5.67600000e+00 7.077063756514371e-19
5.68214286e+00 7.073237282184074e-19
5.68828571e+00 7.069417007920958e-19
5.69442857e+00 7.065602916999726e-19
5.70057143e+00 7.061794992758175e-19
5.70671429e+00 7.057993218596897e-19
5.71285714e+00 7.054197577978968e-19
5.71900000e+00 7.050408054429654e-19
5.72514286e+00 7.046624631536100e-19
5.73128571e+00 7.042847292947045e-19
5.73742857e+00 7.039076022372515e-19
5.74357143e+00 7.035310803583526e-19
5.74971429e+00 7.031551620411804e-19
5.75585714e+00 7.027798456749476e-19
5.76200000e+00 7.024051296548800e-19
5.76814286e+00 7.020310123821853e-19
5.77428571e+00 7.016574922640269e-19
5.78042857e+00 7.012845677134934e-19
5.78657143e+00 7.009122371495717e-19
5.79271429e+00 7.005404989971177e-19
5.79885714e+00 7.001693516868297e-19
5.80500000e+00 6.997987936552191e-19
5.81114286e+00 6.994288233445834e-19
5.81728571e+00 6.990594392029792e-19
5.82342857e+00 6.986906396841941e-19
5.82957143e+00 6.983224232477196e-19
5.83571429e+00 6.979547883587245e-19
5.84185714e+00 6.975877334880276e-19
5.84800000e+00 6.972212571120715e-19
5.85414286e+00 6.968553577128952e-19
5.86028571e+00 6.964900337781086e-19
5.86642857e+00 6.961252838008659e-19
5.87257143e+00 6.957611062798387e-19
5.87871429e+00 6.953974997191919e-19
5.88485714e+00 6.950344626285561e-19
5.89100000e+00 6.946719935230025e-19
5.89714286e+00 6.943100909230181e-19
5.90328571e+00 6.939487533544791e-19
5.90942857e+00 6.935879793486266e-19
5.91557143e+00 6.932277674420418e-19
5.92171429e+00 6.928681161766193e-19
5.92785714e+00 6.925090240995449e-19
5.93400000e+00 6.921504897632685e-19
5.94014286e+00 6.917925117254813e-19
5.94628571e+00 6.914350885490907e-19
5.95242857e+00 6.910782188021958e-19
5.95857143e+00 6.907219010580642e-19
5.96471429e+00 6.903661338951075e-19
5.97085714e+00 6.900109158968569e-19
5.97700000e+00 6.896562456519408e-19
5.98314286e+00 6.893021217540601e-19
5.98928571e+00 6.889485428019659e-19
5.99542857e+00 6.885955073994345e-19
6.00157143e+00 6.882430141552464e-19
6.00771429e+00 6.878910616831615e-19
6.01385714e+00 6.875396486018974e-19
6.02000000e+00 6.871887735351052e-19
6.02614286e+00 6.868384351113486e-19
6.03228571e+00 6.864886319640806e-19
6.03842857e+00 6.861393627316204e-19
6.04457143e+00 6.857906260571325e-19
6.05071429e+00 6.854424205886032e-19
6.05685714e+00 6.850947449788203e-19
6.06300000e+00 6.847475978853486e-19
6.06914286e+00 6.844009779705112e-19
6.07528571e+00 6.840548839013656e-19
6.08142857e+00 6.837093143496828e-19
6.08757143e+00 6.833642679919266e-19
6.09371429e+00 6.830197435092310e-19
6.09985714e+00 6.826757395873802e-19
6.10600000e+00 6.823322549167871e-19
6.11214286e+00 6.819892881924721e-19
6.11828571e+00 6.816468381140427e-19
6.12442857e+00 6.813049033856725e-19
6.13057143e+00 6.809634827160807e-19
6.13671429e+00 6.806225748185120e-19
6.14285714e+00 6.802821784107154e-19
6.14900000e+00 6.799422922149245e-19
6.15514286e+00 6.796029149578376e-19
6.16128571e+00 6.792640453705971e-19
6.16742857e+00 6.789256821887699e-19
6.17357143e+00 6.785878241523269e-19
6.17971429e+00 6.782504700056251e-19
6.18585714e+00 6.779136184973855e-19
6.19200000e+00 6.775772683806759e-19
6.19814286e+00 6.772414184128901e-19
6.20428571e+00 6.769060673557288e-19
6.21042857e+00 6.765712139751808e-19
6.21657143e+00 6.762368570415043e-19
6.22271429e+00 6.759029953292066e-19
6.22885714e+00 6.755696276170265e-19
6.23500000e+00 6.752367526879150e-19
6.24114286e+00 6.749043693290169e-19
6.24728571e+00 6.745724763316516e-19
6.25342857e+00 6.742410724912956e-19
6.25957143e+00 6.739101566075634e-19
6.26571429e+00 6.735797274841893e-19
6.27185714e+00 6.732497839290101e-19
6.27800000e+00 6.729203247539454e-19
6.28414286e+00 6.725913487749813e-19
6.29028571e+00 6.722628548121516e-19
6.29642857e+00 6.719348416895200e-19
6.30257143e+00 6.716073082351632e-19
6.30871429e+00 6.712802532811521e-19
6.31485714e+00 6.709536756635356e-19
6.32100000e+00 6.706275742223222e-19
6.32714286e+00 6.703019478014630e-19
6.33328571e+00 6.699767952488351e-19
6.33942857e+00 6.696521154162233e-19
6.34557143e+00 6.693279071593041e-19
6.35171429e+00 6.690041693376282e-19
6.35785714e+00 6.686809008146040e-19
6.36400000e+00 6.683581004574805e-19
6.37014286e+00 6.680357671373308e-19
6.37628571e+00 6.677138997290357e-19
6.38242857e+00 6.673924971112668e-19
6.38857143e+00 6.670715581664704e-19
6.39471429e+00 6.667510817808510e-19
6.40085714e+00 6.664310668443553e-19
6.40700000e+00 6.661115122506558e-19
6.41314286e+00 6.657924168971349e-19
6.41928571e+00 6.654737796848688e-19
6.42542857e+00 6.651555995186119e-19
6.43157143e+00 6.648378753067803e-19
6.43771429e+00 6.645206059614368e-19
6.44385714e+00 6.642037903982752e-19
6.45000000e+00 6.638874275366042e-19
6.45614286e+00 6.635715162993322e-19
6.46228571e+00 6.632560556129520e-19
6.46842857e+00 6.629410444075257e-19
6.47457143e+00 6.626264816166686e-19
6.48071429e+00 6.623123661775353e-19
6.48685714e+00 6.619986970308034e-19
6.49300000e+00 6.616854731206590e-19
6.49914286e+00 6.613726933947824e-19
6.50528571e+00 6.610603568043317e-19
6.51142857e+00 6.607484623039300e-19
6.51757143e+00 6.604370088516487e-19
6.52371429e+00 6.601259954089947e-19
6.52985714e+00 6.598154209408944e-19
6.53600000e+00 6.595052844156801e-19
6.54214286e+00 6.591955848050755e-19
6.54828571e+00 6.588863210841810e-19
6.55442857e+00 6.585774922314598e-19
6.56057143e+00 6.582690972287236e-19
6.56671429e+00 6.579611350611183e-19
6.57285714e+00 6.576536047171107e-19
6.57900000e+00 6.573465051884736e-19
6.58514286e+00 6.570398354702723e-19
6.59128571e+00 6.567335945608514e-19
6.59742857e+00 6.564277814618198e-19
6.60357143e+00 6.561223951780384e-19
6.60971429e+00 6.558174347176051e-19
6.61585714e+00 6.555128990918427e-19
6.62200000e+00 6.552087873152843e-19
6.62814286e+00 6.549050984056605e-19
6.63428571e+00 6.546018313838859e-19
6.64042857e+00 6.542989852740459e-19
6.64657143e+00 6.539965591033832e-19
6.65271429e+00 6.536945519022854e-19
6.65885714e+00 6.533929627042713e-19
6.66500000e+00 6.530917905459779e-19
6.67114286e+00 6.527910344671480e-19
6.67728571e+00 6.524906935106166e-19
6.68342857e+00 6.521907667222989e-19
6.68957143e+00 6.518912531511772e-19
6.69571429e+00 6.515921518492881e-19
6.70185714e+00 6.512934618717097e-19
6.70800000e+00 6.509951822765501e-19
6.71414286e+00 6.506973121249336e-19
6.72028571e+00 6.503998504809892e-19
6.72642857e+00 6.501027964118380e-19
6.73257143e+00 6.498061489875805e-19
6.73871429e+00 6.495099072812851e-19
6.74485714e+00 6.492140703689756e-19
6.75100000e+00 6.489186373296186e-19
6.75714286e+00 6.486236072451127e-19
6.76328571e+00 6.483289792002749e-19
6.76942857e+00 6.480347522828300e-19
6.77557143e+00 6.477409255833984e-19
6.78171429e+00 6.474474981954837e-19
6.78785714e+00 6.471544692154618e-19
6.79400000e+00 6.468618377425684e-19
6.80014286e+00 6.465696028788882e-19
6.80628571e+00 6.462777637293429e-19
6.81242857e+00 6.459863194016792e-19
6.81857143e+00 6.456952690064585e-19
6.82471429e+00 6.454046116570444e-19
6.83085714e+00 6.451143464695920e-19
6.83700000e+00 6.448244725630363e-19
6.84314286e+00 6.445349890590811e-19
6.84928571e+00 6.442458950821881e-19
6.85542857e+00 6.439571897595649e-19
6.86157143e+00 6.436688722211548e-19
6.86771429e+00 6.433809415996258e-19
6.87385714e+00 6.430933970303589e-19
6.88000000e+00 6.428062376514377e-19
6.88614286e+00 6.425194626036380e-19
6.89228571e+00 6.422330710304157e-19
6.89842857e+00 6.419470620778973e-19
6.90457143e+00 6.416614348948688e-19
6.91071429e+00 6.413761886327648e-19
6.91685714e+00 6.410913224456581e-19
6.92300000e+00 6.408068354902496e-19
6.92914286e+00 6.405227269258568e-19
6.93528571e+00 6.402389959144044e-19
6.94142857e+00 6.399556416204134e-19
6.94757143e+00 6.396726632109907e-19
6.95371429e+00 6.393900598558190e-19
6.95985714e+00 6.391078307271468e-19
6.96600000e+00 6.388259749997777e-19
6.97214286e+00 6.385444918510604e-19
6.97828571e+00 6.382633804608791e-19
6.98442857e+00 6.379826400116428e-19
6.99057143e+00 6.377022696882759e-19
6.99671429e+00 6.374222686782076e-19
7.00285714e+00 6.371426361713626e-19
7.00900000e+00 6.368633713601511e-19
7.01514286e+00 6.365844734394586e-19
7.02128571e+00 6.363059416066372e-19
7.02742857e+00 6.360277750614945e-19
7.03357143e+00 6.357499730062850e-19
7.03971429e+00 6.354725346456996e-19
7.04585714e+00 6.351954591868575e-19
7.05200000e+00 6.349187458392950e-19
7.05814286e+00 6.346423938149568e-19
7.06428571e+00 6.343664023281870e-19
7.07042857e+00 6.340907705957190e-19
7.07657143e+00 6.338154978366663e-19
7.08271429e+00 6.335405832725137e-19
7.08885714e+00 6.332660261271073e-19
7.09500000e+00 6.329918256266462e-19
7.10114286e+00 6.327179809996721e-19
7.10728571e+00 6.324444914770613e-19
7.11342857e+00 6.321713562920156e-19
7.11957143e+00 6.318985746800525e-19
7.12571429e+00 6.316261458789965e-19
7.13185714e+00 6.313540691289707e-19
7.13800000e+00 6.310823436723872e-19
7.14414286e+00 6.308109687539385e-19
7.15028571e+00 6.305399436205888e-19
7.15642857e+00 6.302692675215652e-19
7.16257143e+00 6.299989397083487e-19
7.16871429e+00 6.297289594346659e-19
7.17485714e+00 6.294593259564798e-19
7.18100000e+00 6.291900385319821e-19
7.18714286e+00 6.289210964215835e-19
7.19328571e+00 6.286524988879062e-19
7.19942857e+00 6.283842451957744e-19
7.20557143e+00 6.281163346122068e-19
7.21171429e+00 6.278487664064078e-19
7.21785714e+00 6.275815398497587e-19
7.22400000e+00 6.273146542158103e-19
7.23014286e+00 6.270481087802736e-19
7.23628571e+00 6.267819028210123e-19
7.24242857e+00 6.265160356180343e-19
7.24857143e+00 6.262505064534833e-19
7.25471429e+00 6.259853146116311e-19
7.26085714e+00 6.257204593788692e-19
7.26700000e+00 6.254559400437009e-19
7.27314286e+00 6.251917558967330e-19
7.27928571e+00 6.249279062306680e-19
7.28542857e+00 6.246643903402966e-19
7.29157143e+00 6.244012075224887e-19
7.29771429e+00 6.241383570761865e-19
7.30385714e+00 6.238758383023961e-19
7.31000000e+00 6.236136505041802e-19
7.31614286e+00 6.233517929866499e-19
7.32228571e+00 6.230902650569567e-19
7.32842857e+00 6.228290660242859e-19
7.33457143e+00 6.225681951998477e-19
7.34071429e+00 6.223076518968702e-19
7.34685714e+00 6.220474354305916e-19
7.35300000e+00 6.217875451182535e-19
7.35914286e+00 6.215279802790914e-19
7.36528571e+00 6.212687402343293e-19
7.37142857e+00 6.210098243071712e-19
7.37757143e+00 6.207512318227937e-19
7.38371429e+00 6.204929621083387e-19
7.38985714e+00 6.202350144929067e-19
7.39600000e+00 6.199773883075479e-19
7.40214286e+00 6.197200828852571e-19
7.40828571e+00 6.194630975609641e-19
7.41442857e+00 6.192064316715284e-19
7.42057143e+00 6.189500845557311e-19
7.42671429e+00 6.186940555542676e-19
7.43285714e+00 6.184383440097412e-19
7.43900000e+00 6.181829492666553e-19
7.44514286e+00 6.179278706714067e-19
7.45128571e+00 6.176731075722783e-19
7.45742857e+00 6.174186593194329e-19
7.46357143e+00 6.171645252649048e-19
7.46971429e+00 6.169107047625947e-19
7.47585714e+00 6.166571971682607e-19
7.48200000e+00 6.164040018395137e-19
7.48814286e+00 6.161511181358083e-19
7.49428571e+00 6.158985454184380e-19
7.50042857e+00 6.156462830505273e-19
7.50657143e+00 6.153943303970246e-19
7.51271429e+00 6.151426868246969e-19
7.51885714e+00 6.148913517021218e-19
7.52500000e+00 6.146403243996815e-19
7.53114286e+00 6.143896042895557e-19
7.53728571e+00 6.141391907457161e-19
7.54342857e+00 6.138890831439182e-19
7.54957143e+00 6.136392808616958e-19
7.55571429e+00 6.133897832783547e-19
7.56185714e+00 6.131405897749654e-19
7.56800000e+00 6.128916997343573e-19
7.57414286e+00 6.126431125411123e-19
7.58028571e+00 6.123948275815574e-19
7.58642857e+00 6.121468442437597e-19
7.59257143e+00 6.118991619175194e-19
7.59871429e+00 6.116517799943638e-19
7.60485714e+00 6.114046978675400e-19
7.61100000e+00 6.111579149320102e-19
7.61714286e+00 6.109114305844445e-19
7.62328571e+00 6.106652442232147e-19
7.62942857e+00 6.104193552483887e-19
7.63557143e+00 6.101737630617238e-19
7.64171429e+00 6.099284670666605e-19
7.64785714e+00 6.096834666683175e-19
7.65400000e+00 6.094387612734842e-19
7.66014286e+00 6.091943502906155e-19
7.66628571e+00 6.089502331298256e-19
7.67242857e+00 6.087064092028820e-19
7.67857143e+00 6.084628779231997e-19
7.68471429e+00 6.082196387058352e-19
7.69085714e+00 6.079766909674803e-19
7.69700000e+00 6.077340341264566e-19
7.70314286e+00 6.074916676027097e-19
7.70928571e+00 6.072495908178030e-19
7.71542857e+00 6.070078031949120e-19
7.72157143e+00 6.067663041588189e-19
7.72771429e+00 6.065250931359067e-19
7.73385714e+00 6.062841695541526e-19
7.74000000e+00 6.060435328431241e-19
7.74614286e+00 6.058031824339717e-19
7.75228571e+00 6.055631177594238e-19
7.75842857e+00 6.053233382537813e-19
7.76457143e+00 6.050838433529119e-19
7.77071429e+00 6.048446324942444e-19
7.77685714e+00 6.046057051167629e-19
7.78300000e+00 6.043670606610019e-19
7.78914286e+00 6.041286985690406e-19
7.79528571e+00 6.038906182844968e-19
7.80142857e+00 6.036528192525223e-19
7.80757143e+00 6.034153009197972e-19
7.81371429e+00 6.031780627345239e-19
7.81985714e+00 6.029411041464228e-19
7.82600000e+00 6.027044246067259e-19
7.83214286e+00 6.024680235681724e-19
7.83828571e+00 6.022319004850023e-19
7.84442857e+00 6.019960548129523e-19
7.85057143e+00 6.017604860092493e-19
7.85671429e+00 6.015251935326063e-19
7.86285714e+00 6.012901768432170e-19
7.86900000e+00 6.010554354027492e-19
7.87514286e+00 6.008209686743415e-19
7.88128571e+00 6.005867761225971e-19
7.88742857e+00 6.003528572135790e-19
7.89357143e+00 6.001192114148047e-19
7.89971429e+00 5.998858381952412e-19
7.90585714e+00 5.996527370252999e-19
7.91200000e+00 5.994199073768317e-19
7.91814286e+00 5.991873487231214e-19
7.92428571e+00 5.989550605388841e-19
7.93042857e+00 5.987230423002582e-19
7.93657143e+00 5.984912934848023e-19
7.94271429e+00 5.982598135714889e-19
7.94885714e+00 5.980286020407004e-19
7.95500000e+00 5.977976583742239e-19
7.96114286e+00 5.975669820552458e-19
7.96728571e+00 5.973365725683478e-19
7.97342857e+00 5.971064293995017e-19
7.97957143e+00 5.968765520360644e-19
7.98571429e+00 5.966469399667730e-19
7.99185714e+00 5.964175926817410e-19
7.99800000e+00 5.961885096724522e-19
8.00414286e+00 5.959596904317566e-19
8.01028571e+00 5.957311344538662e-19
8.01642857e+00 5.955028412343493e-19
8.02257143e+00 5.952748102701263e-19
8.02871429e+00 5.950470410594656e-19
8.03485714e+00 5.948195331019776e-19
8.04100000e+00 5.945922858986116e-19
8.04714286e+00 5.943652989516500e-19
8.05328571e+00 5.941385717647044e-19
8.05942857e+00 5.939121038427112e-19
8.06557143e+00 5.936858946919259e-19
8.07171429e+00 5.934599438199203e-19
8.07785714e+00 5.932342507355767e-19
8.08400000e+00 5.930088149490835e-19
8.09014286e+00 5.927836359719316e-19
8.09628571e+00 5.925587133169090e-19
8.10242857e+00 5.923340464980972e-19
8.10857143e+00 5.921096350308658e-19
8.11471429e+00 5.918854784318691e-19
8.12085714e+00 5.916615762190412e-19
8.12700000e+00 5.914379279115915e-19
8.13314286e+00 5.912145330300012e-19
8.13928571e+00 5.909913910960179e-19
8.14542857e+00 5.907685016326517e-19
8.15157143e+00 5.905458641641715e-19
8.15771429e+00 5.903234782160998e-19
8.16385714e+00 5.901013433152090e-19
8.17000000e+00 5.898794589895174e-19
8.17614286e+00 5.896578247682842e-19
8.18228571e+00 5.894364401820062e-19
8.18842857e+00 5.892153047624127e-19
8.19457143e+00 5.889944180424621e-19
8.20071429e+00 5.887737795563377e-19
8.20685714e+00 5.885533888394429e-19
8.21300000e+00 5.883332454283979e-19
8.21914286e+00 5.881133488610349e-19
8.22528571e+00 5.878936986763948e-19
8.23142857e+00 5.876742944147226e-19
8.23757143e+00 5.874551356174631e-19
8.24371429e+00 5.872362218272580e-19
8.24985714e+00 5.870175525879403e-19
8.25600000e+00 5.867991274445318e-19
8.26214286e+00 5.865809459432382e-19
8.26828571e+00 5.863630076314455e-19
8.27442857e+00 5.861453120577159e-19
8.28057143e+00 5.859278587717839e-19
8.28671429e+00 5.857106473245526e-19
8.29285714e+00 5.854936772680896e-19
8.29900000e+00 5.852769481556231e-19
8.30514286e+00 5.850604595415383e-19
8.31128571e+00 5.848442109813727e-19
8.31742857e+00 5.846282020318140e-19
8.32357143e+00 5.844124322506941e-19
8.32971429e+00 5.841969011969872e-19
8.33585714e+00 5.839816084308049e-19
8.34200000e+00 5.837665535133925e-19
8.34814286e+00 5.835517360071259e-19
8.35428571e+00 5.833371554755072e-19
8.36042857e+00 5.831228114831615e-19
8.36657143e+00 5.829087035958325e-19
8.37271429e+00 5.826948313803796e-19
8.37885714e+00 5.824811944047733e-19
8.38500000e+00 5.822677922380930e-19
8.39114286e+00 5.820546244505213e-19
8.39728571e+00 5.818416906133425e-19
8.40342857e+00 5.816289902989370e-19
8.40957143e+00 5.814165230807797e-19
8.41571429e+00 5.812042885334345e-19
8.42185714e+00 5.809922862325518e-19
8.42800000e+00 5.807805157548652e-19
8.43414286e+00 5.805689766781866e-19
8.44028571e+00 5.803576685814045e-19
8.44642857e+00 5.801465910444789e-19
8.45257143e+00 5.799357436484382e-19
8.45871429e+00 5.797251259753770e-19
8.46485714e+00 5.795147376084500e-19
8.47100000e+00 5.793045781318714e-19
8.47714286e+00 5.790946471309096e-19
8.48328571e+00 5.788849441918840e-19
8.48942857e+00 5.786754689021627e-19
8.49557143e+00 5.784662208501570e-19
8.50171429e+00 5.782571996253202e-19
8.50785714e+00 5.780484048181434e-19
8.51400000e+00 5.778398360201513e-19
8.52014286e+00 5.776314928238999e-19
8.52628571e+00 5.774233748229727e-19
8.53242857e+00 5.772154816119777e-19
8.53857143e+00 5.770078127865436e-19
8.54471429e+00 5.768003679433171e-19
8.55085714e+00 5.765931466799586e-19
8.55700000e+00 5.763861485951402e-19
8.56314286e+00 5.761793732885416e-19
8.56928571e+00 5.759728203608474e-19
8.57542857e+00 5.757664894137426e-19
8.58157143e+00 5.755603800499115e-19
8.58771429e+00 5.753544918730323e-19
8.59385714e+00 5.751488244877755e-19
8.60000000e+00 5.749433774997998e-19
8.60614286e+00 5.747381505157494e-19
8.61228571e+00 5.745331431432508e-19
8.61842857e+00 5.743283549909088e-19
8.62457143e+00 5.741237856683048e-19
8.63071429e+00 5.739194347859928e-19
8.63685714e+00 5.737153019554964e-19
8.64300000e+00 5.735113867893055e-19
8.64914286e+00 5.733076889008737e-19
8.65528571e+00 5.731042079046149e-19
8.66142857e+00 5.729009434159004e-19
8.66757143e+00 5.726978950510552e-19
8.67371429e+00 5.724950624273565e-19
8.67985714e+00 5.722924451630287e-19
8.68600000e+00 5.720900428772419e-19
8.69214286e+00 5.718878551901083e-19
8.69828571e+00 5.716858817226790e-19
8.70442857e+00 5.714841220969416e-19
8.71057143e+00 5.712825759358166e-19
8.71671429e+00 5.710812428631549e-19
8.72285714e+00 5.708801225037348e-19
8.72900000e+00 5.706792144832586e-19
8.73514286e+00 5.704785184283504e-19
8.74128571e+00 5.702780339665524e-19
8.74742857e+00 5.700777607263232e-19
8.75357143e+00 5.698776983370333e-19
8.75971429e+00 5.696778464289631e-19
8.76585714e+00 5.694782046333007e-19
8.77200000e+00 5.692787725821374e-19
8.77814286e+00 5.690795499084664e-19
8.78428571e+00 5.688805362461790e-19
8.79042857e+00 5.686817312300622e-19
8.79657143e+00 5.684831344957958e-19
8.80271429e+00 5.682847456799496e-19
8.80885714e+00 5.680865644199805e-19
8.81500000e+00 5.678885903542301e-19
8.82114286e+00 5.676908231219210e-19
8.82728571e+00 5.674932623631555e-19
8.83342857e+00 5.672959077189111e-19
8.83957143e+00 5.670987588310396e-19
8.84571429e+00 5.669018153422629e-19
8.85185714e+00 5.667050768961707e-19
8.85800000e+00 5.665085431372186e-19
8.86414286e+00 5.663122137107240e-19
8.87028571e+00 5.661160882628644e-19
8.87642857e+00 5.659201664406749e-19
8.88257143e+00 5.657244478920441e-19
8.88871429e+00 5.655289322657135e-19
8.89485714e+00 5.653336192112731e-19
8.90100000e+00 5.651385083791597e-19
8.90714286e+00 5.649435994206539e-19
8.91328571e+00 5.647488919878779e-19
8.91942857e+00 5.645543857337920e-19
8.92557143e+00 5.643600803121931e-19
8.93171429e+00 5.641659753777115e-19
8.93785714e+00 5.639720705858085e-19
8.94400000e+00 5.637783655927735e-19
8.95014286e+00 5.635848600557219e-19
8.95628571e+00 5.633915536325923e-19
8.96242857e+00 5.631984459821441e-19
8.96857143e+00 5.630055367639547e-19
8.97471429e+00 5.628128256384172e-19
8.98085714e+00 5.626203122667382e-19
8.98700000e+00 5.624279963109343e-19
8.99314286e+00 5.622358774338309e-19
8.99928571e+00 5.620439552990588e-19
9.00542857e+00 5.618522295710519e-19
9.01157143e+00 5.616606999150450e-19
9.01771429e+00 5.614693659970710e-19
9.02385714e+00 5.612782274839588e-19
9.03000000e+00 5.610872840433309e-19
9.03614286e+00 5.608965353436000e-19
9.04228571e+00 5.607059810539684e-19
9.04842857e+00 5.605156208444238e-19
9.05457143e+00 5.603254543857379e-19
9.06071429e+00 5.601354813494637e-19
9.06685714e+00 5.599457014079333e-19
9.07300000e+00 5.597561142342551e-19
9.07914286e+00 5.595667195023124e-19
9.08528571e+00 5.593775168867590e-19
9.09142857e+00 5.591885060630200e-19
9.09757143e+00 5.589996867072863e-19
9.10371429e+00 5.588110584965143e-19
9.10985714e+00 5.586226211084230e-19
9.11600000e+00 5.584343742214912e-19
9.12214286e+00 5.582463175149560e-19
9.12828571e+00 5.580584506688098e-19
9.13442857e+00 5.578707733637985e-19
9.14057143e+00 5.576832852814195e-19
9.14671429e+00 5.574959861039181e-19
9.15285714e+00 5.573088755142869e-19
9.15900000e+00 5.571219531962622e-19
9.16514286e+00 5.569352188343229e-19
9.17128571e+00 5.567486721136871e-19
9.17742857e+00 5.565623127203110e-19
9.18357143e+00 5.563761403408858e-19
9.18971429e+00 5.561901546628359e-19
9.19585714e+00 5.560043553743166e-19
9.20200000e+00 5.558187421642121e-19
9.20814286e+00 5.556333147221330e-19
9.21428571e+00 5.554480727384144e-19
9.22042857e+00 5.552630159041133e-19
9.22657143e+00 5.550781439110070e-19
9.23271429e+00 5.548934564515907e-19
9.23885714e+00 5.547089532190748e-19
9.24500000e+00 5.545246339073843e-19
9.25114286e+00 5.543404982111544e-19
9.25728571e+00 5.541565458257307e-19
9.26342857e+00 5.539727764471654e-19
9.26957143e+00 5.537891897722160e-19
9.27571429e+00 5.536057854983430e-19
9.28185714e+00 5.534225633237076e-19
9.28800000e+00 5.532395229471702e-19
9.29414286e+00 5.530566640682875e-19
9.30028571e+00 5.528739863873112e-19
9.30642857e+00 5.526914896051855e-19
9.31257143e+00 5.525091734235452e-19
9.31871429e+00 5.523270375447134e-19
9.32485714e+00 5.521450816716997e-19
9.33100000e+00 5.519633055081984e-19
9.33714286e+00 5.517817087585859e-19
9.34328571e+00 5.516002911279192e-19
9.34942857e+00 5.514190523219335e-19
9.35557143e+00 5.512379920470403e-19
9.36171429e+00 5.510571100103255e-19
9.36785714e+00 5.508764059195477e-19
9.37400000e+00 5.506958794831355e-19
9.38014286e+00 5.505155304101860e-19
9.38628571e+00 5.503353584104628e-19
9.39242857e+00 5.501553631943940e-19
9.39857143e+00 5.499755444730701e-19
9.40471429e+00 5.497959019582424e-19
9.41085714e+00 5.496164353623206e-19
9.41700000e+00 5.494371443983714e-19
9.42314286e+00 5.492580287801160e-19
9.42928571e+00 5.490790882219284e-19
9.43542857e+00 5.489003224388341e-19
9.44157143e+00 5.487217311465067e-19
9.44771429e+00 5.485433140612679e-19
9.45385714e+00 5.483650709000842e-19
9.46000000e+00 5.481870013805652e-19
9.46614286e+00 5.480091052209626e-19
9.47228571e+00 5.478313821401673e-19
9.47842857e+00 5.476538318577078e-19
9.48457143e+00 5.474764540937492e-19
9.49071429e+00 5.472992485690897e-19
9.49685714e+00 5.471222150051602e-19
9.50300000e+00 5.469453531240223e-19
9.50914286e+00 5.467686626483653e-19
9.51528571e+00 5.465921433015056e-19
9.52142857e+00 5.464157948073848e-19
9.52757143e+00 5.462396168905668e-19
9.53371429e+00 5.460636092762376e-19
9.53985714e+00 5.458877716902019e-19
9.54600000e+00 5.457121038588825e-19
9.55214286e+00 5.455366055093178e-19
9.55828571e+00 5.453612763691608e-19
9.56442857e+00 5.451861161666762e-19
9.57057143e+00 5.450111246307395e-19
9.57671429e+00 5.448363014908348e-19
9.58285714e+00 5.446616464770537e-19
9.58900000e+00 5.444871593200927e-19
9.59514286e+00 5.443128397512518e-19
9.60128571e+00 5.441386875024329e-19
9.60742857e+00 5.439647023061380e-19
9.61357143e+00 5.437908838954673e-19
9.61971429e+00 5.436172320041178e-19
9.62585714e+00 5.434437463663812e-19
9.63200000e+00 5.432704267171427e-19
9.63814286e+00 5.430972727918784e-19
9.64428571e+00 5.429242843266548e-19
9.65042857e+00 5.427514610581265e-19
9.65657143e+00 5.425788027235339e-19
9.66271429e+00 5.424063090607028e-19
9.66885714e+00 5.422339798080418e-19
9.67500000e+00 5.420618147045408e-19
9.68114286e+00 5.418898134897696e-19
9.68728571e+00 5.417179759038764e-19
9.69342857e+00 5.415463016875851e-19
9.69957143e+00 5.413747905821949e-19
9.70571429e+00 5.412034423295782e-19
9.71185714e+00 5.410322566721787e-19
9.71800000e+00 5.408612333530102e-19
9.72414286e+00 5.406903721156546e-19
9.73028571e+00 5.405196727042605e-19
9.73642857e+00 5.403491348635418e-19
9.74257143e+00 5.401787583387756e-19
9.74871429e+00 5.400085428758010e-19
9.75485714e+00 5.398384882210172e-19
9.76100000e+00 5.396685941213822e-19
9.76714286e+00 5.394988603244113e-19
9.77328571e+00 5.393292865781747e-19
9.77942857e+00 5.391598726312973e-19
9.78557143e+00 5.389906182329559e-19
9.79171429e+00 5.388215231328782e-19
9.79785714e+00 5.386525870813415e-19
9.80400000e+00 5.384838098291703e-19
9.81014286e+00 5.383151911277358e-19
9.81628571e+00 5.381467307289534e-19
9.82242857e+00 5.379784283852817e-19
9.82857143e+00 5.378102838497212e-19
9.83471429e+00 5.376422968758122e-19
9.84085714e+00 5.374744672176337e-19
9.84700000e+00 5.373067946298013e-19
9.85314286e+00 5.371392788674665e-19
9.85928571e+00 5.369719196863151e-19
9.86542857e+00 5.368047168425648e-19
9.87157143e+00 5.366376700929645e-19
9.87771429e+00 5.364707791947930e-19
9.88385714e+00 5.363040439058568e-19
9.89000000e+00 5.361374639844892e-19
9.89614286e+00 5.359710391895484e-19
9.90228571e+00 5.358047692804166e-19
9.90842857e+00 5.356386540169977e-19
9.91457143e+00 5.354726931597168e-19
9.92071429e+00 5.353068864695179e-19
9.92685714e+00 5.351412337078634e-19
9.93300000e+00 5.349757346367313e-19
9.93914286e+00 5.348103890186151e-19
9.94528571e+00 5.346451966165219e-19
9.95142857e+00 5.344801571939707e-19
9.95757143e+00 5.343152705149909e-19
9.96371429e+00 5.341505363441218e-19
9.96985714e+00 5.339859544464100e-19
9.97600000e+00 5.338215245874087e-19
9.98214286e+00 5.336572465331763e-19
9.98828571e+00 5.334931200502748e-19
9.99442857e+00 5.333291449057682e-19
1.00005714e+01 5.331653208672216e-19
1.00067143e+01 5.330016477026997e-19
1.00128571e+01 5.328381251807647e-19
1.00190000e+01 5.326747530704764e-19
1.00251429e+01 5.325115311413893e-19
1.00312857e+01 5.323484591635519e-19
1.00374286e+01 5.321855369075058e-19
1.00435714e+01 5.320227641442833e-19
1.00497143e+01 5.318601406454072e-19
1.00558571e+01 5.316976661828883e-19
1.00620000e+01 5.315353405292249e-19
1.00681429e+01 5.313731634574014e-19
1.00742857e+01 5.312111347408865e-19
1.00804286e+01 5.310492541536320e-19
1.00865714e+01 5.308875214700720e-19
1.00927143e+01 5.307259364651207e-19
1.00988571e+01 5.305644989141720e-19
1.01050000e+01 5.304032085930977e-19
1.01111429e+01 5.302420652782461e-19
1.01172857e+01 5.300810687464407e-19
1.01234286e+01 5.299202187749794e-19
1.01295714e+01 5.297595151416328e-19
1.01357143e+01 5.295989576246428e-19
1.01418571e+01 5.294385460027213e-19
1.01480000e+01 5.292782800550497e-19
1.01541429e+01 5.291181595612767e-19
1.01602857e+01 5.289581843015170e-19
1.01664286e+01 5.287983540563509e-19
1.01725714e+01 5.286386686068225e-19
1.01787143e+01 5.284791277344381e-19
1.01848571e+01 5.283197312211655e-19
1.01910000e+01 5.281604788494326e-19
1.01971429e+01 5.280013704021260e-19
1.02032857e+01 5.278424056625901e-19
1.02094286e+01 5.276835844146251e-19
1.02155714e+01 5.275249064424871e-19
1.02217143e+01 5.273663715308852e-19
1.02278571e+01 5.272079794649816e-19
1.02340000e+01 5.270497300303901e-19
1.02401429e+01 5.268916230131741e-19
1.02462857e+01 5.267336581998463e-19
1.02524286e+01 5.265758353773673e-19
1.02585714e+01 5.264181543331442e-19
1.02647143e+01 5.262606148550291e-19
1.02708571e+01 5.261032167313187e-19
1.02770000e+01 5.259459597507524e-19
1.02831429e+01 5.257888437025115e-19
1.02892857e+01 5.256318683762179e-19
1.02954286e+01 5.254750335619327e-19
1.03015714e+01 5.253183390501554e-19
1.03077143e+01 5.251617846318226e-19
1.03138571e+01 5.250053700983064e-19
1.03200000e+01 5.248490952414143e-19
1.03261429e+01 5.246929598533866e-19
1.03322857e+01 5.245369637268963e-19
1.03384286e+01 5.243811066550478e-19
1.03445714e+01 5.242253884313754e-19
1.03507143e+01 5.240698088498421e-19
1.03568571e+01 5.239143677048391e-19
1.03630000e+01 5.237590647911839e-19
1.03691429e+01 5.236038999041198e-19
1.03752857e+01 5.234488728393142e-19
1.03814286e+01 5.232939833928580e-19
1.03875714e+01 5.231392313612638e-19
1.03937143e+01 5.229846165414657e-19
1.03998571e+01 5.228301387308172e-19
1.04060000e+01 5.226757977270908e-19
1.04121429e+01 5.225215933284766e-19
1.04182857e+01 5.223675253335815e-19
1.04244286e+01 5.222135935414273e-19
1.04305714e+01 5.220597977514503e-19
1.04367143e+01 5.219061377635004e-19
1.04428571e+01 5.217526133778391e-19
1.04490000e+01 5.215992243951394e-19
1.04551429e+01 5.214459706164840e-19
1.04612857e+01 5.212928518433644e-19
1.04674286e+01 5.211398678776801e-19
1.04735714e+01 5.209870185217374e-19
1.04797143e+01 5.208343035782477e-19
1.04858571e+01 5.206817228503279e-19
1.04920000e+01 5.205292761414974e-19
1.04981429e+01 5.203769632556788e-19
1.05042857e+01 5.202247839971957e-19
1.05104286e+01 5.200727381707720e-19
1.05165714e+01 5.199208255815312e-19
1.05227143e+01 5.197690460349949e-19
1.05288571e+01 5.196173993370817e-19
1.05350000e+01 5.194658852941064e-19
1.05411429e+01 5.193145037127791e-19
1.05472857e+01 5.191632544002040e-19
1.05534286e+01 5.190121371638777e-19
1.05595714e+01 5.188611518116897e-19
1.05657143e+01 5.187102981519200e-19
1.05718571e+01 5.185595759932384e-19
1.05780000e+01 5.184089851447042e-19
1.05841429e+01 5.182585254157640e-19
1.05902857e+01 5.181081966162517e-19
1.05964286e+01 5.179579985563870e-19
1.06025714e+01 5.178079310467744e-19
1.06087143e+01 5.176579938984025e-19
1.06148571e+01 5.175081869226427e-19
1.06210000e+01 5.173585099312481e-19
1.06271429e+01 5.172089627363528e-19
1.06332857e+01 5.170595451504713e-19
1.06394286e+01 5.169102569864962e-19
1.06455714e+01 5.167610980576985e-19
1.06517143e+01 5.166120681777261e-19
1.06578571e+01 5.164631671606030e-19
1.06640000e+01 5.163143948207281e-19
1.06701429e+01 5.161657509728741e-19
1.06762857e+01 5.160172354321872e-19
1.06824286e+01 5.158688480141853e-19
1.06885714e+01 5.157205885347578e-19
1.06947143e+01 5.155724568101640e-19
1.07008571e+01 5.154244526570326e-19
1.07070000e+01 5.152765758923603e-19
1.07131429e+01 5.151288263335115e-19
1.07192857e+01 5.149812037982167e-19
1.07254286e+01 5.148337081045719e-19
1.07315714e+01 5.146863390710376e-19
1.07377143e+01 5.145390965164378e-19
1.07438571e+01 5.143919802599593e-19
1.07500000e+01 5.142449901211503e-19
1.07561429e+01 5.140981259199197e-19
1.07622857e+01 5.139513874765368e-19
1.07684286e+01 5.138047746116290e-19
1.07745714e+01 5.136582871461824e-19
1.07807143e+01 5.135119249015397e-19
1.07868571e+01 5.133656876993997e-19
1.07930000e+01 5.132195753618170e-19
1.07991429e+01 5.130735877111997e-19
1.08052857e+01 5.129277245703099e-19
1.08114286e+01 5.127819857622622e-19
1.08175714e+01 5.126363711105225e-19
1.08237143e+01 5.124908804389077e-19
1.08298571e+01 5.123455135715843e-19
1.08360000e+01 5.122002703330678e-19
1.08421429e+01 5.120551505482219e-19
1.08482857e+01 5.119101540422572e-19
1.08544286e+01 5.117652806407308e-19
1.08605714e+01 5.116205301695450e-19
1.08667143e+01 5.114759024549465e-19
1.08728571e+01 5.113313973235259e-19
1.08790000e+01 5.111870146022165e-19
1.08851429e+01 5.110427541182936e-19
1.08912857e+01 5.108986156993729e-19
1.08974286e+01 5.107545991734109e-19
1.09035714e+01 5.106107043687033e-19
1.09097143e+01 5.104669311138839e-19
1.09158571e+01 5.103232792379246e-19
1.09220000e+01 5.101797485701334e-19
1.09281429e+01 5.100363389401546e-19
1.09342857e+01 5.098930501779674e-19
1.09404286e+01 5.097498821138851e-19
1.09465714e+01 5.096068345785545e-19
1.09527143e+01 5.094639074029545e-19
1.09588571e+01 5.093211004183962e-19
1.09650000e+01 5.091784134565211e-19
1.09711429e+01 5.090358463493007e-19
1.09772857e+01 5.088933989290360e-19
1.09834286e+01 5.087510710283557e-19
1.09895714e+01 5.086088624802167e-19
1.09957143e+01 5.084667731179020e-19
1.10018571e+01 5.083248027750206e-19
1.10080000e+01 5.081829512855070e-19
1.10141429e+01 5.080412184836190e-19
1.10202857e+01 5.078996042039387e-19
1.10264286e+01 5.077581082813699e-19
1.10325714e+01 5.076167305511391e-19
1.10387143e+01 5.074754708487932e-19
1.10448571e+01 5.073343290101994e-19
1.10510000e+01 5.071933048715443e-19
1.10571429e+01 5.070523982693331e-19
1.10632857e+01 5.069116090403886e-19
1.10694286e+01 5.067709370218508e-19
1.10755714e+01 5.066303820511757e-19
1.10817143e+01 5.064899439661348e-19
1.10878571e+01 5.063496226048142e-19
1.10940000e+01 5.062094178056140e-19
1.11001429e+01 5.060693294072471e-19
1.11062857e+01 5.059293572487387e-19
1.11124286e+01 5.057895011694256e-19
1.11185714e+01 5.056497610089552e-19
1.11247143e+01 5.055101366072849e-19
1.11308571e+01 5.053706278046814e-19
1.11370000e+01 5.052312344417196e-19
1.11431429e+01 5.050919563592822e-19
1.11492857e+01 5.049527933985586e-19
1.11554286e+01 5.048137454010445e-19
1.11615714e+01 5.046748122085411e-19
1.11677143e+01 5.045359936631537e-19
1.11738571e+01 5.043972896072918e-19
1.11800000e+01 5.042586998836680e-19
1.11861429e+01 5.041202243352974e-19
1.11922857e+01 5.039818628054964e-19
1.11984286e+01 5.038436151378822e-19
1.12045714e+01 5.037054811763723e-19
1.12107143e+01 5.035674607651839e-19
1.12168571e+01 5.034295537488322e-19
1.12230000e+01 5.032917599721307e-19
1.12291429e+01 5.031540792801899e-19
1.12352857e+01 5.030165115184168e-19
1.12414286e+01 5.028790565325145e-19
1.12475714e+01 5.027417141684802e-19
1.12537143e+01 5.026044842726062e-19
1.12598571e+01 5.024673666914780e-19
1.12660000e+01 5.023303612719737e-19
1.12721429e+01 5.021934678612639e-19
1.12782857e+01 5.020566863068103e-19
1.12844286e+01 5.019200164563655e-19
1.12905714e+01 5.017834581579718e-19
1.12967143e+01 5.016470112599608e-19
1.13028571e+01 5.015106756109530e-19
1.13090000e+01 5.013744510598562e-19
1.13151429e+01 5.012383374558657e-19
1.13212857e+01 5.011023346484630e-19
1.13274286e+01 5.009664424874154e-19
1.13335714e+01 5.008306608227755e-19
1.13397143e+01 5.006949895048796e-19
1.13458571e+01 5.005594283843486e-19
1.13520000e+01 5.004239773120853e-19
1.13581429e+01 5.002886361392756e-19
1.13642857e+01 5.001534047173865e-19
1.13704286e+01 5.000182828981659e-19
1.13765714e+01 4.998832705336422e-19
1.13827143e+01 4.997483674761233e-19
1.13888571e+01 4.996135735781956e-19
1.13950000e+01 4.994788886927242e-19
1.14011429e+01 4.993443126728511e-19
1.14072857e+01 4.992098453719958e-19
1.14134286e+01 4.990754866438531e-19
1.14195714e+01 4.989412363423943e-19
1.14257143e+01 4.988070943218648e-19
1.14318571e+01 4.986730604367842e-19
1.14380000e+01 4.985391345419461e-19
1.14441429e+01 4.984053164924164e-19
1.14502857e+01 4.982716061435333e-19
1.14564286e+01 4.981380033509068e-19
1.14625714e+01 4.980045079704174e-19
1.14687143e+01 4.978711198582163e-19
1.14748571e+01 4.977378388707234e-19
1.14810000e+01 4.976046648646284e-19
1.14871429e+01 4.974715976968890e-19
1.14932857e+01 4.973386372247302e-19
1.14994286e+01 4.972057833056443e-19
1.15055714e+01 4.970730357973897e-19
1.15117143e+01 4.969403945579908e-19
1.15178571e+01 4.968078594457370e-19
1.15240000e+01 4.966754303191816e-19
1.15301429e+01 4.965431070371427e-19
1.15362857e+01 4.964108894587005e-19
1.15424286e+01 4.962787774431981e-19
1.15485714e+01 4.961467708502409e-19
1.15547143e+01 4.960148695396952e-19
1.15608571e+01 4.958830733716878e-19
1.15670000e+01 4.957513822066058e-19
1.15731429e+01 4.956197959050956e-19
1.15792857e+01 4.954883143280626e-19
1.15854286e+01 4.953569373366698e-19
1.15915714e+01 4.952256647923383e-19
1.15977143e+01 4.950944965567460e-19
1.16038571e+01 4.949634324918269e-19
1.16100000e+01 4.948324724597709e-19
1.16161429e+01 4.947016163230230e-19
1.16222857e+01 4.945708639442828e-19
1.16284286e+01 4.944402151865034e-19
1.16345714e+01 4.943096699128917e-19
1.16407143e+01 4.941792279869069e-19
1.16468571e+01 4.940488892722604e-19
1.16530000e+01 4.939186536329152e-19
1.16591429e+01 4.937885209330850e-19
1.16652857e+01 4.936584910372338e-19
1.16714286e+01 4.935285638100757e-19
1.16775714e+01 4.933987391165734e-19
1.16837143e+01 4.932690168219383e-19
1.16898571e+01 4.931393967916300e-19
1.16960000e+01 4.930098788913551e-19
1.17021429e+01 4.928804629870671e-19
1.17082857e+01 4.927511489449655e-19
1.17144286e+01 4.926219366314958e-19
1.17205714e+01 4.924928259133482e-19
1.17267143e+01 4.923638166574574e-19
1.17328571e+01 4.922349087310021e-19
1.17390000e+01 4.921061020014042e-19
1.17451429e+01 4.919773963363282e-19
1.17512857e+01 4.918487916036810e-19
1.17574286e+01 4.917202876716109e-19
1.17635714e+01 4.915918844085073e-19
1.17697143e+01 4.914635816830000e-19
1.17758571e+01 4.913353793639588e-19
1.17820000e+01 4.912072773204925e-19
1.17881429e+01 4.910792754219491e-19
1.17942857e+01 4.909513735379145e-19
1.18004286e+01 4.908235715382121e-19
1.18065714e+01 4.906958692929030e-19
1.18127143e+01 4.905682666722842e-19
1.18188571e+01 4.904407635468890e-19
1.18250000e+01 4.903133597874860e-19
1.18311429e+01 4.901860552650786e-19
1.18372857e+01 4.900588498509048e-19
1.18434286e+01 4.899317434164361e-19
1.18495714e+01 4.898047358333775e-19
1.18557143e+01 4.896778269736664e-19
1.18618571e+01 4.895510167094725e-19
1.18680000e+01 4.894243049131972e-19
1.18741429e+01 4.892976914574727e-19
1.18802857e+01 4.891711762151620e-19
1.18864286e+01 4.890447590593580e-19
1.18925714e+01 4.889184398633830e-19
1.18987143e+01 4.887922185007881e-19
1.19048571e+01 4.886660948453533e-19
1.19110000e+01 4.885400687710859e-19
1.19171429e+01 4.884141401522208e-19
1.19232857e+01 4.882883088632197e-19
1.19294286e+01 4.881625747787706e-19
1.19355714e+01 4.880369377737870e-19
1.19417143e+01 4.879113977234081e-19
1.19478571e+01 4.877859545029974e-19
1.19540000e+01 4.876606079881427e-19
1.19601429e+01 4.875353580546558e-19
1.19662857e+01 4.874102045785712e-19
1.19724286e+01 4.872851474361463e-19
1.19785714e+01 4.871601865038605e-19
1.19847143e+01 4.870353216584148e-19
1.19908571e+01 4.869105527767316e-19
1.19970000e+01 4.867858797359537e-19
1.20031429e+01 4.866613024134438e-19
1.20092857e+01 4.865368206867844e-19
1.20154286e+01 4.864124344337773e-19
1.20215714e+01 4.862881435324421e-19
1.20277143e+01 4.861639478610176e-19
1.20338571e+01 4.860398472979591e-19
1.20400000e+01 4.859158417219396e-19
1.20461429e+01 4.857919310118485e-19
1.20522857e+01 4.856681150467912e-19
1.20584286e+01 4.855443937060888e-19
1.20645714e+01 4.854207668692775e-19
1.20707143e+01 4.852972344161079e-19
1.20768571e+01 4.851737962265451e-19
1.20830000e+01 4.850504521807673e-19
1.20891429e+01 4.849272021591662e-19
1.20952857e+01 4.848040460423460e-19
1.21014286e+01 4.846809837111229e-19
1.21075714e+01 4.845580150465253e-19
1.21137143e+01 4.844351399297923e-19
1.21198571e+01 4.843123582423735e-19
1.21260000e+01 4.841896698659292e-19
1.21321429e+01 4.840670746823295e-19
1.21382857e+01 4.839445725736534e-19
1.21444286e+01 4.838221634221888e-19
1.21505714e+01 4.836998471104321e-19
1.21567143e+01 4.835776235210872e-19
1.21628571e+01 4.834554925370656e-19
1.21690000e+01 4.833334540414858e-19
1.21751429e+01 4.832115079176724e-19
1.21812857e+01 4.830896540491563e-19
1.21874286e+01 4.829678923196736e-19
1.21935714e+01 4.828462226131655e-19
1.21997143e+01 4.827246448137781e-19
1.22058571e+01 4.826031588058612e-19
1.22120000e+01 4.824817644739682e-19
1.22181429e+01 4.823604617028559e-19
1.22242857e+01 4.822392503774837e-19
1.22304286e+01 4.821181303830134e-19
1.22365714e+01 4.819971016048082e-19
1.22427143e+01 4.818761639284334e-19
1.22488571e+01 4.817553172396546e-19
1.22550000e+01 4.816345614244377e-19
1.22611429e+01 4.815138963689490e-19
1.22672857e+01 4.813933219595543e-19
1.22734286e+01 4.812728380828181e-19
1.22795714e+01 4.811524446255040e-19
1.22857143e+01 4.810321414745735e-19
1.22918571e+01 4.809119285171861e-19
1.22980000e+01 4.807918056406982e-19
1.23041429e+01 4.806717727326633e-19
1.23102857e+01 4.805518296808316e-19
1.23164286e+01 4.804319763731486e-19
1.23225714e+01 4.803122126977560e-19
1.23287143e+01 4.801925385429900e-19
1.23348571e+01 4.800729537973820e-19
1.23410000e+01 4.799534583496572e-19
1.23471429e+01 4.798340520887349e-19
1.23532857e+01 4.797147349037275e-19
1.23594286e+01 4.795955066839405e-19
1.23655714e+01 4.794763673188719e-19
1.23717143e+01 4.793573166982115e-19
1.23778571e+01 4.792383547118410e-19
1.23840000e+01 4.791194812498333e-19
1.23901429e+01 4.790006962024517e-19
1.23962857e+01 4.788819994601505e-19
1.24024286e+01 4.787633909135733e-19
1.24085714e+01 4.786448704535537e-19
1.24147143e+01 4.785264379711139e-19
1.24208571e+01 4.784080933574650e-19
1.24270000e+01 4.782898365040065e-19
1.24331429e+01 4.781716673023256e-19
1.24392857e+01 4.780535856441966e-19
1.24454286e+01 4.779355914215814e-19
1.24515714e+01 4.778176845266276e-19
1.24577143e+01 4.776998648516701e-19
1.24638571e+01 4.775821322892286e-19
1.24700000e+01 4.774644867320085e-19
1.24761429e+01 4.773469280728999e-19
1.24822857e+01 4.772294562049780e-19
1.24884286e+01 4.771120710215014e-19
1.24945714e+01 4.769947724159127e-19
1.25007143e+01 4.768775602818378e-19
1.25068571e+01 4.767604345130856e-19
1.25130000e+01 4.766433950036473e-19
1.25191429e+01 4.765264416476962e-19
1.25252857e+01 4.764095743395874e-19
1.25314286e+01 4.762927929738571e-19
1.25375714e+01 4.761760974452224e-19
1.25437143e+01 4.760594876485810e-19
1.25498571e+01 4.759429634790105e-19
1.25560000e+01 4.758265248317686e-19
1.25621429e+01 4.757101716022917e-19
1.25682857e+01 4.755939036861955e-19
1.25744286e+01 4.754777209792743e-19
1.25805714e+01 4.753616233774998e-19
1.25867143e+01 4.752456107770223e-19
1.25928571e+01 4.751296830741688e-19
1.25990000e+01 4.750138401654438e-19
1.26051429e+01 4.748980819475277e-19
1.26112857e+01 4.747824083172774e-19
1.26174286e+01 4.746668191717259e-19
1.26235714e+01 4.745513144080808e-19
1.26297143e+01 4.744358939237255e-19
1.26358571e+01 4.743205576162174e-19
1.26420000e+01 4.742053053832887e-19
1.26481429e+01 4.740901371228450e-19
1.26542857e+01 4.739750527329657e-19
1.26604286e+01 4.738600521119032e-19
1.26665714e+01 4.737451351580824e-19
1.26727143e+01 4.736303017701008e-19
1.26788571e+01 4.735155518467281e-19
1.26850000e+01 4.734008852869050e-19
1.26911429e+01 4.732863019897439e-19
1.26972857e+01 4.731718018545277e-19
1.27034286e+01 4.730573847807102e-19
1.27095714e+01 4.729430506679151e-19
1.27157143e+01 4.728287994159357e-19
1.27218571e+01 4.727146309247348e-19
1.27280000e+01 4.726005450944442e-19
1.27341429e+01 4.724865418253644e-19
1.27402857e+01 4.723726210179641e-19
1.27464286e+01 4.722587825728797e-19
1.27525714e+01 4.721450263909156e-19
1.27587143e+01 4.720313523730430e-19
1.27648571e+01 4.719177604204000e-19
1.27710000e+01 4.718042504342914e-19
1.27771429e+01 4.716908223161877e-19
1.27832857e+01 4.715774759677253e-19
1.27894286e+01 4.714642112907060e-19
1.27955714e+01 4.713510281870968e-19
1.28017143e+01 4.712379265590290e-19
1.28078571e+01 4.711249063087983e-19
1.28140000e+01 4.710119673388648e-19
1.28201429e+01 4.708991095518515e-19
1.28262857e+01 4.707863328505450e-19
1.28324286e+01 4.706736371378949e-19
1.28385714e+01 4.705610223170134e-19
1.28447143e+01 4.704484882911743e-19
1.28508571e+01 4.703360349638139e-19
1.28570000e+01 4.702236622385299e-19
1.28631429e+01 4.701113700190807e-19
1.28692857e+01 4.699991582093859e-19
1.28754286e+01 4.698870267135257e-19
1.28815714e+01 4.697749754357401e-19
1.28877143e+01 4.696630042804287e-19
1.28938571e+01 4.695511131521511e-19
1.29000000e+01 4.694393019556256e-19
1.29061429e+01 4.693275705957291e-19
-----------------------------
