SPECIES: e / A
PROCESS: E + A -> E + A, Elastic
PARAM.:  m/M = 0.0000195921, complete set
COMMENT: [e + A(gnd) -> e + A(gnd), Elastic]
UPDATED: 2018-06-05 11:00:00
COLUMNS: Energy (eV) | Cross section (m2)
-----------------------------
0.00000000e+00 9.337674007820260e-18
1.09000000e-01 5.106943493368078e-18
2.18000000e-01 3.611154375297084e-18
3.27000000e-01 2.948495200632267e-18
4.36000000e-01 2.553471746684039e-18
5.45000000e-01 2.283894561684254e-18
6.54000000e-01 2.084900950663066e-18
7.63000000e-01 1.930243206158767e-18
8.72000000e-01 1.805577187648542e-18
9.81000000e-01 1.702314497789359e-18
1.09000000e+00 1.614957332082013e-18
1.19900000e+00 1.539801399368070e-18
1.30800000e+00 1.474247600316134e-18
1.41700000e+00 1.416411278941215e-18
1.52600000e+00 1.364888060414127e-18
1.63500000e+00 1.318607139989126e-18
1.74400000e+00 1.276735873342019e-18
1.85300000e+00 1.238615732189260e-18
1.96200000e+00 1.203718125099028e-18
2.07100000e+00 1.171613189366528e-18
2.18000000e+00 1.141947280842127e-18
2.28900000e+00 1.114426434677211e-18
2.39800000e+00 1.088804011173698e-18
2.50700000e+00 1.064871330142235e-18
2.61600000e+00 1.042450475331533e-18
2.72500000e+00 1.021388698673616e-18
2.83400000e+00 1.001554020288443e-18
2.94300000e+00 9.828317335440892e-19
3.05200000e+00 9.651216030793837e-19
3.16100000e+00 9.483355990520798e-19
3.27000000e+00 9.323960504073103e-19
3.37900000e+00 9.172341285600464e-19
3.48800000e+00 9.027885938242710e-19
3.59700000e+00 8.890047524237180e-19
3.70600000e+00 8.758335835153667e-19
3.81500000e+00 8.632310044156289e-19
3.92400000e+00 8.511572488946796e-19
4.03300000e+00 8.395763385353955e-19
4.14200000e+00 8.284556311286706e-19
4.25100000e+00 8.177654331799326e-19
4.36000000e+00 8.074786660410067e-19
4.46900000e+00 7.975705771118322e-19
4.57800000e+00 7.880184890938027e-19
4.68700000e+00 7.788015815080296e-19
4.79600000e+00 7.699006996840352e-19
4.90500000e+00 7.612981872280846e-19
5.01400000e+00 7.529777386347134e-19
5.12300000e+00 7.449242692403625e-19
5.23200000e+00 7.371238001580668e-19
5.34100000e+00 7.295633561954396e-19
5.45000000e+00 7.222308750594168e-19
5.55900000e+00 7.151151264019750e-19
5.66800000e+00 7.082056394706074e-19
5.77700000e+00 7.014926383031272e-19
5.88600000e+00 6.949669835543554e-19
5.99500000e+00 6.886201201672614e-19
6.10400000e+00 6.824440302070637e-19
6.21300000e+00 6.764311902668810e-19
6.32200000e+00 6.705745329303324e-19
6.43100000e+00 6.648674118421944e-19
6.54000000e+00 6.593035699945631e-19
6.64900000e+00 6.538771108844529e-19
6.75800000e+00 6.485824722405424e-19
6.86700000e+00 6.434144020529224e-19
6.97600000e+00 6.383679366710097e-19
7.08500000e+00 6.334383807619946e-19
7.19400000e+00 6.286212889458788e-19
7.30300000e+00 6.239124489438263e-19
7.41200000e+00 6.193078660946302e-19
7.52100000e+00 6.148037491099344e-19
7.63000000e+00 6.103964969527658e-19
7.73900000e+00 6.060826867361678e-19
7.84800000e+00 6.018590625495139e-19
7.95700000e+00 5.977225251296144e-19
8.06600000e+00 5.936701223021507e-19
8.17500000e+00 5.896990401264534e-19
8.28400000e+00 5.858065946832641e-19
8.39300000e+00 5.819902244510233e-19
8.50200000e+00 5.782474832214848e-19
8.61100000e+00 5.745760335101306e-19
8.72000000e+00 5.709736404210634e-19
8.82900000e+00 5.674381659297864e-19
8.93800000e+00 5.639675635506448e-19
9.04700000e+00 5.605598733587111e-19
9.15600000e+00 5.572132173386053e-19
9.26500000e+00 5.539257950351721e-19
9.37400000e+00 5.506958794831355e-19
9.48300000e+00 5.475218133948233e-19
9.59200000e+00 5.444020055868489e-19
9.70100000e+00 5.413349276282437e-19
9.81000000e+00 5.383191106940045e-19
9.91900000e+00 5.353531426093419e-19
1.00280000e+01 5.324356650711176e-19
1.01370000e+01 5.295653710340547e-19
1.02460000e+01 5.267410022502938e-19
1.03550000e+01 5.239613469517780e-19
1.04640000e+01 5.212252376657665e-19
1.05730000e+01 5.185315491545366e-19
1.06820000e+01 5.158791964710120e-19
1.07910000e+01 5.132671331226901e-19
1.09000000e+01 5.106943493368078e-19
1.10090000e+01 5.081598704202158e-19
1.11180000e+01 5.056627552079116e-19
1.12270000e+01 5.032020945946202e-19
1.13360000e+01 5.007770101442217e-19
1.14450000e+01 4.983866527721944e-19
1.15540000e+01 4.960302014965833e-19
1.16630000e+01 4.937068622533251e-19
1.17720000e+01 4.914158667720446e-19
1.18810000e+01 4.891564715087075e-19
1.19900000e+01 4.869279566317658e-19
1.20990000e+01 4.847296250586510e-19
1.22080000e+01 4.825608015396919e-19
1.23170000e+01 4.804208317867181e-19
1.24260000e+01 4.783090816437993e-19
1.25350000e+01 4.762249362977318e-19
1.26440000e+01 4.741677995260399e-19
1.27530000e+01 4.721370929804051e-19
1.28620000e+01 4.701322555035647e-19
1.29710000e+01 4.681527424778520e-19
1.30800000e+01 4.661980252036551e-19
1.31890000e+01 4.642675903061889e-19
1.32980000e+01 4.623609391690648e-19
1.34070000e+01 4.604775873932415e-19
1.35160000e+01 4.586170642800232e-19
1.36250000e+01 4.567789123368507e-19
1.37340000e+01 4.549626868047092e-19
1.38430000e+01 4.531679552060432e-19
1.39520000e+01 4.513942969121355e-19
1.40610000e+01 4.496413027289671e-19
1.41700000e+01 4.479085745006327e-19
1.42790000e+01 4.461957247294382e-19
1.43880000e+01 4.445023762118590e-19
1.44970000e+01 4.428281616895797e-19
1.46060000e+01 4.411727235148852e-19
1.47150000e+01 4.395357133297088e-19
1.48240000e+01 4.379167917576833e-19
1.49330000e+01 4.363156281085804e-19
1.50420000e+01 4.347319000945474e-19
1.51510000e+01 4.331652935575962e-19
1.52600000e+01 4.316155022078145e-19
1.53690000e+01 4.300822273718086e-19
1.54780000e+01 4.285651777509062e-19
1.55870000e+01 4.270640691886755e-19
1.56960000e+01 4.255786244473398e-19
1.58050000e+01 4.241085729926871e-19
1.59140000e+01 4.226536507870969e-19
1.60230000e+01 4.212136000903240e-19
1.61320000e+01 4.197881692676978e-19
1.62410000e+01 4.183771126054149e-19
1.63500000e+01 4.169801901326132e-19
1.64590000e+01 4.155971674499409e-19
1.65680000e+01 4.142278155643353e-19
1.66770000e+01 4.128719107297535e-19
1.67860000e+01 4.115292342935994e-19
1.68950000e+01 4.101995725486090e-19
1.70040000e+01 4.088827165899663e-19
1.71130000e+01 4.075784621774323e-19
1.72220000e+01 4.062866096022823e-19
1.73310000e+01 4.050069635588512e-19
1.74400000e+01 4.037393330205034e-19
1.75490000e+01 4.024835311198448e-19
1.76580000e+01 4.012393750330093e-19
1.77670000e+01 4.000066858678552e-19
1.78760000e+01 3.987852885559161e-19
1.79850000e+01 3.975750117479608e-19
1.80940000e+01 3.963756877130169e-19
1.82030000e+01 3.951871522407264e-19
1.83120000e+01 3.940092445469013e-19
1.84210000e+01 3.928418071821598e-19
1.85300000e+01 3.916846859435199e-19
1.86390000e+01 3.905377297888426e-19
1.87480000e+01 3.894007907540148e-19
1.88570000e+01 3.882737238727678e-19
1.89660000e+01 3.871563870990350e-19
1.90750000e+01 3.860486412317536e-19
1.91840000e+01 3.849503498420176e-19
1.92930000e+01 3.838613792025007e-19
1.94020000e+01 3.827815982190600e-19
1.95110000e+01 3.817108783644464e-19
1.96200000e+01 3.806490936140423e-19
1.97290000e+01 3.795961203835546e-19
1.98380000e+01 3.785518374685945e-19
1.99470000e+01 3.775161259860737e-19
2.00560000e+01 3.764888693173567e-19
2.01650000e+01 3.754699530531042e-19
2.02740000e+01 3.744592649397501e-19
2.03830000e+01 3.734566948275552e-19
2.04920000e+01 3.724621346201813e-19
2.06010000e+01 3.714754782257369e-19
2.07100000e+01 3.704966215092396e-19
2.08190000e+01 3.695254622464507e-19
2.09280000e+01 3.685619000790334e-19
2.10370000e+01 3.676058364709903e-19
2.11460000e+01 3.666571746663384e-19
2.12550000e+01 3.657158196479782e-19
2.13640000e+01 3.647816780977198e-19
2.14730000e+01 3.638546583574253e-19
2.15820000e+01 3.629346703912326e-19
2.16910000e+01 3.620216257488244e-19
2.18000000e+01 3.611154375297084e-19
2.19090000e+01 3.602160203484768e-19
2.20180000e+01 3.593232903010119e-19
2.21270000e+01 3.584371649316091e-19
2.22360000e+01 3.575575632009875e-19
2.23450000e+01 3.566844054551590e-19
2.24540000e+01 3.558176133951305e-19
2.25630000e+01 3.549571100474117e-19
2.26720000e+01 3.541028197353037e-19
2.27810000e+01 3.532546680509438e-19
2.28900000e+01 3.524125818280839e-19
2.29990000e+01 3.515764891155788e-19
2.31080000e+01 3.507463191515636e-19
2.32170000e+01 3.499220023382980e-19
2.33260000e+01 3.491034702176590e-19
2.34350000e+01 3.482906554472595e-19
2.35440000e+01 3.474834917771777e-19
2.36530000e+01 3.466819140272758e-19
2.37620000e+01 3.458858580650913e-19
2.38710000e+01 3.450952607842858e-19
2.39800000e+01 3.443100600836307e-19
2.40890000e+01 3.435301948465193e-19
2.41980000e+01 3.427556049209848e-19
2.43070000e+01 3.419862311002126e-19
2.44160000e+01 3.412220151035319e-19
2.45250000e+01 3.404628995578719e-19
2.46340000e+01 3.397088279796700e-19
2.47430000e+01 3.389597447572190e-19
2.48520000e+01 3.382155951334405e-19
2.49610000e+01 3.374763251890720e-19
2.50700000e+01 3.367418818262577e-19
2.51790000e+01 3.360122127525291e-19
2.52880000e+01 3.352872664651662e-19
2.53970000e+01 3.345669922359292e-19
2.55060000e+01 3.338513400961479e-19
2.56150000e+01 3.331402608221613e-19
2.57240000e+01 3.324337059210972e-19
2.58330000e+01 3.317316276169813e-19
2.59420000e+01 3.310339788371686e-19
2.60510000e+01 3.303407131990862e-19
2.61600000e+01 3.296517849972816e-19
2.62690000e+01 3.289671491907655e-19
2.63780000e+01 3.282867613906440e-19
2.64870000e+01 3.276105778480297e-19
2.65960000e+01 3.269385554422265e-19
2.67050000e+01 3.262706516691791e-19
2.68140000e+01 3.256068246301822e-19
2.69230000e+01 3.249470330208398e-19
2.70320000e+01 3.242912361202712e-19
2.71410000e+01 3.236393937805544e-19
2.72500000e+01 3.229914664164027e-19
2.73590000e+01 3.223474149950674e-19
2.74680000e+01 3.217072010264612e-19
2.75770000e+01 3.210707865534970e-19
2.76860000e+01 3.204381341426348e-19
2.77950000e+01 3.198092068746341e-19
2.79040000e+01 3.191839683355049e-19
2.80130000e+01 3.185623826076513e-19
2.81220000e+01 3.179444142612059e-19
2.82310000e+01 3.173300283455474e-19
2.83400000e+01 3.167191903809973e-19
2.84490000e+01 3.161118663506933e-19
2.85580000e+01 3.155080226926318e-19
2.86670000e+01 3.149076262918784e-19
2.87760000e+01 3.143106444729394e-19
2.88850000e+01 3.137170449922930e-19
2.89940000e+01 3.131267960310747e-19
2.91030000e+01 3.125398661879130e-19
2.92120000e+01 3.119562244719132e-19
2.93210000e+01 3.113758402957837e-19
2.94300000e+01 3.107986834691035e-19
2.95390000e+01 3.102247241917257e-19
2.96480000e+01 3.096539330473151e-19
2.97570000e+01 3.090862809970157e-19
2.98660000e+01 3.085217393732450e-19
2.99750000e+01 3.079602798736141e-19
3.00840000e+01 3.074018745549672e-19
3.01930000e+01 3.068464958275407e-19
3.03020000e+01 3.062941164492378e-19
3.04110000e+01 3.057447095200155e-19
3.05200000e+01 3.051982484763829e-19
3.06290000e+01 3.046547070860063e-19
3.07380000e+01 3.041140594424204e-19
3.08470000e+01 3.035762799598420e-19
3.09560000e+01 3.030413433680839e-19
3.10650000e+01 3.025092247075680e-19
3.11740000e+01 3.019798993244334e-19
3.12830000e+01 3.014533428657389e-19
3.13920000e+01 3.009295312747570e-19
3.15010000e+01 3.004084407863575e-19
3.16100000e+01 2.998900479224789e-19
3.17190000e+01 2.993743294876853e-19
3.18280000e+01 2.988612625648072e-19
3.19370000e+01 2.983508245106639e-19
3.20460000e+01 2.978429929518666e-19
3.21550000e+01 2.973377457806991e-19
3.22640000e+01 2.968350611510754e-19
3.23730000e+01 2.963349174745726e-19
3.24820000e+01 2.958372934165366e-19
3.25910000e+01 2.953421678922593e-19
3.27000000e+01 2.948495200632267e-19
3.28090000e+01 2.943593293334351e-19
3.29180000e+01 2.938715753457743e-19
3.30270000e+01 2.933862379784770e-19
3.31360000e+01 2.929032973416320e-19
3.32450000e+01 2.924227337737609e-19
3.33540000e+01 2.919445278384556e-19
3.34630000e+01 2.914686603210770e-19
3.35720000e+01 2.909951122255116e-19
3.36810000e+01 2.905238647709875e-19
3.37900000e+01 2.900548993889446e-19
3.38990000e+01 2.895881977199628e-19
3.40080000e+01 2.891237416107424e-19
3.41170000e+01 2.886615131111385e-19
3.42260000e+01 2.882014944712472e-19
3.43350000e+01 2.877436681385430e-19
3.44440000e+01 2.872880167550653e-19
3.45530000e+01 2.868345231546548e-19
3.46620000e+01 2.863831703602366e-19
3.47710000e+01 2.859339415811515e-19
3.48800000e+01 2.854868202105317e-19
3.49890000e+01 2.850417898227228e-19
3.50980000e+01 2.845988341707491e-19
3.52070000e+01 2.841579371838224e-19
3.53160000e+01 2.837190829648932e-19
3.54250000e+01 2.832822557882430e-19
3.55340000e+01 2.828474400971175e-19
3.56430000e+01 2.824146205013998e-19
3.57520000e+01 2.819837817753224e-19
3.58610000e+01 2.815549088552173e-19
3.59700000e+01 2.811279868373044e-19
3.60790000e+01 2.807030009755155e-19
3.61880000e+01 2.802799366793556e-19
3.62970000e+01 2.798587795117985e-19
3.64060000e+01 2.794395151872181e-19
3.65150000e+01 2.790221295693525e-19
3.66240000e+01 2.786066086693027e-19
3.67330000e+01 2.781929386435628e-19
3.68420000e+01 2.777811057920834e-19
3.69510000e+01 2.773710965563656e-19
3.70600000e+01 2.769628975175861e-19
3.71690000e+01 2.765564953947529e-19
3.72780000e+01 2.761518770428901e-19
3.73870000e+01 2.757490294512525e-19
3.74960000e+01 2.753479397415678e-19
3.76050000e+01 2.749485951663078e-19
3.77140000e+01 2.745509831069872e-19
3.78230000e+01 2.741550910724879e-19
3.79320000e+01 2.737609066974116e-19
3.80410000e+01 2.733684177404576e-19
3.81500000e+01 2.729776120828255e-19
3.82590000e+01 2.725884777266441e-19
3.83680000e+01 2.722010027934244e-19
3.84770000e+01 2.718151755225362e-19
3.85860000e+01 2.714309842697090e-19
3.86950000e+01 2.710484175055562e-19
3.88040000e+01 2.706674638141218e-19
3.89130000e+01 2.702881118914494e-19
3.90220000e+01 2.699103505441735e-19
3.91310000e+01 2.695341686881325e-19
3.92400000e+01 2.691595553470022e-19
3.93490000e+01 2.687864996509514e-19
3.94580000e+01 2.684149908353165e-19
3.95670000e+01 2.680450182392971e-19
3.96760000e+01 2.676765713046709e-19
3.97850000e+01 2.673096395745289e-19
3.98940000e+01 2.669442126920277e-19
4.00030000e+01 2.665802803991629e-19
4.01120000e+01 2.662178325355588e-19
4.02210000e+01 2.658568590372775e-19
4.03300000e+01 2.654973499356446e-19
4.04390000e+01 2.651392953560939e-19
4.05480000e+01 2.647826855170273e-19
4.06570000e+01 2.644275107286930e-19
4.07660000e+01 2.640737613920793e-19
4.08750000e+01 2.637214279978252e-19
4.09840000e+01 2.633705011251469e-19
4.10930000e+01 2.630209714407794e-19
4.12020000e+01 2.626728296979343e-19
4.13110000e+01 2.623260667352718e-19
4.14200000e+01 2.619806734758890e-19
4.15290000e+01 2.616366409263213e-19
4.16380000e+01 2.612939601755589e-19
4.17470000e+01 2.609526223940776e-19
4.18560000e+01 2.606126188328833e-19
4.19650000e+01 2.602739408225697e-19
4.20740000e+01 2.599365797723903e-19
4.21830000e+01 2.596005271693432e-19
4.22920000e+01 2.592657745772683e-19
4.24010000e+01 2.589323136359583e-19
4.25100000e+01 2.586001360602818e-19
4.26190000e+01 2.582692336393183e-19
4.27280000e+01 2.579395982355060e-19
4.28370000e+01 2.576112217838013e-19
4.29460000e+01 2.572840962908499e-19
4.30550000e+01 2.569582138341699e-19
4.31640000e+01 2.566335665613451e-19
4.32730000e+01 2.563101466892313e-19
4.33820000e+01 2.559879465031721e-19
4.34910000e+01 2.556669583562259e-19
4.36000000e+01 2.553471746684039e-19
4.37090000e+01 2.550285879259179e-19
-----------------------------
