SPECIES: e / A
PROCESS: E + A -> E + A, Elastic
PARAM.:  m/M = 0.0000195921, complete set
COMMENT: [e + A(gnd) -> e + A(gnd), Elastic]
UPDATED: 2018-06-05 11:00:00
COLUMNS: Energy (eV) | Cross section (m2)
-----------------------------
0.00000000e+00 6.135094628533921e-18
2.52500000e-01 3.355394669823416e-18
5.05000000e-01 2.372622324589334e-18
7.57500000e-01 1.937238015859985e-18
1.01000000e+00 1.677697334911708e-18
1.26250000e+00 1.500578114613124e-18
1.51500000e+00 1.369834137786968e-18
1.76750000e+00 1.268219978117777e-18
2.02000000e+00 1.186311162294667e-18
2.27250000e+00 1.118464889941138e-18
2.52500000e+00 1.061068960543064e-18
2.77750000e+00 1.011689558487519e-18
3.03000000e+00 9.686190079299924e-19
3.28250000e+00 9.306190408820684e-19
3.53500000e+00 8.967669465633352e-19
3.78750000e+00 8.663591784119482e-19
4.04000000e+00 8.388486674558540e-19
4.29250000e+00 8.138027434892023e-19
4.54500000e+00 7.908741081964447e-19
4.79750000e+00 7.697803306029102e-19
5.05000000e+00 7.502890573065620e-19
5.30250000e+00 7.322071457579600e-19
5.55500000e+00 7.153725472621491e-19
5.80750000e+00 6.996481535084614e-19
6.06000000e+00 6.849170688934839e-19
6.31250000e+00 6.710789339646831e-19
6.56500000e+00 6.580470345090314e-19
6.81750000e+00 6.457460052866615e-19
7.07000000e+00 6.341099890588886e-19
7.32250000e+00 6.230811479303364e-19
7.57500000e+00 6.126084499982946e-19
7.82750000e+00 6.026466730926652e-19
8.08000000e+00 5.931555811473335e-19
8.33250000e+00 5.840992389291030e-19
8.58500000e+00 5.754454384694314e-19
8.83750000e+00 5.671652162989291e-19
9.09000000e+00 5.592324449705692e-19
9.34250000e+00 5.516234857287632e-19
9.59500000e+00 5.443168917933403e-19
9.84750000e+00 5.372931537662535e-19
1.01000000e+01 5.305344802715322e-19
1.03525000e+01 5.240246082073001e-19
1.06050000e+01 5.177486379987003e-19
1.08575000e+01 5.116928900497129e-19
1.11100000e+01 5.058447792437596e-19
1.13625000e+01 5.001927048710412e-19
1.16150000e+01 4.947259537904796e-19
1.18675000e+01 4.894346149858733e-19
1.21200000e+01 4.843095039649962e-19
1.23725000e+01 4.793420956890593e-19
1.26250000e+01 4.745244649178667e-19
1.28775000e+01 4.698492330207469e-19
1.31300000e+01 4.653095204410342e-19
1.33825000e+01 4.608989041173696e-19
1.36350000e+01 4.566113792623224e-19
1.38875000e+01 4.524413249809684e-19
1.41400000e+01 4.483834732816676e-19
1.43925000e+01 4.444328810904693e-19
1.46450000e+01 4.405849049310393e-19
1.48975000e+01 4.368351779751715e-19
1.51500000e+01 4.331795892059741e-19
1.54025000e+01 4.296142644676598e-19
1.56550000e+01 4.261355492033361e-19
1.59075000e+01 4.227399927059257e-19
1.61600000e+01 4.194243337279270e-19
1.64125000e+01 4.161854873135921e-19
1.66650000e+01 4.130205327326701e-19
1.69175000e+01 4.099267024084349e-19
1.71700000e+01 4.069013717446011e-19
1.74225000e+01 4.039420497661348e-19
1.76750000e+01 4.010463704981078e-19
1.79275000e+01 3.982120850147851e-19
1.81800000e+01 3.954370540982223e-19
1.84325000e+01 3.927192414519143e-19
1.86850000e+01 3.900567074205692e-19
1.89375000e+01 3.874476031719969e-19
1.91900000e+01 3.848901653014551e-19
1.94425000e+01 3.823827108226730e-19
1.96950000e+01 3.799236325132242e-19
1.99475000e+01 3.775113945849996e-19
2.02000000e+01 3.751445286532810e-19
2.04525000e+01 3.728216299803795e-19
2.07050000e+01 3.705413539720057e-19
2.09575000e+01 3.683024129065187e-19
2.12100000e+01 3.661035728789800e-19
2.14625000e+01 3.639436509435361e-19
2.17150000e+01 3.618215124390946e-19
2.19675000e+01 3.597360684845608e-19
2.22200000e+01 3.576862736310746e-19
2.24725000e+01 3.556711236597461e-19
2.27250000e+01 3.536896535143547e-19
2.29775000e+01 3.517409353593434e-19
2.32300000e+01 3.498240767542307e-19
2.34825000e+01 3.479382189362827e-19
2.37350000e+01 3.460825352039380e-19
2.39875000e+01 3.442562293940738e-19
2.42400000e+01 3.424585344467419e-19
2.44925000e+01 3.406887110514991e-19
2.47450000e+01 3.389460463699048e-19
2.49975000e+01 3.372298528291731e-19
2.52500000e+01 3.355394669823415e-19
2.55025000e+01 3.338742484306666e-19
2.57550000e+01 3.322335788042684e-19
2.60075000e+01 3.306168607973423e-19
2.62600000e+01 3.290235172545157e-19
2.65125000e+01 3.274529903051790e-19
2.67650000e+01 3.259047405428404e-19
2.70175000e+01 3.243782462467622e-19
2.72700000e+01 3.228730026433307e-19
2.75225000e+01 3.213885212047814e-19
2.77750000e+01 3.199243289830694e-19
2.80275000e+01 3.184799679768212e-19
2.82800000e+01 3.170549945294443e-19
2.85325000e+01 3.156489787565977e-19
2.87850000e+01 3.142615040013454e-19
2.90375000e+01 3.128921663154255e-19
2.92900000e+01 3.115405739651682e-19
2.95425000e+01 3.102063469606894e-19
2.97950000e+01 3.088891166070761e-19
3.00475000e+01 3.075885250763596e-19
3.03000000e+01 3.063042249991473e-19
3.05525000e+01 3.050358790748560e-19
3.08050000e+01 3.037831596995531e-19
3.10575000e+01 3.025457486104729e-19
3.13100000e+01 3.013233365463326e-19
3.15625000e+01 3.001156229226248e-19
3.18150000e+01 2.989223155211117e-19
3.20675000e+01 2.977431301927940e-19
3.23200000e+01 2.965777905736668e-19
3.25725000e+01 2.954260278126193e-19
3.28250000e+01 2.942875803108688e-19
3.30775000e+01 2.931621934723542e-19
3.33300000e+01 2.920496194645515e-19
3.35825000e+01 2.909496169891976e-19
3.38350000e+01 2.898619510624442e-19
3.40875000e+01 2.887863928039827e-19
3.43400000e+01 2.877227192347157e-19
3.45925000e+01 2.866707130825638e-19
3.48450000e+01 2.856301625960278e-19
3.50975000e+01 2.846008613651403e-19
3.53500000e+01 2.835826081494645e-19
3.56025000e+01 2.825752067128147e-19
3.58550000e+01 2.815784656643885e-19
3.61075000e+01 2.805921983060212e-19
3.63600000e+01 2.796162224852846e-19
3.66125000e+01 2.786503604541670e-19
3.68650000e+01 2.776944387330857e-19
3.71175000e+01 2.767482879799978e-19
3.73700000e+01 2.758117428643816e-19
3.76225000e+01 2.748846419458788e-19
3.78750000e+01 2.739668275573935e-19
3.81275000e+01 2.730581456924561e-19
3.83800000e+01 2.721584458966701e-19
3.86325000e+01 2.712675811630674e-19
3.88850000e+01 2.703854078312067e-19
3.91375000e+01 2.695117854898586e-19
3.93900000e+01 2.686465768831267e-19
3.96425000e+01 2.677896478198635e-19
3.98950000e+01 2.669408670862437e-19
4.01475000e+01 2.661001063613668e-19
4.04000000e+01 2.652672401357661e-19
4.06525000e+01 2.644421456327045e-19
4.09050000e+01 2.636247027321482e-19
4.11575000e+01 2.628147938973082e-19
4.14100000e+01 2.620123041036500e-19
4.16625000e+01 2.612171207702731e-19
4.19150000e+01 2.604291336935671e-19
4.21675000e+01 2.596482349830569e-19
4.24200000e+01 2.588743189993501e-19
4.26725000e+01 2.581072822941089e-19
4.29250000e+01 2.573470235519642e-19
4.31775000e+01 2.565934435343034e-19
4.34300000e+01 2.558464450248565e-19
4.36825000e+01 2.551059327770155e-19
4.39350000e+01 2.543718134628212e-19
4.41875000e+01 2.536439956235554e-19
4.44400000e+01 2.529223896218798e-19
4.46925000e+01 2.522069075954634e-19
4.49450000e+01 2.514974634120455e-19
4.51975000e+01 2.507939726258816e-19
4.54500000e+01 2.500963524355206e-19
4.57025000e+01 2.494045216428688e-19
4.59550000e+01 2.487184006134908e-19
4.62075000e+01 2.480379112381064e-19
4.64600000e+01 2.473629768952398e-19
4.67125000e+01 2.466935224149799e-19
4.69650000e+01 2.460294740438151e-19
4.72175000e+01 2.453707594105022e-19
4.74700000e+01 2.447173074929367e-19
4.77225000e+01 2.440690485859867e-19
4.79750000e+01 2.434259142702612e-19
4.82275000e+01 2.427878373817773e-19
4.84800000e+01 2.421547519824981e-19
4.87325000e+01 2.415265933317110e-19
4.89850000e+01 2.409032978582193e-19
4.92375000e+01 2.402848031333180e-19
4.94900000e+01 2.396710478445297e-19
4.97425000e+01 2.390619717700745e-19
4.99950000e+01 2.384575157540497e-19
5.02475000e+01 2.378576216822970e-19
5.05000000e+01 2.372622324589334e-19
5.07525000e+01 2.366712919835255e-19
5.10050000e+01 2.360847451288864e-19
5.12575000e+01 2.355025377194740e-19
5.15100000e+01 2.349246165103735e-19
5.17625000e+01 2.343509291668434e-19
5.20150000e+01 2.337814242444096e-19
5.22675000e+01 2.332160511694871e-19
5.25200000e+01 2.326547602205171e-19
5.27725000e+01 2.320975025095989e-19
5.30250000e+01 2.315442299646050e-19
5.32775000e+01 2.309948953117620e-19
5.35300000e+01 2.304494520586848e-19
5.37825000e+01 2.299078544778483e-19
5.40350000e+01 2.293700575904853e-19
5.42875000e+01 2.288360171508968e-19
5.45400000e+01 2.283056896311612e-19
5.47925000e+01 2.277790322062333e-19
5.50450000e+01 2.272560027394175e-19
5.52975000e+01 2.267365597682084e-19
5.55500000e+01 2.262206624904842e-19
5.58025000e+01 2.257082707510451e-19
5.60550000e+01 2.251993450284847e-19
5.63075000e+01 2.246938464223864e-19
5.65600000e+01 2.241917366408338e-19
5.68125000e+01 2.236929779882277e-19
5.70650000e+01 2.231975333533988e-19
5.73175000e+01 2.227053661980092e-19
5.75700000e+01 2.222164405452347e-19
5.78225000e+01 2.217307209687178e-19
5.80750000e+01 2.212481725817864e-19
5.83275000e+01 2.207687610269291e-19
5.85800000e+01 2.202924524655196e-19
5.88325000e+01 2.198192135677853e-19
5.90850000e+01 2.193490115030105e-19
5.93375000e+01 2.188818139299700e-19
5.95900000e+01 2.184175889875858e-19
5.98425000e+01 2.179563052858005e-19
6.00950000e+01 2.174979318966623e-19
6.03475000e+01 2.170424383456148e-19
6.06000000e+01 2.165897946029871e-19
6.08525000e+01 2.161399710756781e-19
6.11050000e+01 2.156929385990304e-19
6.13575000e+01 2.152486684288872e-19
6.16100000e+01 2.148071322338299e-19
6.18625000e+01 2.143683020875891e-19
6.21150000e+01 2.139321504616259e-19
6.23675000e+01 2.134986502178780e-19
6.26200000e+01 2.130677746016680e-19
6.28725000e+01 2.126394972347672e-19
6.31250000e+01 2.122137921086129e-19
6.33775000e+01 2.117906335776741e-19
6.36300000e+01 2.113699963529629e-19
6.38825000e+01 2.109518554956857e-19
6.41350000e+01 2.105361864110337e-19
6.43875000e+01 2.101229648421058e-19
6.46400000e+01 2.097121668639635e-19
6.48925000e+01 2.093037688778125e-19
6.51450000e+01 2.088977476053087e-19
6.53975000e+01 2.084940800829850e-19
6.56500000e+01 2.080927436567960e-19
6.59025000e+01 2.076937159767788e-19
6.61550000e+01 2.072969749918243e-19
6.64075000e+01 2.069024989445593e-19
6.66600000e+01 2.065102663663351e-19
6.69125000e+01 2.061202560723192e-19
6.71650000e+01 2.057324471566904e-19
6.74175000e+01 2.053468189879311e-19
6.76700000e+01 2.049633512042175e-19
6.79225000e+01 2.045820237089037e-19
6.81750000e+01 2.042028166660982e-19
6.84275000e+01 2.038257104963295e-19
6.86800000e+01 2.034506858723006e-19
6.89325000e+01 2.030777237147277e-19
6.91850000e+01 2.027068051882640e-19
6.94375000e+01 2.023379116975039e-19
6.96900000e+01 2.019710248830674e-19
6.99425000e+01 2.016061266177625e-19
7.01950000e+01 2.012431990028232e-19
7.04475000e+01 2.008822243642217e-19
7.07000000e+01 2.005231852490539e-19
7.09525000e+01 2.001660644219944e-19
7.12050000e+01 1.998108448618217e-19
7.14575000e+01 1.994575097580111e-19
7.17100000e+01 1.991060425073925e-19
7.19625000e+01 1.987564267108740e-19
7.22150000e+01 1.984086461702280e-19
7.24675000e+01 1.980626848849390e-19
7.27200000e+01 1.977185270491112e-19
7.29725000e+01 1.973761570484362e-19
7.32250000e+01 1.970355594572172e-19
7.34775000e+01 1.966967190354496e-19
7.37300000e+01 1.963596207259571e-19
7.39825000e+01 1.960242496515814e-19
7.42350000e+01 1.956905911124239e-19
7.44875000e+01 1.953586305831405e-19
7.47400000e+01 1.950283537102846e-19
7.49925000e+01 1.946997463097010e-19
7.52450000e+01 1.943727943639670e-19
7.54975000e+01 1.940474840198814e-19
7.57500000e+01 1.937238015859984e-19
7.60025000e+01 1.934017335302082e-19
7.62550000e+01 1.930812664773600e-19
7.65075000e+01 1.927623872069293e-19
7.67600000e+01 1.924450826507275e-19
7.70125000e+01 1.921293398906520e-19
7.72650000e+01 1.918151461564771e-19
7.75175000e+01 1.915024888236854e-19
7.77700000e+01 1.911913554113365e-19
7.80225000e+01 1.908817335799746e-19
7.82750000e+01 1.905736111295731e-19
7.85275000e+01 1.902669759975156e-19
7.87800000e+01 1.899618162566121e-19
7.90325000e+01 1.896581201131506e-19
7.92850000e+01 1.893558759049829e-19
7.95375000e+01 1.890550720996431e-19
7.97900000e+01 1.887556972924998e-19
8.00425000e+01 1.884577402049399e-19
8.02950000e+01 1.881611896825841e-19
8.05475000e+01 1.878660346935322e-19
8.08000000e+01 1.875722643266405e-19
8.10525000e+01 1.872798677898269e-19
8.13050000e+01 1.869888344084059e-19
8.15575000e+01 1.866991536234518e-19
8.18100000e+01 1.864108149901897e-19
8.20625000e+01 1.861238081764137e-19
8.23150000e+01 1.858381229609315e-19
8.25675000e+01 1.855537492320363e-19
8.28200000e+01 1.852706769860028e-19
8.30725000e+01 1.849888963256096e-19
8.33250000e+01 1.847083974586855e-19
8.35775000e+01 1.844291706966803e-19
8.38300000e+01 1.841512064532593e-19
8.40825000e+01 1.838744952429211e-19
8.43350000e+01 1.835990276796377e-19
8.45875000e+01 1.833247944755174e-19
8.48400000e+01 1.830517864394900e-19
8.50925000e+01 1.827799944760121e-19
8.53450000e+01 1.825094095837949e-19
8.55975000e+01 1.822400228545522e-19
8.58500000e+01 1.819718254717681e-19
8.61025000e+01 1.817048087094855e-19
8.63550000e+01 1.814389639311134e-19
8.66075000e+01 1.811742825882539e-19
8.68600000e+01 1.809107562195473e-19
8.71125000e+01 1.806483764495361e-19
8.73650000e+01 1.803871349875472e-19
8.76175000e+01 1.801270236265914e-19
8.78700000e+01 1.798680342422804e-19
8.81225000e+01 1.796101587917612e-19
8.83750000e+01 1.793533893126671e-19
8.86275000e+01 1.790977179220845e-19
8.88800000e+01 1.788431368155373e-19
8.91325000e+01 1.785896382659856e-19
8.93850000e+01 1.783372146228411e-19
8.96375000e+01 1.780858583109969e-19
8.98900000e+01 1.778355618298730e-19
9.01425000e+01 1.775863177524762e-19
9.03950000e+01 1.773381187244743e-19
9.06475000e+01 1.770909574632847e-19
9.09000000e+01 1.768448267571774e-19
9.11525000e+01 1.765997194643903e-19
9.14050000e+01 1.763556285122596e-19
9.16575000e+01 1.761125468963622e-19
9.19100000e+01 1.758704676796717e-19
9.21625000e+01 1.756293839917268e-19
9.24150000e+01 1.753892890278120e-19
9.26675000e+01 1.751501760481519e-19
9.29200000e+01 1.749120383771154e-19
9.31725000e+01 1.746748694024334e-19
9.34250000e+01 1.744386625744279e-19
9.36775000e+01 1.742034114052520e-19
9.39300000e+01 1.739691094681413e-19
9.41825000e+01 1.737357503966771e-19
9.44350000e+01 1.735033278840590e-19
9.46875000e+01 1.732718356823896e-19
9.49400000e+01 1.730412676019690e-19
9.51925000e+01 1.728116175105993e-19
9.54450000e+01 1.725828793329001e-19
9.56975000e+01 1.723550470496331e-19
9.59500000e+01 1.721281146970369e-19
9.62025000e+01 1.719020763661714e-19
9.64550000e+01 1.716769262022715e-19
9.67075000e+01 1.714526584041103e-19
9.69600000e+01 1.712292672233710e-19
9.72125000e+01 1.710067469640283e-19
9.74650000e+01 1.707850919817384e-19
9.77175000e+01 1.705642966832377e-19
9.79700000e+01 1.703443555257496e-19
9.82225000e+01 1.701252630164005e-19
9.84750000e+01 1.699070137116437e-19
9.87275000e+01 1.696896022166909e-19
9.89800000e+01 1.694730231849524e-19
9.92325000e+01 1.692572713174849e-19
9.94850000e+01 1.690423413624466e-19
9.97375000e+01 1.688282281145610e-19
9.99900000e+01 1.686149264145866e-19
1.00242500e+02 1.684024311487950e-19
1.00495000e+02 1.681907372484566e-19
1.00747500e+02 1.679798396893318e-19
1.01000000e+02 1.677697334911708e-19
1.01252500e+02 1.675604137172195e-19
-----------------------------
