SPECIES: e / A
PROCESS: E + A -> E + A, Elastic
PARAM.:  m/M = 0.0000195921, complete set
COMMENT: [e + A(gnd) -> e + A(gnd), Elastic]
UPDATED: 2018-06-05 11:00:00
COLUMNS: Energy (eV) | Cross section (m2)
-----------------------------
0.00000000e+00 7.602253618334569e-17
1.64444444e-03 4.157810565947419e-17
3.28888889e-03 2.940016046070496e-17
4.93333333e-03 2.400513049489213e-17
6.57777778e-03 2.078905282973709e-17
8.22222222e-03 1.859429412605060e-17
9.86666667e-03 1.697419055620620e-17
1.15111111e-02 1.571504679430513e-17
1.31555556e-02 1.470008023035248e-17
1.48000000e-02 1.385936855315806e-17
1.64444444e-02 1.314815146790757e-17
1.80888889e-02 1.253627054238439e-17
1.97333333e-02 1.200256524744606e-17
2.13777778e-02 1.153169168399182e-17
2.30222222e-02 1.111221615491707e-17
2.46666667e-02 1.073542071906639e-17
2.63111111e-02 1.039452641486855e-17
2.79555556e-02 1.008417184394726e-17
2.96000000e-02 9.800053486901656e-18
3.12444444e-02 9.538671622816028e-18
3.28888889e-02 9.297147063025301e-18
3.45333333e-02 9.073086497019632e-18
3.61777778e-02 8.864481911309158e-18
3.78222222e-02 8.669634339188404e-18
3.94666667e-02 8.487095278103102e-18
4.11111111e-02 8.315621131894837e-18
4.27555556e-02 8.154137388303134e-18
4.44000000e-02 8.001710164964040e-18
4.60444444e-02 7.857523397152565e-18
4.76888889e-02 7.720860391197252e-18
4.93333333e-02 7.591088789342407e-18
5.09777778e-02 7.467648224671020e-18
5.26222222e-02 7.350040115176241e-18
5.42666667e-02 7.237819172279600e-18
5.59111111e-02 7.130586293505562e-18
5.75555556e-02 7.027982580331285e-18
5.92000000e-02 6.929684276579031e-18
6.08444444e-02 6.835398464492700e-18
6.24888889e-02 6.744859388004903e-18
6.41333333e-02 6.657825297964447e-18
6.57777778e-02 6.574075733953784e-18
6.74222222e-02 6.493409173042026e-18
6.90666667e-02 6.415640988334679e-18
7.07111111e-02 6.340601670207793e-18
7.23555556e-02 6.268135271192193e-18
7.40000000e-02 6.198098042016867e-18
7.56444444e-02 6.130357231647873e-18
7.72888889e-02 6.064790028517764e-18
7.89333333e-02 6.001282623723031e-18
8.05777778e-02 5.939729379924883e-18
8.22222222e-02 5.880032092140994e-18
8.38666667e-02 5.822099328657398e-18
8.55111111e-02 5.765845841995910e-18
8.71555556e-02 5.711192041303552e-18
8.88000000e-02 5.658063518735402e-18
9.04444444e-02 5.606390623419929e-18
9.20888889e-02 5.556108077458536e-18
9.37333333e-02 5.507154629144279e-18
9.53777778e-02 5.459472739210197e-18
9.70222222e-02 5.413008296452574e-18
9.86666667e-02 5.367710359533195e-18
1.00311111e-01 5.323530922159359e-18
1.01955556e-01 5.280424699180561e-18
1.03600000e-01 5.238348931435043e-18
1.05244444e-01 5.197263207434273e-18
1.06888889e-01 5.157129300194946e-18
1.08533333e-01 5.117911017720910e-18
1.10177778e-01 5.079574065805711e-18
1.11822222e-01 5.042085921973632e-18
1.13466667e-01 5.005415719506049e-18
1.15111111e-01 4.969534140613181e-18
1.16755556e-01 4.934413317911001e-18
1.18400000e-01 4.900026743450828e-18
1.20044444e-01 4.866349184626787e-18
1.21688889e-01 4.833356606354903e-18
1.23333333e-01 4.801026098978425e-18
1.24977778e-01 4.769335811408014e-18
1.26622222e-01 4.738264889053413e-18
1.28266667e-01 4.707793416146006e-18
1.29911111e-01 4.677902362089825e-18
1.31555556e-01 4.648573531512650e-18
1.33200000e-01 4.619789517719355e-18
1.34844444e-01 4.591533659276948e-18
1.36488889e-01 4.563789999485340e-18
1.38133333e-01 4.536543248509816e-18
1.39777778e-01 4.509778747971097e-18
1.41422222e-01 4.483482437806679e-18
1.43066667e-01 4.457640825233254e-18
1.44711111e-01 4.432240955654579e-18
1.46355556e-01 4.407270385372308e-18
1.48000000e-01 4.382717155969189e-18
1.49644444e-01 4.358569770244856e-18
1.51288889e-01 4.334817169594202e-18
1.52933333e-01 4.311448712727245e-18
1.54577778e-01 4.288454155637466e-18
1.56222222e-01 4.265823632732975e-18
1.57866667e-01 4.243547639051551e-18
1.59511111e-01 4.221617013486754e-18
1.61155556e-01 4.200022922957852e-18
1.62800000e-01 4.178756847461462e-18
1.64444444e-01 4.157810565947419e-18
1.66088889e-01 4.137176142965724e-18
1.67733333e-01 4.116845916035292e-18
1.69377778e-01 4.096812483688841e-18
1.71022222e-01 4.077068694151567e-18
1.72666667e-01 4.057607634614269e-18
1.74311111e-01 4.038422621064383e-18
1.75955556e-01 4.019507188640971e-18
1.77600000e-01 4.000855082482020e-18
1.79244444e-01 3.982460249034669e-18
1.80888889e-01 3.964316827800907e-18
1.82533333e-01 3.946419143493216e-18
1.84177778e-01 3.928761698576282e-18
1.85822222e-01 3.911339166172552e-18
1.87466667e-01 3.894146383310805e-18
1.89111111e-01 3.877178344498349e-18
1.90755556e-01 3.860430195598626e-18
1.92400000e-01 3.843897227997274e-18
1.94044444e-01 3.827574873040657e-18
1.95688889e-01 3.811458696732015e-18
1.97333333e-01 3.795544394671204e-18
1.98977778e-01 3.779827787224926e-18
2.00622222e-01 3.764304814915158e-18
2.02266667e-01 3.748971534014199e-18
2.03911111e-01 3.733824112335510e-18
2.05555556e-01 3.718858825210120e-18
2.07200000e-01 3.704072051639024e-18
2.08844444e-01 3.689460270612538e-18
2.10488889e-01 3.675020057588121e-18
2.12133333e-01 3.660748081118660e-18
2.13777778e-01 3.646641099623681e-18
2.15422222e-01 3.632695958296386e-18
2.17066667e-01 3.618909586139800e-18
2.18711111e-01 3.605278993125730e-18
2.20355556e-01 3.591801267470541e-18
2.22000000e-01 3.578473573022130e-18
2.23644444e-01 3.565293146752781e-18
2.25288889e-01 3.552257296352837e-18
2.26933333e-01 3.539363397920468e-18
2.28577778e-01 3.526608893743016e-18
2.30222222e-01 3.513991290165643e-18
2.31866667e-01 3.501508155543289e-18
2.33511111e-01 3.489157118272080e-18
2.35155556e-01 3.476935864896589e-18
2.36800000e-01 3.464842138289515e-18
2.38444444e-01 3.452873735900535e-18
2.40088889e-01 3.441028508071228e-18
2.41733333e-01 3.429304356413160e-18
2.43377778e-01 3.417699232246350e-18
2.45022222e-01 3.406211135095462e-18
2.46666667e-01 3.394838111241241e-18
2.48311111e-01 3.383578252324792e-18
2.49955556e-01 3.372429694002452e-18
2.51600000e-01 3.361390614649089e-18
2.53244444e-01 3.350459234107793e-18
2.54888889e-01 3.339633812484005e-18
2.56533333e-01 3.328912648982223e-18
2.58177778e-01 3.318294080783536e-18
2.59822222e-01 3.307776481962284e-18
2.61466667e-01 3.297358262440255e-18
2.63111111e-01 3.287037866976892e-18
2.64755556e-01 3.276813774194045e-18
2.66400000e-01 3.266684495633886e-18
2.68044444e-01 3.256648574848658e-18
2.69688889e-01 3.246704586521013e-18
2.71333333e-01 3.236851135613690e-18
2.72977778e-01 3.227086856547434e-18
2.74622222e-01 3.217410412406020e-18
2.76266667e-01 3.207820494167340e-18
2.77911111e-01 3.198315819959553e-18
2.79555556e-01 3.188895134341341e-18
2.81200000e-01 3.179557207605342e-18
2.82844444e-01 3.170300835103896e-18
2.84488889e-01 3.161124836596249e-18
2.86133333e-01 3.152028055616431e-18
2.87777778e-01 3.143009358861026e-18
2.89422222e-01 3.134067635596096e-18
2.91066667e-01 3.125201797082572e-18
2.92711111e-01 3.116410776019408e-18
2.94355556e-01 3.107693526003888e-18
2.96000000e-01 3.099049021008433e-18
2.97644444e-01 3.090476254873334e-18
2.99288889e-01 3.081974240814830e-18
3.00933333e-01 3.073542010948002e-18
3.02577778e-01 3.065178615823937e-18
3.04222222e-01 3.056883123980673e-18
3.05866667e-01 3.048654621507446e-18
3.07511111e-01 3.040492211621766e-18
3.09155556e-01 3.032395014258882e-18
3.10800000e-01 3.024362165673211e-18
3.12444444e-01 3.016392818051319e-18
3.14088889e-01 3.008486139136063e-18
3.15733333e-01 3.000641311861516e-18
3.17377778e-01 2.992857533998296e-18
3.19022222e-01 2.985134017808984e-18
3.20666667e-01 2.977469989713259e-18
3.22311111e-01 2.969864689962442e-18
3.23955556e-01 2.962317372323146e-18
3.25600000e-01 2.954827303769719e-18
3.27244444e-01 2.947393764185197e-18
3.28888889e-01 2.940016046070497e-18
3.30533333e-01 2.932693454261569e-18
3.32177778e-01 2.925425305654269e-18
3.33822222e-01 2.918210928936686e-18
3.35466667e-01 2.911049664328699e-18
3.37111111e-01 2.903940863328533e-18
3.38755556e-01 2.896883888466082e-18
3.40400000e-01 2.889878113062801e-18
3.42044444e-01 2.882922920997955e-18
3.43688889e-01 2.876017706481019e-18
3.45333333e-01 2.869161873830056e-18
3.46977778e-01 2.862354837255871e-18
3.48622222e-01 2.855596020651776e-18
3.50266667e-01 2.848884857388791e-18
3.51911111e-01 2.842220790116106e-18
3.53555556e-01 2.835603270566665e-18
3.55200000e-01 2.829031759367701e-18
3.56844444e-01 2.822505725856073e-18
3.58488889e-01 2.816024647898282e-18
3.60133333e-01 2.809588011714991e-18
3.61777778e-01 2.803195311709965e-18
3.63422222e-01 2.796846050303239e-18
3.65066667e-01 2.790539737768460e-18
3.66711111e-01 2.784275892074211e-18
3.68355556e-01 2.778054038729268e-18
3.70000000e-01 2.771873710631613e-18
3.71644444e-01 2.765734447921148e-18
3.73288889e-01 2.759635797835974e-18
3.74933333e-01 2.753577314572139e-18
3.76577778e-01 2.747558559146758e-18
3.78222222e-01 2.741579099264414e-18
3.79866667e-01 2.735638509186740e-18
3.81511111e-01 2.729736369605098e-18
3.83155556e-01 2.723872267516266e-18
3.84800000e-01 2.718045796101045e-18
3.86444444e-01 2.712256554605722e-18
3.88088889e-01 2.706504148226287e-18
3.89733333e-01 2.700788187995347e-18
3.91377778e-01 2.695108290671649e-18
3.93022222e-01 2.689464078632157e-18
3.94666667e-01 2.683855179766598e-18
3.96311111e-01 2.678281227374419e-18
3.97955556e-01 2.672741860064088e-18
3.99600000e-01 2.667236721654680e-18
4.01244444e-01 2.661765461079680e-18
4.02888889e-01 2.656327732292943e-18
4.04533333e-01 2.650923194176774e-18
4.06177778e-01 2.645551510452037e-18
4.07822222e-01 2.640212349590281e-18
4.09466667e-01 2.634905384727783e-18
4.11111111e-01 2.629630293581514e-18
4.12755556e-01 2.624386758366920e-18
4.14400000e-01 2.619174465717521e-18
4.16044444e-01 2.613993106606247e-18
4.17688889e-01 2.608842376268480e-18
4.19333333e-01 2.603721974126767e-18
4.20977778e-01 2.598631603717137e-18
4.22622222e-01 2.593570972617012e-18
4.24266667e-01 2.588539792374646e-18
4.25911111e-01 2.583537778440064e-18
4.27555556e-01 2.578564650097473e-18
4.29200000e-01 2.573620130399085e-18
4.30844444e-01 2.568703946100338e-18
4.32488889e-01 2.563815827596479e-18
4.34133333e-01 2.558955508860455e-18
4.35777778e-01 2.554122727382107e-18
4.37422222e-01 2.549317224108612e-18
4.39066667e-01 2.544538743386168e-18
4.40711111e-01 2.539787032902856e-18
4.42355556e-01 2.535061843632691e-18
4.44000000e-01 2.530362929780803e-18
4.45644444e-01 2.525690048729732e-18
4.47288889e-01 2.521042960986816e-18
4.48933333e-01 2.516421430132633e-18
4.50577778e-01 2.511825222770483e-18
4.52222222e-01 2.507254108476877e-18
4.53866667e-01 2.502707859753024e-18
4.55511111e-01 2.498186251977268e-18
4.57155556e-01 2.493689063358475e-18
4.58800000e-01 2.489216074890340e-18
4.60444444e-01 2.484767070306591e-18
4.62088889e-01 2.480341836037067e-18
4.63733333e-01 2.475940161164660e-18
4.65377778e-01 2.471561837383091e-18
4.67022222e-01 2.467206658955501e-18
4.68666667e-01 2.462874422673850e-18
4.70311111e-01 2.458564927819092e-18
4.71955556e-01 2.454277976122111e-18
4.73600000e-01 2.450013371725414e-18
4.75244444e-01 2.445770921145540e-18
4.76888889e-01 2.441550433236197e-18
4.78533333e-01 2.437351719152081e-18
4.80177778e-01 2.433174592313394e-18
4.81822222e-01 2.429018868371011e-18
4.83466667e-01 2.424884365172315e-18
4.85111111e-01 2.420770902727657e-18
4.86755556e-01 2.416678303177452e-18
4.88400000e-01 2.412606390759867e-18
4.90044444e-01 2.408554991779129e-18
4.91688889e-01 2.404523934574396e-18
4.93333333e-01 2.400513049489212e-18
4.94977778e-01 2.396522168841514e-18
4.96622222e-01 2.392551126894188e-18
4.98266667e-01 2.388599759826158e-18
4.99911111e-01 2.384667905704007e-18
5.01555556e-01 2.380755404454094e-18
5.03200000e-01 2.376862097835188e-18
5.04844444e-01 2.372987829411585e-18
5.06488889e-01 2.369132444526706e-18
5.08133333e-01 2.365295790277172e-18
5.09777778e-01 2.361477715487322e-18
5.11422222e-01 2.357678070684208e-18
5.13066667e-01 2.353896708073003e-18
5.14711111e-01 2.350133481512868e-18
5.16355556e-01 2.346388246493220e-18
5.18000000e-01 2.342660860110428e-18
5.19644444e-01 2.338951181044912e-18
5.21288889e-01 2.335259069538637e-18
5.22933333e-01 2.331584387372996e-18
5.24577778e-01 2.327926997847082e-18
5.26222222e-01 2.324286765756325e-18
5.27866667e-01 2.320663557371501e-18
5.29511111e-01 2.317057240418094e-18
5.31155556e-01 2.313467684056018e-18
5.32800000e-01 2.309894758859677e-18
5.34444444e-01 2.306338336798364e-18
5.36088889e-01 2.302798291216992e-18
5.37733333e-01 2.299274496817150e-18
5.39377778e-01 2.295766829638474e-18
5.41022222e-01 2.292275167040333e-18
5.42666667e-01 2.288799387683817e-18
5.44311111e-01 2.285339371514031e-18
5.45955556e-01 2.281894999742670e-18
5.47600000e-01 2.278466154830900e-18
5.49244444e-01 2.275052720472504e-18
5.50888889e-01 2.271654581577312e-18
5.52533333e-01 2.268271624254908e-18
5.54177778e-01 2.264903735798593e-18
5.55822222e-01 2.261550804669613e-18
5.57466667e-01 2.258212720481649e-18
5.59111111e-01 2.254889373985549e-18
5.60755556e-01 2.251580657054309e-18
5.62400000e-01 2.248286462668301e-18
5.64044444e-01 2.245006684900732e-18
5.65688889e-01 2.241741218903340e-18
5.67333333e-01 2.238489960892309e-18
5.68977778e-01 2.235252808134424e-18
5.70622222e-01 2.232029658933434e-18
5.72266667e-01 2.228820412616627e-18
5.73911111e-01 2.225624969521632e-18
5.75555556e-01 2.222443230983414e-18
5.77200000e-01 2.219275099321482e-18
5.78844444e-01 2.216120477827289e-18
5.80488889e-01 2.212979270751838e-18
5.82133333e-01 2.209851383293471e-18
5.83777778e-01 2.206736721585856e-18
5.85422222e-01 2.203635192686154e-18
5.87066667e-01 2.200546704563369e-18
5.88711111e-01 2.197471166086881e-18
5.90355556e-01 2.194408487015150e-18
5.92000000e-01 2.191358577984595e-18
5.93644444e-01 2.188321350498642e-18
5.95288889e-01 2.185296716916939e-18
5.96933333e-01 2.182284590444738e-18
5.98577778e-01 2.179284885122428e-18
6.00222222e-01 2.176297515815234e-18
6.01866667e-01 2.173322398203071e-18
6.03511111e-01 2.170359448770543e-18
6.05155556e-01 2.167408584797101e-18
6.06800000e-01 2.164469724347342e-18
6.08444444e-01 2.161542786261451e-18
6.10088889e-01 2.158627690145790e-18
6.11733333e-01 2.155724356363622e-18
6.13377778e-01 2.152832706025975e-18
6.15022222e-01 2.149952660982634e-18
6.16666667e-01 2.147084143813278e-18
6.18311111e-01 2.144227077818733e-18
6.19955556e-01 2.141381387012358e-18
6.21600000e-01 2.138546996111560e-18
6.23244444e-01 2.135723830529428e-18
6.24888889e-01 2.132911816366487e-18
6.26533333e-01 2.130110880402578e-18
6.28177778e-01 2.127320950088846e-18
6.29822222e-01 2.124541953539848e-18
6.31466667e-01 2.121773819525775e-18
6.33111111e-01 2.119016477464786e-18
6.34755556e-01 2.116269857415443e-18
6.36400000e-01 2.113533890069265e-18
6.38044444e-01 2.110808506743377e-18
6.39688889e-01 2.108093639373276e-18
6.41333333e-01 2.105389220505685e-18
6.42977778e-01 2.102695183291515e-18
6.44622222e-01 2.100011461478926e-18
6.46266667e-01 2.097337989406484e-18
6.47911111e-01 2.094674701996412e-18
6.49555556e-01 2.092021534747937e-18
6.51200000e-01 2.089378423730731e-18
6.52844444e-01 2.086745305578439e-18
6.54488889e-01 2.084122117482297e-18
6.56133333e-01 2.081508797184843e-18
6.57777778e-01 2.078905282973709e-18
6.59422222e-01 2.076311513675499e-18
6.61066667e-01 2.073727428649756e-18
6.62711111e-01 2.071152967783000e-18
6.64355556e-01 2.068588071482862e-18
6.66000000e-01 2.066032680672289e-18
6.67644444e-01 2.063486736783825e-18
6.69288889e-01 2.060950181753975e-18
6.70933333e-01 2.058422958017646e-18
6.72577778e-01 2.055905008502656e-18
6.74222222e-01 2.053396276624323e-18
6.75866667e-01 2.050896706280123e-18
6.77511111e-01 2.048406241844420e-18
6.79155556e-01 2.045924828163272e-18
6.80800000e-01 2.043452410549291e-18
6.82444444e-01 2.040988934776590e-18
6.84088889e-01 2.038534347075783e-18
6.85733333e-01 2.036088594129058e-18
6.87377778e-01 2.033651623065310e-18
6.89022222e-01 2.031223381455344e-18
6.90666667e-01 2.028803817307134e-18
6.92311111e-01 2.026392879061150e-18
6.93955556e-01 2.023990515585743e-18
6.95600000e-01 2.021596676172588e-18
6.97244444e-01 2.019211310532191e-18
6.98888889e-01 2.016834368789453e-18
7.00533333e-01 2.014465801479284e-18
7.02177778e-01 2.012105559542288e-18
7.03822222e-01 2.009753594320486e-18
7.05466667e-01 2.007409857553110e-18
7.07111111e-01 2.005074301372441e-18
7.08755556e-01 2.002746878299704e-18
7.10400000e-01 2.000427541241010e-18
7.12044444e-01 1.998116243483360e-18
7.13688889e-01 1.995812938690688e-18
7.15333333e-01 1.993517580899963e-18
7.16977778e-01 1.991230124517335e-18
7.18622222e-01 1.988950524314331e-18
7.20266667e-01 1.986678735424100e-18
7.21911111e-01 1.984414713337703e-18
7.23555556e-01 1.982158413900454e-18
7.25200000e-01 1.979909793308295e-18
7.26844444e-01 1.977668808104232e-18
7.28488889e-01 1.975435415174807e-18
7.30133333e-01 1.973209571746608e-18
7.31777778e-01 1.970991235382835e-18
7.33422222e-01 1.968780363979899e-18
7.35066667e-01 1.966576915764066e-18
7.36711111e-01 1.964380849288141e-18
7.38355556e-01 1.962192123428196e-18
7.40000000e-01 1.960010697380332e-18
7.41644444e-01 1.957836530657486e-18
7.43288889e-01 1.955669583086276e-18
7.44933333e-01 1.953509814803882e-18
7.46577778e-01 1.951357186254966e-18
7.48222222e-01 1.949211658188628e-18
7.49866667e-01 1.947073191655402e-18
7.51511111e-01 1.944941748004288e-18
7.53155556e-01 1.942817288879812e-18
7.54800000e-01 1.940699776219133e-18
7.56444444e-01 1.938589172249174e-18
7.58088889e-01 1.936485439483797e-18
7.59733333e-01 1.934388540721002e-18
7.61377778e-01 1.932298439040166e-18
7.63022222e-01 1.930215097799313e-18
7.64666667e-01 1.928138480632416e-18
7.66311111e-01 1.926068551446730e-18
7.67955556e-01 1.924005274420154e-18
7.69600000e-01 1.921948613998637e-18
7.71244444e-01 1.919898534893593e-18
7.72888889e-01 1.917855002079367e-18
7.74533333e-01 1.915817980790716e-18
7.76177778e-01 1.913787436520328e-18
7.77822222e-01 1.911763335016365e-18
7.79466667e-01 1.909745642280038e-18
7.81111111e-01 1.907734324563206e-18
7.82755556e-01 1.905729348366008e-18
7.84400000e-01 1.903730680434518e-18
7.86044444e-01 1.901738287758428e-18
7.87688889e-01 1.899752137568761e-18
7.89333333e-01 1.897772197335602e-18
7.90977778e-01 1.895798434765865e-18
7.92622222e-01 1.893830817801081e-18
7.94266667e-01 1.891869314615205e-18
7.95911111e-01 1.889913893612463e-18
7.97555556e-01 1.887964523425206e-18
7.99200000e-01 1.886021172911800e-18
8.00844444e-01 1.884083811154540e-18
8.02488889e-01 1.882152407457579e-18
8.04133333e-01 1.880226931344884e-18
8.05777778e-01 1.878307352558224e-18
8.07422222e-01 1.876393641055165e-18
8.09066667e-01 1.874485767007100e-18
8.10711111e-01 1.872583700797292e-18
8.12355556e-01 1.870687413018949e-18
8.14000000e-01 1.868796874473310e-18
8.15644444e-01 1.866912056167755e-18
8.17288889e-01 1.865032929313944e-18
8.18933333e-01 1.863159465325964e-18
8.20577778e-01 1.861291635818507e-18
8.22222222e-01 1.859429412605060e-18
8.23866667e-01 1.857572767696121e-18
8.25511111e-01 1.855721673297430e-18
8.27155556e-01 1.853876101808226e-18
8.28800000e-01 1.852036025819512e-18
8.30444444e-01 1.850201418112350e-18
8.32088889e-01 1.848372251656167e-18
8.33733333e-01 1.846548499607086e-18
8.35377778e-01 1.844730135306269e-18
8.37022222e-01 1.842917132278278e-18
8.38666667e-01 1.841109464229461e-18
8.40311111e-01 1.839307105046346e-18
8.41955556e-01 1.837510028794060e-18
8.43600000e-01 1.835718209714760e-18
8.45244444e-01 1.833931622226079e-18
8.46888889e-01 1.832150240919599e-18
8.48533333e-01 1.830374040559330e-18
8.50177778e-01 1.828602996080205e-18
8.51822222e-01 1.826837082586598e-18
8.53466667e-01 1.825076275350856e-18
8.55111111e-01 1.823320549811840e-18
8.56755556e-01 1.821569881573491e-18
8.58400000e-01 1.819824246403399e-18
8.60044444e-01 1.818083620231404e-18
8.61688889e-01 1.816347979148193e-18
8.63333333e-01 1.814617299403926e-18
8.64977778e-01 1.812891557406871e-18
8.66622222e-01 1.811170729722048e-18
8.68266667e-01 1.809454793069900e-18
8.69911111e-01 1.807743724324965e-18
8.71555556e-01 1.806037500514567e-18
8.73200000e-01 1.804336098817525e-18
8.74844444e-01 1.802639496562865e-18
8.76488889e-01 1.800947671228557e-18
8.78133333e-01 1.799260600440255e-18
8.79777778e-01 1.797578261970057e-18
8.81422222e-01 1.795900633735270e-18
8.83066667e-01 1.794227693797202e-18
8.84711111e-01 1.792559420359947e-18
8.86355556e-01 1.790895791769198e-18
8.88000000e-01 1.789236786511065e-18
8.89644444e-01 1.787582383210908e-18
8.91288889e-01 1.785932560632175e-18
8.92933333e-01 1.784287297675266e-18
8.94577778e-01 1.782646573376391e-18
8.96222222e-01 1.781010366906452e-18
8.97866667e-01 1.779378657569935e-18
8.99511111e-01 1.777751424803804e-18
9.01155556e-01 1.776128648176419e-18
9.02800000e-01 1.774510307386453e-18
9.04444444e-01 1.772896382261831e-18
9.06088889e-01 1.771286852758670e-18
9.07733333e-01 1.769681698960234e-18
9.09377778e-01 1.768080901075900e-18
9.11022222e-01 1.766484439440131e-18
9.12666667e-01 1.764892294511465e-18
9.14311111e-01 1.763304446871508e-18
9.15955556e-01 1.761720877223937e-18
9.17600000e-01 1.760141566393520e-18
9.19244444e-01 1.758566495325139e-18
9.20888889e-01 1.756995645082821e-18
9.22533333e-01 1.755428996848787e-18
9.24177778e-01 1.753866531922502e-18
9.25822222e-01 1.752308231719737e-18
9.27466667e-01 1.750754077771645e-18
9.29111111e-01 1.749204051723834e-18
9.30755556e-01 1.747658135335466e-18
9.32400000e-01 1.746116310478348e-18
9.34044444e-01 1.744578559136040e-18
9.35688889e-01 1.743044863402976e-18
9.37333333e-01 1.741515205483583e-18
9.38977778e-01 1.739989567691414e-18
9.40622222e-01 1.738467932448294e-18
9.42266667e-01 1.736950282283464e-18
9.43911111e-01 1.735436599832741e-18
9.45555556e-01 1.733926867837681e-18
9.47200000e-01 1.732421069144758e-18
9.48844444e-01 1.730919186704540e-18
9.50488889e-01 1.729421203570881e-18
9.52133333e-01 1.727927102900115e-18
9.53777778e-01 1.726436867950268e-18
9.55422222e-01 1.724950482080258e-18
9.57066667e-01 1.723467928749126e-18
9.58711111e-01 1.721989191515257e-18
9.60355556e-01 1.720514254035614e-18
9.62000000e-01 1.719043100064982e-18
9.63644444e-01 1.717575713455216e-18
9.65288889e-01 1.716112078154493e-18
9.66933333e-01 1.714652178206580e-18
9.68577778e-01 1.713195997750100e-18
9.70222222e-01 1.711743521017807e-18
9.71866667e-01 1.710294732335873e-18
9.73511111e-01 1.708849616123175e-18
9.75155556e-01 1.707408156890591e-18
9.76800000e-01 1.705970339240303e-18
9.78444444e-01 1.704536147865108e-18
9.80088889e-01 1.703105567547731e-18
9.81733333e-01 1.701678583160148e-18
9.83377778e-01 1.700255179662914e-18
9.85022222e-01 1.698835342104497e-18
9.86666667e-01 1.697419055620620e-18
9.88311111e-01 1.696006305433605e-18
9.89955556e-01 1.694597076851727e-18
9.91600000e-01 1.693191355268570e-18
9.93244444e-01 1.691789126162396e-18
9.94888889e-01 1.690390375095509e-18
9.96533333e-01 1.688995087713635e-18
9.98177778e-01 1.687603249745302e-18
9.99822222e-01 1.686214847001226e-18
1.00146667e+00 1.684829865373703e-18
1.00311111e+00 1.683448290836011e-18
1.00475556e+00 1.682070109441808e-18
1.00640000e+00 1.680695307324544e-18
1.00804444e+00 1.679323870696874e-18
1.00968889e+00 1.677955785850078e-18
1.01133333e+00 1.676591039153482e-18
1.01297778e+00 1.675229617053896e-18
1.01462222e+00 1.673871506075039e-18
1.01626667e+00 1.672516692816982e-18
1.01791111e+00 1.671165163955597e-18
1.01955556e+00 1.669816906242002e-18
1.02120000e+00 1.668471906502016e-18
1.02284444e+00 1.667130151635620e-18
1.02448889e+00 1.665791628616418e-18
1.02613333e+00 1.664456324491112e-18
1.02777778e+00 1.663124226378967e-18
1.02942222e+00 1.661795321471299e-18
1.03106667e+00 1.660469597030946e-18
1.03271111e+00 1.659147040391768e-18
1.03435556e+00 1.657827638958128e-18
1.03600000e+00 1.656511380204394e-18
1.03764444e+00 1.655198251674438e-18
1.03928889e+00 1.653888240981142e-18
1.04093333e+00 1.652581335805905e-18
1.04257778e+00 1.651277523898157e-18
1.04422222e+00 1.649976793074881e-18
1.04586667e+00 1.648679131220127e-18
1.04751111e+00 1.647384526284546e-18
1.04915556e+00 1.646092966284913e-18
1.05080000e+00 1.644804439303667e-18
1.05244444e+00 1.643518933488446e-18
1.05408889e+00 1.642236437051629e-18
1.05573333e+00 1.640956938269885e-18
1.05737778e+00 1.639680425483717e-18
1.05902222e+00 1.638406887097023e-18
1.06066667e+00 1.637136311576648e-18
1.06231111e+00 1.635868687451947e-18
1.06395556e+00 1.634604003314354e-18
1.06560000e+00 1.633342247816943e-18
1.06724444e+00 1.632083409674005e-18
1.06888889e+00 1.630827477660627e-18
1.07053333e+00 1.629574440612264e-18
1.07217778e+00 1.628324287424329e-18
1.07382222e+00 1.627077007051777e-18
1.07546667e+00 1.625832588508694e-18
1.07711111e+00 1.624591020867892e-18
1.07875556e+00 1.623352293260506e-18
1.08040000e+00 1.622116394875596e-18
1.08204444e+00 1.620883314959745e-18
1.08368889e+00 1.619653042816674e-18
1.08533333e+00 1.618425567806845e-18
1.08697778e+00 1.617200879347079e-18
1.08862222e+00 1.615978966910173e-18
1.09026667e+00 1.614759820024517e-18
1.09191111e+00 1.613543428273717e-18
1.09355556e+00 1.612329781296226e-18
1.09520000e+00 1.611118868784968e-18
1.09684444e+00 1.609910680486972e-18
1.09848889e+00 1.608705206203010e-18
1.10013333e+00 1.607502435787231e-18
1.10177778e+00 1.606302359146807e-18
1.10342222e+00 1.605104966241570e-18
1.10506667e+00 1.603910247083670e-18
1.10671111e+00 1.602718191737215e-18
1.10835556e+00 1.601528790317929e-18
1.11000000e+00 1.600342032992808e-18
1.11164444e+00 1.599157909979776e-18
1.11328889e+00 1.597976411547349e-18
1.11493333e+00 1.596797528014296e-18
1.11657778e+00 1.595621249749309e-18
1.11822222e+00 1.594447567170670e-18
1.11986667e+00 1.593276470745928e-18
1.12151111e+00 1.592107950991564e-18
1.12315556e+00 1.590941998472680e-18
1.12480000e+00 1.589778603802671e-18
1.12644444e+00 1.588617757642912e-18
1.12808889e+00 1.587459450702439e-18
1.12973333e+00 1.586303673737641e-18
1.13137778e+00 1.585150417551948e-18
1.13302222e+00 1.583999672995524e-18
1.13466667e+00 1.582851430964961e-18
1.13631111e+00 1.581705682402979e-18
1.13795556e+00 1.580562418298125e-18
1.13960000e+00 1.579421629684471e-18
1.14124444e+00 1.578283307641328e-18
1.14288889e+00 1.577147443292943e-18
1.14453333e+00 1.576014027808216e-18
1.14617778e+00 1.574883052400406e-18
1.14782222e+00 1.573754508326849e-18
1.14946667e+00 1.572628386888673e-18
1.15111111e+00 1.571504679430513e-18
1.15275556e+00 1.570383377340238e-18
1.15440000e+00 1.569264472048669e-18
1.15604444e+00 1.568147955029304e-18
1.15768889e+00 1.567033817798048e-18
1.15933333e+00 1.565922051912940e-18
1.16097778e+00 1.564812648973885e-18
1.16262222e+00 1.563705600622387e-18
1.16426667e+00 1.562600898541286e-18
1.16591111e+00 1.561498534454492e-18
1.16755556e+00 1.560398500126729e-18
1.16920000e+00 1.559300787363275e-18
1.17084444e+00 1.558205388009704e-18
1.17248889e+00 1.557112293951632e-18
1.17413333e+00 1.556021497114469e-18
1.17577778e+00 1.554932989463160e-18
1.17742222e+00 1.553846763001944e-18
1.17906667e+00 1.552762809774105e-18
1.18071111e+00 1.551681121861725e-18
1.18235556e+00 1.550601691385444e-18
1.18400000e+00 1.549524510504217e-18
1.18564444e+00 1.548449571415076e-18
1.18728889e+00 1.547376866352893e-18
1.18893333e+00 1.546306387590142e-18
1.19057778e+00 1.545238127436667e-18
1.19222222e+00 1.544172078239451e-18
1.19386667e+00 1.543108232382382e-18
1.19551111e+00 1.542046582286030e-18
1.19715556e+00 1.540987120407415e-18
1.19880000e+00 1.539929839239785e-18
1.20044444e+00 1.538874731312390e-18
1.20208889e+00 1.537821789190264e-18
1.20373333e+00 1.536771005474001e-18
1.20537778e+00 1.535722372799541e-18
1.20702222e+00 1.534675883837948e-18
1.20866667e+00 1.533631531295199e-18
1.21031111e+00 1.532589307911968e-18
1.21195556e+00 1.531549206463418e-18
1.21360000e+00 1.530511219758983e-18
1.21524444e+00 1.529475340642168e-18
1.21688889e+00 1.528441561990336e-18
1.21853333e+00 1.527409876714505e-18
1.22017778e+00 1.526380277759142e-18
1.22182222e+00 1.525352758101961e-18
1.22346667e+00 1.524327310753723e-18
1.22511111e+00 1.523303928758035e-18
1.22675556e+00 1.522282605191152e-18
1.22840000e+00 1.521263333161780e-18
1.23004444e+00 1.520246105810883e-18
1.23168889e+00 1.519230916311485e-18
1.23333333e+00 1.518217757868481e-18
1.23497778e+00 1.517206623718446e-18
1.23662222e+00 1.516197507129441e-18
1.23826667e+00 1.515190401400831e-18
1.23991111e+00 1.514185299863093e-18
1.24155556e+00 1.513182195877634e-18
1.24320000e+00 1.512181082836605e-18
1.24484444e+00 1.511181954162719e-18
1.24648889e+00 1.510184803309067e-18
1.24813333e+00 1.509189623758943e-18
1.24977778e+00 1.508196409025660e-18
1.25142222e+00 1.507205152652374e-18
1.25306667e+00 1.506215848211910e-18
1.25471111e+00 1.505228489306584e-18
1.25635556e+00 1.504243069568032e-18
1.25800000e+00 1.503259582657032e-18
1.25964444e+00 1.502278022263341e-18
1.26128889e+00 1.501298382105518e-18
1.26293333e+00 1.500320655930758e-18
1.26457778e+00 1.499344837514724e-18
1.26622222e+00 1.498370920661381e-18
1.26786667e+00 1.497398899202831e-18
1.26951111e+00 1.496428766999148e-18
1.27115556e+00 1.495460517938214e-18
1.27280000e+00 1.494494145935560e-18
1.27444444e+00 1.493529644934204e-18
1.27608889e+00 1.492567008904492e-18
1.27773333e+00 1.491606231843939e-18
1.27937778e+00 1.490647307777072e-18
1.28102222e+00 1.489690230755274e-18
1.28266667e+00 1.488734994856629e-18
1.28431111e+00 1.487781594185770e-18
1.28595556e+00 1.486830022873721e-18
1.28760000e+00 1.485880275077751e-18
1.28924444e+00 1.484932344981221e-18
1.29088889e+00 1.483986226793433e-18
1.29253333e+00 1.483041914749484e-18
1.29417778e+00 1.482099403110117e-18
1.29582222e+00 1.481158686161573e-18
1.29746667e+00 1.480219758215450e-18
1.29911111e+00 1.479282613608555e-18
1.30075556e+00 1.478347246702759e-18
1.30240000e+00 1.477413651884860e-18
1.30404444e+00 1.476481823566436e-18
1.30568889e+00 1.475551756183708e-18
1.30733333e+00 1.474623444197400e-18
1.30897778e+00 1.473696882092599e-18
1.31062222e+00 1.472772064378617e-18
1.31226667e+00 1.471848985588857e-18
1.31391111e+00 1.470927640280675e-18
1.31555556e+00 1.470008023035248e-18
1.31720000e+00 1.469090128457436e-18
1.31884444e+00 1.468173951175651e-18
1.32048889e+00 1.467259485841726e-18
1.32213333e+00 1.466346727130784e-18
1.32377778e+00 1.465435669741106e-18
1.32542222e+00 1.464526308394002e-18
1.32706667e+00 1.463618637833683e-18
1.32871111e+00 1.462712652827135e-18
1.33035556e+00 1.461808348163988e-18
1.33200000e+00 1.460905718656397e-18
1.33364444e+00 1.460004759138908e-18
1.33528889e+00 1.459105464468343e-18
1.33693333e+00 1.458207829523670e-18
1.33857778e+00 1.457311849205883e-18
1.34022222e+00 1.456417518437883e-18
1.34186667e+00 1.455524832164349e-18
1.34351111e+00 1.454633785351630e-18
1.34515556e+00 1.453744372987615e-18
1.34680000e+00 1.452856590081619e-18
1.34844444e+00 1.451970431664267e-18
1.35008889e+00 1.451085892787373e-18
1.35173333e+00 1.450202968523830e-18
1.35337778e+00 1.449321653967487e-18
1.35502222e+00 1.448441944233041e-18
1.35666667e+00 1.447563834455920e-18
1.35831111e+00 1.446687319792172e-18
1.35995556e+00 1.445812395418349e-18
1.36160000e+00 1.444939056531401e-18
1.36324444e+00 1.444067298348560e-18
1.36488889e+00 1.443197116107235e-18
1.36653333e+00 1.442328505064898e-18
1.36817778e+00 1.441461460498978e-18
1.36982222e+00 1.440595977706752e-18
1.37146667e+00 1.439732052005241e-18
1.37311111e+00 1.438869678731099e-18
1.37475556e+00 1.438008853240510e-18
1.37640000e+00 1.437149570909081e-18
1.37804444e+00 1.436291827131743e-18
1.37968889e+00 1.435435617322639e-18
1.38133333e+00 1.434580936915028e-18
1.38297778e+00 1.433727781361179e-18
1.38462222e+00 1.432876146132271e-18
1.38626667e+00 1.432026026718291e-18
1.38791111e+00 1.431177418627935e-18
1.38955556e+00 1.430330317388508e-18
1.39120000e+00 1.429484718545822e-18
1.39284444e+00 1.428640617664103e-18
1.39448889e+00 1.427798010325888e-18
1.39613333e+00 1.426956892131934e-18
1.39777778e+00 1.426117258701112e-18
1.39942222e+00 1.425279105670324e-18
1.40106667e+00 1.424442428694396e-18
1.40271111e+00 1.423607223445988e-18
1.40435556e+00 1.422773485615504e-18
1.40600000e+00 1.421941210910992e-18
1.40764444e+00 1.421110395058053e-18
1.40928889e+00 1.420281033799753e-18
1.41093333e+00 1.419453122896526e-18
1.41257778e+00 1.418626658126085e-18
1.41422222e+00 1.417801635283333e-18
1.41586667e+00 1.416978050180271e-18
1.41751111e+00 1.416155898645910e-18
1.41915556e+00 1.415335176526182e-18
1.42080000e+00 1.414515879683850e-18
1.42244444e+00 1.413698003998425e-18
1.42408889e+00 1.412881545366075e-18
1.42573333e+00 1.412066499699537e-18
1.42737778e+00 1.411252862928037e-18
1.42902222e+00 1.410440630997200e-18
1.43066667e+00 1.409629799868966e-18
1.43231111e+00 1.408820365521506e-18
1.43395556e+00 1.408012323949141e-18
1.43560000e+00 1.407205671162251e-18
1.43724444e+00 1.406400403187202e-18
1.43888889e+00 1.405596516066257e-18
1.44053333e+00 1.404794005857496e-18
1.44217778e+00 1.403992868634736e-18
1.44382222e+00 1.403193100487449e-18
1.44546667e+00 1.402394697520684e-18
1.44711111e+00 1.401597655854982e-18
1.44875556e+00 1.400801971626306e-18
1.45040000e+00 1.400007640985951e-18
1.45204444e+00 1.399214660100476e-18
1.45368889e+00 1.398423025151619e-18
1.45533333e+00 1.397632732336227e-18
1.45697778e+00 1.396843777866169e-18
1.45862222e+00 1.396056157968270e-18
1.46026667e+00 1.395269868884230e-18
1.46191111e+00 1.394484906870549e-18
1.46355556e+00 1.393701268198453e-18
1.46520000e+00 1.392918949153820e-18
1.46684444e+00 1.392137946037106e-18
1.46848889e+00 1.391358255163268e-18
1.47013333e+00 1.390579872861697e-18
1.47177778e+00 1.389802795476141e-18
1.47342222e+00 1.389027019364634e-18
1.47506667e+00 1.388252540899426e-18
1.47671111e+00 1.387479356466908e-18
1.47835556e+00 1.386707462467546e-18
1.48000000e+00 1.385936855315806e-18
1.48164444e+00 1.385167531440088e-18
-----------------------------
