SPECIES: e / A
PROCESS: E + A -> E + A, Elastic
PARAM.:  m/M = 0.0000195921, complete set
COMMENT: [e + A(gnd) -> e + A(gnd), Elastic]
UPDATED: 2018-06-05 11:00:00
COLUMNS: Energy (eV) | Cross section (m2)
-----------------------------
0.00000000e+00 5.008365579850250e-18
3.78888889e-01 2.739166090934839e-18
7.57777778e-01 1.936882917696272e-18
1.13666667e+00 1.581458279956324e-18
1.51555556e+00 1.369583045467420e-18
1.89444444e+00 1.224992316198534e-18
2.27333333e+00 1.118259873920730e-18
2.65222222e+00 1.035307468044931e-18
3.03111111e+00 9.684414588481360e-19
3.41000000e+00 9.130553636449464e-19
3.78888889e+00 8.662003736853989e-19
4.16777778e+00 8.258896510995801e-19
4.54666667e+00 7.907291399781620e-19
4.92555556e+00 7.597079840675245e-19
5.30444444e+00 7.320729312676459e-19
5.68333333e+00 7.072496435124468e-19
6.06222222e+00 6.847915227337098e-19
6.44111111e+00 6.643453599432101e-19
6.82000000e+00 6.456276392320906e-19
7.19888889e+00 6.284077989451740e-19
7.57777778e+00 6.124961580992671e-19
7.95666667e+00 5.977350453697711e-19
8.33555556e+00 5.839921728043049e-19
8.71444444e+00 5.711556124562859e-19
9.09333333e+00 5.591299369603651e-19
9.47222222e+00 5.478332181869678e-19
9.85111111e+00 5.371946672557082e-19
1.02300000e+01 5.271527599854413e-19
1.06088889e+01 5.176537340224657e-19
1.09877778e+01 5.086503735792580e-19
1.13666667e+01 5.001010189194195e-19
1.17455556e+01 4.919687530638522e-19
1.21244444e+01 4.842207294240680e-19
1.25033333e+01 4.768276123832686e-19
1.28822222e+01 4.697631090656616e-19
1.32611111e+01 4.630035752323316e-19
1.36400000e+01 4.565276818224732e-19
1.40188889e+01 4.503161314108617e-19
1.43977778e+01 4.443514159846451e-19
1.47766667e+01 4.386176091068932e-19
1.51555556e+01 4.331001868426995e-19
1.55344444e+01 4.277858728590014e-19
1.59133333e+01 4.226625039338137e-19
1.62922222e+01 4.177189127711123e-19
1.66711111e+01 4.129448255497900e-19
1.70500000e+01 4.083307720661780e-19
1.74288889e+01 4.038680066805955e-19
1.78077778e+01 3.995484385655314e-19
1.81866667e+01 3.953645699890810e-19
1.85655556e+01 3.913094415621199e-19
1.89444444e+01 3.873765835392544e-19
1.93233333e+01 3.835599723980911e-19
1.97022222e+01 3.798539920337623e-19
2.00811111e+01 3.762533989999355e-19
2.04600000e+01 3.727532913069101e-19
2.08388889e+01 3.693490803544490e-19
2.12177778e+01 3.660364656338229e-19
2.15966667e+01 3.628114118818564e-19
2.19755556e+01 3.596701284109641e-19
2.23544444e+01 3.566090503744070e-19
2.27333333e+01 3.536248217562234e-19
2.31122222e+01 3.507142799012840e-19
2.34911111e+01 3.478744414233399e-19
2.38700000e+01 3.451024893483104e-19
2.42488889e+01 3.423957613668549e-19
2.46277778e+01 3.397517390848624e-19
2.50066667e+01 3.371680381731998e-19
2.53855556e+01 3.346423993291419e-19
2.57644444e+01 3.321726799716050e-19
2.61433333e+01 3.297568466008022e-19
2.65222222e+01 3.273929677603975e-19
2.69011111e+01 3.250792075468023e-19
2.72800000e+01 3.228138196160453e-19
2.76588889e+01 3.205951416437541e-19
2.80377778e+01 3.184215901983128e-19
2.84166667e+01 3.162916559912648e-19
2.87955556e+01 3.142038994725870e-19
2.91744444e+01 3.121569467416273e-19
2.95533333e+01 3.101494857473146e-19
2.99322222e+01 3.081802627537620e-19
3.03111111e+01 3.062480790496335e-19
3.06900000e+01 3.043517878816487e-19
3.10688889e+01 3.024902915944061e-19
3.14477778e+01 3.006625389603155e-19
3.18266667e+01 2.988675226848855e-19
3.22055556e+01 2.971042770739167e-19
3.25844444e+01 2.953718758503255e-19
3.29633333e+01 2.936694301093884e-19
3.33422222e+01 2.919960864021524e-19
3.37211111e+01 2.903510249376238e-19
3.41000000e+01 2.887334578951330e-19
3.44788889e+01 2.871426278389843e-19
3.48577778e+01 2.855778062281429e-19
3.52366667e+01 2.840382920142995e-19
3.56155556e+01 2.825234103221839e-19
3.59944444e+01 2.810325112064860e-19
3.63733333e+01 2.795649684801826e-19
3.67522222e+01 2.781201786094735e-19
3.71311111e+01 2.766975596708960e-19
3.75100000e+01 2.752965503665267e-19
3.78888889e+01 2.739166090934839e-19
3.82677778e+01 2.725572130642282e-19
3.86466667e+01 2.712178574744152e-19
3.90255556e+01 2.698980547152934e-19
3.94044444e+01 2.685973336278541e-19
3.97833333e+01 2.673152387961458e-19
4.01622222e+01 2.660513298773421e-19
4.05411111e+01 2.648051809663281e-19
4.09200000e+01 2.635763799927207e-19
4.12988889e+01 2.623645281483859e-19
4.16777778e+01 2.611692393436459e-19
4.20566667e+01 2.599901396904919e-19
4.24355556e+01 2.588268670112329e-19
4.28144444e+01 2.576790703711125e-19
4.31933333e+01 2.565464096335262e-19
4.35722222e+01 2.554285550365562e-19
4.39511111e+01 2.543251867896290e-19
4.43300000e+01 2.532359946891748e-19
4.47088889e+01 2.521606777522383e-19
4.50877778e+01 2.510989438670608e-19
4.54666667e+01 2.500505094597098e-19
4.58455556e+01 2.490150991758945e-19
4.62244444e+01 2.479924455771548e-19
4.66033333e+01 2.469822888506635e-19
4.69822222e+01 2.459843765319261e-19
4.73611111e+01 2.449984632397068e-19
4.77400000e+01 2.440243104225486e-19
4.81188889e+01 2.430616861162920e-19
4.84977778e+01 2.421103647120340e-19
4.88766667e+01 2.411701267339995e-19
4.92555556e+01 2.402407586268288e-19
4.96344444e+01 2.393220525518126e-19
5.00133333e+01 2.384138061916343e-19
5.03922222e+01 2.375158225632011e-19
5.07711111e+01 2.366279098381728e-19
5.11500000e+01 2.357498811708156e-19
5.15288889e+01 2.348815545328308e-19
5.19077778e+01 2.340227525548266e-19
5.22866667e+01 2.331733023741194e-19
5.26655556e+01 2.323330354885691e-19
5.30444444e+01 2.315017876161658e-19
5.34233333e+01 2.306793985601042e-19
5.38022222e+01 2.298657120790930e-19
5.41811111e+01 2.290605757626615e-19
5.45600000e+01 2.282638409112366e-19
5.49388889e+01 2.274753624207768e-19
5.53177778e+01 2.266949986717602e-19
5.56966667e+01 2.259226114223320e-19
5.60755556e+01 2.251580657054309e-19
5.64544444e+01 2.244012297297181e-19
5.68333333e+01 2.236519747841461e-19
5.72122222e+01 2.229101751460084e-19
5.75911111e+01 2.221757079923225e-19
5.79700000e+01 2.214484533144034e-19
5.83488889e+01 2.207282938354926e-19
5.87277778e+01 2.200151149313163e-19
5.91066667e+01 2.193088045534466e-19
5.94855556e+01 2.186092531553541e-19
5.98644444e+01 2.179163536210371e-19
6.02433333e+01 2.172300011961244e-19
6.06222222e+01 2.165500934213497e-19
6.10011111e+01 2.158765300683026e-19
6.13800000e+01 2.152092130773636e-19
6.17588889e+01 2.145480464977376e-19
6.21377778e+01 2.138929364295007e-19
6.25166667e+01 2.132437909675818e-19
6.28955556e+01 2.126005201476036e-19
6.32744444e+01 2.119630358935093e-19
6.36533333e+01 2.113312519669069e-19
6.40322222e+01 2.107050839180645e-19
6.44111111e+01 2.100844490384934e-19
6.47900000e+01 2.094692663150580e-19
6.51688889e+01 2.088594563855562e-19
6.55477778e+01 2.082549414957132e-19
6.59266667e+01 2.076556454575374e-19
6.63055556e+01 2.070614936089863e-19
6.66844444e+01 2.064724127748950e-19
6.70633333e+01 2.058883312291207e-19
6.74422222e+01 2.053091786578581e-19
6.78211111e+01 2.047348861240839e-19
6.82000000e+01 2.041653860330890e-19
6.85788889e+01 2.036006120990599e-19
6.89577778e+01 2.030404993126709e-19
6.93366667e+01 2.024849839096520e-19
6.97155556e+01 2.019340033402977e-19
7.00944444e+01 2.013874962398830e-19
7.04733333e+01 2.008454023999560e-19
7.08522222e+01 2.003076627404756e-19
7.12311111e+01 1.997742192827657e-19
7.16100000e+01 1.992450151232570e-19
7.19888889e+01 1.987199944079906e-19
7.23677778e+01 1.981991023078562e-19
7.27466667e+01 1.976822849945405e-19
7.31255556e+01 1.971694896171628e-19
7.35044444e+01 1.966606642795725e-19
7.38833333e+01 1.961557580182888e-19
7.42622222e+01 1.956547207810599e-19
7.46411111e+01 1.951575034060215e-19
7.50200000e+01 1.946640576014349e-19
7.53988889e+01 1.941743359259862e-19
7.57777778e+01 1.936882917696272e-19
7.61566667e+01 1.932058793349423e-19
7.65355556e+01 1.927270536190224e-19
7.69144444e+01 1.922517703958309e-19
7.72933333e+01 1.917799861990456e-19
7.76722222e+01 1.913116583053619e-19
7.80511111e+01 1.908467447182418e-19
7.84300000e+01 1.903852041520953e-19
7.88088889e+01 1.899269960168811e-19
7.91877778e+01 1.894720804031124e-19
7.95666667e+01 1.890204180672560e-19
7.99455556e+01 1.885719704175129e-19
8.03244444e+01 1.881266994999678e-19
8.07033333e+01 1.876845679850966e-19
8.10822222e+01 1.872455391546215e-19
8.14611111e+01 1.868095768887025e-19
8.18400000e+01 1.863766456534551e-19
8.22188889e+01 1.859467104887855e-19
8.25977778e+01 1.855197369965325e-19
8.29766667e+01 1.850956913289076e-19
8.33555556e+01 1.846745401772245e-19
8.37344444e+01 1.842562507609095e-19
8.41133333e+01 1.838407908167846e-19
8.44922222e+01 1.834281285886145e-19
8.48711111e+01 1.830182328169115e-19
8.52500000e+01 1.826110727289893e-19
8.56288889e+01 1.822066180292592e-19
8.60077778e+01 1.818048388897621e-19
8.63866667e+01 1.814057059409282e-19
8.67655556e+01 1.810091902625600e-19
8.71444444e+01 1.806152633750301e-19
8.75233333e+01 1.802238972306902e-19
8.79022222e+01 1.798350642054821e-19
8.82811111e+01 1.794487370907485e-19
8.86600000e+01 1.790648890852361e-19
8.90388889e+01 1.786834937872853e-19
8.94177778e+01 1.783045251872035e-19
8.97966667e+01 1.779279576598141e-19
9.01755556e+01 1.775537659571789e-19
9.05544444e+01 1.771819252014878e-19
9.09333333e+01 1.768124108781117e-19
9.13122222e+01 1.764451988288137e-19
9.16911111e+01 1.760802652451156e-19
9.20700000e+01 1.757175866618138e-19
9.24488889e+01 1.753571399506420e-19
9.28277778e+01 1.749989023140763e-19
9.32066667e+01 1.746428512792788e-19
9.35855556e+01 1.742889646921762e-19
9.39644444e+01 1.739372207116700e-19
9.43433333e+01 1.735875978039745e-19
9.47222222e+01 1.732400747370798e-19
9.51011111e+01 1.728946305753359e-19
9.54800000e+01 1.725512446741552e-19
9.58588889e+01 1.722098966748309e-19
9.62377778e+01 1.718705664994662e-19
9.66166667e+01 1.715332343460150e-19
9.69955556e+01 1.711978806834275e-19
9.73744444e+01 1.708644862469006e-19
9.77533333e+01 1.705330320332301e-19
9.81322222e+01 1.702034992962603e-19
9.85111111e+01 1.698758695424312e-19
9.88900000e+01 1.695501245264194e-19
9.92688889e+01 1.692262462468700e-19
9.96477778e+01 1.689042169422186e-19
1.00026667e+02 1.685840190865999e-19
1.00405556e+02 1.682656353858414e-19
1.00784444e+02 1.679490487735403e-19
1.01163333e+02 1.676342424072208e-19
1.01542222e+02 1.673211996645709e-19
1.01921111e+02 1.670099041397558e-19
1.02300000e+02 1.667003396398065e-19
1.02678889e+02 1.663924901810819e-19
1.03057778e+02 1.660863399858025e-19
1.03436667e+02 1.657818734786541e-19
1.03815556e+02 1.654790752834593e-19
1.04194444e+02 1.651779302199160e-19
1.04573333e+02 1.648784233004011e-19
1.04952222e+02 1.645805397268373e-19
1.05331111e+02 1.642842648876220e-19
1.05710000e+02 1.639895843546174e-19
1.06088889e+02 1.636964838801987e-19
1.06467778e+02 1.634049493943615e-19
1.06846667e+02 1.631149670018840e-19
1.07225556e+02 1.628265229795461e-19
1.07604444e+02 1.625396037734012e-19
1.07983333e+02 1.622541959961012e-19
1.08362222e+02 1.619702864242729e-19
1.08741111e+02 1.616878619959447e-19
1.09120000e+02 1.614069098080226e-19
1.09498889e+02 1.611274171138140e-19
1.09877778e+02 1.608493713205988e-19
1.10256667e+02 1.605727599872463e-19
1.10635556e+02 1.602975708218770e-19
1.11014444e+02 1.600237916795686e-19
1.11393333e+02 1.597514105601043e-19
1.11772222e+02 1.594804156057642e-19
1.12151111e+02 1.592107950991564e-19
1.12530000e+02 1.589425374610895e-19
1.12908889e+02 1.586756312484839e-19
1.13287778e+02 1.584100651523214e-19
1.13666667e+02 1.581458279956324e-19
1.14045556e+02 1.578829087315208e-19
1.14424444e+02 1.576212964412236e-19
1.14803333e+02 1.573609803322063e-19
1.15182222e+02 1.571019497362935e-19
1.15561111e+02 1.568441941078319e-19
1.15940000e+02 1.565877030218872e-19
1.16318889e+02 1.563324661724735e-19
1.16697778e+02 1.560784733708137e-19
1.17076667e+02 1.558257145436310e-19
1.17455556e+02 1.555741797314713e-19
1.17834444e+02 1.553238590870550e-19
1.18213333e+02 1.550747428736573e-19
1.18592222e+02 1.548268214635177e-19
1.18971111e+02 1.545800853362776e-19
1.19350000e+02 1.543345250774439e-19
1.19728889e+02 1.540901313768810e-19
1.20107778e+02 1.538468950273280e-19
1.20486667e+02 1.536048069229414e-19
1.20865556e+02 1.533638580578639e-19
1.21244444e+02 1.531240395248168e-19
1.21623333e+02 1.528853425137171e-19
1.22002222e+02 1.526477583103184e-19
1.22381111e+02 1.524112782948741e-19
1.22760000e+02 1.521758939408244e-19
1.23138889e+02 1.519415968135049e-19
1.23517778e+02 1.517083785688770e-19
1.23896667e+02 1.514762309522798e-19
1.24275556e+02 1.512451457972031e-19
1.24654444e+02 1.510151150240806e-19
1.25033333e+02 1.507861306391038e-19
1.25412222e+02 1.505581847330544e-19
1.25791111e+02 1.503312694801577e-19
1.26170000e+02 1.501053771369539e-19
1.26548889e+02 1.498805000411880e-19
1.26927778e+02 1.496566306107183e-19
1.27306667e+02 1.494337613424428e-19
1.27685556e+02 1.492118848112428e-19
1.28064444e+02 1.489909936689440e-19
1.28443333e+02 1.487710806432943e-19
1.28822222e+02 1.485521385369584e-19
1.29201111e+02 1.483341602265278e-19
1.29580000e+02 1.481171386615484e-19
1.29958889e+02 1.479010668635616e-19
1.30337778e+02 1.476859379251627e-19
1.30716667e+02 1.474717450090729e-19
1.31095556e+02 1.472584813472265e-19
1.31474444e+02 1.470461402398734e-19
1.31853333e+02 1.468347150546942e-19
1.32232222e+02 1.466241992259307e-19
1.32611111e+02 1.464145862535292e-19
1.32990000e+02 1.462058697022977e-19
1.33368889e+02 1.459980432010762e-19
1.33747778e+02 1.457911004419195e-19
1.34126667e+02 1.455850351792933e-19
1.34505556e+02 1.453798412292825e-19
1.34884444e+02 1.451755124688119e-19
1.35263333e+02 1.449720428348783e-19
1.35642222e+02 1.447694263237953e-19
1.36021111e+02 1.445676569904493e-19
1.36400000e+02 1.443667289475665e-19
1.36778889e+02 1.441666363649915e-19
1.37157778e+02 1.439673734689771e-19
1.37536667e+02 1.437689345414840e-19
1.37915556e+02 1.435713139194921e-19
1.38294444e+02 1.433745059943216e-19
1.38673333e+02 1.431785052109639e-19
1.39052222e+02 1.429833060674242e-19
1.39431111e+02 1.427889031140715e-19
1.39810000e+02 1.425952909530005e-19
1.40188889e+02 1.424024642374016e-19
1.40567778e+02 1.422104176709411e-19
1.40946667e+02 1.420191460071498e-19
1.41325556e+02 1.418286440488211e-19
1.41704444e+02 1.416389066474183e-19
1.42083333e+02 1.414499287024894e-19
1.42462222e+02 1.412617051610919e-19
1.42841111e+02 1.410742310172253e-19
1.43220000e+02 1.408875013112712e-19
1.43598889e+02 1.407015111294432e-19
1.43977778e+02 1.405162556032430e-19
1.44356667e+02 1.403317299089255e-19
1.44735556e+02 1.401479292669714e-19
1.45114444e+02 1.399648489415669e-19
1.45493333e+02 1.397824842400913e-19
1.45872222e+02 1.396008305126120e-19
1.46251111e+02 1.394198831513864e-19
1.46630000e+02 1.392396375903708e-19
1.47008889e+02 1.390600893047367e-19
1.47387778e+02 1.388812338103939e-19
1.47766667e+02 1.387030666635195e-19
1.48145556e+02 1.385255834600949e-19
1.48524444e+02 1.383487798354480e-19
1.48903333e+02 1.381726514638028e-19
1.49282222e+02 1.379971940578346e-19
1.49661111e+02 1.378224033682317e-19
1.50040000e+02 1.376482751832633e-19
1.50418889e+02 1.374748053283533e-19
1.50797778e+02 1.373019896656595e-19
1.51176667e+02 1.371298240936595e-19
1.51555556e+02 1.369583045467419e-19
1.51934444e+02 1.367874269948027e-19
1.52313333e+02 1.366171874428476e-19
1.52692222e+02 1.364475819306000e-19
1.53071111e+02 1.362786065321141e-19
1.53450000e+02 1.361102573553927e-19
1.53828889e+02 1.359425305420112e-19
1.54207778e+02 1.357754222667458e-19
1.54586667e+02 1.356089287372076e-19
1.54965556e+02 1.354430461934806e-19
1.55344444e+02 1.352777709077651e-19
1.55723333e+02 1.351130991840263e-19
1.56102222e+02 1.349490273576467e-19
1.56481111e+02 1.347855517950837e-19
1.56860000e+02 1.346226688935318e-19
1.57238889e+02 1.344603750805889e-19
1.57617778e+02 1.342986668139270e-19
1.57996667e+02 1.341375405809682e-19
1.58375556e+02 1.339769928985635e-19
1.58754444e+02 1.338170203126768e-19
1.59133333e+02 1.336576193980729e-19
1.59512222e+02 1.334987867580093e-19
1.59891111e+02 1.333405190239324e-19
1.60270000e+02 1.331828128551771e-19
1.60648889e+02 1.330256649386711e-19
1.61027778e+02 1.328690719886420e-19
1.61406667e+02 1.327130307463294e-19
1.61785556e+02 1.325575379796994e-19
1.62164444e+02 1.324025904831641e-19
1.62543333e+02 1.322481850773033e-19
1.62922222e+02 1.320943186085913e-19
1.63301111e+02 1.319409879491255e-19
1.63680000e+02 1.317881899963603e-19
1.64058889e+02 1.316359216728427e-19
1.64437778e+02 1.314841799259520e-19
1.64816667e+02 1.313329617276432e-19
1.65195556e+02 1.311822640741930e-19
1.65574444e+02 1.310320839859490e-19
1.65953333e+02 1.308824185070826e-19
1.66332222e+02 1.307332647053444e-19
1.66711111e+02 1.305846196718230e-19
1.67090000e+02 1.304364805207066e-19
1.67468889e+02 1.302888443890481e-19
1.67847778e+02 1.301417084365321e-19
1.68226667e+02 1.299950698452460e-19
1.68605556e+02 1.298489258194527e-19
1.68984444e+02 1.297032735853673e-19
1.69363333e+02 1.295581103909358e-19
1.69742222e+02 1.294134335056164e-19
1.70121111e+02 1.292692402201643e-19
1.70500000e+02 1.291255278464181e-19
1.70878889e+02 1.289822937170898e-19
1.71257778e+02 1.288395351855563e-19
1.71636667e+02 1.286972496256546e-19
1.72015556e+02 1.285554344314785e-19
1.72394444e+02 1.284140870171785e-19
1.72773333e+02 1.282732048167631e-19
1.73152222e+02 1.281327852839040e-19
1.73531111e+02 1.279928258917421e-19
1.73910000e+02 1.278533241326970e-19
1.74288889e+02 1.277142775182781e-19
1.74667778e+02 1.275756835788980e-19
1.75046667e+02 1.274375398636885e-19
1.75425556e+02 1.272998439403186e-19
1.75804444e+02 1.271625933948145e-19
1.76183333e+02 1.270257858313819e-19
1.76562222e+02 1.268894188722302e-19
1.76941111e+02 1.267534901573992e-19
1.77320000e+02 1.266179973445874e-19
1.77698889e+02 1.264829381089825e-19
1.78077778e+02 1.263483101430938e-19
1.78456667e+02 1.262141111565867e-19
1.78835556e+02 1.260803388761192e-19
1.79214444e+02 1.259469910451796e-19
1.79593333e+02 1.258140654239274e-19
1.79972222e+02 1.256815597890348e-19
1.80351111e+02 1.255494719335304e-19
1.80730000e+02 1.254177996666452e-19
1.81108889e+02 1.252865408136597e-19
1.81487778e+02 1.251556932157533e-19
1.81866667e+02 1.250252547298549e-19
1.82245556e+02 1.248952232284955e-19
1.82624444e+02 1.247655965996629e-19
1.83003333e+02 1.246363727466568e-19
1.83382222e+02 1.245075495879472e-19
1.83761111e+02 1.243791250570331e-19
1.84140000e+02 1.242510971023034e-19
1.84518889e+02 1.241234636868991e-19
1.84897778e+02 1.239962227885774e-19
1.85276667e+02 1.238693723995772e-19
1.85655556e+02 1.237429105264855e-19
1.86034444e+02 1.236168351901068e-19
1.86413333e+02 1.234911444253317e-19
1.86792222e+02 1.233658362810096e-19
1.87171111e+02 1.232409088198205e-19
1.87550000e+02 1.231163601181496e-19
1.87928889e+02 1.229921882659630e-19
1.88307778e+02 1.228683913666843e-19
1.88686667e+02 1.227449675370734e-19
1.89065556e+02 1.226219149071057e-19
1.89444444e+02 1.224992316198534e-19
1.89823333e+02 1.223769158313679e-19
1.90202222e+02 1.222549657105630e-19
1.90581111e+02 1.221333794391001e-19
1.90960000e+02 1.220121552112743e-19
1.91338889e+02 1.218912912339016e-19
1.91717778e+02 1.217707857262076e-19
1.92096667e+02 1.216506369197172e-19
1.92475556e+02 1.215308430581460e-19
1.92854444e+02 1.214114023972917e-19
1.93233333e+02 1.212923132049284e-19
1.93612222e+02 1.211735737607001e-19
1.93991111e+02 1.210551823560170e-19
1.94370000e+02 1.209371372939521e-19
1.94748889e+02 1.208194368891390e-19
1.95127778e+02 1.207020794676707e-19
1.95506667e+02 1.205850633669997e-19
1.95885556e+02 1.204683869358393e-19
1.96264444e+02 1.203520485340654e-19
1.96643333e+02 1.202360465326198e-19
1.97022222e+02 1.201203793134144e-19
1.97401111e+02 1.200050452692365e-19
1.97780000e+02 1.198900428036547e-19
1.98158889e+02 1.197753703309266e-19
1.98537778e+02 1.196610262759063e-19
1.98916667e+02 1.195470090739542e-19
1.99295556e+02 1.194333171708465e-19
1.99674444e+02 1.193199490226867e-19
2.00053333e+02 1.192069030958171e-19
2.00432222e+02 1.190941778667321e-19
2.00811111e+02 1.189817718219915e-19
2.01190000e+02 1.188696834581357e-19
2.01568889e+02 1.187579112816006e-19
2.01947778e+02 1.186464538086345e-19
2.02326667e+02 1.185353095652154e-19
2.02705556e+02 1.184244770869686e-19
2.03084444e+02 1.183139549190864e-19
2.03463333e+02 1.182037416162472e-19
2.03842222e+02 1.180938357425366e-19
2.04221111e+02 1.179842358713686e-19
2.04600000e+02 1.178749405854078e-19
2.04978889e+02 1.177659484764927e-19
2.05357778e+02 1.176572581455590e-19
2.05736667e+02 1.175488682025648e-19
2.06115556e+02 1.174407772664154e-19
2.06494444e+02 1.173329839648896e-19
2.06873333e+02 1.172254869345666e-19
2.07252222e+02 1.171182848207534e-19
2.07631111e+02 1.170113762774133e-19
2.08010000e+02 1.169047599670947e-19
2.08388889e+02 1.167984345608610e-19
2.08767778e+02 1.166923987382209e-19
2.09146667e+02 1.165866511870597e-19
2.09525556e+02 1.164811906035708e-19
2.09904444e+02 1.163760156921886e-19
2.10283333e+02 1.162711251655212e-19
2.10662222e+02 1.161665177442846e-19
2.11041111e+02 1.160621921572368e-19
2.11420000e+02 1.159581471411133e-19
2.11798889e+02 1.158543814405627e-19
2.12177778e+02 1.157508938080829e-19
2.12556667e+02 1.156476830039584e-19
2.12935556e+02 1.155447477961976e-19
2.13314444e+02 1.154420869604715e-19
2.13693333e+02 1.153396992800521e-19
2.14072222e+02 1.152375835457519e-19
2.14451111e+02 1.151357385558642e-19
2.14830000e+02 1.150341631161035e-19
2.15208889e+02 1.149328560395465e-19
2.15587778e+02 1.148318161465743e-19
2.15966667e+02 1.147310422648143e-19
2.16345556e+02 1.146305332290833e-19
2.16724444e+02 1.145302878813308e-19
2.17103333e+02 1.144303050705829e-19
2.17482222e+02 1.143305836528872e-19
2.17861111e+02 1.142311224912572e-19
2.18240000e+02 1.141319204556183e-19
2.18618889e+02 1.140329764227538e-19
2.18997778e+02 1.139342892762513e-19
2.19376667e+02 1.138358579064501e-19
2.19755556e+02 1.137376812103884e-19
2.20134444e+02 1.136397580917519e-19
2.20513333e+02 1.135420874608218e-19
2.20892222e+02 1.134446682344243e-19
2.21271111e+02 1.133474993358801e-19
2.21650000e+02 1.132505796949541e-19
2.22028889e+02 1.131539082478064e-19
2.22407778e+02 1.130574839369426e-19
2.22786667e+02 1.129613057111660e-19
2.23165556e+02 1.128653725255288e-19
2.23544444e+02 1.127696833412848e-19
2.23923333e+02 1.126742371258418e-19
2.24302222e+02 1.125790328527154e-19
2.24681111e+02 1.124840695014820e-19
2.25060000e+02 1.123893460577333e-19
2.25438889e+02 1.122948615130303e-19
2.25817778e+02 1.122006148648590e-19
2.26196667e+02 1.121066051165850e-19
2.26575556e+02 1.120128312774092e-19
2.26954444e+02 1.119192923623249e-19
2.27333333e+02 1.118259873920730e-19
2.27712222e+02 1.117329153931002e-19
2.28091111e+02 1.116400753975152e-19
2.28470000e+02 1.115474664430473e-19
2.28848889e+02 1.114550875730042e-19
2.29227778e+02 1.113629378362304e-19
2.29606667e+02 1.112710162870660e-19
2.29985556e+02 1.111793219853064e-19
2.30364444e+02 1.110878539961613e-19
2.30743333e+02 1.109966113902151e-19
2.31122222e+02 1.109055932433870e-19
2.31501111e+02 1.108147986368921e-19
2.31880000e+02 1.107242266572017e-19
2.32258889e+02 1.106338763960054e-19
2.32637778e+02 1.105437469501726e-19
2.33016667e+02 1.104538374217144e-19
2.33395556e+02 1.103641469177463e-19
2.33774444e+02 1.102746745504509e-19
2.34153333e+02 1.101854194370407e-19
2.34532222e+02 1.100963806997219e-19
2.34911111e+02 1.100075574656581e-19
2.35290000e+02 1.099189488669341e-19
2.35668889e+02 1.098305540405204e-19
2.36047778e+02 1.097423721282380e-19
2.36426667e+02 1.096544022767233e-19
2.36805556e+02 1.095666436373936e-19
2.37184444e+02 1.094790953664123e-19
2.37563333e+02 1.093917566246553e-19
2.37942222e+02 1.093046265776771e-19
2.38321111e+02 1.092177043956768e-19
2.38700000e+02 1.091309892534658e-19
2.39078889e+02 1.090444803304342e-19
2.39457778e+02 1.089581768105186e-19
2.39836667e+02 1.088720778821692e-19
2.40215556e+02 1.087861827383186e-19
2.40594444e+02 1.087004905763492e-19
2.40973333e+02 1.086150005980622e-19
2.41352222e+02 1.085297120096464e-19
2.41731111e+02 1.084446240216467e-19
2.42110000e+02 1.083597358489341e-19
2.42488889e+02 1.082750467106749e-19
2.42867778e+02 1.081905558303004e-19
2.43246667e+02 1.081062624354773e-19
2.43625556e+02 1.080221657580781e-19
2.44004444e+02 1.079382650341513e-19
2.44383333e+02 1.078545595038925e-19
2.44762222e+02 1.077710484116155e-19
2.45141111e+02 1.076877310057238e-19
2.45520000e+02 1.076046065386818e-19
2.45898889e+02 1.075216742669869e-19
2.46277778e+02 1.074389334511416e-19
2.46656667e+02 1.073563833556257e-19
2.47035556e+02 1.072740232488688e-19
2.47414444e+02 1.071918524032231e-19
2.47793333e+02 1.071098700949366e-19
2.48172222e+02 1.070280756041260e-19
2.48551111e+02 1.069464682147504e-19
2.48930000e+02 1.068650472145847e-19
2.49308889e+02 1.067838118951939e-19
2.49687778e+02 1.067027615519069e-19
2.50066667e+02 1.066218954837909e-19
2.50445556e+02 1.065412129936260e-19
2.50824444e+02 1.064607133878797e-19
2.51203333e+02 1.063803959766823e-19
2.51582222e+02 1.063002600738018e-19
2.51961111e+02 1.062203049966192e-19
2.52340000e+02 1.061405300661043e-19
2.52718889e+02 1.060609346067912e-19
2.53097778e+02 1.059815179467546e-19
2.53476667e+02 1.059022794175859e-19
2.53855556e+02 1.058232183543691e-19
2.54234444e+02 1.057443340956583e-19
2.54613333e+02 1.056656259834534e-19
2.54992222e+02 1.055870933631780e-19
2.55371111e+02 1.055087355836558e-19
2.55750000e+02 1.054305519970883e-19
2.56128889e+02 1.053525419590323e-19
2.56507778e+02 1.052747048283774e-19
2.56886667e+02 1.051970399673241e-19
2.57265556e+02 1.051195467413618e-19
2.57644444e+02 1.050422245192467e-19
2.58023333e+02 1.049650726729807e-19
2.58402222e+02 1.048880905777897e-19
2.58781111e+02 1.048112776121023e-19
2.59160000e+02 1.047346331575290e-19
2.59538889e+02 1.046581565988409e-19
2.59917778e+02 1.045818473239494e-19
2.60296667e+02 1.045057047238852e-19
2.60675556e+02 1.044297281927781e-19
2.61054444e+02 1.043539171278368e-19
2.61433333e+02 1.042782709293288e-19
2.61812222e+02 1.042027890005603e-19
2.62191111e+02 1.041274707478566e-19
2.62570000e+02 1.040523155805425e-19
2.62948889e+02 1.039773229109225e-19
2.63327778e+02 1.039024921542623e-19
2.63706667e+02 1.038278227287687e-19
2.64085556e+02 1.037533140555712e-19
2.64464444e+02 1.036789655587029e-19
2.64843333e+02 1.036047766650820e-19
2.65222222e+02 1.035307468044931e-19
2.65601111e+02 1.034568754095688e-19
2.65980000e+02 1.033831619157715e-19
2.66358889e+02 1.033096057613752e-19
2.66737778e+02 1.032362063874475e-19
2.67116667e+02 1.031629632378320e-19
2.67495556e+02 1.030898757591303e-19
2.67874444e+02 1.030169434006847e-19
2.68253333e+02 1.029441656145604e-19
2.68632222e+02 1.028715418555286e-19
2.69011111e+02 1.027990715810493e-19
2.69390000e+02 1.027267542512540e-19
2.69768889e+02 1.026545893289291e-19
2.70147778e+02 1.025825762794988e-19
2.70526667e+02 1.025107145710091e-19
2.70905556e+02 1.024390036741104e-19
2.71284444e+02 1.023674430620419e-19
2.71663333e+02 1.022960322106152e-19
2.72042222e+02 1.022247705981975e-19
2.72421111e+02 1.021536577056967e-19
2.72800000e+02 1.020826930165445e-19
2.73178889e+02 1.020118760166814e-19
2.73557778e+02 1.019412061945406e-19
2.73936667e+02 1.018706830410327e-19
2.74315556e+02 1.018003060495300e-19
2.74694444e+02 1.017300747158516e-19
2.75073333e+02 1.016599885382482e-19
2.75452222e+02 1.015900470173867e-19
2.75831111e+02 1.015202496563355e-19
2.76210000e+02 1.014505959605496e-19
2.76588889e+02 1.013810854378561e-19
2.76967778e+02 1.013117175984392e-19
2.77346667e+02 1.012424919548260e-19
2.77725556e+02 1.011734080218722e-19
2.78104444e+02 1.011044653167473e-19
2.78483333e+02 1.010356633589210e-19
2.78862222e+02 1.009670016701489e-19
2.79241111e+02 1.008984797744585e-19
2.79620000e+02 1.008300971981354e-19
2.79998889e+02 1.007618534697095e-19
2.80377778e+02 1.006937481199415e-19
2.80756667e+02 1.006257806818091e-19
2.81135556e+02 1.005579506904937e-19
2.81514444e+02 1.004902576833670e-19
2.81893333e+02 1.004227011999780e-19
2.82272222e+02 1.003552807820393e-19
2.82651111e+02 1.002879959734145e-19
2.83030000e+02 1.002208463201051e-19
2.83408889e+02 1.001538313702378e-19
2.83787778e+02 1.000869506740513e-19
2.84166667e+02 1.000202037838839e-19
2.84545556e+02 9.995359025416112e-20
2.84924444e+02 9.988710964138285e-20
2.85303333e+02 9.982076150411105e-20
2.85682222e+02 9.975454540295757e-20
2.86061111e+02 9.968846090057179e-20
2.86440000e+02 9.962250756162851e-20
2.86818889e+02 9.955668495281595e-20
2.87197778e+02 9.949099264282377e-20
2.87576667e+02 9.942543020233122e-20
2.87955556e+02 9.935999720399531e-20
2.88334444e+02 9.929469322243914e-20
2.88713333e+02 9.922951783424028e-20
2.89092222e+02 9.916447061791926e-20
2.89471111e+02 9.909955115392809e-20
2.89850000e+02 9.903475902463890e-20
2.90228889e+02 9.897009381433270e-20
2.90607778e+02 9.890555510918812e-20
2.90986667e+02 9.884114249727025e-20
2.91365556e+02 9.877685556851980e-20
2.91744444e+02 9.871269391474185e-20
2.92123333e+02 9.864865712959519e-20
2.92502222e+02 9.858474480858141e-20
2.92881111e+02 9.852095654903412e-20
2.93260000e+02 9.845729195010848e-20
2.93638889e+02 9.839375061277041e-20
2.94017778e+02 9.833033213978623e-20
2.94396667e+02 9.826703613571216e-20
2.94775556e+02 9.820386220688393e-20
2.95154444e+02 9.814080996140663e-20
2.95533333e+02 9.807787900914439e-20
2.95912222e+02 9.801506896171025e-20
2.96291111e+02 9.795237943245613e-20
2.96670000e+02 9.788981003646280e-20
2.97048889e+02 9.782736039052997e-20
2.97427778e+02 9.776503011316643e-20
2.97806667e+02 9.770281882458030e-20
2.98185556e+02 9.764072614666921e-20
2.98564444e+02 9.757875170301075e-20
2.98943333e+02 9.751689511885289e-20
2.99322222e+02 9.745515602110429e-20
2.99701111e+02 9.739353403832513e-20
3.00080000e+02 9.733202880071747e-20
3.00458889e+02 9.727063994011608e-20
3.00837778e+02 9.720936708997912e-20
3.01216667e+02 9.714820988537898e-20
3.01595556e+02 9.708716796299308e-20
3.01974444e+02 9.702624096109496e-20
3.02353333e+02 9.696542851954507e-20
3.02732222e+02 9.690473027978203e-20
3.03111111e+02 9.684414588481361e-20
3.03490000e+02 9.678367497920792e-20
3.03868889e+02 9.672331720908477e-20
3.04247778e+02 9.666307222210685e-20
3.04626667e+02 9.660293966747116e-20
3.05005556e+02 9.654291919590036e-20
3.05384444e+02 9.648301045963432e-20
3.05763333e+02 9.642321311242164e-20
3.06142222e+02 9.636352680951120e-20
3.06521111e+02 9.630395120764391e-20
3.06900000e+02 9.624448596504432e-20
3.07278889e+02 9.618513074141241e-20
3.07657778e+02 9.612588519791543e-20
3.08036667e+02 9.606674899717977e-20
3.08415556e+02 9.600772180328293e-20
3.08794444e+02 9.594880328174540e-20
3.09173333e+02 9.588999309952278e-20
3.09552222e+02 9.583129092499790e-20
3.09931111e+02 9.577269642797290e-20
3.10310000e+02 9.571420927966142e-20
3.10688889e+02 9.565582915268095e-20
3.11067778e+02 9.559755572104499e-20
3.11446667e+02 9.553938866015557e-20
3.11825556e+02 9.548132764679547e-20
3.12204444e+02 9.542337235912088e-20
3.12583333e+02 9.536552247665372e-20
3.12962222e+02 9.530777768027433e-20
3.13341111e+02 9.525013765221399e-20
3.13720000e+02 9.519260207604766e-20
3.14098889e+02 9.513517063668654e-20
3.14477778e+02 9.507784302037104e-20
3.14856667e+02 9.502061891466339e-20
3.15235556e+02 9.496349800844057e-20
3.15614444e+02 9.490647999188715e-20
3.15993333e+02 9.484956455648835e-20
3.16372222e+02 9.479275139502293e-20
3.16751111e+02 9.473604020155618e-20
3.17130000e+02 9.467943067143318e-20
3.17508889e+02 9.462292250127175e-20
3.17887778e+02 9.456651538895568e-20
3.18266667e+02 9.451020903362798e-20
3.18645556e+02 9.445400313568410e-20
3.19024444e+02 9.439789739676526e-20
3.19403333e+02 9.434189151975177e-20
3.19782222e+02 9.428598520875644e-20
3.20161111e+02 9.423017816911800e-20
3.20540000e+02 9.417447010739463e-20
3.20918889e+02 9.411886073135739e-20
3.21297778e+02 9.406334974998388e-20
3.21676667e+02 9.400793687345172e-20
3.22055556e+02 9.395262181313231e-20
3.22434444e+02 9.389740428158451e-20
3.22813333e+02 9.384228399254828e-20
3.23192222e+02 9.378726066093849e-20
3.23571111e+02 9.373233400283878e-20
3.23950000e+02 9.367750373549531e-20
3.24328889e+02 9.362276957731075e-20
3.24707778e+02 9.356813124783810e-20
3.25086667e+02 9.351358846777475e-20
3.25465556e+02 9.345914095895641e-20
3.25844444e+02 9.340478844435123e-20
3.26223333e+02 9.335053064805375e-20
3.26602222e+02 9.329636729527921e-20
3.26981111e+02 9.324229811235751e-20
3.27360000e+02 9.318832282672754e-20
3.27738889e+02 9.313444116693128e-20
3.28117778e+02 9.308065286260826e-20
3.28496667e+02 9.302695764448967e-20
3.28875556e+02 9.297335524439275e-20
3.29254444e+02 9.291984539521527e-20
3.29633333e+02 9.286642783092981e-20
3.30012222e+02 9.281310228657824e-20
3.30391111e+02 9.275986849826626e-20
3.30770000e+02 9.270672620315783e-20
3.31148889e+02 9.265367513946976e-20
3.31527778e+02 9.260071504646632e-20
3.31906667e+02 9.254784566445379e-20
3.32285556e+02 9.249506673477521e-20
3.32664444e+02 9.244237799980495e-20
3.33043333e+02 9.238977920294351e-20
3.33422222e+02 9.233727008861224e-20
3.33801111e+02 9.228485040224816e-20
3.34180000e+02 9.223251989029865e-20
3.34558889e+02 9.218027830021656e-20
3.34937778e+02 9.212812538045477e-20
3.35316667e+02 9.207606088046135e-20
3.35695556e+02 9.202408455067439e-20
3.36074444e+02 9.197219614251699e-20
3.36453333e+02 9.192039540839229e-20
3.36832222e+02 9.186868210167851e-20
3.37211111e+02 9.181705597672395e-20
3.37590000e+02 9.176551678884224e-20
3.37968889e+02 9.171406429430723e-20
3.38347778e+02 9.166269825034844e-20
3.38726667e+02 9.161141841514599e-20
3.39105556e+02 9.156022454782601e-20
3.39484444e+02 9.150911640845574e-20
3.39863333e+02 9.145809375803889e-20
3.40242222e+02 9.140715635851097e-20
3.40621111e+02 9.135630397273453e-20
3.41000000e+02 9.130553636449463e-20
3.41378889e+02 9.125485329849413e-20
-----------------------------
