Energy (eV)          EEDF (eV^-(3/2))     First Anisotropy
8.45833333333333e-02 7.80277123916502e-02 8.35172149835111e-05
2.53750000000000e-01 7.58140011264287e-02 1.36412933094819e-04
4.22916666666667e-01 7.36630947041613e-02 1.76155898639332e-04
5.92083333333333e-01 7.15732112889401e-02 2.04061180969906e-04
7.61250000000000e-01 6.95426196074869e-02 2.25512147252443e-04
9.30416666666667e-01 6.75696375069736e-02 2.42615051900845e-04
1.09958333333333e+00 6.56526305530107e-02 2.56494973860840e-04
1.26875000000000e+00 6.37900106789122e-02 2.67851791769077e-04
1.43791666666667e+00 6.19802348934240e-02 2.77162782101486e-04
1.60708333333333e+00 6.02218039519130e-02 2.84774153597620e-04
1.77625000000000e+00 5.85132611587742e-02 2.90948432769233e-04
1.94541666666667e+00 5.68531911555256e-02 2.95891444127563e-04
2.11458333333333e+00 5.52402187196608e-02 2.99768789817031e-04
2.28375000000000e+00 5.36730076541829e-02 3.02716483150533e-04
2.45291666666667e+00 5.21502596778066e-02 3.04848120509840e-04
2.62208333333333e+00 5.06707133291525e-02 3.06259890833203e-04
2.79125000000000e+00 4.92331429421953e-02 3.07034183172085e-04
2.96041666666667e+00 4.78363576290724e-02 3.07242254644327e-04
3.12958333333333e+00 4.64792002783656e-02 3.06946243281262e-04
3.29875000000000e+00 4.51605466118649e-02 3.06200717586242e-04
3.46791666666667e+00 4.38793042519356e-02 3.05053891963808e-04
3.63708333333333e+00 4.26344118048313e-02 3.03548590755194e-04
3.80625000000000e+00 4.14248379933108e-02 3.01723024563291e-04
3.97541666666667e+00 4.02495808013940e-02 2.99611424837084e-04
4.14458333333333e+00 3.91076666349550e-02 2.97244565007163e-04
4.31375000000000e+00 3.79981495246328e-02 2.94650193959733e-04
4.48291666666667e+00 3.69201103414826e-02 2.91853401443827e-04
4.65208333333333e+00 3.58726560280214e-02 2.88876925785820e-04
4.82125000000000e+00 3.48549188660521e-02 2.85741416131256e-04
4.99041666666667e+00 3.38660557572972e-02 2.82465658873132e-04
5.15958333333333e+00 3.29052475187843e-02 2.79066771900606e-04
5.32875000000000e+00 3.19716982104993e-02 2.75560373270585e-04
5.49791666666667e+00 3.10646344755931e-02 2.71960729683010e-04
5.66708333333333e+00 3.01833048945979e-02 2.68280885629208e-04
5.83625000000000e+00 2.93269793681481e-02 2.64532777198914e-04
6.00541666666667e+00 2.84949485118150e-02 2.60727333870531e-04
6.17458333333333e+00 2.76865230641526e-02 2.56874567969079e-04
6.34375000000000e+00 2.69010333200665e-02 2.52983654429898e-04
6.51291666666667e+00 2.61378285757420e-02 2.49063003106567e-04
6.68208333333333e+00 2.53962765859742e-02 2.45120322803735e-04
6.85125000000000e+00 2.46757630440888e-02 2.41162678915165e-04
7.02041666666667e+00 2.39756910728124e-02 2.37196546281929e-04
7.18958333333333e+00 2.32954807267395e-02 2.33227856258930e-04
7.35875000000000e+00 2.26345685150246e-02 2.29262039409153e-04
7.52791666666667e+00 2.19924069343884e-02 2.25304065055088e-04
7.69708333333333e+00 2.13684640129357e-02 2.21358476630130e-04
7.86625000000000e+00 2.07622228721337e-02 2.17429423949088e-04
8.03541666666667e+00 2.01731812984628e-02 2.13520693372543e-04
8.20458333333333e+00 1.96008513251266e-02 2.09635734832838e-04
8.37375000000000e+00 1.90447588301056e-02 2.05777686632952e-04
8.54291666666667e+00 1.85044431432533e-02 2.01949398814953e-04
8.71208333333333e+00 1.79794566627329e-02 1.98153454123306e-04
8.88125000000000e+00 1.74693644861931e-02 1.94392187322847e-04
9.05041666666667e+00 1.69737440503748e-02 1.90667703537445e-04
9.21958333333333e+00 1.64921847793784e-02 1.86981894705587e-04
9.38875000000000e+00 1.60242877462456e-02 1.83336454797662e-04
9.55791666666667e+00 1.55696653423854e-02 1.79732894361106e-04
9.72708333333333e+00 1.51279409550207e-02 1.76172553564316e-04
9.89625000000000e+00 1.46987486566793e-02 1.72656614293651e-04
1.00654166666667e+01 1.42817329019719e-02 1.69186111790881e-04
1.02345833333333e+01 1.38765482317878e-02 1.65761945189868e-04
1.04037500000000e+01 1.34828589872662e-02 1.62384886635581e-04
1.05729166666667e+01 1.31003390373026e-02 1.59055591671410e-04
1.07420833333333e+01 1.27286714960762e-02 1.55774607201900e-04
1.09112500000000e+01 1.23675484717773e-02 1.52542378148105e-04
1.10804166666667e+01 1.20166708109096e-02 1.49359257031959e-04
1.12495833333333e+01 1.16757478408017e-02 1.46225509783726e-04
1.14187500000000e+01 1.13444971386418e-02 1.43141321147346e-04
1.15879166666667e+01 1.10226442969633e-02 1.40106802646339e-04
1.17570833333333e+01 1.07099226878507e-02 1.37121997213552e-04
1.19262500000000e+01 1.04060732506796e-02 1.34186883504855e-04
1.20954166666667e+01 1.01108442770275e-02 1.31301382549823e-04
1.22645833333333e+01 9.82399119471677e-03 1.28465361446224e-04
1.24337500000000e+01 9.54527637277612e-03 1.25678636804557e-04
1.26029166666667e+01 9.27446892416614e-03 1.22940980321454e-04
1.27720833333333e+01 9.01134450796512e-03 1.20252121726598e-04
1.29412500000000e+01 8.75568515018128e-03 1.17611751530986e-04
1.31104166666667e+01 8.50727906281516e-03 1.15019525711878e-04
1.32795833333333e+01 8.26592046264457e-03 1.12475068058936e-04
1.34487500000000e+01 8.03140940662005e-03 1.09977972361891e-04
1.36179166666667e+01 7.80355162590977e-03 1.07527806358402e-04
1.37870833333333e+01 7.58215835987470e-03 1.05124113595262e-04
1.39562500000000e+01 7.36704620487723e-03 1.02766415162862e-04
1.41254166666667e+01 7.15803696206690e-03 1.00454213028400e-04
1.42945833333333e+01 6.95495748525917e-03 9.81869915043227e-05
1.44637500000000e+01 6.75763954207818e-03 9.59642186152103e-05
1.46329166666667e+01 6.56591967434440e-03 9.37853489161891e-05
1.48020833333333e+01 6.37963905868210e-03 9.16498246424113e-05
1.49712500000000e+01 6.19864337900111e-03 8.95570767771421e-05
1.51404166666667e+01 6.02278269844252e-03 8.75065274373294e-05
1.53095833333333e+01 5.85191133164070e-03 8.54975907636309e-05
1.54787500000000e+01 5.68588772762759e-03 8.35296737452302e-05
1.56479166666667e+01 5.52457435237883e-03 8.16021782403056e-05
1.58170833333333e+01 5.36783757174862e-03 7.97145016547942e-05
1.59862500000000e+01 5.21554754395229e-03 7.78660375690085e-05
1.61554166666667e+01 5.06757811183490e-03 7.60561774492750e-05
1.63245833333333e+01 4.92380669558105e-03 7.42843111546715e-05
1.64937500000000e+01 4.78411419399869e-03 7.25498274021924e-05
1.66629166666667e+01 4.64838488570487e-03 7.08521152165329e-05
1.68320833333333e+01 4.51650633078926e-03 6.91905642968552e-05
1.70012500000000e+01 4.38836928018400e-03 6.75645653505613e-05
1.71704166666667e+01 4.26386758502823e-03 6.59735113206225e-05
1.73395833333333e+01 4.14289810653382e-03 6.44167976386468e-05
1.75087500000000e+01 4.02536063278334e-03 6.28938224519328e-05
1.76779166666667e+01 3.91115779559616e-03 6.14039876615116e-05
1.78470833333333e+01 3.80019498790862e-03 5.99466990831050e-05
1.80162500000000e+01 3.69238028739511e-03 5.85213665877588e-05
1.81854166666667e+01 3.58762438021452e-03 5.71274049786105e-05
1.83545833333333e+01 3.48584048527551e-03 5.57642340775231e-05
1.85237500000000e+01 3.38694428412412e-03 5.44312787960300e-05
1.86929166666667e+01 3.29085385100108e-03 5.31279698745585e-05
1.88620833333333e+01 3.19748958341576e-03 5.18537439094078e-05
1.90312500000000e+01 3.10677413778896e-03 5.06080433678187e-05
1.92004166666667e+01 3.01863236529843e-03 4.93903172098114e-05
1.93695833333333e+01 2.93299124823403e-03 4.82000208676185e-05
1.95387500000000e+01 2.84977984092533e-03 4.70366162162908e-05
1.97079166666667e+01 2.76892921089638e-03 4.58995720953089e-05
1.98770833333333e+01 2.69037238051867e-03 4.47883642504776e-05
2.00462500000000e+01 2.61404427279162e-03 4.37024752694990e-05
2.02154166666667e+01 2.53988165736694e-03 4.26413950179966e-05
2.03845833333333e+01 2.46782309705703e-03 4.16046205521336e-05
2.05537500000000e+01 2.39780889807116e-03 4.05916560269472e-05
2.07229166666667e+01 2.32978106050641e-03 3.96020130592926e-05
2.08920833333333e+01 2.26368322930611e-03 3.86352106180100e-05
2.10612500000000e+01 2.19946064858692e-03 3.76907749114499e-05
2.12304166666667e+01 2.13706011622668e-03 3.67682396880410e-05
2.13995833333333e+01 2.07642993890155e-03 3.58671461096301e-05
2.15687500000000e+01 2.01751989016883e-03 3.49870426235037e-05
2.17379166666667e+01 1.96028116881261e-03 3.41274852097475e-05
2.19070833333333e+01 1.90466635761953e-03 3.32880372423877e-05
2.20762500000000e+01 1.85062938490938e-03 3.24682693502732e-05
2.22454166666667e+01 1.79812548632764e-03 3.16677596190907e-05
2.24145833333333e+01 1.74711116704804e-03 3.08860934441014e-05
2.25837500000000e+01 1.69754416646839e-03 3.01228633834628e-05
2.27529166666667e+01 1.64938342316453e-03 2.93776693216524e-05
2.29220833333333e+01 1.60258904023432e-03 2.86501183169042e-05
2.30912500000000e+01 1.55712225289882e-03 2.79398244498923e-05
2.32604166666667e+01 1.51294539635614e-03 2.72464089543555e-05
2.34295833333333e+01 1.47002187400513e-03 2.65695000617637e-05
2.35987500000000e+01 1.42831612771344e-03 2.59087328477427e-05
2.37679166666667e+01 1.38779360833128e-03 2.52637493348771e-05
2.39370833333333e+01 1.34842074655499e-03 2.46341983366487e-05
2.41062500000000e+01 1.31016492564304e-03 2.40197353035231e-05
2.42754166666667e+01 1.27299445436949e-03 2.34200224022099e-05
2.44445833333333e+01 1.23687854030779e-03 2.28347283605136e-05
2.46137500000000e+01 1.20178726479353e-03 2.22635283146225e-05
2.47829166666667e+01 1.16769155811582e-03 2.17061038684992e-05
2.49520833333333e+01 1.13456317501978e-03 2.11621429409496e-05
2.51212500000000e+01 1.10237467173153e-03 2.06313396153350e-05
2.52904166666667e+01 1.07109938320220e-03 2.01133941822495e-05
2.54595833333333e+01 1.04071140064462e-03 1.96080129898308e-05
2.56287500000000e+01 1.01118555045095e-03 1.91149082968530e-05
2.57979166666667e+01 9.82497373319514e-04 1.86337983013997e-05
2.59670833333333e+01 9.54623103656469e-04 1.81644069952073e-05
2.61362500000000e+01 9.27539650230460e-04 1.77064640208723e-05
2.63054166666667e+01 9.01224577026515e-04 1.72597046888474e-05
2.64745833333333e+01 8.75656084357546e-04 1.68238698364136e-05
2.66437500000000e+01 8.50812991113223e-04 1.63987056895527e-05
2.68129166666667e+01 8.26674717197952e-04 1.59839638702601e-05
2.69820833333333e+01 8.03221266210146e-04 1.55794012605792e-05
2.71512500000000e+01 7.80433209154096e-04 1.51847798695422e-05
2.73204166666667e+01 7.58291668330991e-04 1.47998668325041e-05
2.74895833333333e+01 7.36778301455633e-04 1.44244342805446e-05
2.76587500000000e+01 7.15875286710926e-04 1.40582592127475e-05
2.78279166666667e+01 6.95565307971699e-04 1.37011234890184e-05
2.79970833333333e+01 6.75831540239419e-04 1.33528137050446e-05
2.81662500000000e+01 6.56657635928791e-04 1.30131210700862e-05
2.83354166666667e+01 6.38027711314100e-04 1.26818413945226e-05
2.85045833333333e+01 6.19926333172418e-04 1.23587749704759e-05
2.86737500000000e+01 6.02338506200881e-04 1.20437264551962e-05
2.88429166666667e+01 5.85249660584392e-04 1.17365048544016e-05
2.90120833333333e+01 5.68645639746944e-04 1.14369234085940e-05
2.91812500000000e+01 5.52512688806457e-04 1.11447994820571e-05
2.93504166666667e+01 5.36837443171072e-04 1.08599545428923e-05
2.95195833333333e+01 5.21606917306548e-04 1.05822140549994e-05
2.96887500000000e+01 5.06808494143210e-04 1.03114073726465e-05
2.98579166666667e+01 4.92429914615733e-04 1.00473677179706e-05
3.00270833333333e+01 4.78459267362221e-04 9.78993207854569e-06
3.01962500000000e+01 4.64884979004859e-04 9.53894110744280e-06
3.03654166666667e+01 4.51695804555103e-04 9.29423909884227e-06
3.05345833333333e+01 4.38880817967103e-04 9.05567389107628e-06
3.07037500000000e+01 4.26429403220063e-04 8.82309677206109e-06
3.08729166666667e+01 4.14331245517240e-04 8.59636245356738e-06
3.10420833333333e+01 4.02576322622787e-04 8.37532897959475e-06
3.12112500000000e+01 3.91154896679760e-04 8.15985763703061e-06
3.13804166666667e+01 3.80057506137246e-04 7.94981292903730e-06
3.15495833333333e+01 3.69274957805598e-04 7.74506248859415e-06
3.17187500000000e+01 3.58798319349463e-04 7.54547699421677e-06
3.18879166666667e+01 3.48618911882798e-04 7.35093014284419e-06
3.20570833333333e+01 3.38728302682871e-04 7.16129856836721e-06
3.22262500000000e+01 3.29118298302669e-04 6.97646176222732e-06
3.23954166666667e+01 3.19780937778556e-04 6.79630204612170e-06
3.25645833333333e+01 3.10708485948355e-04 6.62070449532564e-06
3.27337500000000e+01 3.01893427132094e-04 6.44955686397955e-06
3.29029166666667e+01 2.93328458901600e-04 6.28274955787329e-06
3.30720833333333e+01 2.85006485952559e-04 6.12017556236305e-06
3.32412500000000e+01 2.76920614306728e-04 5.96173037214854e-06
3.34104166666667e+01 2.69064145596981e-04 5.80731196435054e-06
3.35795833333333e+01 2.61430571447376e-04 5.65682073081781e-06
3.37487500000000e+01 2.54013568153844e-04 5.51015941219258e-06
3.39179166666667e+01 2.46806991442040e-04 5.36723307145446e-06
3.40870833333333e+01 2.39804871313274e-04 5.22794903041168e-06
3.42562500000000e+01 2.33001407164217e-04 5.09221680785205e-06
3.44254166666667e+01 2.26390962978441e-04 4.95994809369130e-06
3.45945833333333e+01 2.19968062599566e-04 4.83105668944295e-06
3.47637500000000e+01 2.13727385253785e-04 4.70545845025281e-06
3.49329166666667e+01 2.07663761139208e-04 4.58307125976039e-06
3.51020833333333e+01 2.01772167090789e-04 4.46381497434464e-06
3.52712500000000e+01 1.96047722472447e-04 4.34761136884244e-06
3.54404166666667e+01 1.90485685131298e-04 4.23438411220554e-06
3.56095833333333e+01 1.85081447421877e-04 4.12405871532321e-06
3.57787500000000e+01 1.79830532437362e-04 4.01656248022982e-06
3.59479166666667e+01 1.74728590298509e-04 3.91182447661844e-06
3.61170833333333e+01 1.69771394507370e-04 3.80977549304614e-06
3.62862500000000e+01 1.64954838489645e-04 3.71034798943994e-06
3.64554166666667e+01 1.60274932190631e-04 3.61347607451056e-06
3.66245833333333e+01 1.55727798731115e-04 3.51909546015193e-06
3.67937500000000e+01 1.51309671235181e-04 3.42714341706080e-06
3.69629166666667e+01 1.47016889707779e-04 3.33755875307856e-06
3.71320833333333e+01 1.42845897967729e-04 3.25028177060282e-06
3.73012500000000e+01 1.38793240737439e-04 3.16525422514247e-06
3.74704166666667e+01 1.34855560778786e-04 3.08241930460278e-06
3.76395833333333e+01 1.31029596080266e-04 3.00172158953355e-06
3.78087500000000e+01 1.27312177187003e-04 2.92310701444828e-06
3.79779166666667e+01 1.23700224573576e-04 2.84652284805708e-06
3.81470833333333e+01 1.20190746064241e-04 2.77191765618338e-06
3.83162500000000e+01 1.16780834383404e-04 2.69924126568237e-06
3.84854166666667e+01 1.13467664745794e-04 2.62844474561819e-06
3.86545833333333e+01 1.10248492490428e-04 2.55948037268765e-06
3.88237500000000e+01 1.07120650833362e-04 2.49230159758104e-06
3.89929166666667e+01 1.04081548657222e-04 2.42686302709220e-06
3.91620833333333e+01 1.01128668341200e-04 2.36312039189598e-06
3.93312500000000e+01 9.82595636993819e-05 2.30103051520126e-06
3.95004166666667e+01 9.54718579531469e-05 2.24055129577701e-06
3.96695833333333e+01 9.27632417409462e-05 2.18164167793724e-06
3.98387500000000e+01 9.01314712268898e-05 2.12426162234347e-06
4.00079166666667e+01 8.75743662408839e-05 2.06837208992535e-06
4.01770833333333e+01 8.50898084532930e-05 2.01393501393416e-06
4.03462500000000e+01 8.26757396397309e-05 1.96091327275932e-06
4.05154166666667e+01 8.03301599750602e-05 1.90927067471838e-06
4.06845833333333e+01 7.80511263592703e-05 1.85897193204735e-06
4.08537500000000e+01 7.58367508255797e-05 1.80998263560278e-06
4.10229166666667e+01 7.36851989755679e-05 1.76226924049331e-06
4.11920833333333e+01 7.15946884437375e-05 1.71579904188229e-06
4.13612500000000e+01 6.95634874370961e-05 1.67054015145367e-06
4.15304166666667e+01 6.75899132997462e-05 1.62646148385541e-06
4.16995833333333e+01 6.56723311046369e-05 1.58353273419641e-06
4.18687500000000e+01 6.38091523137723e-05 1.54172435616153e-06
4.20379166666667e+01 6.19988334615474e-05 1.50100754923544e-06
4.22070833333333e+01 6.02398748631518e-05 1.46135423778284e-06
4.23762500000000e+01 5.85308193854427e-05 1.42273705070411e-06
4.25454166666667e+01 5.68702512392061e-05 1.38512930940753e-06
4.27145833333333e+01 5.52567947945431e-05 1.34850500836774e-06
4.28837500000000e+01 5.36891134532733e-05 1.31283879622018e-06
4.30529166666667e+01 5.21659085411075e-05 1.27810596444888e-06
4.32220833333333e+01 5.06859182211540e-05 1.24428242932474e-06
4.33912500000000e+01 4.92479164594673e-05 1.21134471434238e-06
4.35604166666667e+01 4.78507120088678e-05 1.17926993959077e-06
4.37295833333333e+01 4.64931474124379e-05 1.14803580497856e-06
4.38987500000000e+01 4.51740980545247e-05 1.11762057392308e-06
4.40679166666667e+01 4.38924712286245e-05 1.08800306337115e-06
4.42370833333333e+01 4.26472052234132e-05 1.05916262822429e-06
4.44062500000000e+01 4.14372684521461e-05 1.03107914619502e-06
4.45754166666667e+01 4.02616585976528e-05 1.00373300844561e-06
4.47445833333333e+01 3.91194017740638e-05 9.77105105131466e-07
4.49137500000000e+01 3.80095517281333e-05 9.51176811345029e-07
4.50829166666667e+01 3.69311890549653e-05 9.25929978340882e-07
4.52520833333333e+01 3.58834204291654e-05 9.01346920120542e-07
4.54212500000000e+01 3.48653778721463e-05 8.77410400389433e-07
4.55904166666667e+01 3.38762180327343e-05 8.54103624337432e-07
4.57595833333333e+01 3.29151214819943e-05 8.31410226193235e-07
4.59287500000000e+01 3.19812920410690e-05 8.09314257124468e-07
4.60979166666667e+01 3.10739561212981e-05 7.87800177543625e-07
4.62670833333333e+01 3.01923620774421e-05 7.66852845564809e-07
4.64362500000000e+01 2.93357795910552e-05 7.46457505781548e-07
4.66054166666667e+01 2.85034990651944e-05 7.26599782069049e-07
4.67745833333333e+01 2.76948310312035e-05 7.07265666880435e-07
4.69437500000000e+01 2.69091055830341e-05 6.88441510840959e-07
4.71129166666667e+01 2.61456718220275e-05 6.70114016018626e-07
4.72820833333333e+01 2.54038973128231e-05 6.52270226001130e-07
4.74512500000000e+01 2.46831675644190e-05 6.34897516249242e-07
4.76204166666667e+01 2.39828855208834e-05 6.17983587808832e-07
4.77895833333333e+01 2.33024710623202e-05 6.01516458113545e-07
4.79587500000000e+01 2.26413605288061e-05 5.85484452043981e-07
4.81279166666667e+01 2.19990062532346e-05 5.69876196055237e-07
4.82970833333333e+01 2.13748761036039e-05 5.54680609654039e-07
4.84662500000000e+01 2.07684530462914e-05 5.39886897113752e-07
4.86354166666667e+01 2.01792347175425e-05 5.25484541992830e-07
4.88045833333333e+01 1.96067330036598e-05 5.11463299238488e-07
4.89737500000000e+01 1.90504736403645e-05 4.97813187510983e-07
4.91429166666667e+01 1.85099958197339e-05 4.84524484069366e-07
4.93120833333333e+01 1.79848518051521e-05 4.71587717457081e-07
4.94812500000000e+01 1.74746065637773e-05 4.58993660392082e-07
4.96504166666667e+01 1.69788374059953e-05 4.46733324997442e-07
4.98195833333333e+01 1.64971336322532e-05 4.34797956027252e-07
4.99887500000000e+01 1.60290961958973e-05 4.23179024282065e-07
5.01579166666667e+01 1.55743373724528e-05 4.11868222163054e-07
5.03270833333333e+01 1.51324804356996e-05 4.00857457399417e-07
5.04962500000000e+01 1.47031593483722e-05 3.90138846951433e-07
5.06654166666667e+01 1.42860184587980e-05 3.79704712867920e-07
5.08345833333333e+01 1.38807122037937e-05 3.69547576479036e-07
5.10037500000000e+01 1.34869048249245e-05 3.59660152751782e-07
5.11729166666667e+01 1.31042700902387e-05 3.50035346431604e-07
5.13420833333333e+01 1.27324910217628e-05 3.40666246666950e-07
5.15112500000000e+01 1.23712596352095e-05 3.31546121784526e-07
5.16804166666667e+01 1.20202766847308e-05 3.22668415696901e-07
5.18495833333333e+01 1.16792514129761e-05 3.14026742927498e-07
5.20187500000000e+01 1.13479013123102e-05 3.05614883775175e-07
5.21879166666667e+01 1.10259518906826e-05 2.97426780970693e-07
5.23570833333333e+01 1.07131364423784e-05 2.89456535073046e-07
5.25262500000000e+01 1.04091958289703e-05 2.81698399995034e-07
5.26954166666667e+01 1.01138782645560e-05 2.74146779892407e-07
5.28645833333333e+01 9.82693910548943e-06 2.66796224904482e-07
5.30337500000000e+01 9.54814064943565e-06 2.59641427014367e-07
5.32029166666667e+01 9.27725193837448e-06 2.52677217155554e-07
5.33720833333333e+01 9.01404856573996e-06 2.45898561271606e-07
5.35412500000000e+01 8.75831249208266e-06 2.39300556486591e-07
5.37104166666667e+01 8.50983186436953e-06 2.32878428414758e-07
5.38795833333333e+01 8.26840083909038e-06 2.26627527515939e-07
5.40487500000000e+01 8.03381941315505e-06 2.20543325553404e-07
5.42179166666667e+01 7.80589325814167e-06 2.14621413093138e-07
5.43870833333333e+01 7.58443355804777e-06 2.08857496133200e-07
5.45562500000000e+01 7.36925685416361e-06 2.03247392827901e-07
5.47254166666667e+01 7.16018489303208e-06 1.97787031163980e-07
5.48945833333333e+01 6.95704447763197e-06 1.92472445843741e-07
5.50637500000000e+01 6.75966732507249e-06 1.87299775255917e-07
5.52329166666667e+01 6.56788992713053e-06 1.82265259316841e-07
5.54020833333333e+01 6.38155341375391e-06 1.77365236588632e-07
5.55712500000000e+01 6.20050342251756e-06 1.72596141478510e-07
5.57404166666667e+01 6.02458997069775e-06 1.67954502233782e-07
5.59095833333333e+01 5.85366733007518e-06 1.63436938277672e-07
5.60787500000000e+01 5.68759390718088e-06 1.59040157620204e-07
5.62479166666667e+01 5.52623212595303e-06 1.54760954996507e-07
5.64170833333333e+01 5.36944831290429e-06 1.50596209404147e-07
5.65862500000000e+01 5.21711258726580e-06 1.46542881709875e-07
5.67554166666667e+01 5.06909875335109e-06 1.42598012921441e-07
5.69245833333333e+01 4.92528419522955e-06 1.38758721911461e-07
5.70937500000000e+01 4.78554977595057e-06 1.35022203205456e-07
5.72629166666667e+01 4.64977973881151e-06 1.31385725377986e-07
5.74320833333333e+01 4.51786161075027e-06 1.27846628949163e-07
5.76012500000000e+01 4.38968610989912e-06 1.24402324340479e-07
5.77704166666667e+01 4.26514705502022e-06 1.21050290386653e-07
5.79395833333333e+01 4.14414127689534e-06 1.17788072391912e-07
5.81087500000000e+01 4.02656853352104e-06 1.14613280241082e-07
5.82779166666667e+01 3.91233142703604e-06 1.11523587019117e-07
5.84470833333333e+01 3.80133532244600e-06 1.08516727215184e-07
5.86162500000000e+01 3.69348826982857e-06 1.05590494977427e-07
5.87854166666667e+01 3.58870092813279e-06 1.02742742832651e-07
5.89545833333333e+01 3.48688649063173e-06 9.99713800271496e-08
5.91237500000000e+01 3.38796061355799e-06 9.72743709143756e-08
5.92929166666667e+01 3.29184134620671e-06 9.46497337677516e-08
5.94620833333333e+01 3.19844906255906e-06 9.20955392479970e-08
5.96312500000000e+01 3.10770639581670e-06 8.96099089137242e-08
5.98004166666667e+01 3.01953817428698e-06 8.71910141208256e-08
5.99695833333333e+01 2.93387135866633e-06 8.48370746067835e-08
6.01387500000000e+01 2.85063498198626e-06 8.25463571149639e-08
6.03079166666667e+01 2.76976009080232e-06 8.03171743744613e-08
6.04770833333333e+01 2.69117968766891e-06 7.81478837925880e-08
6.06462500000000e+01 2.61482867604945e-06 7.60368861843022e-08
6.08154166666667e+01 2.54064380637043e-06 7.39826248268061e-08
6.09845833333333e+01 2.46856362325783e-06 7.19835842520594e-08
6.11537500000000e+01 2.39852841500121e-06 7.00382890734165e-08
6.13229166666667e+01 2.33048016407033e-06 6.81453031096584e-08
6.14920833333333e+01 2.26436249871902e-06 6.63032282699797e-08
6.16612500000000e+01 2.20012064662680e-06 6.45107034704920e-08
6.18304166666667e+01 2.13770138950891e-06 6.27664038227317e-08
6.19995833333333e+01 2.07705301872608e-06 6.10690396041289e-08
6.21687500000000e+01 2.01812529275835e-06 5.94173552575865e-08
6.23379166666667e+01 1.96086939556995e-06 5.78101286398399e-08
6.25070833333333e+01 1.90523789589330e-06 5.62461700709362e-08
6.26762500000000e+01 1.85118470821834e-06 5.47243214105969e-08
6.28454166666667e+01 1.79866505460155e-06 5.32434553621322e-08
6.30145833333333e+01 1.74763542732014e-06 5.18024745949388e-08
6.31837500000000e+01 1.69805355308618e-06 5.04003108918225e-08
6.33529166666667e+01 1.64987835801500e-06 4.90359245044618e-08
6.35220833333333e+01 1.60306993337041e-06 4.77083033433841e-08
6.36912500000000e+01 1.55758950273726e-06 4.64164621908594e-08
6.38604166666667e+01 1.51339938988768e-06 4.51594421041868e-08
6.40295833333333e+01 1.47046298736165e-06 4.39363096680173e-08
6.41987500000000e+01 1.42874472635326e-06 4.27461562678358e-08
6.43679166666667e+01 1.38821004723525e-06 4.15880975376042e-08
6.45370833333333e+01 1.34882537074003e-06 4.04612726696852e-08
6.47062500000000e+01 1.31055807033555e-06 3.93648437442998e-08
6.48754166666667e+01 1.27337644518801e-06 3.82979952183022e-08
6.50445833333333e+01 1.23724969372829e-06 3.72599332883179e-08
6.52137500000000e+01 1.20214788831141e-06 3.62498852719103e-08
6.53829166666667e+01 1.16804195041594e-06 3.52670991344902e-08
6.55520833333333e+01 1.13490362639820e-06 3.43108429016050e-08
6.57212500000000e+01 1.10270546424667e-06 3.33804040878701e-08
6.58904166666667e+01 1.07142079083302e-06 3.24750892592303e-08
6.60595833333333e+01 1.04102368967297e-06 3.15942234906454e-08
6.62287500000000e+01 1.01148897960255e-06 3.07371498391366e-08
6.63979166666667e+01 9.82792193910898e-07 2.99032289388092e-08
6.65670833333333e+01 9.54909559941861e-07 2.90918385004664e-08
6.67362500000000e+01 9.27817979533051e-07 2.83023728253942e-08
6.69054166666667e+01 9.01495009874915e-07 2.75342424307439e-08
6.70745833333333e+01 8.75918844800557e-07 2.67868735878624e-08
6.72437500000000e+01 8.51068296842003e-07 2.60597078736986e-08
6.74129166666667e+01 8.26922779672644e-07 2.53522018243122e-08
6.75820833333333e+01 8.03462290945602e-07 2.46638265089515e-08
6.77512500000000e+01 7.80667395833480e-07 2.39940671162007e-08
6.79204166666667e+01 7.58519210923211e-07 2.33424226335398e-08
6.80895833333333e+01 7.36999388474792e-07 2.27084054544297e-08
6.82587500000000e+01 7.16090101321877e-07 2.20915409965335e-08
6.84279166666667e+01 6.95774028098895e-07 2.14913674054042e-08
6.85970833333333e+01 6.76034338802582e-07 2.09074351920428e-08
6.87662500000000e+01 6.56854680940915e-07 2.03393068807292e-08
6.89354166666667e+01 6.38219165982299e-07 1.97865567350536e-08
6.91045833333333e+01 6.20112356112052e-07 1.92487704236039e-08
6.92737500000000e+01 6.02519251526499e-07 1.87255446951314e-08
6.94429166666667e+01 5.85425278003115e-07 1.82164871252683e-08
6.96120833333333e+01 5.68816274753073e-07 1.77212158081810e-08
6.97812500000000e+01 5.52678482765821e-07 1.72393590569662e-08
6.99504166666667e+01 5.36998533407457e-07 1.67705551695186e-08
7.01195833333333e+01 5.21763437278613e-07 1.63144521441507e-08
7.02887500000000e+01 5.06960573522680e-07 1.58707074032754e-08
7.04579166666667e+01 4.92577679367349e-07 1.54389875769998e-08
7.06270833333333e+01 4.78602839904631e-07 1.50189682408631e-08
7.07962500000000e+01 4.65024478283051e-07 1.46103336610116e-08
7.09654166666667e+01 4.51831346114350e-07 1.42127765941963e-08
7.11345833333333e+01 4.39012514099303e-07 1.38259980459227e-08
7.13037500000000e+01 4.26557363030815e-07 1.34497070354605e-08
7.14729166666667e+01 4.14455574994205e-07 1.30836204110197e-08
7.16420833333333e+01 4.02697124768828e-07 1.27274626267362e-08
7.18112500000000e+01 3.91272271575030e-07 1.23809655259847e-08
7.19804166666667e+01 3.80171551002362e-07 1.20438681705976e-08
7.21495833333333e+01 3.69385767122804e-07 1.17159166352317e-08
7.23187500000000e+01 3.58905984920073e-07 1.13968638075682e-08
7.24879166666667e+01 3.48723522885565e-07 1.10864692305242e-08
7.26570833333333e+01 3.38829945784267e-07 1.07844989126544e-08
7.28262500000000e+01 3.29217057710021e-07 1.04907251439334e-08
7.29954166666667e+01 3.19876895293945e-07 1.02049263499843e-08
7.31645833333333e+01 3.10801721069025e-07 9.92688691727474e-09
7.33337500000000e+01 3.01984017099576e-07 9.65639702327448e-09
7.35029166666667e+01 2.93416478751480e-07 9.39325250179796e-09
7.36720833333333e+01 2.85092008605910e-07 9.13725468184932e-09
7.38412500000000e+01 2.77003710615512e-07 8.88821023104166e-09
7.40104166666667e+01 2.69144884389991e-07 8.64593103121696e-09
7.41795833333333e+01 2.61509019613510e-07 8.41023402988161e-09
7.43487500000000e+01 2.54089790684058e-07 8.18094109585933e-09
7.45179166666667e+01 2.46881051471742e-07 7.95787890441418e-09
7.46870833333333e+01 2.39876830198184e-07 7.74087880029984e-09
7.48562500000000e+01 2.33071324519120e-07 7.52977666469649e-09
7.50254166666667e+01 2.26458896716298e-07 7.32441280912014e-09
7.51945833333333e+01 2.20034069000639e-07 7.12463184918383e-09
7.53637500000000e+01 2.13791519001418e-07 6.93028258194253e-09
7.55329166666667e+01 2.07726075355901e-07 6.74121788792462e-09
7.57020833333333e+01 2.01832713401198e-07 6.55729461477274e-09
7.58712500000000e+01 1.96106551036414e-07 6.37837346418818e-09
7.60404166666667e+01 1.90542844677119e-07 6.20431890146998e-09
7.62095833333333e+01 1.85136985303726e-07 6.03499904826701e-09
7.63787500000000e+01 1.79884494665771e-07 5.87028557837546e-09
7.65479166666667e+01 1.74781021571048e-07 5.71005363421697e-09
7.67170833333333e+01 1.69822338260991e-07 5.55418172799317e-09
7.68862500000000e+01 1.65004336928812e-07 5.40255164564722e-09
7.70554166666667e+01 1.60323026315600e-07 5.25504836975456e-09
7.72245833333333e+01 1.55774528385659e-07 5.11155998842592e-09
7.73937500000000e+01 1.51355075132541e-07 4.97197760679708e-09
7.75629166666667e+01 1.47061005456729e-07 4.83619527584535e-09
7.77320833333333e+01 1.42888762116099e-07 4.70410990843723e-09
7.79012500000000e+01 1.38834888796048e-07 4.57562119776024e-09
7.80704166666667e+01 1.34896027245463e-07 4.45063155161436e-09
7.82395833333333e+01 1.31068914479543e-07 4.32904601504719e-09
7.84087500000000e+01 1.27350380092189e-07 4.21077219518666e-09
7.85779166666667e+01 1.23737343628885e-07 4.09572020059098e-09
7.87470833333333e+01 1.20226812021002e-07 3.98380256995736e-09
7.89162500000000e+01 1.16815877120411e-07 3.87493420285610e-09
7.90854166666667e+01 1.13501713289690e-07 3.76903230375348e-09
7.92545833333333e+01 1.10281575048745e-07 3.66601631632019e-09
7.94237500000000e+01 1.07152794813275e-07 3.56580785960626e-09
7.95929166666667e+01 1.04112780684325e-07 3.46833067638023e-09
7.97620833333333e+01 1.01159014289654e-07 3.37351057260004e-09
7.99312500000000e+01 9.82890487091984e-08 3.28127535860360e-09
8.01004166666667e+01 9.55005064474829e-08 3.19155480143480e-09
8.02695833333333e+01 9.27910774536114e-08 3.10428056907330e-09
8.04387500000000e+01 9.01585172182773e-08 3.01938617624907e-09
8.06079166666667e+01 8.76006449138943e-08 2.93680694045035e-09
8.07770833333333e+01 8.51153415784395e-08 2.85647993054024e-09
8.09462500000000e+01 8.27005483698175e-08 2.77834391683335e-09
8.11154166666667e+01 8.03542648598431e-08 2.70233933050420e-09
8.12845833333333e+01 7.80745473683740e-08 2.62840821624728e-09
8.14537500000000e+01 7.58595073620178e-08 2.55649418628261e-09
8.16229166666667e+01 7.37073098892416e-08 2.48654238290384e-09
8.17920833333333e+01 7.16161720523549e-08 2.41849943486552e-09
8.19612500000000e+01 6.95843615386264e-08 2.35231341500965e-09
8.21304166666667e+01 6.76101951848447e-08 2.28793380571304e-09
8.22995833333333e+01 6.56920375757448e-08 2.22531145870962e-09
8.24687500000000e+01 6.38282996965862e-08 2.16439855605464e-09
8.26379166666667e+01 6.20174376164555e-08 2.10514857824869e-09
8.28070833333333e+01 6.02579512026735e-08 2.04751626722588e-09
8.29762500000000e+01 5.85483828847909e-08 1.99145759039404e-09
8.31454166666667e+01 5.68873164468114e-08 1.93692971122977e-09
8.33145833333333e+01 5.52733758479801e-08 1.88389095518441e-09
8.34837500000000e+01 5.37052240889853e-08 1.83230077655898e-09
8.36529166666667e+01 5.21815621040909e-08 1.78211973138033e-09
8.38220833333333e+01 5.07011276795040e-08 1.73330944599593e-09
8.39912500000000e+01 4.92626944133305e-08 1.68583258656126e-09
8.41604166666667e+01 4.78650706993531e-08 1.63965283402152e-09
8.43295833333333e+01 4.65070987349022e-08 1.59473485518410e-09
8.44987500000000e+01 4.51876535668141e-08 1.55104427461348e-09
8.46679166666667e+01 4.39056421592725e-08 1.50854765155629e-09
8.48370833333333e+01 4.26600024837771e-08 1.46721245329703e-09
8.50062500000000e+01 4.14497026439921e-08 1.42700702927125e-09
8.51754166666667e+01 4.02737400206982e-08 1.38790058978425e-09
8.53445833333333e+01 3.91311404370642e-08 1.34986318147068e-09
8.55137500000000e+01 3.80209573558634e-08 1.31286566345167e-09
8.56829166666667e+01 3.69422710951568e-08 1.27687968770890e-09
8.58520833333333e+01 3.58941880626367e-08 1.24187767648262e-09
8.60212500000000e+01 3.48758400192266e-08 1.20783280031214e-09
8.61904166666667e+01 3.38863833596451e-08 1.17471895993747e-09
8.63595833333333e+01 3.29249984101049e-08 1.14251076548324e-09
8.65287500000000e+01 3.19908887528082e-08 1.11118351623458e-09
8.66979166666667e+01 3.10832805660228e-08 1.08071318394814e-09
8.68670833333333e+01 3.02014219798954e-08 1.05107639368159e-09
8.70362500000000e+01 2.93445824568054e-08 1.02225040516822e-09
8.72054166666667e+01 2.85120521860321e-08 9.94213097428477e-10
8.73745833333333e+01 2.77031414928716e-08 9.66942951115435e-10
8.75437500000000e+01 2.69171802702313e-08 9.40419031362298e-10
8.77129166666667e+01 2.61535174233714e-08 9.14620973593814e-10
8.78820833333333e+01 2.54115203279154e-08 8.89528967268378e-10
8.80512500000000e+01 2.46905743084478e-08 8.65123740082485e-10
8.82204166666667e+01 2.39900821291875e-08 8.41386544889019e-10
8.83895833333333e+01 2.33094634968463e-08 8.18299144725996e-10
8.85587500000000e+01 2.26481545823426e-08 7.95843798271049e-10
8.87279166666667e+01 2.20056075536081e-08 7.74003247780933e-10
8.88970833333333e+01 2.13812901195818e-08 7.52760705305398e-10
8.90662500000000e+01 2.07746850914759e-08 7.32099839293183e-10
8.92354166666667e+01 2.01852899542289e-08 7.12004763473532e-10
8.94045833333333e+01 1.96126164482327e-08 6.92460024161865e-10
8.95737500000000e+01 1.90561901668789e-08 6.73450587926445e-10
8.97429166666667e+01 1.85155501634622e-08 6.54961831338760e-10
8.99120833333333e+01 1.79902485675177e-08 6.36979529284858e-10
9.00812500000000e+01 1.74798502156479e-08 6.19489843609078e-10
9.02504166666667e+01 1.69839322909435e-08 6.02479313665841e-10
9.04195833333333e+01 1.65020839710674e-08 5.85934845557259e-10
9.05887500000000e+01 1.60339060896099e-08 5.69843701676832e-10
9.07579166666667e+01 1.55790108053379e-08 5.54193492000391e-10
9.09270833333333e+01 1.51370212793972e-08 5.38972164176855e-10
9.10962500000000e+01 1.47075713646727e-08 5.24167993900825e-10
9.12654166666667e+01 1.42903053023978e-08 5.09769576885230e-10
9.14345833333333e+01 1.38848774260662e-08 4.95765819737872e-10
9.16037500000000e+01 1.34909518764809e-08 4.82145931097446e-10
9.17729166666667e+01 1.31082023234600e-08 4.68899414234834e-10
9.19420833333333e+01 1.27363116942491e-08 4.56016058653367e-10
9.21112500000000e+01 1.23749719121334e-08 4.43485931927978e-10
9.22804166666667e+01 1.20238836411656e-08 4.31299372886191e-10
9.24495833333333e+01 1.16827560370494e-08 4.19446983874894e-10
9.26187500000000e+01 1.13513065073684e-08 4.07919623247052e-10
9.27879166666667e+01 1.10292604774297e-08 3.96708399077245e-10
9.29570833333333e+01 1.07163511617609e-08 3.85804662042253e-10
9.31262500000000e+01 1.04123193441666e-08 3.75199998504134e-10
9.32954166666667e+01 1.01169131629422e-08 3.64886224718659e-10
9.34645833333333e+01 9.82988790127794e-09 3.54855380281149e-10
9.36337500000000e+01 9.55100578550400e-09 3.45099721758745e-10
9.38029166666667e+01 9.28003578807169e-09 3.35611717353292e-10
9.39720833333333e+01 9.01675343530015e-09 3.26384040867717e-10
9.41412500000000e+01 8.76094062230595e-09 3.17409565844052e-10
9.43104166666667e+01 8.51238543228206e-09 3.08681360645289e-10
9.44795833333333e+01 8.27088196015212e-09 3.00192682901099e-10
9.46487500000000e+01 8.03623014280483e-09 2.91936974111576e-10
9.48179166666667e+01 7.80823559332248e-09 2.83907855115357e-10
9.49870833333333e+01 7.58670943922651e-09 2.76099120976736e-10
9.51562500000000e+01 7.37146816675110e-09 2.68504736018249e-10
9.53254166666667e+01 7.16233346878457e-09 2.61118829644878e-10
9.54945833333333e+01 6.95913209649894e-09 2.53935691637613e-10
9.56637500000000e+01 6.76169571650165e-09 2.46949767580890e-10
9.58329166666667e+01 6.56986077135558e-09 2.40155655015066e-10
9.60020833333333e+01 6.38346834348506e-09 2.33548099104208e-10
9.61712500000000e+01 6.20236402414088e-09 2.27121988427131e-10
9.63404166666667e+01 6.02639778545825e-09 2.20872351432449e-10
9.65095833333333e+01 5.85542385562362e-09 2.14794352450938e-10
9.66787500000000e+01 5.68930059867589e-09 2.08883287821341e-10
9.68479166666667e+01 5.52789039714805e-09 2.03134582624334e-10
9.70170833333333e+01 5.37105953756289e-09 1.97543787012136e-10
9.71862500000000e+01 5.21867810017443e-09 1.92106572642559e-10
9.73554166666667e+01 5.07061985131769e-09 1.86818729670031e-10
9.75245833333333e+01 4.92676213837859e-09 1.81676163367310e-10
9.76937500000000e+01 4.78698578865365e-09 1.76674890843312e-10
9.78629166666667e+01 4.65117501060476e-09 1.71811038271078e-10
9.80320833333333e+01 4.51921729751940e-09 1.67080837778408e-10
9.82012500000000e+01 4.39100333473454e-09 1.62480624426954e-10
9.83704166666667e+01 4.26642690905973e-09 1.58006833658566e-10
9.85395833333333e+01 4.14538482040864e-09 1.53655998433496e-10
9.87087500000000e+01 4.02777679669542e-09 1.49424746450035e-10
9.88779166666667e+01 3.91350541075045e-09 1.45309797792108e-10
9.90470833333333e+01 3.80247599926360e-09 1.41307962295402e-10
9.92162500000000e+01 3.69459658471855e-09 1.37416136988442e-10
9.93854166666667e+01 3.58977779918147e-09 1.33631303925654e-10
9.95545833333333e+01 3.48793280995089e-09 1.29950527763323e-10
9.97237500000000e+01 3.38897724794808e-09 1.26370953404523e-10
9.98929166666667e+01 3.29282913780999e-09 1.22889804003085e-10
1.00062083333333e+02 3.19940882969096e-09 1.19504378816519e-10
1.00231250000000e+02 3.10863893330790e-09 1.16212050619884e-10
1.00400416666667e+02 3.02044425515109e-09 1.13010264615328e-10
1.00569583333333e+02 2.93475173326086e-09 1.09896536063137e-10
1.00738750000000e+02 2.85149037939399e-09 1.06868447434894e-10
1.00907916666667e+02 2.77059122009072e-09 1.03923648207359e-10
1.01077083333333e+02 2.69198723712642e-09 1.01059852241180e-10
1.01246250000000e+02 2.61561331444957e-09 9.82748352540645e-11
1.01415416666667e+02 2.54140618412434e-09 9.55664346219060e-11
1.01584583333333e+02 2.46930437171921e-09 9.29325469703901e-11
1.01753750000000e+02 2.39924814762301e-09 9.03711258533165e-11
1.01922916666667e+02 2.33117947745968e-09 8.78801815612317e-11
1.02092083333333e+02 2.26504197200445e-09 8.54577789086570e-11
1.02261250000000e+02 2.20078084251679e-09 8.31020351009102e-11
1.02430416666667e+02 2.13834285525738e-09 8.08111195504069e-11
1.02599583333333e+02 2.07767628555643e-09 7.85832518436265e-11
1.02768750000000e+02 2.01873087683214e-09 7.64166997811451e-11
1.02937916666667e+02 1.96145779887057e-09 7.43097792016787e-11
1.03107083333333e+02 1.90580960570169e-09 7.22608521142012e-11
1.03276250000000e+02 1.85174019799946e-09 7.02683248971305e-11
1.03445416666667e+02 1.79920478481319e-09 6.83306481301259e-11
1.03614583333333e+02 1.74815984493567e-09 6.64463148779462e-11
1.03783750000000e+02 1.69856309240580e-09 6.46138590358764e-11
1.03952916666667e+02 1.65037344140602e-09 6.28318551692315e-11
1.04122083333333e+02 1.60355097083285e-09 6.10989169366353e-11
1.04291250000000e+02 1.55805689264624e-09 5.94136955698214e-11
1.04460416666667e+02 1.51385351967101e-09 5.77748797207413e-11
1.04629583333333e+02 1.47090423310438e-09 5.61811940129492e-11
1.04798750000000e+02 1.42917345347716e-09 5.46313976448693e-11
1.04967916666667e+02 1.38862661111892e-09 5.31242842443787e-11
1.05137083333333e+02 1.34923011635901e-09 5.16586805378894e-11
1.05306250000000e+02 1.31095133288410e-09 5.02334450670629e-11
1.05475416666667e+02 1.27375855064675e-09 4.88474680506987e-11
1.05644583333333e+02 1.23762095853657e-09 4.74996701619606e-11
1.05813750000000e+02 1.20250861993642e-09 4.61890013493291e-11
1.05982916666667e+02 1.16839244787219e-09 4.49144407056013e-11
1.06152083333333e+02 1.13524417994938e-09 4.36749953444790e-11
1.06321250000000e+02 1.10303635592644e-09 4.24696993172969e-11
1.06490416666667e+02 1.07174229492052e-09 4.12976134889233e-11
1.06659583333333e+02 1.04133607242145e-09 4.01578245056411e-11
1.06828750000000e+02 1.01179249971598e-09 3.90494437998751e-11
1.06997916666667e+02 9.83087102979251e-10 3.79716074727653e-11
1.07167083333333e+02 9.55196102194057e-10 3.69234753459255e-11
1.07336250000000e+02 9.28096392273201e-10 3.59042300470283e-11
1.07505416666667e+02 9.01765523880727e-10 3.49130768988108e-11
1.07674583333333e+02 8.76181684098476e-10 3.39492430478982e-11
1.07843750000000e+02 8.51323679106460e-10 3.30119766246813e-11
1.08012916666667e+02 8.27170916590743e-10 3.21005466385074e-11
1.08182083333333e+02 8.03703388012444e-10 3.12142421773100e-11
1.08351250000000e+02 7.80901652717572e-10 3.03523716357470e-11
1.08520416666667e+02 7.58746821800286e-10 2.95142626163252e-11
1.08689583333333e+02 7.37220541841507e-10 2.86992611940847e-11
1.08858750000000e+02 7.16304980330257e-10 2.79067312074553e-11
1.09027916666667e+02 6.95982810861896e-10 2.71360541650626e-11
1.09197083333333e+02 6.76237198224517e-10 2.63866285701809e-11
1.09366250000000e+02 6.57051785023560e-10 2.56578692692151e-11
1.09535416666667e+02 6.38410678104595e-10 2.49492073639342e-11
1.09704583333333e+02 6.20298434875758e-10 2.42600895908413e-11
1.09873750000000e+02 6.02700051036362e-10 2.35899777225977e-11
1.10042916666667e+02 5.85600948122904e-10 2.29383484854349e-11
1.10212083333333e+02 5.68986960965093e-10 2.23046929889773e-11
1.10381250000000e+02 5.52844326427343e-10 2.16885161763117e-11
1.10550416666667e+02 5.37159671985093e-10 2.10893367463300e-11
1.10719583333333e+02 5.21920004220448e-10 2.05066866299056e-11
1.10888750000000e+02 5.07112698492973e-10 1.99401104846566e-11
1.11057916666667e+02 4.92725488461088e-10 1.93891656219753e-11
1.11227083333333e+02 4.78746455531140e-10 1.88534215257941e-11
1.11396250000000e+02 4.65164019380820e-10 1.83324593884113e-11
1.11565416666667e+02 4.51966928347435e-10 1.78258720419718e-11
1.11734583333333e+02 4.39144249751389e-10 1.73332635163592e-11
1.11903750000000e+02 4.26685361201851e-10 1.68542486127513e-11
1.12072916666667e+02 4.14579941780195e-10 1.63884528393200e-11
1.12242083333333e+02 4.02817963165405e-10 1.59355120050711e-11
1.12411250000000e+02 3.91389681657440e-10 1.54950718280641e-11
1.12580416666667e+02 3.80285630090053e-10 1.50667878751079e-11
1.12749583333333e+02 3.69496609691660e-10 1.46503251886273e-11
1.12918750000000e+02 3.59013682767158e-10 1.42453579267303e-11
1.13087916666667e+02 3.48828165279794e-10 1.38515693066847e-11
1.13257083333333e+02 3.38931619386522e-10 1.34686512621275e-11
1.13426250000000e+02 3.29315846723951e-10 1.30963041123919e-11
1.13595416666667e+02 3.19972881603895e-10 1.27342365095567e-11
1.13764583333333e+02 3.10894984167330e-10 1.23821651235319e-11
1.13933750000000e+02 3.02074634224591e-10 1.20398143382696e-11
1.14102916666667e+02 2.93504525013855e-10 1.17069162021850e-11
1.14272083333333e+02 2.85177556922410e-10 1.13832101388539e-11
1.14441250000000e+02 2.77086831835366e-10 1.10684426679215e-11
1.14610416666667e+02 2.69225647410492e-10 1.07623673587046e-11
1.14779583333333e+02 2.61587491319781e-10 1.04647445644185e-11
1.14948750000000e+02 2.54166036064707e-10 1.01753411657774e-11
1.15117916666667e+02 2.46955133724692e-10 9.89393052759474e-12
1.15287083333333e+02 2.39948810675850e-10 9.62029225462587e-12
1.15456250000000e+02 2.33141262834276e-10 9.35421195601705e-12
1.15625416666667e+02 2.26526850838967e-10 9.09548120472780e-12
1.15794583333333e+02 2.20100095208188e-10 8.84389731323319e-12
1.15963750000000e+02 2.13855671975476e-10 8.59926311712667e-12
1.16132916666667e+02 2.07788408271056e-10 8.36138693719748e-12
1.16302083333333e+02 2.01893277879578e-10 8.13008237337818e-12
1.16471250000000e+02 1.96165397236403e-10 7.90516810594442e-12
1.16640416666667e+02 1.90600021374561e-10 7.68646786008915e-12
1.16809583333333e+02 1.85192539850589e-10 7.47381021663156e-12
1.16978750000000e+02 1.79938473071355e-10 7.26702842938378e-12
1.17147916666667e+02 1.74833468576331e-10 7.06596039207073e-12
1.17317083333333e+02 1.69873297301005e-10 6.87044846443774e-12
1.17486250000000e+02 1.65053850206984e-10 6.68033930447044e-12
1.17655416666667e+02 1.60371134871816e-10 6.49548383751642e-12
1.17824583333333e+02 1.55821272062023e-10 6.31573709653999e-12
1.17993750000000e+02 1.51400492641428e-10 6.14095806798757e-12
1.18162916666667e+02 1.47105134443099e-10 5.97100966297528e-12
1.18332083333333e+02 1.42931639126331e-10 5.80575857054054e-12
1.18501250000000e+02 1.38876549340242e-10 5.64507511604405e-12
1.18670416666667e+02 1.34936505854491e-10 5.48883323429477e-12
1.18839583333333e+02 1.31108244676683e-10 5.33691033474101e-12
1.19008750000000e+02 1.27388594450156e-10 5.18918717138994e-12
1.19177916666667e+02 1.23774473822068e-10 5.04554781774852e-12
1.19347083333333e+02 1.20262888799646e-10 4.90587954298316e-12
1.19516250000000e+02 1.16850930362826e-10 4.77007269242053e-12
1.19685416666667e+02 1.13535772050081e-10 4.63802066418900e-12
1.19854583333333e+02 1.10314667533706e-10 4.50961979545540e-12
1.20023750000000e+02 1.07184948429591e-10 4.38476925264666e-12
1.20192916666667e+02 1.04144022082763e-10 4.26337100968331e-12
1.20362083333333e+02 1.01189369343570e-10 4.14532974347365e-12
1.20531250000000e+02 9.83185425582971e-11 4.03055273306588e-12
1.20700416666667e+02 9.55291635379110e-11 3.91894983937162e-12
1.20869583333333e+02 9.28189215184904e-11 3.81043340916434e-12
1.21038750000000e+02 9.01855713177632e-11 3.70491818243609e-12
1.21207916666667e+02 8.76269314718868e-11 3.60232127351447e-12
1.21377083333333e+02 8.51408823648647e-11 3.50256208287366e-12
1.21546250000000e+02 8.27253645373020e-11 3.40556221202852e-12
1.21715416666667e+02 8.03783769773255e-11 3.31124544595425e-12
1.21884583333333e+02 7.80979754049792e-11 3.21953767207462e-12
1.22053750000000e+02 7.58822707206334e-11 3.13036680208069e-12
1.22222916666667e+02 7.37294274372922e-11 3.04366275556773e-12
1.22392083333333e+02 7.16376621071261e-11 2.95935738561685e-12
1.22561250000000e+02 6.96052418980044e-11 2.87738440697495e-12
1.22730416666667e+02 6.76304831554939e-11 2.79767938082885e-12
1.22899583333333e+02 6.57117499597512e-11 2.72017964644404e-12
1.23068750000000e+02 6.38474528195994e-11 2.64482425518854e-12
1.23237916666667e+02 6.20360473534900e-11 2.57155395636876e-12
1.23407083333333e+02 6.02760329659521e-11 2.50031113443253e-12
1.23576250000000e+02 5.85659516495100e-11 2.43103974836195e-12
1.23745416666667e+02 5.69043867747651e-11 2.36368531849990e-12
1.23914583333333e+02 5.52899618764971e-11 2.29819486886486e-12
1.24083750000000e+02 5.37213395545175e-11 2.23451687147574e-12
1.24252916666667e+02 5.21972203638454e-11 2.17260123410314e-12
1.24422083333333e+02 5.07163417013739e-11 2.11239924727982e-12
1.24591250000000e+02 4.92774767974919e-11 2.05386353315650e-12
1.24760416666667e+02 4.78794336980726e-11 1.99694803411540e-12
1.24929583333333e+02 4.65210542433725e-11 1.94160796409446e-12
1.25098750000000e+02 4.52012131429280e-11 1.88779976160552e-12
1.25267916666667e+02 4.39188170417595e-11 1.83548107915196e-12
1.25437083333333e+02 4.26728035838632e-11 1.78461073851549e-12
1.25606250000000e+02 4.14621405635038e-11 1.73514868759824e-12
1.25775416666667e+02 4.02858250686703e-11 1.68705599058969e-12
1.25944583333333e+02 3.91428826221492e-11 1.64029478689390e-12
1.26113750000000e+02 3.80323664029073e-11 1.59482825148425e-12
1.26282916666667e+02 3.69533564604063e-11 1.55062058576861e-12
1.26452083333333e+02 3.59049589268314e-11 1.50763697986067e-12
1.26621250000000e+02 3.48863053027756e-11 1.46584357616154e-12
1.26790416666667e+02 3.38965517365518e-11 1.42520746087558e-12
1.26959583333333e+02 3.29348783016807e-11 1.38569662935344e-12
1.27128750000000e+02 3.20004883415677e-11 1.34727995263824e-12
1.27297916666667e+02 3.10926078084355e-11 1.30992716958697e-12
1.27467083333333e+02 3.02104846006641e-11 1.27360885503555e-12
1.27636250000000e+02 2.93533879615890e-11 1.23829638906824e-12
1.27805416666667e+02 2.85206078731221e-11 1.20396194970291e-12
1.27974583333333e+02 2.77114544479853e-11 1.17057848364832e-12
1.28143750000000e+02 2.69252573781613e-11 1.13811967807532e-12
1.28312916666667e+02 2.61613653786773e-11 1.10655995382680e-12
1.28482083333333e+02 2.54191456301859e-11 1.07587443855630e-12
1.28651250000000e+02 2.46979832729667e-11 1.04603894079735e-12
1.28820416666667e+02 2.39972808967249e-11 1.01702994366174e-12
1.28989583333333e+02 2.33164580293465e-11 9.88824580165537e-13
1.29158750000000e+02 2.26549506726905e-11 9.61400609409554e-13
1.29327916666667e+02 2.20122108345950e-11 9.34736410731894e-13
1.29497083333333e+02 2.13877060599815e-11 9.08810961043380e-13
1.29666250000000e+02 2.07809190049868e-11 8.83603812947340e-13
1.29835416666667e+02 2.01913470076850e-11 8.59095089314526e-13
1.30004583333333e+02 1.96185016580320e-11 8.35265462464433e-13
1.30173750000000e+02 1.90619084071718e-11 8.12096134066624e-13
1.30342916666667e+02 1.85211061736703e-11 7.89568830108415e-13
1.30512083333333e+02 1.79956469490837e-11 7.67665781771719e-13
1.30681250000000e+02 1.74850954395333e-11 7.46369706970931e-13
1.30850416666667e+02 1.69890287045142e-11 7.25663805685698e-13
1.31019583333333e+02 1.65070357951359e-11 7.05531742395338e-13
1.31188750000000e+02 1.60387174253005e-11 6.85957629120071e-13
1.31357916666667e+02 1.55836856403924e-11 6.66926021093046e-13
1.31527083333333e+02 1.51415634854834e-11 6.48421900625526e-13
1.31696250000000e+02 1.47119847036708e-11 6.30430661529107e-13
1.31865416666667e+02 1.42945934321745e-11 6.12938105103008e-13
1.32034583333333e+02 1.38890438980258e-11 5.95930425313497e-13
1.32203750000000e+02 1.34950001413214e-11 5.79394194484724e-13
1.32372916666667e+02 1.31121357364612e-11 5.63316359578854e-13
1.32542083333333e+02 1.27401335130438e-11 5.47684228582739e-13
1.32711250000000e+02 1.23786853019786e-11 5.32485457364100e-13
1.32880416666667e+02 1.20274916797846e-11 5.17708046223627e-13
1.33049583333333e+02 1.16862617126045e-11 5.03340327390623e-13
1.33218750000000e+02 1.13547127232869e-11 4.89370952949661e-13
1.33387916666667e+02 1.10325700568389e-11 4.75788891645230e-13
1.33557083333333e+02 1.07195668456428e-11 4.62583417396050e-13
1.33726250000000e+02 1.04154437957774e-11 4.49744098205076e-13
1.33895416666667e+02 1.01199489718740e-11 4.37260793198595e-13
1.34064583333333e+02 9.83283758177914e-12 4.25123642076270e-13
1.34233750000000e+02 9.55387178052669e-12 4.13323054924416e-13
1.34402916666667e+02 9.28282047299111e-12 4.01849709472743e-13
1.34572083333333e+02 9.01945911638660e-12 3.90694541403936e-13
1.34741250000000e+02 8.76356954043085e-12 3.79848734996655e-13
1.34910416666667e+02 8.51493976632438e-12 3.69303720584257e-13
1.35079583333333e+02 8.27336382560792e-12 3.59051165653910e-13
1.35248750000000e+02 8.03864159518096e-12 3.49082966251789e-13
1.35417916666667e+02 7.81057863125627e-12 3.39391244629214e-13
1.35587083333333e+02 7.58898600322056e-12 3.29968341066978e-13
1.35756250000000e+02 7.37368014228099e-12 3.20806805980682e-13
1.35925416666667e+02 7.16448268915601e-12 3.11899397740749e-13
1.36094583333333e+02 6.96122034169647e-12 3.03239075162910e-13
1.36263750000000e+02 6.76372471603457e-12 2.94818990256682e-13
1.36432916666667e+02 6.57183220687456e-12 2.86632486206646e-13
1.36602083333333e+02 6.38538384773465e-12 2.78673090474841e-13
1.36771250000000e+02 6.20422518356554e-12 2.70934508139994e-13
1.36940416666667e+02 6.02820614259892e-12 2.63410620028383e-13
1.37109583333333e+02 5.85718090816445e-12 2.56095476378307e-13
1.37278750000000e+02 5.69100780183086e-12 2.48983290721957e-13
1.37447916666667e+02 5.52954916585580e-12 2.42068438154979e-13
1.37617083333333e+02 5.37267124561936e-12 2.35345449517224e-13
1.37786250000000e+02 5.22024408241848e-12 2.28809005773097e-13
1.37955416666667e+02 5.07214140564120e-12 2.22453936409695e-13
1.38124583333333e+02 4.92824052493732e-12 2.16275214091806e-13
1.38293750000000e+02 4.78842223186872e-12 2.10267949500111e-13
1.38462916666667e+02 4.65257070100367e-12 2.04427389848532e-13
1.38632083333333e+02 4.52057339101801e-12 1.98748913974836e-13
1.38801250000000e+02 4.39232095446998e-12 1.93228027599417e-13
1.38970416666667e+02 4.26770714707655e-12 1.87860361953127e-13
1.39139583333333e+02 4.14662873700550e-12 1.82641669267987e-13
1.39308750000000e+02 4.02898542210365e-12 1.77567818422315e-13
1.39477916666667e+02 3.91467974667837e-12 1.72634793670928e-13
1.39647083333333e+02 3.80361701830213e-12 1.67838690503390e-13
1.39816250000000e+02 3.69570523187837e-12 1.63175711643990e-13
1.39985416666667e+02 3.59085499330749e-12 1.58642165876817e-13
1.40154583333333e+02 3.48897944318143e-12 1.54234464241590e-13
1.40323750000000e+02 3.38999418712263e-12 1.49949116359602e-13
1.40492916666667e+02 3.29381722576469e-12 1.45782729346683e-13
1.40662083333333e+02 3.20036888476655e-12 1.41732004319107e-13
1.40831250000000e+02 3.10957175090619e-12 1.37793733018947e-13
1.41000416666667e+02 3.02135060785373e-12 1.33964796808460e-13
1.41169583333333e+02 2.93563237198164e-12 1.30242163460803e-13
1.41338750000000e+02 2.85234603373791e-12 1.26622884060413e-13
1.41507916666667e+02 2.77142259873234e-12 1.23104092072801e-13
1.41677083333333e+02 2.69279502886280e-12 1.19683000396884e-13
1.41846250000000e+02 2.61639818853171e-12 1.16356898517973e-13
1.42015416666667e+02 2.54216879060603e-12 1.13123151647415e-13
1.42184583333333e+02 2.47004534241918e-12 1.09979198015215e-13
1.42353750000000e+02 2.39996809643085e-12 1.06922546255060e-13
1.42522916666667e+02 2.33187900065741e-12 1.03950774608634e-13
1.42692083333333e+02 2.26572164914583e-12 1.01061528438952e-13
1.42861250000000e+02 2.20144123670956e-12 9.82525178285192e-14
1.43030416666667e+02 2.13898451345976e-12 9.55215168435266e-14
1.43199583333333e+02 2.07829973938062e-12 9.28663612499075e-14
1.43368750000000e+02 2.01933664280481e-12 9.02849463072718e-14
1.43537916666667e+02 1.96204637870611e-12 8.77752260885327e-14
1.43707083333333e+02 1.90638148703655e-12 8.53352113821729e-14
1.43876250000000e+02 1.85229585463251e-12 8.29629676659973e-14
1.44045416666667e+02 1.79974467695751e-12 8.06566144780723e-14
1.44214583333333e+02 1.74868441988970e-12 7.84143234900242e-14
1.44383750000000e+02 1.69907278477510e-12 7.62343166459620e-14
1.44552916666667e+02 1.65086867333530e-12 7.41148655809144e-14
1.44722083333333e+02 1.60403215261937e-12 7.20542898512144e-14
1.44891250000000e+02 1.55852442294439e-12 7.00509552251368e-14
1.45060416666667e+02 1.51430778570610e-12 6.81032731452916e-14
1.45229583333333e+02 1.47134561123330e-12 6.62096991032960e-14
1.45398750000000e+02 1.42960230937702e-12 6.43687310697586e-14
1.45567916666667e+02 1.38904329998414e-12 6.25789089973498e-14
1.45737083333333e+02 1.34963498341369e-12 6.08388133280052e-14
1.45906250000000e+02 1.31134471355605e-12 5.91470635509016e-14
1.46075416666667e+02 1.27414077074903e-12 5.75023177431620e-14
1.46244583333333e+02 1.23799233473587e-12 5.59032711987860e-14
1.46413750000000e+02 1.20286945991348e-12 5.43486551041901e-14
1.46582916666667e+02 1.16874305048912e-12 5.28372361137319e-14
1.46752083333333e+02 1.13558483567774e-12 5.13678150904449e-14
1.46921250000000e+02 1.10336734699522e-12 4.99392258895613e-14
1.47090416666667e+02 1.07206389547021e-12 4.85503349662473e-14
1.47259583333333e+02 1.04164854889540e-12 4.72000402190301e-14
1.47428750000000e+02 1.01209611099681e-12 4.58872698725025e-14
1.47597916666667e+02 9.83382100530793e-13 4.46109821148531e-14
1.47767083333333e+02 9.55482730419101e-13 4.33701640356123e-14
1.47936250000000e+02 9.28374888639246e-13 4.21638305994591e-14
1.48105416666667e+02 9.02036119050731e-13 4.09910243113044e-14
1.48274583333333e+02 8.76444602257892e-13 3.98508142406720e-14
1.48443750000000e+02 8.51579138079158e-13 3.87422950791787e-14
1.48612916666667e+02 8.27419127959434e-13 3.76645868311023e-14
1.48782083333333e+02 8.03944557417653e-13 3.66168339173307e-14
1.48951250000000e+02 7.81135979964490e-13 3.55982043096981e-14
1.49120416666667e+02 7.58974500969674e-13 3.46078892451192e-14
1.49289583333333e+02 7.37441761563027e-13 3.36451024026205e-14
1.49458750000000e+02 7.16519923880949e-13 3.27090791082664e-14
1.49627916666667e+02 6.96191656268318e-13 3.17990760710851e-14
1.49797083333333e+02 6.76440118512629e-13 3.09143706272228e-14
1.49966250000000e+02 6.57248948309487e-13 3.00542600097075e-14
1.50135416666667e+02 6.38602247688676e-13 2.92180611045198e-14
1.50304583333333e+02 6.20484569471014e-13 2.84051097563996e-14
1.50473750000000e+02 6.02880904852131e-13 2.76147600981605e-14
1.50642916666667e+02 5.85776670951448e-13 2.68463843253872e-14
1.50812083333333e+02 5.69157698390479e-13 2.60993720588662e-14
1.50981250000000e+02 5.53010219902513e-13 2.53731297285965e-14
1.51150416666667e+02 5.37320858911606e-13 2.46670803657042e-14
1.51319583333333e+02 5.22076618139463e-13 2.39806630168812e-14
1.51488750000000e+02 5.07264869156263e-13 2.33133321786344e-14
1.51657916666667e+02 4.92873341904456e-13 2.26645576051140e-14
1.51827083333333e+02 4.78890114249044e-13 2.20338237703190e-14
1.51996250000000e+02 4.65303602391800e-13 2.14206293484881e-14
1.52165416666667e+02 4.52102551261703e-13 2.08244870366383e-14
1.52334583333333e+02 4.39276024930501e-13 2.02449230606414e-14
1.52503750000000e+02 4.26813397818983e-13 1.96814766979959e-14
1.52672916666667e+02 4.14704345882362e-13 1.91337001139584e-14
1.52842083333333e+02 4.02938837819470e-13 1.86011579079150e-14
1.53011250000000e+02 3.91507127005634e-13 1.80834266750772e-14
1.53180416666667e+02 3.80399743407257e-13 1.75800948551767e-14
1.53349583333333e+02 3.69607485518911e-13 1.70907623158444e-14
1.53518750000000e+02 3.59121412962797e-13 1.66150399500586e-14
1.53687916666667e+02 3.48932839072188e-13 1.61525495364460e-14
1.53857083333333e+02 3.39033323496153e-13 1.57029233566515e-14
1.54026250000000e+02 3.29414665410523e-13 1.52658038256227e-14
1.54195416666667e+02 3.20068896714863e-13 1.48408433626365e-14
1.54364583333333e+02 3.10988275249545e-13 1.44277040398866e-14
1.54533750000000e+02 3.02165278567692e-13 1.40260572429271e-14
1.54702916666667e+02 2.93592597694927e-13 1.36355835516080e-14
1.54872083333333e+02 2.85263130908087e-13 1.32559724173342e-14
1.55041250000000e+02 2.77169978021792e-13 1.28869218512094e-14
1.55210416666667e+02 2.69306434664423e-13 1.25281383141254e-14
1.55379583333333e+02 2.61665986571960e-13 1.21793364203546e-14
1.55548750000000e+02 2.54242304346661e-13 1.18402386511353e-14
1.55717916666667e+02 2.47029238206562e-13 1.15105752532162e-14
1.55887083333333e+02 2.40020812751783e-13 1.11900839666359e-14
1.56056250000000e+02 2.33211222156312e-13 1.08785097616732e-14
1.56225416666667e+02 2.26594825351850e-13 1.05756047452035e-14
1.56394583333333e+02 2.20166141227466e-13 1.02811279106908e-14
1.56563750000000e+02 2.13919844218698e-13 9.99484489659858e-15
1.56732916666667e+02 2.07850759889812e-13 9.71652789996104e-15
1.56902083333333e+02 2.01953860530924e-13 9.44595544677567e-15
1.57071250000000e+02 1.96224261111586e-13 9.18291217012519e-15
1.57240416666667e+02 1.90657215228502e-13 8.92718873041177e-15
1.57409583333333e+02 1.85248111067207e-13 8.67858160448614e-15
1.57578750000000e+02 1.79992467690018e-13 8.43689288187296e-15
1.57747916666667e+02 1.74885931318979e-13 8.20193019115803e-15
1.57917083333333e+02 1.69924271631903e-13 7.97350650632611e-15
1.58086250000000e+02 1.65103378357068e-13 7.75143995961264e-15
1.58255416666667e+02 1.60419257863651e-13 7.53555377357331e-15
1.58424583333333e+02 1.55868029764456e-13 7.32567608322674e-15
1.58593750000000e+02 1.51445923792002e-13 7.12163976417662e-15
1.58762916666667e+02 1.47149276671015e-13 6.92328236992813e-15
1.58932083333333e+02 1.42974529002437e-13 6.73044596854579e-15
1.59101250000000e+02 1.38918222397665e-13 6.54297698480064e-15
1.59270416666667e+02 1.34976996609765e-13 6.36072614233136e-15
1.59439583333333e+02 1.31147586675469e-13 6.18354831363330e-15
1.59608750000000e+02 1.27426820286241e-13 6.01130237508658e-15
1.59777916666667e+02 1.23811615156794e-13 5.84385115358997e-15
1.59947083333333e+02 1.20298976403738e-13 5.68106128879371e-15
1.60116250000000e+02 1.16885994133875e-13 5.52280309995755e-15
1.60285416666667e+02 1.13569841030417e-13 5.36895053671435e-15
1.60454583333333e+02 1.10347769948664e-13 5.21938105254734e-15
1.60623750000000e+02 1.07217111703599e-13 5.07397548251340e-15
1.60792916666667e+02 1.04175272855784e-13 4.93261799781909e-15
1.60962083333333e+02 1.01219733506103e-13 4.79519598962466e-15
1.61131250000000e+02 9.83480452661905e-14 4.66159995674623e-15
1.61300416666667e+02 9.55578292274827e-14 4.53172346375097e-15
1.61469583333333e+02 9.28467739385482e-14 4.40546303424571e-15
1.61638750000000e+02 9.02126335432331e-14 4.28271804774385e-15
1.61807916666667e+02 8.76532259177261e-14 4.16339070100876e-15
1.61977083333333e+02 8.51664308153519e-14 4.04738591005300e-15
1.62146250000000e+02 8.27501881585786e-14 3.93461121542238e-15
1.62315416666667e+02 8.04024963301935e-14 3.82497674653750e-15
1.62484583333333e+02 7.81214104716963e-14 3.71839513169284e-15
1.62653750000000e+02 7.59050409164538e-14 3.61478141107100e-15
1.62822916666667e+02 7.37515516222371e-14 3.51405300385174e-15
1.62992083333333e+02 7.16591586104975e-14 3.41612962555785e-15
1.63161250000000e+02 6.96261285290047e-14 3.32093320816924e-15
1.63330416666667e+02 6.76507772140513e-14 3.22838786978567e-15
1.63499583333333e+02 6.57314682589465e-14 3.13841983872011e-15
1.63668750000000e+02 6.38666116954378e-14 3.05095738013334e-15
1.63837916666667e+02 6.20546626748567e-14 2.96593076805342e-15
1.64007083333333e+02 6.02941201551305e-14 2.88327221566580e-15
1.64176250000000e+02 5.85835256911726e-14 2.80291580793649e-15
1.64345416666667e+02 5.69214622251293e-14 2.72479747580623e-15
1.64514583333333e+02 5.53065528820972e-14 2.64885493217179e-15
1.64683750000000e+02 5.37374598604772e-14 2.57502761000881e-15
1.64852916666667e+02 5.22128833222974e-14 2.50325663857296e-15
1.65022083333333e+02 5.07315602886351e-14 2.43348478460784e-15
1.65191250000000e+02 4.92922636216741e-14 2.36565639551884e-15
1.65360416666667e+02 4.78938010068250e-14 2.29971737742588e-15
1.65529583333333e+02 4.65350139395965e-14 2.23561514117157e-15
1.65698750000000e+02 4.52147767917782e-14 2.17329855013375e-15
1.65867916666667e+02 4.39319958777641e-14 2.11271789998688e-15
1.66037083333333e+02 4.26856085253020e-14 2.05382486911840e-15
1.66206250000000e+02 4.14745822188494e-14 1.99657247070163e-15
1.66375416666667e+02 4.02979137431345e-14 1.94091503403342e-15
1.66544583333333e+02 3.91546283308395e-14 1.88680815899893e-15
1.66713750000000e+02 3.80437788767517e-14 1.83420867205726e-15
1.66882916666667e+02 3.69644451521733e-14 1.78307460903331e-15
1.67052083333333e+02 3.59157330231674e-14 1.73336517330060e-15
1.67221250000000e+02 3.48967737296556e-14 1.68504069536021e-15
1.67390416666667e+02 3.39067231648144e-14 1.63806261697416e-15
1.67559583333333e+02 3.29447611580427e-14 1.59239345276285e-15
1.67728750000000e+02 3.20100908136379e-14 1.54799675308399e-15
1.67897916666667e+02 3.11019378498034e-14 1.50483708940365e-15
1.68067083333333e+02 3.02195499409791e-14 1.46288001902947e-15
1.68236250000000e+02 2.93621961111721e-14 1.42209205102034e-15
1.68405416666667e+02 2.85291661276443e-14 1.38244063269897e-15
1.68574583333333e+02 2.77197698976910e-14 1.34389411726499e-15
1.68743750000000e+02 2.69333369121094e-14 1.30642173248796e-15
1.68912916666667e+02 2.61692156890433e-14 1.26999356827298e-15
1.69082083333333e+02 2.54267732207014e-14 1.23458054691855e-15
1.69251250000000e+02 2.47053944628203e-14 1.20015439436577e-15
1.69420416666667e+02 2.40044818245173e-14 1.16668762873507e-15
1.69589583333333e+02 2.33234546608134e-14 1.13415353301301e-15
1.69758750000000e+02 2.26617488042906e-14 1.10252612864902e-15
1.69927916666667e+02 2.20188160971456e-14 1.07178016498790e-15
1.70097083333333e+02 2.13941239257261e-14 1.04189109418715e-15
1.70266250000000e+02 2.07871547908950e-14 1.01283504696969e-15
1.70435416666667e+02 2.01974058787944e-14 9.84588822882455e-16
1.70604583333333e+02 1.96243886339163e-14 9.57129867262158e-16
1.70773750000000e+02 1.90676283649750e-14 9.30436248968039e-16
1.70942916666667e+02 1.85266638511795e-14 9.04486651402255e-16
1.71112083333333e+02 1.80010469506482e-14 8.79260351356942e-16
1.71281250000000e+02 1.74903422388546e-14 8.54737198565238e-16
1.71450416666667e+02 1.69941266474708e-14 8.30897607424292e-16
1.71619583333333e+02 1.65119891052003e-14 8.07722537569948e-16
1.71788750000000e+02 1.60435302061050e-14 7.85193475097656e-16
1.71957916666667e+02 1.55883618783255e-14 7.63292424933353e-16
1.72127083333333e+02 1.51461070546475e-14 7.42001892994753e-16
1.72296250000000e+02 1.47163993682413e-14 7.21304868945834e-16
1.72465416666667e+02 1.42988828487869e-14 7.01184819165156e-16
1.72634583333333e+02 1.38932116203125e-14 6.81625670364139e-16
1.72803750000000e+02 1.34990496220814e-14 6.62611793749942e-16
1.72972916666667e+02 1.31160703298540e-14 6.44127998544657e-16
1.73142083333333e+02 1.27439564787415e-14 6.26159516941656e-16
1.73311250000000e+02 1.23823998071611e-14 6.08691989561860e-16
1.73480416666667e+02 1.20311008011561e-14 5.91711459480825e-16
1.73649583333333e+02 1.16897684401935e-14 5.75204358413948e-16
1.73818750000000e+02 1.13581199622809e-14 5.59157493360492e-16
1.73987916666667e+02 1.10358806294377e-14 5.43558041098994e-16
1.74157083333333e+02 1.07227834945367e-14 5.28393535500920e-16
1.74326250000000e+02 1.04185691858338e-14 5.13651855265523e-16
1.74495416666667e+02 1.01229856918409e-14 4.99321218847005e-16
1.74664583333333e+02 9.83578814746865e-15 4.85390172804458e-16
1.74833750000000e+02 9.55673863636567e-15 4.71847580538532e-16
1.75002916666667e+02 9.28560599358680e-15 4.58682617616608e-16
1.75172083333333e+02 9.02216560944049e-15 4.45884761074424e-16
1.75341250000000e+02 8.76619924816430e-15 4.33443779072714e-16
1.75510416666667e+02 8.51749486691759e-15 4.21349726589347e-16
1.75679583333333e+02 8.27584643586692e-15 4.09592935594920e-16
1.75848750000000e+02 8.04105377184828e-15 3.98164005554225e-16
1.76017916666667e+02 7.81292237233344e-15 3.87053799456674e-16
1.76187083333333e+02 7.59126325040921e-15 3.76253434794505e-16
1.76356250000000e+02 7.37589278218785e-15 3.65754274840081e-16
1.76525416666667e+02 7.16663255450823e-15 3.55547924988153e-16
1.76694583333333e+02 6.96330921357615e-15 3.45626224471131e-16
1.76863750000000e+02 6.76575432498640e-15 3.35981238348901e-16
1.77032916666667e+02 6.57380423402283e-15 3.26605254138492e-16
1.77202083333333e+02 6.38729992682848e-15 3.17490774206211e-16
1.77371250000000e+02 6.20608690199727e-15 3.08630508411794e-16
1.77540416666667e+02 6.03001504243046e-15 3.00017371003024e-16
1.77709583333333e+02 5.85893848799954e-15 2.91644473629426e-16
1.77878750000000e+02 5.69271551775114e-15 2.83505118587319e-16
1.78047916666667e+02 5.53120843236406e-15 2.75592795958643e-16
1.78217083333333e+02 5.37428343735332e-15 2.67901177195455e-16
1.78386250000000e+02 5.22181053501125e-15 2.60424108916794e-16
1.78555416666667e+02 5.07366341658809e-15 2.53155610272609e-16
1.78724583333333e+02 4.92971935516461e-15 2.46089867052411e-16
1.78893750000000e+02 4.78985910652464e-15 2.39221225988922e-16
1.79062916666667e+02 4.65396681025489e-15 2.32544192329437e-16
1.79232083333333e+02 4.52192989148573e-15 2.26053424425847e-16
1.79401250000000e+02 4.39363896995692e-15 2.19743728503657e-16
1.79570416666667e+02 4.26898776929896e-15 2.13610056424524e-16
1.79739583333333e+02 4.14787302690769e-15 2.07647500718353e-16
1.79908750000000e+02 4.03019441052629e-15 2.01851289779659e-16
1.80077916666667e+02 3.91585443503108e-15 1.96216785806314e-16
1.80247083333333e+02 3.80475837976682e-15 1.90739480237566e-16
1.80416250000000e+02 3.69681421202358e-15 1.85414989342878e-16
1.80585416666667e+02 3.59193251070632e-15 1.80239052323047e-16
1.80754583333333e+02 3.49002639051323e-15 1.75207527120993e-16
1.80923750000000e+02 3.39101143173757e-15 1.70316386371009e-16
1.81092916666667e+02 3.29480561025160e-15 1.65561715649515e-16
1.81262083333333e+02 3.20132922796146e-15 1.60939709628174e-16
1.81431250000000e+02 3.11050484841122e-15 1.56446668354110e-16
1.81600416666667e+02 3.02225723255885e-15 1.52078995638546e-16
1.81769583333333e+02 2.93651327498794e-15 1.47833195524292e-16
1.81938750000000e+02 2.85320194483452e-15 1.43705868869886e-16
1.82107916666667e+02 2.77225422687586e-15 1.39693711865296e-16
1.82277083333333e+02 2.69360306302249e-15 1.35793512788088e-16
1.82446250000000e+02 2.61718329812784e-15 1.32002148866675e-16
1.82615416666667e+02 2.54293162595034e-15 1.28316584913100e-16
1.82784583333333e+02 2.47078653548873e-15 1.24733870344295e-16
1.82953750000000e+02 2.40068826127082e-15 1.21251136301645e-16
1.83122916666667e+02 2.33257873378581e-15 1.17865594391643e-16
1.83292083333333e+02 2.26640153026195e-15 1.14574533950593e-16
1.83461250000000e+02 2.20210182906417e-15 1.11375319399534e-16
1.83630416666667e+02 2.13962636422694e-15 1.08265389084307e-16
1.83799583333333e+02 2.07892338030637e-15 1.05242252763796e-16
1.83968750000000e+02 2.01994259054725e-15 1.02303489181001e-16
1.84137916666667e+02 1.96263513517713e-15 9.94467449946845e-17
1.84307083333333e+02 1.90695353999560e-15 9.66697324728956e-17
1.84476250000000e+02 1.85285167799925e-15 9.39702272625295e-17
1.84645416666667e+02 1.80028473112570e-15 9.13460674053496e-17
1.84814583333333e+02 1.74920915227085e-15 8.87951512200236e-17
1.84983750000000e+02 1.69958263008580e-15 8.63154352539554e-17
1.85152916666667e+02 1.65136405388555e-15 8.39049333770413e-17
1.85322083333333e+02 1.60451347881038e-15 8.15617148368141e-17
1.85491250000000e+02 1.55899209353256e-15 7.92839023776554e-17
1.85660416666667e+02 1.51476218806798e-15 7.70696714061680e-17
1.85829583333333e+02 1.47178712182130e-15 7.49172482052845e-17
1.85998750000000e+02 1.43003129396206e-15 7.28249082071852e-17
1.86167916666667e+02 1.38946011389897e-15 7.07909752246450e-17
1.86337083333333e+02 1.35003997197023e-15 6.88138198111157e-17
1.86506250000000e+02 1.31173821226829e-15 6.68918576747948e-17
1.86675416666667e+02 1.27452310555662e-15 6.50235489707486e-17
1.86844583333333e+02 1.23836382238618e-15 6.32073967950399e-17
1.87013750000000e+02 1.20323040816648e-15 6.14419457284139e-17
1.87182916666667e+02 1.16909375832274e-15 5.97257811844109e-17
1.87352083333333e+02 1.13592559363771e-15 5.80575280265845e-17
1.87521250000000e+02 1.10369843738330e-15 5.64358492312124e-17
1.87690416666667e+02 1.07238559253289e-15 5.48594452869850e-17
1.87859583333333e+02 1.04196111914419e-15 5.33270529252581e-17
1.88028750000000e+02 1.01239981338120e-15 5.18374438920624e-17
1.88197916666667e+02 9.83677186611614e-16 5.03894243953000e-17
1.88367083333333e+02 9.55769444661773e-16 4.89818339387939e-17
1.88536250000000e+02 9.28653468572726e-16 4.76135441946681e-17
1.88705416666667e+02 9.02306795426728e-16 4.62834584943031e-17
1.88874583333333e+02 8.76707599319418e-16 4.49905107576964e-17
1.89043750000000e+02 8.51834673706554e-16 4.37336644580150e-17
1.89212916666667e+02 8.27667413816627e-16 4.25119121528561e-17
1.89382083333333e+02 8.04185799198063e-16 4.13242745011329e-17
1.89551250000000e+02 7.81370377525193e-16 4.01697993122630e-17
1.89720416666667e+02 7.59202248465758e-16 3.90475611145545e-17
1.89889583333333e+02 7.37663047672756e-16 3.79566602524634e-17
1.90058750000000e+02 7.16734931929040e-16 3.68962220135015e-17
1.90227916666667e+02 6.96400564349346e-16 3.58653962308190e-17
1.90397083333333e+02 6.76643099697215e-16 3.48633564542623e-17
1.90566250000000e+02 6.57446170757557e-16 3.38892991486529e-17
1.90735416666667e+02 6.38793874762820e-16 3.29424433278618e-17
1.90904583333333e+02 6.20670759925290e-16 3.20220297936397e-17
1.91073750000000e+02 6.03061812936121e-16 3.11273203994318e-17
1.91242916666667e+02 5.85952446514385e-16 3.02575977134587e-17
1.91412083333333e+02 5.69328487054138e-16 2.94121643197766e-17
1.91581250000000e+02 5.53176163156809e-16 2.85903421422740e-17
1.91750416666667e+02 5.37482094210240e-16 2.77914721344661e-17
1.91919583333333e+02 5.22233279058240e-16 2.70149136376996e-17
1.92088750000000e+02 5.07417085480925e-16 2.62600437604128e-17
1.92257916666667e+02 4.93021239718527e-16 2.55262570925307e-17
1.92427083333333e+02 4.79033816078816e-16 2.48129651161448e-17
1.92596250000000e+02 4.65443227287019e-16 2.41195956355188e-17
1.92765416666667e+02 4.52238214876260e-16 2.34455925141402e-17
1.92934583333333e+02 4.39407839655200e-16 2.27904151335854e-17
1.93103750000000e+02 4.26941472855667e-16 2.21535378701242e-17
1.93272916666667e+02 4.14828787318027e-16 2.15344498526355e-17
1.93442083333333e+02 4.03059748747847e-16 2.09326544657178e-17
1.93611250000000e+02 3.91624607595293e-16 2.03476688690850e-17
1.93780416666667e+02 3.80513890969672e-16 1.97790237746959e-17
1.93949583333333e+02 3.69718394619806e-16 1.92262629904933e-17
1.94118750000000e+02 3.59229175484706e-16 1.86889429790928e-17
1.94287916666667e+02 3.49037544276975e-16 1.81666326526054e-17
1.94457083333333e+02 3.39135058126980e-16 1.76589129536845e-17
1.94626250000000e+02 3.29513513749316e-16 1.71653764502965e-17
1.94795416666667e+02 3.20164940639741e-16 1.66856271468349e-17
1.94964583333333e+02 3.11081594328195e-16 1.62192800994266e-17
1.95133750000000e+02 3.02255950110164e-16 1.57659610438331e-17
1.95302916666667e+02 2.93680696806376e-16 1.53253062215687e-17
1.95472083333333e+02 2.85348730574290e-16 1.48969620266630e-17
1.95641250000000e+02 2.77253149157642e-16 1.44805846639871e-17
1.95810416666667e+02 2.69387246162371e-16 1.40758399891842e-17
1.95979583333333e+02 2.61744505380332e-16 1.36824031843191e-17
1.96148750000000e+02 2.54318595514209e-16 1.32999584441419e-17
1.96317916666667e+02 2.47103364926947e-16 1.29281988287372e-17
1.96487083333333e+02 2.40092836435305e-16 1.25668259656984e-17
1.96656250000000e+02 2.33281202470832e-16 1.22155497620444e-17
1.96825416666667e+02 2.26662820263646e-16 1.18740882685808e-17
1.96994583333333e+02 2.20232207066921e-16 1.15421674064297e-17
1.97163750000000e+02 2.13984035717895e-16 1.12195207025028e-17
1.97332916666667e+02 2.07913130220053e-16 1.09058891646458e-17
1.97502083333333e+02 2.02014461362893e-16 1.06010210305330e-17
1.97671250000000e+02 1.96283142649878e-16 1.03046715247708e-17
1.97840416666667e+02 1.90714426246086e-16 1.00166027439702e-17
1.98009583333333e+02 1.85303698960520e-16 9.73658342617767e-18
1.98178750000000e+02 1.80046478510688e-16 9.46438872784084e-18
1.98347916666667e+02 1.74938409805470e-16 9.19980011802203e-18
1.98517083333333e+02 1.69975261259976e-16 8.94260516668548e-18
1.98686250000000e+02 1.65152921368920e-16 8.69259733990251e-18
1.98855416666667e+02 1.60467395296976e-16 8.44957590248007e-18
1.99024583333333e+02 1.55914801498662e-16 8.21334572356337e-18
1.99193750000000e+02 1.51491368574972e-16 7.98371708858838e-18
1.99362916666667e+02 1.47193432145802e-16 7.76050560965852e-18
1.99532083333333e+02 1.43017431749588e-16 7.54353204704667e-18
1.99701250000000e+02 1.38959907959806e-16 7.33262213652561e-18
1.99870416666667e+02 1.35017499516109e-16 7.12760650687788e-18
2.00039583333333e+02 1.31186940480591e-16 6.92832051599706e-18
2.00208750000000e+02 1.27465057592647e-16 6.73460409233953e-18
2.00377916666667e+02 1.23848767637440e-16 6.54630165900060e-18
2.00547083333333e+02 1.20335074837531e-16 6.36326198322146e-18
2.00716250000000e+02 1.16921068426416e-16 6.18533803080745e-18
2.00885416666667e+02 1.13603920234669e-16 6.01238689624931e-18
2.01054583333333e+02 1.10380882297477e-16 5.84426966453982e-18
2.01223750000000e+02 1.07249284628756e-16 5.68085127749801e-18
2.01392916666667e+02 1.04206533006983e-16 5.52200046945566e-18
2.01562083333333e+02 1.01250106780749e-16 5.36758964037660e-18
2.01731250000000e+02 9.83775568268849e-17 5.21749473311391e-18
2.01900416666667e+02 9.55865035194581e-17 5.07159517421942e-18
2.02069583333333e+02 9.28746347169524e-17 4.92977375744123e-18
2.02238750000000e+02 9.02397038891958e-17 4.79191653102005e-18
2.02407916666667e+02 8.76795282543670e-17 4.65791274321441e-18
2.02577083333333e+02 8.51919869327719e-17 4.52765473532792e-18
2.02746250000000e+02 8.27750192286167e-17 4.40103783822379e-18
2.02915416666667e+02 8.04266229211259e-17 4.33951819335764e-18
