Energy (eV)          EEDF (eV^-(3/2))     First Anisotropy
2.43500000000000e-01 5.66975071153906e-01 1.80538893123188e-03
7.30500000000000e-01 4.00076718386802e-01 2.55100232579077e-03
1.21750000000000e+00 2.82307615869947e-01 2.39238609876913e-03
1.70450000000000e+00 1.99205768082511e-01 2.01267312583364e-03
2.19150000000000e+00 1.40566303587163e-01 1.61533113634337e-03
2.67850000000000e+00 9.91883211733826e-02 1.26208364115834e-03
3.16550000000000e+00 6.99906222624223e-02 9.69009483804303e-04
3.65250000000000e+00 4.93877418906820e-02 7.34890268685584e-04
4.13950000000000e+00 3.48496551425889e-02 5.52257503340264e-04
4.62650000000000e+00 2.45910911708744e-02 4.12084286647871e-04
5.11350000000000e+00 1.73523026985493e-02 3.05759725177627e-04
5.60050000000000e+00 1.22443695909966e-02 2.25826777387588e-04
6.08750000000000e+00 8.64003984286519e-03 1.66153011060502e-04
6.57450000000000e+00 6.09670329954667e-03 1.21853117026707e-04
7.06150000000000e+00 4.30203931911234e-03 8.91174739518279e-05
7.54850000000000e+00 3.03566393079432e-03 6.50201910607650e-05
8.03550000000000e+00 2.14206677744337e-03 4.73394949100530e-05
8.52250000000000e+00 1.51151451004854e-03 3.44030230160397e-05
9.00950000000000e+00 1.06657557931697e-03 2.49606997880637e-05
9.49650000000000e+00 7.52611674471315e-04 1.80833717688426e-05
9.98350000000000e+00 5.31068162008035e-04 1.30836388960433e-05
1.04705000000000e+01 3.74739593159662e-04 9.45494423996558e-06
1.09575000000000e+01 2.64428886398474e-04 6.82524076171938e-06
1.14445000000000e+01 1.86589934018917e-04 4.92205730255019e-06
1.19315000000000e+01 1.31664145893346e-04 3.54634505770201e-06
1.24185000000000e+01 9.29066586843148e-05 2.55301032415479e-06
1.29055000000000e+01 6.55580695056936e-05 1.83649339705055e-06
1.33925000000000e+01 4.62599832797447e-05 1.32012859317472e-06
1.38795000000000e+01 3.26426032550639e-05 9.48320958827951e-07
1.43665000000000e+01 2.30337209770256e-05 6.80811031080344e-07
1.48535000000000e+01 1.62533698033157e-05 4.88481172318776e-07
1.53405000000000e+01 1.14689255039090e-05 3.50296047539436e-07
1.58275000000000e+01 8.09286036101768e-06 2.51074983438551e-07
1.63145000000000e+01 5.71059501612494e-06 1.79872904856828e-07
1.68015000000000e+01 4.02958830171762e-06 1.28805462283183e-07
1.72885000000000e+01 2.84341331078278e-06 9.21977080780117e-08
1.77755000000000e+01 2.00640826073732e-06 6.59680189655447e-08
1.82625000000000e+01 1.41578928870059e-06 4.71827845306018e-08
1.87495000000000e+01 9.99028637004680e-07 3.37348744597609e-08
1.92365000000000e+01 7.04948275510294e-07 2.41117076859939e-08
1.97235000000000e+01 4.97435261350380e-07 1.72281054664835e-08
2.02105000000000e+01 3.51007084960388e-07 1.23059332662170e-08
2.06975000000000e+01 2.47682428780629e-07 8.78750099009556e-09
2.11845000000000e+01 1.74773069135042e-07 6.27329759305889e-09
2.16715000000000e+01 1.23325767779579e-07 4.47725199376002e-09
2.21585000000000e+01 8.70228180674166e-08 3.19460701065698e-09
2.26455000000000e+01 6.14062332693512e-08 2.27886380446799e-09
2.31325000000000e+01 4.33303077062937e-08 1.62524484997494e-09
2.36195000000000e+01 3.05753254345791e-08 1.15883849830197e-09
2.41065000000000e+01 2.15749800755427e-08 8.26103861636335e-10
2.45935000000000e+01 1.52240330607776e-08 5.88786316823583e-10
2.50805000000000e+01 1.07425908076913e-08 4.19561436030347e-10
2.55675000000000e+01 7.58033412045147e-09 2.98917605574270e-10
2.60545000000000e+01 5.34893922763404e-09 2.12925951311805e-10
2.65415000000000e+01 3.77439178884351e-09 1.51645591264552e-10
2.70285000000000e+01 2.66333805067189e-09 1.07983607897209e-10
2.75155000000000e+01 1.87934108831087e-09 7.68803488044359e-11
2.80025000000000e+01 1.32612640942161e-09 5.47273977685520e-11
2.84895000000000e+01 9.35759487569168e-10 3.89518905840257e-11
2.89765000000000e+01 6.60303431373200e-10 2.77197177011591e-11
2.94635000000000e+01 4.65932354707752e-10 1.97236687301803e-11
2.99505000000000e+01 3.28777572323126e-10 1.40322477594137e-11
3.04375000000000e+01 2.31996535485262e-10 9.98181121386643e-12
3.09245000000000e+01 1.63704574180221e-10 7.09963213645014e-12
3.14115000000000e+01 1.15515464709300e-10 5.04903599719942e-12
3.18985000000000e+01 8.15116049983755e-11 3.59028455954858e-12
3.23855000000000e+01 5.75173355890617e-11 2.55269332282586e-12
3.28725000000000e+01 4.05861704395426e-11 1.81476039200904e-12
3.33595000000000e+01 2.86389696963095e-11 1.29000758968080e-12
3.38465000000000e+01 2.02086222076038e-11 9.16893607764547e-13
3.43335000000000e+01 1.42598849001989e-11 6.51629374939716e-13
3.48205000000000e+01 1.00622553718882e-11 4.63061483494187e-13
3.53075000000000e+01 7.10026650829984e-12 3.29028997650935e-13
3.57945000000000e+01 5.01018734127240e-12 2.33769778387806e-13
3.62815000000000e+01 3.53535704121856e-12 1.66074268434501e-13
3.67685000000000e+01 2.49466707680425e-12 1.17971525567141e-13
3.72555000000000e+01 1.76032116460464e-12 8.37941959384160e-14
3.77425000000000e+01 1.24214194004781e-12 5.95132359571793e-14
3.82295000000000e+01 8.76497215536384e-13 4.22646258722879e-14
3.87165000000000e+01 6.18485974971160e-13 3.00127123020572e-14
3.92035000000000e+01 4.36424548139533e-13 2.13107677061299e-14
3.96905000000000e+01 3.07955869537183e-13 1.51307141861157e-14
4.01775000000000e+01 2.17304040266959e-13 1.07420473004236e-14
4.06645000000000e+01 1.53337054388056e-13 7.62575382686149e-15
4.11515000000000e+01 1.08199793338038e-13 5.41311620811550e-15
4.16385000000000e+01 7.63494207262277e-14 3.84221356678411e-15
4.21255000000000e+01 5.38747243908204e-14 2.72700504029706e-15
4.26125000000000e+01 3.80158212148660e-14 1.93535817899621e-15
4.30995000000000e+01 2.68252446575281e-14 1.37343590142843e-15
4.35865000000000e+01 1.89287966941208e-14 9.74602920640826e-16
4.40735000000000e+01 1.33567968852357e-14 6.91544142716285e-16
4.45605000000000e+01 9.42500603267897e-15 4.90665573654847e-16
4.50475000000000e+01 6.65060189799147e-15 3.48117075861188e-16
4.55345000000000e+01 4.69288883765261e-15 2.46967429915065e-16
4.60215000000000e+01 3.31146052347768e-15 1.75198020207059e-16
4.65085000000000e+01 2.33667814813107e-15 1.24278037270241e-16
4.69955000000000e+01 1.64883885199366e-15 8.81527294543531e-17
4.74825000000000e+01 1.16347626309521e-15 6.25250171179320e-17
4.79695000000000e+01 8.20988062689823e-16 4.43454461206312e-17
4.84565000000000e+01 5.79316845954453e-16 3.68778912570014e-17
