SPECIES: e / A
PROCESS: E + A -> E + A, Elastic
PARAM.:  m/M = 0.0000195921, complete set
COMMENT: [e + A(gnd) -> e + A(gnd), Elastic]
UPDATED: 2018-06-05 11:00:00
COLUMNS: Energy (eV) | Cross section (m2)
-----------------------------
0.00000000e+00 1.201514549953407e-17
6.58333333e-02 6.571301276884047e-18
1.31666667e-01 4.646611694104529e-18
1.97500000e-01 3.793942561135136e-18
2.63333333e-01 3.285650638442024e-18
3.29166667e-01 2.938775271148779e-18
3.95000000e-01 2.682722512410912e-18
4.60833333e-01 2.483718424102341e-18
5.26666667e-01 2.323305847052265e-18
5.92500000e-01 2.190433758961349e-18
6.58333333e-01 2.078027922612637e-18
7.24166667e-01 1.981321883618884e-18
7.90000000e-01 1.896971280567568e-18
8.55833333e-01 1.822551053871340e-18
9.21666667e-01 1.756254140240731e-18
9.87500000e-01 1.696702693885563e-18
1.05333333e+00 1.642825319221012e-18
1.11916667e+00 1.593774662491125e-18
1.18500000e+00 1.548870564701509e-18
1.25083333e+00 1.507559904920913e-18
1.31666667e+00 1.469387635574390e-18
1.38250000e+00 1.433975500746720e-18
1.44833333e+00 1.401006139620216e-18
1.51416667e+00 1.370211035341984e-18
1.58000000e+00 1.341361256205456e-18
1.64583333e+00 1.314260255376809e-18
1.71166667e+00 1.288738209251113e-18
1.77750000e+00 1.264647520378379e-18
1.84333333e+00 1.241859212051171e-18
1.90916667e+00 1.220260012874276e-18
1.97500000e+00 1.199749980503965e-18
2.04083333e+00 1.180240550543691e-18
2.10666667e+00 1.161652923526132e-18
2.17250000e+00 1.143916722858659e-18
2.23833333e+00 1.126968871530776e-18
2.30416667e+00 1.110752646652297e-18
2.37000000e+00 1.095216879480674e-18
2.43583333e+00 1.080315275198139e-18
2.50166667e+00 1.066005831814525e-18
2.56750000e+00 1.052250341564454e-18
2.63333333e+00 1.039013961306318e-18
2.69916667e+00 1.026264840914382e-18
2.76500000e+00 1.013973800633380e-18
2.83083333e+00 1.002114049949637e-18
2.89666667e+00 9.906609418094419e-19
2.96250000e+00 9.795917570495930e-19
3.02833333e+00 9.688855147469571e-19
3.09416667e+00 9.585228048827952e-19
3.16000000e+00 9.484856402837840e-19
3.22583333e+00 9.387573252691496e-19
3.29166667e+00 9.293223388209056e-19
3.35750000e+00 9.201662304168562e-19
3.42333333e+00 9.112755269356698e-19
3.48916667e+00 9.026376492695330e-19
3.55500000e+00 8.942408374703040e-19
3.62083333e+00 8.860740834159504e-19
3.68666667e+00 8.781270701203653e-19
3.75250000e+00 8.703901169255759e-19
3.81833333e+00 8.628541299141842e-19
3.88416667e+00 8.555105569644314e-19
3.95000000e+00 8.483513469427817e-19
4.01583333e+00 8.413689125912888e-19
4.08166667e+00 8.345560967207879e-19
4.14750000e+00 8.279061413674469e-19
4.21333333e+00 8.214126596105059e-19
4.27916667e+00 8.150696097840394e-19
4.34500000e+00 8.088712718460503e-19
4.41083333e+00 8.028122256948031e-19
4.47666667e+00 7.968873312455627e-19
4.54250000e+00 7.910917101012905e-19
4.60833333e+00 7.854207286687445e-19
4.67416667e+00 7.798699825871836e-19
4.74000000e+00 7.744352823507546e-19
4.80583333e+00 7.691126400179065e-19
4.87166667e+00 7.638982569120150e-19
4.93750000e+00 7.587885122270272e-19
5.00333333e+00 7.537799524604567e-19
5.06916667e+00 7.488692816036609e-19
5.13500000e+00 7.440533520260864e-19
5.20083333e+00 7.393291559961972e-19
5.26666667e+00 7.346938177871949e-19
5.33250000e+00 7.301445863204497e-19
5.39833333e+00 7.256788283038931e-19
5.46416667e+00 7.212940218264847e-19
5.53000000e+00 7.169877503733598e-19
5.59583333e+00 7.127576972293881e-19
5.66166667e+00 7.086016402417027e-19
5.72750000e+00 7.045174469142994e-19
5.79333333e+00 7.005030698101082e-19
5.85916667e+00 6.965565422380176e-19
5.92500000e+00 6.926759742042123e-19
5.99083333e+00 6.888595486088927e-19
6.05666667e+00 6.851055176709921e-19
6.12250000e+00 6.814121995649121e-19
6.18833333e+00 6.777779752545744e-19
6.25416667e+00 6.742012855112564e-19
6.32000000e+00 6.706806281027281e-19
6.38583333e+00 6.672145551421872e-19
6.45166667e+00 6.638016705863612e-19
6.51750000e+00 6.604406278729613e-19
6.58333333e+00 6.571301276884046e-19
6.64916667e+00 6.538689158574015e-19
6.71500000e+00 6.506557813466223e-19
6.78083333e+00 6.474895543752256e-19
6.84666667e+00 6.443691046255566e-19
6.91250000e+00 6.412933395477931e-19
6.97833333e+00 6.382612027527713e-19
7.04416667e+00 6.352716724876170e-19
7.11000000e+00 6.323237601891893e-19
7.17583333e+00 6.294165091106856e-19
7.24166667e+00 6.265489930170731e-19
7.30750000e+00 6.237203149453100e-19
7.37333333e+00 6.209296060255853e-19
7.43916667e+00 6.181760243600602e-19
7.50500000e+00 6.154587539558267e-19
7.57083333e+00 6.127770037090087e-19
7.63666667e+00 6.101300064371379e-19
7.70250000e+00 6.075170179571132e-19
7.76833333e+00 6.049373162062296e-19
7.83416667e+00 6.023902004039173e-19
7.90000000e+00 5.998749902519823e-19
7.96583333e+00 5.973910251712771e-19
8.03166667e+00 5.949376635728518e-19
8.09750000e+00 5.925142821617670e-19
8.16333333e+00 5.901202752718454e-19
8.22916667e+00 5.877550542297559e-19
8.29500000e+00 5.854180467469103e-19
8.36083333e+00 5.831086963377480e-19
8.42666667e+00 5.808264617630661e-19
8.49250000e+00 5.785708164971289e-19
8.55833333e+00 5.763412482173675e-19
8.62416667e+00 5.741372583155451e-19
8.69000000e+00 5.719583614293296e-19
8.75583333e+00 5.698040849932737e-19
8.82166667e+00 5.676739688082604e-19
8.88750000e+00 5.655675646285211e-19
8.95333333e+00 5.634844357653879e-19
9.01916667e+00 5.614241567069814e-19
9.08500000e+00 5.593863127530848e-19
9.15083333e+00 5.573704996644907e-19
9.21666667e+00 5.553763233261487e-19
9.28250000e+00 5.534033994234769e-19
9.34833333e+00 5.514513531312322e-19
9.41416667e+00 5.495198188143679e-19
9.48000000e+00 5.476084397403372e-19
9.54583333e+00 5.457168678023299e-19
9.61166667e+00 5.438447632529497e-19
9.67750000e+00 5.419917944478766e-19
9.74333333e+00 5.401576375990693e-19
9.80916667e+00 5.383419765370942e-19
9.87500000e+00 5.365445024821825e-19
9.94083333e+00 5.347649138236421e-19
1.00066667e+01 5.330029159072624e-19
1.00725000e+01 5.312582208303751e-19
1.01383333e+01 5.295305472442468e-19
1.02041667e+01 5.278196201634938e-19
1.02700000e+01 5.261251707822270e-19
1.03358333e+01 5.244469362966497e-19
1.04016667e+01 5.227846597338379e-19
1.04675000e+01 5.211380897864558e-19
1.05333333e+01 5.195069806531592e-19
1.05991667e+01 5.178910918844607e-19
1.06650000e+01 5.162901882338365e-19
1.07308333e+01 5.147040395138638e-19
1.07966667e+01 5.131324204571911e-19
1.08625000e+01 5.115751105821499e-19
1.09283333e+01 5.100318940628250e-19
1.09941667e+01 5.085025596034114e-19
1.10600000e+01 5.069869003166902e-19
1.11258333e+01 5.054847136064652e-19
1.11916667e+01 5.039958010538083e-19
1.12575000e+01 5.025199683069712e-19
1.13233333e+01 5.010570249748184e-19
1.13891667e+01 4.996067845236580e-19
1.14550000e+01 4.981690641773346e-19
1.15208333e+01 4.967436848204682e-19
1.15866667e+01 4.953304709047210e-19
1.16525000e+01 4.939292503579812e-19
1.17183333e+01 4.925398544963561e-19
1.17841667e+01 4.911621179388743e-19
1.18500000e+01 4.897958785247965e-19
1.19158333e+01 4.884409772334441e-19
1.19816667e+01 4.870972581064522e-19
1.20475000e+01 4.857645681723634e-19
1.21133333e+01 4.844427573734786e-19
1.21791667e+01 4.831316784948861e-19
1.22450000e+01 4.818311870955903e-19
1.23108333e+01 4.805411414416706e-19
1.23766667e+01 4.792614024413976e-19
1.24425000e+01 4.779918335822398e-19
1.25083333e+01 4.767323008696970e-19
1.25741667e+01 4.754826727678960e-19
1.26400000e+01 4.742428201418920e-19
1.27058333e+01 4.730126162016145e-19
1.27716667e+01 4.717919364474062e-19
1.28375000e+01 4.705806586170984e-19
1.29033333e+01 4.693786626345748e-19
1.29691667e+01 4.681858305597721e-19
1.30350000e+01 4.670020465400722e-19
1.31008333e+01 4.658271967630380e-19
1.31666667e+01 4.646611694104528e-19
1.32325000e+01 4.635038546136172e-19
1.32983333e+01 4.623551444098647e-19
1.33641667e+01 4.612149327002586e-19
1.34300000e+01 4.600831152084281e-19
1.34958333e+01 4.589595894405132e-19
1.35616667e+01 4.578442546461778e-19
1.36275000e+01 4.567370117806614e-19
1.36933333e+01 4.556377634678349e-19
1.37591667e+01 4.545464139642301e-19
1.38250000e+01 4.534628691240117e-19
1.38908333e+01 4.523870363648646e-19
1.39566667e+01 4.513188246347665e-19
1.40225000e+01 4.502581443796192e-19
1.40883333e+01 4.492049075117134e-19
1.41541667e+01 4.481590273790014e-19
1.42200000e+01 4.471204187351520e-19
1.42858333e+01 4.460889977103663e-19
1.43516667e+01 4.450646817829302e-19
1.44175000e+01 4.440473897514821e-19
1.44833333e+01 4.430370417079752e-19
1.45491667e+01 4.420335590113128e-19
1.46150000e+01 4.410368642616378e-19
1.46808333e+01 4.400468812752573e-19
1.47466667e+01 4.390635350601826e-19
1.48125000e+01 4.380867517922698e-19
1.48783333e+01 4.371164587919389e-19
1.49441667e+01 4.361525845014604e-19
1.50100000e+01 4.351950584627879e-19
1.50758333e+01 4.342438112959261e-19
1.51416667e+01 4.332987746778143e-19
1.52075000e+01 4.323598813217153e-19
1.52733333e+01 4.314270649570921e-19
1.53391667e+01 4.305002603099606e-19
1.54050000e+01 4.295794030837043e-19
1.54708333e+01 4.286644299403395e-19
1.55366667e+01 4.277552784822157e-19
1.56025000e+01 4.268518872341433e-19
1.56683333e+01 4.259541956259332e-19
1.57341667e+01 4.250621439753389e-19
1.58000000e+01 4.241756734713908e-19
1.58658333e+01 4.232947261581100e-19
1.59316667e+01 4.224192449185935e-19
1.59975000e+01 4.215491734594596e-19
1.60633333e+01 4.206844562956444e-19
1.61291667e+01 4.198250387355399e-19
1.61950000e+01 4.189708668664649e-19
1.62608333e+01 4.181218875404591e-19
1.63266667e+01 4.172780483603940e-19
1.63925000e+01 4.164392976663887e-19
1.64583333e+01 4.156055845225274e-19
1.65241667e+01 4.147768587038658e-19
1.65900000e+01 4.139530706837235e-19
1.66558333e+01 4.131341716212513e-19
1.67216667e+01 4.123201133492689e-19
1.67875000e+01 4.115108483623650e-19
1.68533333e+01 4.107063298052530e-19
1.69191667e+01 4.099065114613764e-19
1.69850000e+01 4.091113477417574e-19
1.70508333e+01 4.083207936740827e-19
1.71166667e+01 4.075348048920197e-19
1.71825000e+01 4.067533376247586e-19
1.72483333e+01 4.059763486867744e-19
1.73141667e+01 4.052037954678028e-19
1.73800000e+01 4.044356359230251e-19
1.74458333e+01 4.036718285634578e-19
1.75116667e+01 4.029123324465397e-19
1.75775000e+01 4.021571071669144e-19
1.76433333e+01 4.014061128474015e-19
1.77091667e+01 4.006593101301527e-19
1.77750000e+01 3.999166601679882e-19
1.78408333e+01 3.991781246159090e-19
1.79066667e+01 3.984436656227814e-19
1.79725000e+01 3.977132458231882e-19
1.80383333e+01 3.969868283294455e-19
1.81041667e+01 3.962643767237768e-19
1.81700000e+01 3.955458550506452e-19
1.82358333e+01 3.948312278092373e-19
1.83016667e+01 3.941204599460956e-19
1.83675000e+01 3.934135168478970e-19
1.84333333e+01 3.927103643343723e-19
1.84991667e+01 3.920109686513655e-19
1.85650000e+01 3.913152964640280e-19
1.86308333e+01 3.906233148501451e-19
1.86966667e+01 3.899349912935918e-19
1.87625000e+01 3.892502936779156e-19
1.88283333e+01 3.885691902800424e-19
1.88941667e+01 3.878916497641029e-19
1.89600000e+01 3.872176411753773e-19
1.90258333e+01 3.865471339343557e-19
1.90916667e+01 3.858800978309102e-19
1.91575000e+01 3.852165030185782e-19
1.92233333e+01 3.845563200089532e-19
1.92891667e+01 3.838995196661811e-19
1.93550000e+01 3.832460732015589e-19
1.94208333e+01 3.825959521682349e-19
1.94866667e+01 3.819491284560075e-19
1.95525000e+01 3.813055742862197e-19
1.96183333e+01 3.806652622067485e-19
1.96841667e+01 3.800281650870865e-19
1.97500000e+01 3.793942561135136e-19
1.98158333e+01 3.787635087843569e-19
1.98816667e+01 3.781358969053370e-19
1.99475000e+01 3.775113945849996e-19
2.00133333e+01 3.768899762302283e-19
2.00791667e+01 3.762716165418401e-19
2.01450000e+01 3.756562905102586e-19
2.02108333e+01 3.750439734112661e-19
2.02766667e+01 3.744346408018304e-19
2.03425000e+01 3.738282685160074e-19
2.04083333e+01 3.732248326609142e-19
2.04741667e+01 3.726243096127766e-19
2.05400000e+01 3.720266760130432e-19
2.06058333e+01 3.714319087645699e-19
2.06716667e+01 3.708399850278703e-19
2.07375000e+01 3.702508822174324e-19
2.08033333e+01 3.696645779980986e-19
2.08691667e+01 3.690810502815092e-19
2.09350000e+01 3.685002772226068e-19
2.10008333e+01 3.679222372162021e-19
2.10666667e+01 3.673469088935974e-19
2.11325000e+01 3.667742711192694e-19
2.11983333e+01 3.662043029876076e-19
2.12641667e+01 3.656369838197084e-19
2.13300000e+01 3.650722931602249e-19
2.13958333e+01 3.645102107742680e-19
2.14616667e+01 3.639507166443618e-19
2.15275000e+01 3.633937909674489e-19
2.15933333e+01 3.628394141519465e-19
2.16591667e+01 3.622875668148520e-19
2.17250000e+01 3.617382297788961e-19
2.17908333e+01 3.611913840697439e-19
2.18566667e+01 3.606470109132424e-19
2.19225000e+01 3.601050917327129e-19
2.19883333e+01 3.595656081462888e-19
2.20541667e+01 3.590285419642966e-19
2.21200000e+01 3.584938751866799e-19
2.21858333e+01 3.579615900004656e-19
2.22516667e+01 3.574316687772714e-19
2.23175000e+01 3.569040940708535e-19
2.23833333e+01 3.563788486146940e-19
2.24491667e+01 3.558559153196282e-19
2.25150000e+01 3.553352772715082e-19
2.25808333e+01 3.548169177289058e-19
2.26466667e+01 3.543008201208513e-19
2.27125000e+01 3.537869680446085e-19
2.27783333e+01 3.532753452634849e-19
2.28441667e+01 3.527659357046770e-19
2.29100000e+01 3.522587234571497e-19
2.29758333e+01 3.517536927695487e-19
2.30416667e+01 3.512508280481462e-19
2.31075000e+01 3.507501138548180e-19
2.31733333e+01 3.502515349050541e-19
2.32391667e+01 3.497550760659976e-19
2.33050000e+01 3.492607223545164e-19
2.33708333e+01 3.487684589353039e-19
2.34366667e+01 3.482782711190088e-19
2.35025000e+01 3.477901443603942e-19
2.35683333e+01 3.473040642565248e-19
2.36341667e+01 3.468200165449820e-19
2.37000000e+01 3.463379871021062e-19
2.37658333e+01 3.458579619412656e-19
2.38316667e+01 3.453799272111524e-19
2.38975000e+01 3.449038691941033e-19
2.39633333e+01 3.444297743044464e-19
2.40291667e+01 3.439576290868728e-19
2.40950000e+01 3.434874202148330e-19
2.41608333e+01 3.430191344889566e-19
2.42266667e+01 3.425527588354960e-19
2.42925000e+01 3.420882803047941e-19
2.43583333e+01 3.416256860697728e-19
2.44241667e+01 3.411649634244468e-19
2.44900000e+01 3.407060997824560e-19
2.45558333e+01 3.402490826756231e-19
2.46216667e+01 3.397938997525292e-19
2.46875000e+01 3.393405387771127e-19
2.47533333e+01 3.388889876272872e-19
2.48191667e+01 3.384392342935807e-19
2.48850000e+01 3.379912668777935e-19
2.49508333e+01 3.375450735916765e-19
2.50166667e+01 3.371006427556282e-19
2.50825000e+01 3.366579627974105e-19
2.51483333e+01 3.362170222508834e-19
2.52141667e+01 3.357778097547574e-19
2.52800000e+01 3.353403140513640e-19
2.53458333e+01 3.349045239854437e-19
2.54116667e+01 3.344704285029515e-19
2.54775000e+01 3.340380166498789e-19
2.55433333e+01 3.336072775710936e-19
2.56091667e+01 3.331782005091941e-19
2.56750000e+01 3.327507748033820e-19
2.57408333e+01 3.323249898883491e-19
2.58066667e+01 3.319008352931806e-19
2.58725000e+01 3.314783006402736e-19
2.59383333e+01 3.310573756442708e-19
2.60041667e+01 3.306380501110087e-19
2.60700000e+01 3.302203139364806e-19
2.61358333e+01 3.298041571058146e-19
2.62016667e+01 3.293895696922643e-19
2.62675000e+01 3.289765418562150e-19
2.63333333e+01 3.285650638442023e-19
2.63991667e+01 3.281551259879455e-19
2.64650000e+01 3.277467187033923e-19
2.65308333e+01 3.273398324897789e-19
2.65966667e+01 3.269344579287008e-19
2.66625000e+01 3.265305856831977e-19
2.67283333e+01 3.261282064968499e-19
2.67941667e+01 3.257273111928876e-19
2.68600000e+01 3.253278906733111e-19
2.69258333e+01 3.249299359180248e-19
2.69916667e+01 3.245334379839806e-19
2.70575000e+01 3.241383880043344e-19
2.71233333e+01 3.237447771876128e-19
2.71891667e+01 3.233525968168918e-19
2.72550000e+01 3.229618382489858e-19
2.73208333e+01 3.225724929136474e-19
2.73866667e+01 3.221845523127783e-19
2.74525000e+01 3.217980080196499e-19
2.75183333e+01 3.214128516781346e-19
2.75841667e+01 3.210290750019474e-19
2.76500000e+01 3.206466697738965e-19
2.77158333e+01 3.202656278451450e-19
2.77816667e+01 3.198859411344810e-19
2.78475000e+01 3.195076016275984e-19
2.79133333e+01 3.191306013763856e-19
2.79791667e+01 3.187549324982251e-19
2.80450000e+01 3.183805871753003e-19
2.81108333e+01 3.180075576539130e-19
2.81766667e+01 3.176358362438085e-19
2.82425000e+01 3.172654153175097e-19
2.83083333e+01 3.168962873096596e-19
2.83741667e+01 3.165284447163729e-19
2.84400000e+01 3.161618800945947e-19
2.85058333e+01 3.157965860614682e-19
2.85716667e+01 3.154325552937103e-19
2.86375000e+01 3.150697805269946e-19
2.87033333e+01 3.147082545553428e-19
2.87691667e+01 3.143479702305236e-19
2.88350000e+01 3.139889204614588e-19
2.89008333e+01 3.136310982136374e-19
2.89666667e+01 3.132744965085366e-19
2.90325000e+01 3.129191084230499e-19
2.90983333e+01 3.125649270889232e-19
2.91641667e+01 3.122119456921968e-19
2.92300000e+01 3.118601574726550e-19
2.92958333e+01 3.115095557232822e-19
2.93616667e+01 3.111601337897259e-19
2.94275000e+01 3.108118850697665e-19
2.94933333e+01 3.104648030127926e-19
2.95591667e+01 3.101188811192844e-19
2.96250000e+01 3.097741129403019e-19
2.96908333e+01 3.094304920769801e-19
2.97566667e+01 3.090880121800301e-19
2.98225000e+01 3.087466669492468e-19
2.98883333e+01 3.084064501330214e-19
2.99541667e+01 3.080673555278609e-19
3.00200000e+01 3.077293769779134e-19
3.00858333e+01 3.073925083744978e-19
3.01516667e+01 3.070567436556408e-19
3.02175000e+01 3.067220768056187e-19
3.02833333e+01 3.063885018545044e-19
3.03491667e+01 3.060560128777201e-19
3.04150000e+01 3.057246039955958e-19
3.04808333e+01 3.053942693729321e-19
3.05466667e+01 3.050650032185690e-19
3.06125000e+01 3.047367997849592e-19
3.06783333e+01 3.044096533677470e-19
3.07441667e+01 3.040835583053519e-19
3.08100000e+01 3.037585089785566e-19
3.08758333e+01 3.034344998101010e-19
3.09416667e+01 3.031115252642797e-19
3.10075000e+01 3.027895798465452e-19
3.10733333e+01 3.024686581031148e-19
3.11391667e+01 3.021487546205832e-19
3.12050000e+01 3.018298640255382e-19
3.12708333e+01 3.015119809841826e-19
3.13366667e+01 3.011951002019586e-19
3.14025000e+01 3.008792164231776e-19
3.14683333e+01 3.005643244306547e-19
3.15341667e+01 3.002504190453459e-19
3.16000000e+01 2.999374951259911e-19
3.16658333e+01 2.996255475687599e-19
3.17316667e+01 2.993145713069022e-19
3.17975000e+01 2.990045613104026e-19
3.18633333e+01 2.986955125856385e-19
3.19291667e+01 2.983874201750424e-19
3.19950000e+01 2.980802791567681e-19
3.20608333e+01 2.977740846443597e-19
3.21266667e+01 2.974688317864259e-19
3.21925000e+01 2.971645157663170e-19
3.22583333e+01 2.968611318018052e-19
3.23241667e+01 2.965586751447696e-19
3.23900000e+01 2.962571410808835e-19
3.24558333e+01 2.959565249293062e-19
3.25216667e+01 2.956568220423777e-19
3.25875000e+01 2.953580278053168e-19
3.26533333e+01 2.950601376359227e-19
3.27191667e+01 2.947631469842800e-19
3.27850000e+01 2.944670513324667e-19
3.28508333e+01 2.941718461942653e-19
3.29166667e+01 2.938775271148780e-19
3.29825000e+01 2.935840896706433e-19
3.30483333e+01 2.932915294687580e-19
3.31141667e+01 2.929998421469998e-19
3.31800000e+01 2.927090233734551e-19
3.32458333e+01 2.924190688462481e-19
3.33116667e+01 2.921299742932737e-19
3.33775000e+01 2.918417354719336e-19
3.34433333e+01 2.915543481688740e-19
3.35091667e+01 2.912678081997276e-19
3.35750000e+01 2.909821114088574e-19
3.36408333e+01 2.906972536691035e-19
3.37066667e+01 2.904132308815331e-19
3.37725000e+01 2.901300389751920e-19
3.38383333e+01 2.898476739068605e-19
3.39041667e+01 2.895661316608102e-19
3.39700000e+01 2.892854082485644e-19
3.40358333e+01 2.890054997086609e-19
3.41016667e+01 2.887264021064170e-19
3.41675000e+01 2.884481115336973e-19
3.42333333e+01 2.881706241086837e-19
3.42991667e+01 2.878939359756483e-19
3.43650000e+01 2.876180433047281e-19
3.44308333e+01 2.873429422917024e-19
3.44966667e+01 2.870686291577725e-19
3.45625000e+01 2.867951001493439e-19
3.46283333e+01 2.865223515378102e-19
3.46941667e+01 2.862503796193398e-19
3.47600000e+01 2.859791807146648e-19
3.48258333e+01 2.857087511688716e-19
3.48916667e+01 2.854390873511946e-19
3.49575000e+01 2.851701856548105e-19
3.50233333e+01 2.849020424966369e-19
3.50891667e+01 2.846346543171307e-19
3.51550000e+01 2.843680175800903e-19
3.52208333e+01 2.841021287724589e-19
3.52866667e+01 2.838369844041302e-19
3.53525000e+01 2.835725810077558e-19
3.54183333e+01 2.833089151385550e-19
3.54841667e+01 2.830459833741262e-19
3.55500000e+01 2.827837823142605e-19
3.56158333e+01 2.825223085807565e-19
3.56816667e+01 2.822615588172380e-19
3.57475000e+01 2.820015296889728e-19
3.58133333e+01 2.817422178826940e-19
3.58791667e+01 2.814836201064217e-19
3.59450000e+01 2.812257330892888e-19
3.60108333e+01 2.809685535813660e-19
3.60766667e+01 2.807120783534907e-19
3.61425000e+01 2.804563041970962e-19
3.62083333e+01 2.802012279240433e-19
3.62741667e+01 2.799468463664532e-19
3.63400000e+01 2.796931563765424e-19
3.64058333e+01 2.794401548264594e-19
3.64716667e+01 2.791878386081223e-19
3.65375000e+01 2.789362046330582e-19
3.66033333e+01 2.786852498322453e-19
3.66691667e+01 2.784349711559549e-19
3.67350000e+01 2.781853655735960e-19
3.68008333e+01 2.779364300735612e-19
3.68666667e+01 2.776881616630743e-19
3.69325000e+01 2.774405573680386e-19
3.69983333e+01 2.771936142328877e-19
3.70641667e+01 2.769473293204373e-19
3.71300000e+01 2.767016997117384e-19
3.71958333e+01 2.764567225059321e-19
3.72616667e+01 2.762123948201054e-19
3.73275000e+01 2.759687137891490e-19
3.73933333e+01 2.757256765656161e-19
3.74591667e+01 2.754832803195827e-19
3.75250000e+01 2.752415222385093e-19
3.75908333e+01 2.750003995271032e-19
3.76566667e+01 2.747599094071839e-19
3.77225000e+01 2.745200491175476e-19
3.77883333e+01 2.742808159138345e-19
3.78541667e+01 2.740422070683969e-19
3.79200000e+01 2.738042198701686e-19
3.79858333e+01 2.735668516245356e-19
3.80516667e+01 2.733300996532075e-19
3.81175000e+01 2.730939612940913e-19
3.81833333e+01 2.728584339011650e-19
3.82491667e+01 2.726235148443534e-19
3.83150000e+01 2.723892015094048e-19
3.83808333e+01 2.721554912977687e-19
3.84466667e+01 2.719223816264749e-19
3.85125000e+01 2.716898699280131e-19
3.85783333e+01 2.714579536502151e-19
3.86441667e+01 2.712266302561359e-19
3.87100000e+01 2.709958972239383e-19
3.87758333e+01 2.707657520467767e-19
3.88416667e+01 2.705361922326829e-19
3.89075000e+01 2.703072153044530e-19
3.89733333e+01 2.700788187995347e-19
3.90391667e+01 2.698510002699163e-19
3.91050000e+01 2.696237572820168e-19
3.91708333e+01 2.693970874165760e-19
3.92366667e+01 2.691709882685471e-19
3.93025000e+01 2.689454574469887e-19
3.93683333e+01 2.687204925749596e-19
3.94341667e+01 2.684960912894127e-19
3.95000000e+01 2.682722512410912e-19
3.95658333e+01 2.680489700944252e-19
3.96316667e+01 2.678262455274292e-19
3.96975000e+01 2.676040752316010e-19
3.97633333e+01 2.673824569118210e-19
3.98291667e+01 2.671613882862527e-19
3.98950000e+01 2.669408670862437e-19
3.99608333e+01 2.667208910562285e-19
4.00266667e+01 2.665014579536312e-19
4.00925000e+01 2.662825655487694e-19
4.01583333e+01 2.660642116247594e-19
4.02241667e+01 2.658463939774217e-19
4.02900000e+01 2.656291104151876e-19
4.03558333e+01 2.654123587590062e-19
4.04216667e+01 2.651961368422535e-19
4.04875000e+01 2.649804425106404e-19
4.05533333e+01 2.647652736221234e-19
4.06191667e+01 2.645506280468149e-19
4.06850000e+01 2.643365036668944e-19
4.07508333e+01 2.641228983765210e-19
4.08166667e+01 2.639098100817469e-19
4.08825000e+01 2.636972367004302e-19
4.09483333e+01 2.634851761621499e-19
4.10141667e+01 2.632736264081218e-19
4.10800000e+01 2.630625853911135e-19
4.11458333e+01 2.628520510753619e-19
4.12116667e+01 2.626420214364904e-19
4.12775000e+01 2.624324944614273e-19
4.13433333e+01 2.622234681483248e-19
4.14091667e+01 2.620149405064786e-19
4.14750000e+01 2.618069095562481e-19
4.15408333e+01 2.615993733289779e-19
4.16066667e+01 2.613923298669190e-19
4.16725000e+01 2.611857772231516e-19
4.17383333e+01 2.609797134615082e-19
4.18041667e+01 2.607741366564974e-19
4.18700000e+01 2.605690448932279e-19
4.19358333e+01 2.603644362673343e-19
4.20016667e+01 2.601603088849020e-19
4.20675000e+01 2.599566608623945e-19
4.21333333e+01 2.597534903265796e-19
4.21991667e+01 2.595507954144574e-19
4.22650000e+01 2.593485742731887e-19
4.23308333e+01 2.591468250600234e-19
4.23966667e+01 2.589455459422303e-19
4.24625000e+01 2.587447350970274e-19
4.25283333e+01 2.585443907115118e-19
4.25941667e+01 2.583445109825918e-19
4.26600000e+01 2.581450941169182e-19
4.27258333e+01 2.579461383308172e-19
4.27916667e+01 2.577476418502226e-19
4.28575000e+01 2.575496029106104e-19
4.29233333e+01 2.573520197569319e-19
4.29891667e+01 2.571548906435492e-19
4.30550000e+01 2.569582138341699e-19
4.31208333e+01 2.567619876017831e-19
4.31866667e+01 2.565662102285955e-19
4.32525000e+01 2.563708800059688e-19
4.33183333e+01 2.561759952343563e-19
4.33841667e+01 2.559815542232412e-19
4.34500000e+01 2.557875552910750e-19
4.35158333e+01 2.555939967652163e-19
4.35816667e+01 2.554008769818707e-19
4.36475000e+01 2.552081942860297e-19
4.37133333e+01 2.550159470314125e-19
4.37791667e+01 2.548241335804055e-19
4.38450000e+01 2.546327523040050e-19
4.39108333e+01 2.544418015817581e-19
4.39766667e+01 2.542512798017057e-19
4.40425000e+01 2.540611853603250e-19
4.41083333e+01 2.538715166624731e-19
4.41741667e+01 2.536822721213303e-19
4.42400000e+01 2.534934501583451e-19
4.43058333e+01 2.533050492031782e-19
4.43716667e+01 2.531170676936478e-19
4.44375000e+01 2.529295040756757e-19
4.45033333e+01 2.527423568032326e-19
4.45691667e+01 2.525556243382849e-19
4.46350000e+01 2.523693051507420e-19
4.47008333e+01 2.521833977184027e-19
4.47666667e+01 2.519979005269042e-19
4.48325000e+01 2.518128120696691e-19
4.48983333e+01 2.516281308478549e-19
4.49641667e+01 2.514438553703025e-19
4.50300000e+01 2.512599841534856e-19
4.50958333e+01 2.510765157214610e-19
4.51616667e+01 2.508934486058186e-19
4.52275000e+01 2.507107813456319e-19
4.52933333e+01 2.505285124874092e-19
4.53591667e+01 2.503466405850448e-19
4.54250000e+01 2.501651641997711e-19
4.54908333e+01 2.499840819001107e-19
4.55566667e+01 2.498033922618290e-19
4.56225000e+01 2.496230938678870e-19
4.56883333e+01 2.494431853083947e-19
4.57541667e+01 2.492636651805650e-19
4.58200000e+01 2.490845320886673e-19
4.58858333e+01 2.489057846439826e-19
4.59516667e+01 2.487274214647573e-19
4.60175000e+01 2.485494411761597e-19
4.60833333e+01 2.483718424102341e-19
4.61491667e+01 2.481946238058575e-19
4.62150000e+01 2.480177840086954e-19
4.62808333e+01 2.478413216711588e-19
4.63466667e+01 2.476652354523605e-19
4.64125000e+01 2.474895240180725e-19
4.64783333e+01 2.473141860406836e-19
4.65441667e+01 2.471392201991575e-19
4.66100000e+01 2.469646251789906e-19
4.66758333e+01 2.467903996721705e-19
4.67416667e+01 2.466165423771353e-19
4.68075000e+01 2.464430519987325e-19
4.68733333e+01 2.462699272481781e-19
4.69391667e+01 2.460971668430170e-19
4.70050000e+01 2.459247695070830e-19
4.70708333e+01 2.457527339704589e-19
4.71366667e+01 2.455810589694371e-19
4.72025000e+01 2.454097432464814e-19
4.72683333e+01 2.452387855501874e-19
4.73341667e+01 2.450681846352446e-19
4.74000000e+01 2.448979392623983e-19
4.74658333e+01 2.447280481984115e-19
4.75316667e+01 2.445585102160278e-19
4.75975000e+01 2.443893240939337e-19
4.76633333e+01 2.442204886167220e-19
4.77291667e+01 2.440520025748552e-19
4.77950000e+01 2.438838647646284e-19
4.78608333e+01 2.437160739881342e-19
4.79266667e+01 2.435486290532261e-19
4.79925000e+01 2.433815287734832e-19
4.80583333e+01 2.432147719681750e-19
4.81241667e+01 2.430483574622262e-19
4.81900000e+01 2.428822840861817e-19
4.82558333e+01 2.427165506761725e-19
4.83216667e+01 2.425511560738816e-19
4.83875000e+01 2.423860991265090e-19
4.84533333e+01 2.422213786867393e-19
4.85191667e+01 2.420569936127071e-19
4.85850000e+01 2.418929427679644e-19
4.86508333e+01 2.417292250214472e-19
4.87166667e+01 2.415658392474431e-19
4.87825000e+01 2.414027843255586e-19
4.88483333e+01 2.412400591406867e-19
4.89141667e+01 2.410776625829754e-19
4.89800000e+01 2.409155935477952e-19
4.90458333e+01 2.407538509357078e-19
4.91116667e+01 2.405924336524353e-19
4.91775000e+01 2.404313406088282e-19
4.92433333e+01 2.402705707208353e-19
4.93091667e+01 2.401101229094725e-19
4.93750000e+01 2.399499961007930e-19
4.94408333e+01 2.397901892258562e-19
4.95066667e+01 2.396307012206988e-19
4.95725000e+01 2.394715310263043e-19
4.96383333e+01 2.393126775885736e-19
4.97041667e+01 2.391541398582962e-19
4.97700000e+01 2.389959167911199e-19
4.98358333e+01 2.388380073475235e-19
4.99016667e+01 2.386804104927867e-19
4.99675000e+01 2.385231251969625e-19
5.00333333e+01 2.383661504348485e-19
5.00991667e+01 2.382094851859591e-19
5.01650000e+01 2.380531284344975e-19
5.02308333e+01 2.378970791693277e-19
5.02966667e+01 2.377413363839480e-19
5.03625000e+01 2.375858990764627e-19
5.04283333e+01 2.374307662495555e-19
5.04941667e+01 2.372759369104626e-19
5.05600000e+01 2.371214100709460e-19
5.06258333e+01 2.369671847472670e-19
5.06916667e+01 2.368132599601600e-19
5.07575000e+01 2.366596347348060e-19
5.08233333e+01 2.365063081008072e-19
5.08891667e+01 2.363532790921610e-19
5.09550000e+01 2.362005467472343e-19
5.10208333e+01 2.360481101087382e-19
5.10866667e+01 2.358959682237031e-19
5.11525000e+01 2.357441201434533e-19
5.12183333e+01 2.355925649235824e-19
5.12841667e+01 2.354413016239283e-19
5.13500000e+01 2.352903293085492e-19
5.14158333e+01 2.351396470456988e-19
5.14816667e+01 2.349892539078025e-19
5.15475000e+01 2.348391489714332e-19
5.16133333e+01 2.346893313172874e-19
5.16791667e+01 2.345398000301621e-19
5.17450000e+01 2.343905541989306e-19
5.18108333e+01 2.342415929165196e-19
5.18766667e+01 2.340929152798861e-19
5.19425000e+01 2.339445203899940e-19
5.20083333e+01 2.337964073517918e-19
5.20741667e+01 2.336485752741894e-19
5.21400000e+01 2.335010232700361e-19
5.22058333e+01 2.333537504560978e-19
5.22716667e+01 2.332067559530350e-19
5.23375000e+01 2.330600388853808e-19
5.24033333e+01 2.329135983815190e-19
5.24691667e+01 2.327674335736620e-19
5.25350000e+01 2.326215435978297e-19
5.26008333e+01 2.324759275938278e-19
5.26666667e+01 2.323305847052264e-19
5.27325000e+01 2.321855140793392e-19
5.27983333e+01 2.320407148672021e-19
5.28641667e+01 2.318961862235525e-19
5.29300000e+01 2.317519273068086e-19
5.29958333e+01 2.316079372790488e-19
5.30616667e+01 2.314642153059912e-19
5.31275000e+01 2.313207605569734e-19
5.31933333e+01 2.311775722049323e-19
5.32591667e+01 2.310346494263841e-19
5.33250000e+01 2.308919914014041e-19
5.33908333e+01 2.307495973136075e-19
5.34566667e+01 2.306074663501293e-19
5.35225000e+01 2.304655977016050e-19
5.35883333e+01 2.303239905621516e-19
5.36541667e+01 2.301826441293474e-19
5.37200000e+01 2.300415576042141e-19
5.37858333e+01 2.299007301911967e-19
5.38516667e+01 2.297601610981457e-19
5.39175000e+01 2.296198495362975e-19
5.39833333e+01 2.294797947202566e-19
5.40491667e+01 2.293399958679763e-19
5.41150000e+01 2.292004522007411e-19
5.41808333e+01 2.290611629431481e-19
5.42466667e+01 2.289221273230889e-19
5.43125000e+01 2.287833445717318e-19
5.43783333e+01 2.286448139235038e-19
5.44441667e+01 2.285065346160730e-19
5.45100000e+01 2.283685058903307e-19
5.45758333e+01 2.282307269903743e-19
5.46416667e+01 2.280931971634896e-19
5.47075000e+01 2.279559156601336e-19
5.47733333e+01 2.278188817339175e-19
5.48391667e+01 2.276820946415893e-19
5.49050000e+01 2.275455536430174e-19
5.49708333e+01 2.274092580011733e-19
5.50366667e+01 2.272732069821150e-19
5.51025000e+01 2.271373998549707e-19
5.51683333e+01 2.270018358919217e-19
5.52341667e+01 2.268665143681870e-19
5.53000000e+01 2.267314345620058e-19
5.53658333e+01 2.265965957546223e-19
5.54316667e+01 2.264619972302692e-19
5.54975000e+01 2.263276382761518e-19
5.55633333e+01 2.261935181824323e-19
5.56291667e+01 2.260596362422138e-19
5.56950000e+01 2.259259917515248e-19
5.57608333e+01 2.257925840093037e-19
5.58266667e+01 2.256594123173833e-19
5.58925000e+01 2.255264759804752e-19
5.59583333e+01 2.253937743061551e-19
5.60241667e+01 2.252613066048473e-19
5.60900000e+01 2.251290721898096e-19
5.61558333e+01 2.249970703771183e-19
5.62216667e+01 2.248653004856539e-19
5.62875000e+01 2.247337618370855e-19
5.63533333e+01 2.246024537558567e-19
5.64191667e+01 2.244713755691711e-19
5.64850000e+01 2.243405266069774e-19
5.65508333e+01 2.242099062019551e-19
5.66166667e+01 2.240795136895007e-19
5.66825000e+01 2.239493484077128e-19
5.67483333e+01 2.238194096973785e-19
5.68141667e+01 2.236896969019590e-19
5.68800000e+01 2.235602093675760e-19
5.69458333e+01 2.234309464429978e-19
5.70116667e+01 2.233019074796253e-19
5.70775000e+01 2.231730918314786e-19
5.71433333e+01 2.230444988551832e-19
5.72091667e+01 2.229161279099566e-19
5.72750000e+01 2.227879783575951e-19
5.73408333e+01 2.226600495624601e-19
5.74066667e+01 2.225323408914651e-19
5.74725000e+01 2.224048517140624e-19
5.75383333e+01 2.222775814022302e-19
5.76041667e+01 2.221505293304595e-19
5.76700000e+01 2.220236948757410e-19
5.77358333e+01 2.218970774175528e-19
5.78016667e+01 2.217706763378471e-19
5.78675000e+01 2.216444910210377e-19
5.79333333e+01 2.215185208539876e-19
5.79991667e+01 2.213927652259962e-19
5.80650000e+01 2.212672235287871e-19
5.81308333e+01 2.211418951564955e-19
5.81966667e+01 2.210167795056564e-19
5.82625000e+01 2.208918759751916e-19
5.83283333e+01 2.207671839663984e-19
5.83941667e+01 2.206427028829371e-19
5.84600000e+01 2.205184321308189e-19
5.85258333e+01 2.203943711183944e-19
5.85916667e+01 2.202705192563415e-19
5.86575000e+01 2.201468759576538e-19
5.87233333e+01 2.200234406376286e-19
5.87891667e+01 2.199002127138557e-19
5.88550000e+01 2.197771916062057e-19
5.89208333e+01 2.196543767368184e-19
5.89866667e+01 2.195317675300913e-19
5.90525000e+01 2.194093634126689e-19
5.91183333e+01 2.192871638134308e-19
5.91841667e+01 2.191651681634805e-19
5.92500000e+01 2.190433758961349e-19
5.93158333e+01 2.189217864469125e-19
5.93816667e+01 2.188003992535229e-19
5.94475000e+01 2.186792137558556e-19
5.95133333e+01 2.185582293959695e-19
5.95791667e+01 2.184374456180816e-19
5.96450000e+01 2.183168618685569e-19
5.97108333e+01 2.181964775958970e-19
5.97766667e+01 2.180762922507302e-19
5.98425000e+01 2.179563052858005e-19
5.99083333e+01 2.178365161559575e-19
5.99741667e+01 2.177169243181456e-19
6.00400000e+01 2.175975292313940e-19
6.01058333e+01 2.174783303568062e-19
6.01716667e+01 2.173593271575500e-19
6.02375000e+01 2.172405190988470e-19
6.03033333e+01 2.171219056479630e-19
6.03691667e+01 2.170034862741975e-19
6.04350000e+01 2.168852604488741e-19
6.05008333e+01 2.167672276453300e-19
6.05666667e+01 2.166493873389071e-19
6.06325000e+01 2.165317390069413e-19
6.06983333e+01 2.164142821287532e-19
6.07641667e+01 2.162970161856383e-19
6.08300000e+01 2.161799406608576e-19
6.08958333e+01 2.160630550396277e-19
6.09616667e+01 2.159463588091115e-19
6.10275000e+01 2.158298514584085e-19
6.10933333e+01 2.157135324785460e-19
6.11591667e+01 2.155974013624692e-19
6.12250000e+01 2.154814576050319e-19
6.12908333e+01 2.153657007029876e-19
6.13566667e+01 2.152501301549803e-19
6.14225000e+01 2.151347454615350e-19
6.14883333e+01 2.150195461250492e-19
6.15541667e+01 2.149045316497833e-19
6.16200000e+01 2.147897015418522e-19
6.16858333e+01 2.146750553092157e-19
6.17516667e+01 2.145605924616706e-19
6.18175000e+01 2.144463125108409e-19
6.18833333e+01 2.143322149701697e-19
6.19491667e+01 2.142182993549104e-19
6.20150000e+01 2.141045651821177e-19
6.20808333e+01 2.139910119706395e-19
6.21466667e+01 2.138776392411079e-19
6.22125000e+01 2.137644465159310e-19
6.22783333e+01 2.136514333192845e-19
6.23441667e+01 2.135385991771029e-19
6.24100000e+01 2.134259436170717e-19
6.24758333e+01 2.133134661686184e-19
6.25416667e+01 2.132011663629049e-19
6.26075000e+01 2.130890437328191e-19
6.26733333e+01 2.129770978129666e-19
6.27391667e+01 2.128653281396625e-19
6.28050000e+01 2.127537342509238e-19
6.28708333e+01 2.126423156864607e-19
6.29366667e+01 2.125310719876694e-19
6.30025000e+01 2.124200026976236e-19
6.30683333e+01 2.123091073610667e-19
6.31341667e+01 2.121983855244041e-19
6.32000000e+01 2.120878367356954e-19
6.32658333e+01 2.119774605446467e-19
6.33316667e+01 2.118672565026026e-19
6.33975000e+01 2.117572241625390e-19
6.34633333e+01 2.116473630790550e-19
6.35291667e+01 2.115376728083657e-19
6.35950000e+01 2.114281529082945e-19
6.36608333e+01 2.113188029382656e-19
6.37266667e+01 2.112096224592968e-19
6.37925000e+01 2.111006110339915e-19
6.38583333e+01 2.109917682265322e-19
6.39241667e+01 2.108830936026724e-19
6.39900000e+01 2.107745867297298e-19
6.40558333e+01 2.106662471765789e-19
6.41216667e+01 2.105580745136437e-19
6.41875000e+01 2.104500683128908e-19
6.42533333e+01 2.103422281478222e-19
6.43191667e+01 2.102345535934679e-19
6.43850000e+01 2.101270442263795e-19
6.44508333e+01 2.100196996246225e-19
6.45166667e+01 2.099125193677700e-19
6.45825000e+01 2.098055030368952e-19
6.46483333e+01 2.096986502145651e-19
6.47141667e+01 2.095919604848330e-19
6.47800000e+01 2.094854334332324e-19
6.48458333e+01 2.093790686467698e-19
6.49116667e+01 2.092728657139179e-19
6.49775000e+01 2.091668242246094e-19
6.50433333e+01 2.090609437702296e-19
6.51091667e+01 2.089552239436107e-19
6.51750000e+01 2.088496643390244e-19
6.52408333e+01 2.087442645521758e-19
6.53066667e+01 2.086390241801970e-19
6.53725000e+01 2.085339428216401e-19
6.54383333e+01 2.084290200764714e-19
6.55041667e+01 2.083242555460646e-19
6.55700000e+01 2.082196488331944e-19
6.56358333e+01 2.081151995420305e-19
6.57016667e+01 2.080109072781311e-19
6.57675000e+01 2.079067716484366e-19
6.58333333e+01 2.078027922612637e-19
6.58991667e+01 2.076989687262985e-19
6.59650000e+01 2.075953006545914e-19
6.60308333e+01 2.074917876585497e-19
6.60966667e+01 2.073884293519329e-19
6.61625000e+01 2.072852253498455e-19
6.62283333e+01 2.071821752687315e-19
6.62941667e+01 2.070792787263686e-19
6.63600000e+01 2.069765353418617e-19
6.64258333e+01 2.068739447356374e-19
6.64916667e+01 2.067715065294379e-19
6.65575000e+01 2.066692203463152e-19
6.66233333e+01 2.065670858106256e-19
6.66891667e+01 2.064651025480232e-19
6.67550000e+01 2.063632701854548e-19
6.68208333e+01 2.062615883511537e-19
6.68866667e+01 2.061600566746345e-19
6.69525000e+01 2.060586747866868e-19
6.70183333e+01 2.059574423193701e-19
6.70841667e+01 2.058563589060080e-19
6.71500000e+01 2.057554241811825e-19
6.72158333e+01 2.056546377807287e-19
6.72816667e+01 2.055539993417291e-19
6.73475000e+01 2.054535085025080e-19
6.74133333e+01 2.053531649026265e-19
6.74791667e+01 2.052529681828764e-19
6.75450000e+01 2.051529179852756e-19
6.76108333e+01 2.050530139530618e-19
6.76766667e+01 2.049532557306882e-19
6.77425000e+01 2.048536429638171e-19
6.78083333e+01 2.047541752993155e-19
6.78741667e+01 2.046548523852494e-19
6.79400000e+01 2.045556738708787e-19
6.80058333e+01 2.044566394066519e-19
6.80716667e+01 2.043577486442009e-19
6.81375000e+01 2.042590012363362e-19
6.82033333e+01 2.041603968370414e-19
6.82691667e+01 2.040619351014680e-19
6.83350000e+01 2.039636156859309e-19
6.84008333e+01 2.038654382479030e-19
6.84666667e+01 2.037674024460098e-19
6.85325000e+01 2.036695079400254e-19
6.85983333e+01 2.035717543908667e-19
6.86641667e+01 2.034741414605885e-19
6.87300000e+01 2.033766688123793e-19
6.87958333e+01 2.032793361105556e-19
6.88616667e+01 2.031821430205575e-19
6.89275000e+01 2.030850892089439e-19
6.89933333e+01 2.029881743433872e-19
6.90591667e+01 2.028913980926693e-19
6.91250000e+01 2.027947601266761e-19
6.91908333e+01 2.026982601163933e-19
6.92566667e+01 2.026018977339014e-19
6.93225000e+01 2.025056726523711e-19
6.93883333e+01 2.024095845460587e-19
6.94541667e+01 2.023136330903013e-19
6.95200000e+01 2.022178179615126e-19
6.95858333e+01 2.021221388371777e-19
6.96516667e+01 2.020265953958490e-19
6.97175000e+01 2.019311873171417e-19
6.97833333e+01 2.018359142817289e-19
6.98491667e+01 2.017407759713374e-19
6.99150000e+01 2.016457720687432e-19
6.99808333e+01 2.015509022577670e-19
7.00466667e+01 2.014561662232699e-19
7.01125000e+01 2.013615636511487e-19
7.01783333e+01 2.012670942283319e-19
7.02441667e+01 2.011727576427752e-19
7.03100000e+01 2.010785535834572e-19
7.03758333e+01 2.009844817403748e-19
7.04416667e+01 2.008905418045394e-19
7.05075000e+01 2.007967334679724e-19
7.05733333e+01 2.007030564237008e-19
7.06391667e+01 2.006095103657532e-19
7.07050000e+01 2.005160949891557e-19
7.07708333e+01 2.004228099899273e-19
7.08366667e+01 2.003296550650764e-19
7.09025000e+01 2.002366299125958e-19
7.09683333e+01 2.001437342314595e-19
7.10341667e+01 2.000509677216179e-19
7.11000000e+01 1.999583300839941e-19
7.11658333e+01 1.998658210204798e-19
7.12316667e+01 1.997734402339313e-19
7.12975000e+01 1.996811874281650e-19
7.13633333e+01 1.995890623079545e-19
7.14291667e+01 1.994970645790255e-19
7.14950000e+01 1.994051939480522e-19
7.15608333e+01 1.993134501226540e-19
7.16266667e+01 1.992218328113907e-19
7.16925000e+01 1.991303417237590e-19
7.17583333e+01 1.990389765701888e-19
7.18241667e+01 1.989477370620391e-19
7.18900000e+01 1.988566229115941e-19
7.19558333e+01 1.987656338320598e-19
7.20216667e+01 1.986747695375598e-19
7.20875000e+01 1.985840297431315e-19
7.21533333e+01 1.984934141647227e-19
7.22191667e+01 1.984029225191879e-19
7.22850000e+01 1.983125545242840e-19
7.23508333e+01 1.982223098986670e-19
7.24166667e+01 1.981321883618884e-19
7.24825000e+01 1.980421896343915e-19
7.25483333e+01 1.979523134375076e-19
7.26141667e+01 1.978625594934525e-19
7.26800000e+01 1.977729275253226e-19
7.27458333e+01 1.976834172570920e-19
7.28116667e+01 1.975940284136082e-19
7.28775000e+01 1.975047607205890e-19
7.29433333e+01 1.974156139046187e-19
7.30091667e+01 1.973265876931446e-19
7.30750000e+01 1.972376818144740e-19
7.31408333e+01 1.971488959977697e-19
7.32066667e+01 1.970602299730478e-19
7.32725000e+01 1.969716834711731e-19
7.33383333e+01 1.968832562238565e-19
7.34041667e+01 1.967949479636509e-19
7.34700000e+01 1.967067584239485e-19
7.35358333e+01 1.966186873389769e-19
7.36016667e+01 1.965307344437958e-19
7.36675000e+01 1.964428994742942e-19
7.37333333e+01 1.963551821671861e-19
7.37991667e+01 1.962675822600081e-19
7.38650000e+01 1.961800994911154e-19
7.39308333e+01 1.960927335996792e-19
7.39966667e+01 1.960054843256828e-19
7.40625000e+01 1.959183514099186e-19
7.41283333e+01 1.958313345939852e-19
7.41941667e+01 1.957444336202835e-19
7.42600000e+01 1.956576482320140e-19
7.43258333e+01 1.955709781731736e-19
7.43916667e+01 1.954844231885522e-19
7.44575000e+01 1.953979830237297e-19
7.45233333e+01 1.953116574250725e-19
7.45891667e+01 1.952254461397312e-19
7.46550000e+01 1.951393489156367e-19
7.47208333e+01 1.950533655014973e-19
7.47866667e+01 1.949674956467959e-19
7.48525000e+01 1.948817391017864e-19
7.49183333e+01 1.947960956174915e-19
7.49841667e+01 1.947105649456986e-19
7.50500000e+01 1.946251468389578e-19
7.51158333e+01 1.945398410505780e-19
7.51816667e+01 1.944546473346245e-19
7.52475000e+01 1.943695654459160e-19
7.53133333e+01 1.942845951400212e-19
7.53791667e+01 1.941997361732563e-19
7.54450000e+01 1.941149883026820e-19
7.55108333e+01 1.940303512861001e-19
7.55766667e+01 1.939458248820514e-19
7.56425000e+01 1.938614088498122e-19
7.57083333e+01 1.937771029493915e-19
7.57741667e+01 1.936929069415283e-19
7.58400000e+01 1.936088205876887e-19
7.59058333e+01 1.935248436500631e-19
7.59716667e+01 1.934409758915632e-19
7.60375000e+01 1.933572170758194e-19
7.61033333e+01 1.932735669671778e-19
7.61691667e+01 1.931900253306977e-19
7.62350000e+01 1.931065919321485e-19
7.63008333e+01 1.930232665380070e-19
7.63666667e+01 1.929400489154551e-19
7.64325000e+01 1.928569388323763e-19
7.64983333e+01 1.927739360573536e-19
7.65641667e+01 1.926910403596668e-19
7.66300000e+01 1.926082515092891e-19
7.66958333e+01 1.925255692768853e-19
7.67616667e+01 1.924429934338087e-19
7.68275000e+01 1.923605237520983e-19
7.68933333e+01 1.922781600044766e-19
7.69591667e+01 1.921959019643466e-19
7.70250000e+01 1.921137494057891e-19
7.70908333e+01 1.920317021035607e-19
7.71566667e+01 1.919497598330906e-19
7.72225000e+01 1.918679223704780e-19
7.72883333e+01 1.917861894924901e-19
7.73541667e+01 1.917045609765590e-19
7.74200000e+01 1.916230366007794e-19
7.74858333e+01 1.915416161439061e-19
7.75516667e+01 1.914602993853511e-19
7.76175000e+01 1.913790861051817e-19
7.76833333e+01 1.912979760841175e-19
7.77491667e+01 1.912169691035281e-19
7.78150000e+01 1.911360649454308e-19
7.78808333e+01 1.910552633924878e-19
7.79466667e+01 1.909745642280037e-19
7.80125000e+01 1.908939672359239e-19
7.80783333e+01 1.908134722008307e-19
7.81441667e+01 1.907330789079424e-19
7.82100000e+01 1.906527871431099e-19
7.82758333e+01 1.905725966928145e-19
7.83416667e+01 1.904925073441660e-19
7.84075000e+01 1.904125188848997e-19
7.84733333e+01 1.903326311033743e-19
7.85391667e+01 1.902528437885695e-19
7.86050000e+01 1.901731567300838e-19
7.86708333e+01 1.900935697181321e-19
7.87366667e+01 1.900140825435433e-19
7.88025000e+01 1.899346949977579e-19
7.88683333e+01 1.898554068728261e-19
7.89341667e+01 1.897762179614050e-19
7.90000000e+01 1.896971280567568e-19
7.90658333e+01 1.896181369527462e-19
-----------------------------
