SPECIES: e / A
PROCESS: E + A -> E + A, Elastic
PARAM.:  m/M = 0.0000195921, complete set
COMMENT: [e + A(gnd) -> e + A(gnd), Elastic]
UPDATED: 2018-06-05 11:00:00
COLUMNS: Energy (eV) | Cross section (m2)
-----------------------------
0.00000000e+00 2.427739560571796e-17
1.61250000e-02 1.327774855073208e-17
3.22500000e-02 9.388786039112509e-18
4.83750000e-02 7.665911699997332e-18
6.45000000e-02 6.638874275366042e-18
8.06250000e-02 5.937989669517250e-18
9.67500000e-02 5.420618147045408e-18
1.12875000e-01 5.018517233726482e-18
1.29000000e-01 4.694393019556255e-18
1.45125000e-01 4.425916183577362e-18
1.61250000e-01 4.198792761931314e-18
1.77375000e-01 4.003391818496683e-18
1.93500000e-01 3.832955849998666e-18
2.09625000e-01 3.682584863260169e-18
2.25750000e-01 3.548627567469549e-18
2.41875000e-01 3.428299934141001e-18
2.58000000e-01 3.319437137683021e-18
2.74125000e-01 3.220327043827070e-18
2.90250000e-01 3.129595346370836e-18
3.06375000e-01 3.046124427914989e-18
3.22500000e-01 2.968994834758625e-18
3.38625000e-01 2.897442275824761e-18
3.54750000e-01 2.830825502605748e-18
3.70875000e-01 2.768601959053074e-18
3.87000000e-01 2.710309073522704e-18
4.03125000e-01 2.655549710146416e-18
4.19250000e-01 2.603980729106200e-18
4.35375000e-01 2.555303899999111e-18
4.51500000e-01 2.509258616863241e-18
4.67625000e-01 2.465616007358054e-18
4.83750000e-01 2.424174131372496e-18
4.99875000e-01 2.384754038689809e-18
5.16000000e-01 2.347196509778127e-18
5.32125000e-01 2.311359344080605e-18
5.48250000e-01 2.277115090328549e-18
5.64375000e-01 2.244349136173324e-18
5.80500000e-01 2.212958091788681e-18
5.96625000e-01 2.182848415435530e-18
6.12750000e-01 2.153935239316681e-18
6.28875000e-01 2.126141362116900e-18
6.45000000e-01 2.099396380965657e-18
6.61125000e-01 2.073635940578816e-18
6.77250000e-01 2.048801081332271e-18
6.93375000e-01 2.024837671222456e-18
7.09500000e-01 2.001695909248341e-18
7.25625000e-01 1.979329889839084e-18
7.41750000e-01 1.957697219652789e-18
7.57875000e-01 1.936758679463717e-18
7.74000000e-01 1.916477924999333e-18
7.90125000e-01 1.896821221533155e-18
8.06250000e-01 1.877757207822502e-18
8.22375000e-01 1.859256685632191e-18
8.38500000e-01 1.841292431630085e-18
8.54625000e-01 1.823839028897447e-18
8.70750000e-01 1.806872715681803e-18
8.86875000e-01 1.790371249345017e-18
9.03000000e-01 1.774313783734775e-18
9.19125000e-01 1.758680758441813e-18
9.35250000e-01 1.743453798604981e-18
9.51375000e-01 1.728615624097022e-18
9.67500000e-01 1.714149967070501e-18
9.83625000e-01 1.700041496969267e-18
9.99750000e-01 1.686275752219570e-18
1.01587500e+00 1.672839077908827e-18
1.03200000e+00 1.659718568841510e-18
1.04812500e+00 1.646902017432301e-18
1.06425000e+00 1.634377865958287e-18
1.08037500e+00 1.622135162745676e-18
1.09650000e+00 1.610163521913535e-18
1.11262500e+00 1.598453086338218e-18
1.12875000e+00 1.586994493538327e-18
1.14487500e+00 1.575778844211885e-18
1.16100000e+00 1.564797673185418e-18
1.17712500e+00 1.554042922559443e-18
1.19325000e+00 1.543506916856773e-18
1.20937500e+00 1.533182339999466e-18
1.22550000e+00 1.523062213957494e-18
1.24162500e+00 1.513139878927551e-18
1.25775000e+00 1.503408974914063e-18
1.27387500e+00 1.493863424596672e-18
1.29000000e+00 1.484497417379312e-18
1.30612500e+00 1.475305394525787e-18
1.32225000e+00 1.466282035295426e-18
1.33837500e+00 1.457422244000291e-18
1.35450000e+00 1.448721137912380e-18
1.37062500e+00 1.440174035955655e-18
1.38675000e+00 1.431776448123376e-18
1.40287500e+00 1.423524065566423e-18
1.41900000e+00 1.415412751302874e-18
1.43512500e+00 1.407438531503353e-18
1.45125000e+00 1.399597587310438e-18
1.46737500e+00 1.391886247153887e-18
1.48350000e+00 1.384300979526537e-18
1.49962500e+00 1.376838386188608e-18
1.51575000e+00 1.369495195770697e-18
1.53187500e+00 1.362268257748115e-18
1.54800000e+00 1.355154536761352e-18
1.56412500e+00 1.348151107259429e-18
1.58025000e+00 1.341255148444644e-18
1.59637500e+00 1.334463939498894e-18
1.61250000e+00 1.327774855073208e-18
1.62862500e+00 1.321185361023521e-18
1.64475000e+00 1.314693010376947e-18
1.66087500e+00 1.308295439513983e-18
1.67700000e+00 1.301990364553100e-18
1.69312500e+00 1.295775577925172e-18
1.70925000e+00 1.289648945126072e-18
1.72537500e+00 1.283608401636588e-18
1.74150000e+00 1.277651949999555e-18
1.75762500e+00 1.271777657044824e-18
1.77375000e+00 1.265983651253292e-18
1.78987500e+00 1.260268120251851e-18
1.80600000e+00 1.254629308431620e-18
1.82212500e+00 1.249065514682374e-18
1.83825000e+00 1.243575090236507e-18
1.85437500e+00 1.238156436616353e-18
1.87050000e+00 1.232808003679027e-18
1.88662500e+00 1.227528287753390e-18
1.90275000e+00 1.222315829864020e-18
1.91887500e+00 1.217169214037461e-18
1.93500000e+00 1.212087065686248e-18
1.95112500e+00 1.207068050066553e-18
1.96725000e+00 1.202110870805498e-18
1.98337500e+00 1.197214268494463e-18
1.99950000e+00 1.192377019344904e-18
2.01562500e+00 1.187597933903450e-18
2.03175000e+00 1.182875855823183e-18
2.04787500e+00 1.178209660688249e-18
2.06400000e+00 1.173598254889064e-18
2.08012500e+00 1.169040574545580e-18
2.09625000e+00 1.164535584476186e-18
2.11237500e+00 1.160082277209984e-18
2.12850000e+00 1.155679672040303e-18
2.14462500e+00 1.151326814117423e-18
2.16075000e+00 1.147022773578611e-18
2.17687500e+00 1.142766644713667e-18
2.19300000e+00 1.138557545164275e-18
2.20912500e+00 1.134394615155558e-18
2.22525000e+00 1.130277016758320e-18
2.24137500e+00 1.126203933180523e-18
2.25750000e+00 1.122174568086662e-18
2.27362500e+00 1.118188144943721e-18
2.28975000e+00 1.114243906392524e-18
2.30587500e+00 1.110341113643294e-18
2.32200000e+00 1.106479045894340e-18
2.33812500e+00 1.102656999772846e-18
2.35425000e+00 1.098874288796743e-18
2.37037500e+00 1.095130242856762e-18
2.38650000e+00 1.091424207717765e-18
2.40262500e+00 1.087755544538515e-18
2.41875000e+00 1.084123629409082e-18
2.43487500e+00 1.080527852905126e-18
2.45100000e+00 1.076967619658341e-18
2.46712500e+00 1.073442347942357e-18
2.48325000e+00 1.069951469273463e-18
2.49937500e+00 1.066494428025515e-18
2.51550000e+00 1.063070681058450e-18
2.53162500e+00 1.059679697359825e-18
2.54775000e+00 1.056320957698865e-18
2.56387500e+00 1.052993954292487e-18
2.58000000e+00 1.049698190482829e-18
2.59612500e+00 1.046433180425809e-18
2.61225000e+00 1.043198448790279e-18
2.62837500e+00 1.039993530467336e-18
2.64450000e+00 1.036817970289408e-18
2.66062500e+00 1.033671322758712e-18
2.67675000e+00 1.030553151784721e-18
2.69287500e+00 1.027463030430295e-18
2.70900000e+00 1.024400540666136e-18
2.72512500e+00 1.021365273133237e-18
2.74125000e+00 1.018356826913042e-18
2.75737500e+00 1.015374809304996e-18
2.77350000e+00 1.012418835611228e-18
2.78962500e+00 1.009488528928084e-18
2.80575000e+00 1.006583519944261e-18
2.82187500e+00 1.003703446745296e-18
2.83800000e+00 1.000847954624171e-18
2.85412500e+00 9.980166958978088e-19
2.87025000e+00 9.952093297292571e-19
2.88637500e+00 9.924255219553318e-19
2.90250000e+00 9.896649449195418e-19
2.91862500e+00 9.869272773100952e-19
2.93475000e+00 9.842122040028084e-19
2.95087500e+00 9.815194159087408e-19
2.96700000e+00 9.788486098263944e-19
2.98312500e+00 9.761994882983092e-19
2.99925000e+00 9.735717594719073e-19
3.01537500e+00 9.709651369644347e-19
3.03150000e+00 9.683793397318584e-19
3.04762500e+00 9.658140919415869e-19
3.06375000e+00 9.632691228488755e-19
3.07987500e+00 9.607441666767991e-19
3.09600000e+00 9.582389624996665e-19
3.11212500e+00 9.557532541297605e-19
3.12825000e+00 9.532867900072947e-19
3.14437500e+00 9.508393230934767e-19
3.16050000e+00 9.484106107665774e-19
3.17662500e+00 9.460004147209034e-19
3.19275000e+00 9.436085008685829e-19
3.20887500e+00 9.412346392440645e-19
3.22500000e+00 9.388786039112509e-19
3.24112500e+00 9.365401728731733e-19
3.25725000e+00 9.342191279841284e-19
3.27337500e+00 9.319152548642019e-19
3.28950000e+00 9.296283428160954e-19
3.30562500e+00 9.273581847441898e-19
3.32175000e+00 9.251045770757721e-19
3.33787500e+00 9.228673196843579e-19
3.35400000e+00 9.206462158150423e-19
3.37012500e+00 9.184410720118192e-19
3.38625000e+00 9.162516980468069e-19
3.40237500e+00 9.140779068513180e-19
3.41850000e+00 9.119195144487236e-19
3.43462500e+00 9.097763398890494e-19
3.45075000e+00 9.076482051852569e-19
3.46687500e+00 9.055349352511564e-19
3.48300000e+00 9.034363578409013e-19
3.49912500e+00 9.013523034900197e-19
3.51525000e+00 8.992826054579343e-19
3.53137500e+00 8.972270996719271e-19
3.54750000e+00 8.951856246725083e-19
3.56362500e+00 8.931580215601439e-19
3.57975000e+00 8.911441339433073e-19
3.59587500e+00 8.891438078878115e-19
3.61200000e+00 8.871568918673873e-19
3.62812500e+00 8.851832367154722e-19
3.64425000e+00 8.832226955781714e-19
3.66037500e+00 8.812751238683628e-19
3.67650000e+00 8.793403792209067e-19
3.69262500e+00 8.774183214489372e-19
3.70875000e+00 8.755088125011946e-19
3.72487500e+00 8.736117164203791e-19
3.74100000e+00 8.717268993024904e-19
3.75712500e+00 8.698542292571295e-19
3.77325000e+00 8.679935763687335e-19
3.78937500e+00 8.661448126587195e-19
3.80550000e+00 8.643078120485111e-19
3.82162500e+00 8.624824503234245e-19
3.83775000e+00 8.606686050973891e-19
3.85387500e+00 8.588661557784815e-19
3.87000000e+00 8.570749835352503e-19
3.88612500e+00 8.552949712638099e-19
3.90225000e+00 8.535260035556826e-19
3.91837500e+00 8.517679666663702e-19
3.93450000e+00 8.500207484846336e-19
3.95062500e+00 8.482842385024644e-19
3.96675000e+00 8.465583277857266e-19
3.98287500e+00 8.448429089454541e-19
3.99900000e+00 8.431378761097849e-19
4.01512500e+00 8.414431248965163e-19
4.03125000e+00 8.397585523862628e-19
4.04737500e+00 8.380840570962058e-19
4.06350000e+00 8.364195389544137e-19
4.07962500e+00 8.347648992747228e-19
4.09575000e+00 8.331200407321616e-19
4.11187500e+00 8.314848673389070e-19
4.12800000e+00 8.298592844207552e-19
4.14412500e+00 8.282431985940995e-19
4.16025000e+00 8.266365177433973e-19
4.17637500e+00 8.250391509991168e-19
4.19250000e+00 8.234510087161507e-19
4.20862500e+00 8.218720024526849e-19
4.22475000e+00 8.203020449495119e-19
4.24087500e+00 8.187410501097762e-19
4.25700000e+00 8.171889329791433e-19
4.27312500e+00 8.156456097263791e-19
4.28925000e+00 8.141109976243331e-19
4.30537500e+00 8.125850150313122e-19
4.32150000e+00 8.110675813728378e-19
4.33762500e+00 8.095586171237759e-19
4.35375000e+00 8.080580437908323e-19
4.36987500e+00 8.065657838954019e-19
4.38600000e+00 8.050817609567674e-19
4.40212500e+00 8.036058994756345e-19
4.41825000e+00 8.021381249179988e-19
4.43437500e+00 8.006783636993365e-19
4.45050000e+00 7.992265431691088e-19
4.46662500e+00 7.977825915955755e-19
4.48275000e+00 7.963464381509093e-19
4.49887500e+00 7.949180128966028e-19
4.51500000e+00 7.934972467691636e-19
4.53112500e+00 7.920840715660879e-19
4.54725000e+00 7.906784199321113e-19
4.56337500e+00 7.892802253457228e-19
4.57950000e+00 7.878894221059427e-19
4.59562500e+00 7.865059453193565e-19
4.61175000e+00 7.851297308873957e-19
4.62787500e+00 7.837607154938657e-19
4.64400000e+00 7.823988365927091e-19
4.66012500e+00 7.810440323960049e-19
4.67625000e+00 7.796962418621930e-19
4.69237500e+00 7.783554046845233e-19
4.70850000e+00 7.770214612797215e-19
4.72462500e+00 7.756943527768683e-19
4.74075000e+00 7.743740210064868e-19
4.75687500e+00 7.730604084898331e-19
4.77300000e+00 7.717534584283866e-19
4.78912500e+00 7.704531146935350e-19
4.80525000e+00 7.691593218164496e-19
4.82137500e+00 7.678720249781469e-19
4.83750000e+00 7.665911699997331e-19
4.85362500e+00 7.653167033328267e-19
4.86975000e+00 7.640485720501548e-19
4.88587500e+00 7.627867238363225e-19
4.90200000e+00 7.615311069787472e-19
4.91812500e+00 7.602816703587569e-19
4.93425000e+00 7.590383634428498e-19
4.95037500e+00 7.578011362741099e-19
4.96650000e+00 7.565699394637753e-19
4.98262500e+00 7.553447241829580e-19
4.99875000e+00 7.541254421545101e-19
5.01487500e+00 7.529120456450335e-19
5.03100000e+00 7.517044874570313e-19
5.04712500e+00 7.505027209211977e-19
5.06325000e+00 7.493066998888409e-19
5.07937500e+00 7.481163787244410e-19
5.09550000e+00 7.469317122983358e-19
5.11162500e+00 7.457526559795344e-19
5.12775000e+00 7.445791656286550e-19
5.14387500e+00 7.434111975909841e-19
5.16000000e+00 7.422487086896562e-19
5.17612500e+00 7.410916562189495e-19
5.19225000e+00 7.399399979376957e-19
5.20837500e+00 7.387936920628040e-19
5.22450000e+00 7.376526972628935e-19
5.24062500e+00 7.365169726520338e-19
5.25675000e+00 7.353864777835916e-19
5.27287500e+00 7.342611726441806e-19
5.28900000e+00 7.331410176477130e-19
5.30512500e+00 7.320259736295507e-19
5.32125000e+00 7.309160018407536e-19
5.33737500e+00 7.298110639424242e-19
5.35350000e+00 7.287111220001453e-19
5.36962500e+00 7.276161384785100e-19
5.38575000e+00 7.265260762357417e-19
5.40187500e+00 7.254408985184030e-19
5.41800000e+00 7.243605689561901e-19
5.43412500e+00 7.232850515568139e-19
5.45025000e+00 7.222143107009622e-19
5.46637500e+00 7.211483111373468e-19
5.48250000e+00 7.200870179778274e-19
5.49862500e+00 7.190303966926162e-19
5.51475000e+00 7.179784131055604e-19
5.53087500e+00 7.169310333894975e-19
5.54700000e+00 7.158882240616878e-19
5.56312500e+00 7.148499519793190e-19
5.57925000e+00 7.138161843350804e-19
5.59537500e+00 7.127868886528107e-19
5.61150000e+00 7.117620327832116e-19
5.62762500e+00 7.107415848996306e-19
5.64375000e+00 7.097255134939098e-19
5.65987500e+00 7.087137873723000e-19
5.67600000e+00 7.077063756514371e-19
5.69212500e+00 7.067032477543845e-19
5.70825000e+00 7.057043734067330e-19
5.72437500e+00 7.047097226327654e-19
5.74050000e+00 7.037192657516764e-19
5.75662500e+00 7.027329733738534e-19
5.77275000e+00 7.017508163972139e-19
5.78887500e+00 7.007727660035983e-19
5.80500000e+00 6.997987936552191e-19
5.82112500e+00 6.988288710911622e-19
5.83725000e+00 6.978629703239447e-19
5.85337500e+00 6.969010636361210e-19
5.86950000e+00 6.959431235769435e-19
5.88562500e+00 6.949891229590712e-19
5.90175000e+00 6.940390348553300e-19
5.91787500e+00 6.930928325955192e-19
5.93400000e+00 6.921504897632685e-19
5.95012500e+00 6.912119801929389e-19
5.96625000e+00 6.902772779665721e-19
5.98237500e+00 6.893463574108845e-19
5.99850000e+00 6.884191930943040e-19
6.01462500e+00 6.874957598240540e-19
6.03075000e+00 6.865760326432766e-19
6.04687500e+00 6.856599868282003e-19
6.06300000e+00 6.847475978853486e-19
6.07912500e+00 6.838388415487894e-19
6.09525000e+00 6.829336937774238e-19
6.11137500e+00 6.820321307523154e-19
6.12750000e+00 6.811341288740573e-19
6.14362500e+00 6.802396647601778e-19
6.15975000e+00 6.793487152425832e-19
6.17587500e+00 6.784612573650371e-19
6.19200000e+00 6.775772683806759e-19
6.20812500e+00 6.766967257495608e-19
6.22425000e+00 6.758196071362632e-19
6.24037500e+00 6.749458904074854e-19
6.25650000e+00 6.740755536297144e-19
6.27262500e+00 6.732085750669100e-19
6.28875000e+00 6.723449331782240e-19
6.30487500e+00 6.714846066157532e-19
6.32100000e+00 6.706275742223222e-19
6.33712500e+00 6.697738150292982e-19
6.35325000e+00 6.689233082544371e-19
6.36937500e+00 6.680760332997578e-19
6.38550000e+00 6.672319697494470e-19
6.40162500e+00 6.663910973677940e-19
6.41775000e+00 6.655533960971518e-19
6.43387500e+00 6.647188460559282e-19
6.45000000e+00 6.638874275366041e-19
6.46612500e+00 6.630591210037790e-19
6.48225000e+00 6.622339070922423e-19
6.49837500e+00 6.614117666050722e-19
6.51450000e+00 6.605926805117604e-19
6.53062500e+00 6.597766299463612e-19
6.54675000e+00 6.589635962056669e-19
6.56287500e+00 6.581535607474073e-19
6.57900000e+00 6.573465051884736e-19
6.59512500e+00 6.565424113031654e-19
6.61125000e+00 6.557412610214637e-19
6.62737500e+00 6.549430364273234e-19
6.64350000e+00 6.541477197569916e-19
6.65962500e+00 6.533552933973475e-19
6.67575000e+00 6.525657398842630e-19
6.69187500e+00 6.517790419009870e-19
6.70800000e+00 6.509951822765501e-19
6.72412500e+00 6.502141439841902e-19
6.74025000e+00 6.494359101397996e-19
6.75637500e+00 6.486604640003912e-19
6.77250000e+00 6.478877889625861e-19
6.78862500e+00 6.471178685611206e-19
6.80475000e+00 6.463506864673724e-19
6.82087500e+00 6.455862264879057e-19
6.83700000e+00 6.448244725630362e-19
6.85312500e+00 6.440654087654140e-19
6.86925000e+00 6.433090192986242e-19
6.88537500e+00 6.425552884958068e-19
6.90150000e+00 6.418042008182941e-19
6.91762500e+00 6.410557408542642e-19
6.93375000e+00 6.403098933174139e-19
6.94987500e+00 6.395666430456464e-19
6.96600000e+00 6.388259749997777e-19
6.98212500e+00 6.380878742622574e-19
6.99825000e+00 6.373523260359079e-19
7.01437500e+00 6.366193156426779e-19
7.03050000e+00 6.358888285224118e-19
7.04662500e+00 6.351608502316360e-19
7.06275000e+00 6.344353664423581e-19
7.07887500e+00 6.337123629408837e-19
7.09500000e+00 6.329918256266462e-19
7.11112500e+00 6.322737405110516e-19
7.12725000e+00 6.315580937163384e-19
7.14337500e+00 6.308448714744505e-19
7.15950000e+00 6.301340601259257e-19
7.17562500e+00 6.294256461187952e-19
7.19175000e+00 6.287196160075004e-19
7.20787500e+00 6.280159564518197e-19
7.22400000e+00 6.273146542158102e-19
7.24012500e+00 6.266156961667627e-19
7.25625000e+00 6.259190692741673e-19
7.27237500e+00 6.252247606086946e-19
7.28850000e+00 6.245327573411868e-19
7.30462500e+00 6.238430467416627e-19
7.32075000e+00 6.231556161783339e-19
7.33687500e+00 6.224704531166329e-19
7.35300000e+00 6.217875451182535e-19
7.36912500e+00 6.211068798402022e-19
7.38525000e+00 6.204284450338614e-19
7.40137500e+00 6.197522285440635e-19
7.41750000e+00 6.190782183081763e-19
7.43362500e+00 6.184064023551988e-19
7.44975000e+00 6.177367688048691e-19
7.46587500e+00 6.170693058667814e-19
7.48200000e+00 6.164040018395136e-19
7.49812500e+00 6.157408451097671e-19
7.51425000e+00 6.150798241515139e-19
7.53037500e+00 6.144209275251564e-19
7.54650000e+00 6.137641438766948e-19
7.56262500e+00 6.131094619369062e-19
7.57875000e+00 6.124568705205323e-19
7.59487500e+00 6.118063585254764e-19
7.61100000e+00 6.111579149320102e-19
7.62712500e+00 6.105115288019904e-19
7.64325000e+00 6.098671892780831e-19
7.65937500e+00 6.092248855829978e-19
7.67550000e+00 6.085846070187306e-19
7.69162500e+00 6.079463429658157e-19
7.70775000e+00 6.073100828825859e-19
7.72387500e+00 6.066758163044407e-19
7.74000000e+00 6.060435328431241e-19
7.75612500e+00 6.054132221860096e-19
7.77225000e+00 6.047848740953933e-19
7.78837500e+00 6.041584784077971e-19
7.80450000e+00 6.035340250332765e-19
7.82062500e+00 6.029115039547387e-19
7.83675000e+00 6.022909052272675e-19
7.85287500e+00 6.016722189774566e-19
7.86900000e+00 6.010554354027492e-19
7.88512500e+00 6.004405447707857e-19
7.90125000e+00 5.998275374187592e-19
7.91737500e+00 5.992164037527772e-19
7.93350000e+00 5.986071342472313e-19
7.94962500e+00 5.979997194441734e-19
7.96575000e+00 5.973941499526995e-19
7.98187500e+00 5.967904164483389e-19
7.99800000e+00 5.961885096724522e-19
8.01412500e+00 5.955884204316345e-19
8.03025000e+00 5.949901395971256e-19
8.04637500e+00 5.943936581042271e-19
8.06250000e+00 5.937989669517251e-19
8.07862500e+00 5.932060572013195e-19
8.09475000e+00 5.926149199770608e-19
8.11087500e+00 5.920255464647909e-19
8.12700000e+00 5.914379279115915e-19
8.14312500e+00 5.908520556252387e-19
8.15925000e+00 5.902679209736618e-19
8.17537500e+00 5.896855153844101e-19
8.19150000e+00 5.891048303441243e-19
8.20762500e+00 5.885258573980132e-19
8.22375000e+00 5.879485881493380e-19
8.23987500e+00 5.873730142588992e-19
8.25600000e+00 5.867991274445318e-19
8.27212500e+00 5.862269194806045e-19
8.28825000e+00 5.856563821975241e-19
8.30437500e+00 5.850875074812462e-19
8.32050000e+00 5.845202872727900e-19
8.33662500e+00 5.839547135677593e-19
8.35275000e+00 5.833907784158674e-19
8.36887500e+00 5.828284739204684e-19
8.38500000e+00 5.822677922380930e-19
8.40112500e+00 5.817087255779873e-19
8.41725000e+00 5.811512662016603e-19
8.43337500e+00 5.805954064224325e-19
8.44950000e+00 5.800411386049919e-19
8.46562500e+00 5.794884551649521e-19
8.48175000e+00 5.789373485684177e-19
8.49787500e+00 5.783878113315521e-19
8.51400000e+00 5.778398360201513e-19
8.53012500e+00 5.772934152492209e-19
8.54625000e+00 5.767485416825589e-19
8.56237500e+00 5.762052080323407e-19
8.57850000e+00 5.756634070587113e-19
8.59462500e+00 5.751231315693785e-19
8.61075000e+00 5.745843744192135e-19
8.62687500e+00 5.740471285098528e-19
8.64300000e+00 5.735113867893055e-19
8.65912500e+00 5.729771422515656e-19
8.67525000e+00 5.724443879362258e-19
8.69137500e+00 5.719131169280975e-19
8.70750000e+00 5.713833223568337e-19
8.72362500e+00 5.708549973965551e-19
8.73975000e+00 5.703281352654821e-19
8.75587500e+00 5.698027292255680e-19
8.77200000e+00 5.692787725821373e-19
8.78812500e+00 5.687562586835281e-19
8.80425000e+00 5.682351809207363e-19
8.82037500e+00 5.677155327270655e-19
8.83650000e+00 5.671973075777789e-19
8.85262500e+00 5.666804989897558e-19
8.86875000e+00 5.661651005211497e-19
8.88487500e+00 5.656511057710525e-19
8.90100000e+00 5.651385083791598e-19
8.91712500e+00 5.646273020254404e-19
8.93325000e+00 5.641174804298094e-19
8.94937500e+00 5.636090373518039e-19
8.96550000e+00 5.631019665902615e-19
8.98162500e+00 5.625962619830045e-19
8.99775000e+00 5.620919174065233e-19
9.01387500e+00 5.615889267756663e-19
9.03000000e+00 5.610872840433309e-19
9.04612500e+00 5.605869832001582e-19
9.06225000e+00 5.600880182742314e-19
9.07837500e+00 5.595903833307753e-19
9.09450000e+00 5.590940724718605e-19
9.11062500e+00 5.585990798361097e-19
9.12675000e+00 5.581053995984069e-19
9.14287500e+00 5.576130259696092e-19
9.15900000e+00 5.571219531962622e-19
9.17512500e+00 5.566321755603177e-19
9.19125000e+00 5.561436873788529e-19
9.20737500e+00 5.556564830037953e-19
9.22350000e+00 5.551705568216468e-19
9.23962500e+00 5.546859032532126e-19
9.25575000e+00 5.542025167533328e-19
9.27187500e+00 5.537203918106148e-19
9.28800000e+00 5.532395229471702e-19
9.30412500e+00 5.527599047183528e-19
9.32025000e+00 5.522815317125005e-19
9.33637500e+00 5.518043985506780e-19
9.35250000e+00 5.513284998864232e-19
9.36862500e+00 5.508538304054952e-19
9.38475000e+00 5.503803848256259e-19
9.40087500e+00 5.499081578962720e-19
9.41700000e+00 5.494371443983713e-19
9.43312500e+00 5.489673391441003e-19
9.44925000e+00 5.484987369766336e-19
9.46537500e+00 5.480313327699068e-19
9.48150000e+00 5.475651214283808e-19
9.49762500e+00 5.471000978868085e-19
9.51375000e+00 5.466362571100034e-19
9.52987500e+00 5.461735940926113e-19
9.54600000e+00 5.457121038588825e-19
9.56212500e+00 5.452517814624478e-19
9.57825000e+00 5.447926219860955e-19
9.59437500e+00 5.443346205415510e-19
9.61050000e+00 5.438777722692575e-19
9.62662500e+00 5.434220723381610e-19
9.64275000e+00 5.429675159454936e-19
9.65887500e+00 5.425140983165632e-19
9.67500000e+00 5.420618147045408e-19
9.69112500e+00 5.416106603902530e-19
9.70725000e+00 5.411606306819749e-19
9.72337500e+00 5.407117209152252e-19
9.73950000e+00 5.402639264525629e-19
9.75562500e+00 5.398172426833864e-19
9.77175000e+00 5.393716650237340e-19
9.78787500e+00 5.389271889160862e-19
9.80400000e+00 5.384838098291703e-19
9.82012500e+00 5.380415232577658e-19
9.83625000e+00 5.376003247225123e-19
9.85237500e+00 5.371602097697198e-19
9.86850000e+00 5.367211739711783e-19
9.88462500e+00 5.362832129239722e-19
9.90075000e+00 5.358463222502941e-19
9.91687500e+00 5.354104975972607e-19
9.93300000e+00 5.349757346367313e-19
9.94912500e+00 5.345420290651271e-19
9.96525000e+00 5.341093766032520e-19
9.98137500e+00 5.336777729961156e-19
9.99750000e+00 5.332472140127576e-19
1.00136250e+01 5.328176954460724e-19
1.00297500e+01 5.323892131126385e-19
1.00458750e+01 5.319617628525454e-19
1.00620000e+01 5.315353405292249e-19
1.00781250e+01 5.311099420292834e-19
1.00942500e+01 5.306855632623339e-19
1.01103750e+01 5.302622001608323e-19
1.01265000e+01 5.298398486799127e-19
1.01426250e+01 5.294185047972252e-19
1.01587500e+01 5.289981645127756e-19
1.01748750e+01 5.285788238487651e-19
1.01910000e+01 5.281604788494326e-19
1.02071250e+01 5.277431255808982e-19
1.02232500e+01 5.273267601310072e-19
1.02393750e+01 5.269113786091770e-19
1.02555000e+01 5.264969771462435e-19
1.02716250e+01 5.260835518943098e-19
1.02877500e+01 5.256710990265972e-19
1.03038750e+01 5.252596147372951e-19
1.03200000e+01 5.248490952414143e-19
1.03361250e+01 5.244395367746403e-19
1.03522500e+01 5.240309355931887e-19
1.03683750e+01 5.236232879736618e-19
1.03845000e+01 5.232165902129046e-19
1.04006250e+01 5.228108386278655e-19
1.04167500e+01 5.224060295554547e-19
1.04328750e+01 5.220021593524062e-19
1.04490000e+01 5.215992243951394e-19
1.04651250e+01 5.211972210796232e-19
1.04812500e+01 5.207961458212401e-19
1.04973750e+01 5.203959950546521e-19
1.05135000e+01 5.199967652336680e-19
1.05296250e+01 5.195984528311106e-19
1.05457500e+01 5.192010543386864e-19
1.05618750e+01 5.188045662668558e-19
1.05780000e+01 5.184089851447041e-19
1.05941250e+01 5.180143075198143e-19
1.06102500e+01 5.176205299581401e-19
1.06263750e+01 5.172276490438806e-19
1.06425000e+01 5.168356613793559e-19
1.06586250e+01 5.164445635848839e-19
1.06747500e+01 5.160543522986572e-19
1.06908750e+01 5.156650241766226e-19
1.07070000e+01 5.152765758923603e-19
1.07231250e+01 5.148890041369642e-19
1.07392500e+01 5.145023056189244e-19
1.07553750e+01 5.141164770640090e-19
1.07715000e+01 5.137315152151475e-19
1.07876250e+01 5.133474168323169e-19
1.08037500e+01 5.129641786924248e-19
1.08198750e+01 5.125817975891978e-19
1.08360000e+01 5.122002703330678e-19
1.08521250e+01 5.118195937510606e-19
1.08682500e+01 5.114397646866846e-19
1.08843750e+01 5.110607799998221e-19
1.09005000e+01 5.106826365666185e-19
1.09166250e+01 5.103053312793759e-19
1.09327500e+01 5.099288610464441e-19
1.09488750e+01 5.095532227921162e-19
1.09650000e+01 5.091784134565211e-19
1.09811250e+01 5.088044299955200e-19
1.09972500e+01 5.084312693806023e-19
1.10133750e+01 5.080589285987825e-19
1.10295000e+01 5.076874046524982e-19
1.10456250e+01 5.073166945595081e-19
1.10617500e+01 5.069467953527928e-19
1.10778750e+01 5.065777040804535e-19
1.10940000e+01 5.062094178056140e-19
1.11101250e+01 5.058419336063227e-19
1.11262500e+01 5.054752485754543e-19
1.11423750e+01 5.051093598206142e-19
1.11585000e+01 5.047442644640420e-19
1.11746250e+01 5.043799596425169e-19
1.11907500e+01 5.040164425072631e-19
1.12068750e+01 5.036537102238560e-19
1.12230000e+01 5.032917599721306e-19
1.12391250e+01 5.029305889460875e-19
1.12552500e+01 5.025701943538031e-19
1.12713750e+01 5.022105734173382e-19
1.12875000e+01 5.018517233726482e-19
1.13036250e+01 5.014936414694942e-19
1.13197500e+01 5.011363249713543e-19
1.13358750e+01 5.007797711553349e-19
1.13520000e+01 5.004239773120853e-19
1.13681250e+01 5.000689407457096e-19
1.13842500e+01 4.997146587736820e-19
1.14003750e+01 4.993611287267606e-19
1.14165000e+01 4.990083479489044e-19
1.14326250e+01 4.986563137971880e-19
1.14487500e+01 4.983050236417195e-19
1.14648750e+01 4.979544748655572e-19
1.14810000e+01 4.976046648646285e-19
1.14971250e+01 4.972555910476481e-19
1.15132500e+01 4.969072508360373e-19
1.15293750e+01 4.965596416638446e-19
1.15455000e+01 4.962127609776659e-19
1.15616250e+01 4.958666062365653e-19
1.15777500e+01 4.955211749119981e-19
1.15938750e+01 4.951764644877320e-19
1.16100000e+01 4.948324724597709e-19
1.16261250e+01 4.944891963362779e-19
1.16422500e+01 4.941466336375006e-19
1.16583750e+01 4.938047818956940e-19
1.16745000e+01 4.934636386550476e-19
1.16906250e+01 4.931232014716109e-19
1.17067500e+01 4.927834679132189e-19
1.17228750e+01 4.924444355594202e-19
1.17390000e+01 4.921061020014042e-19
1.17551250e+01 4.917684648419289e-19
1.17712500e+01 4.914315216952506e-19
1.17873750e+01 4.910952701870512e-19
1.18035000e+01 4.907597079543704e-19
1.18196250e+01 4.904248326455337e-19
1.18357500e+01 4.900906419200842e-19
1.18518750e+01 4.897571334487145e-19
1.18680000e+01 4.894243049131972e-19
1.18841250e+01 4.890921540063180e-19
1.19002500e+01 4.887606784318086e-19
1.19163750e+01 4.884298759042797e-19
1.19325000e+01 4.880997441491546e-19
1.19486250e+01 4.877702809026044e-19
1.19647500e+01 4.874414839114819e-19
1.19808750e+01 4.871133509332572e-19
1.19970000e+01 4.867858797359536e-19
1.20131250e+01 4.864590680980839e-19
1.20292500e+01 4.861329138085866e-19
1.20453750e+01 4.858074146667635e-19
1.20615000e+01 4.854825684822174e-19
1.20776250e+01 4.851583730747896e-19
1.20937500e+01 4.848348262744993e-19
1.21098750e+01 4.845119259214821e-19
1.21260000e+01 4.841896698659292e-19
1.21421250e+01 4.838680559680281e-19
1.21582500e+01 4.835470820979020e-19
1.21743750e+01 4.832267461355510e-19
1.21905000e+01 4.829070459707935e-19
1.22066250e+01 4.825879795032073e-19
1.22227500e+01 4.822695446420722e-19
1.22388750e+01 4.819517393063120e-19
1.22550000e+01 4.816345614244377e-19
1.22711250e+01 4.813180089344904e-19
1.22872500e+01 4.810020797839855e-19
1.23033750e+01 4.806867719298566e-19
1.23195000e+01 4.803720833383996e-19
1.23356250e+01 4.800580119852182e-19
1.23517500e+01 4.797445558551692e-19
1.23678750e+01 4.794317129423076e-19
1.23840000e+01 4.791194812498333e-19
1.24001250e+01 4.788078587900370e-19
1.24162500e+01 4.784968435842479e-19
1.24323750e+01 4.781864336627800e-19
1.24485000e+01 4.778766270648802e-19
1.24646250e+01 4.775674218386762e-19
1.24807500e+01 4.772588160411253e-19
1.24968750e+01 4.769508077379617e-19
1.25130000e+01 4.766433950036473e-19
1.25291250e+01 4.763365759213203e-19
1.25452500e+01 4.760303485827450e-19
1.25613750e+01 4.757247110882618e-19
1.25775000e+01 4.754196615467383e-19
1.25936250e+01 4.751151980755199e-19
1.26097500e+01 4.748113188003804e-19
1.26258750e+01 4.745080218554744e-19
1.26420000e+01 4.742053053832887e-19
1.26581250e+01 4.739031675345948e-19
1.26742500e+01 4.736016064684012e-19
1.26903750e+01 4.733006203519063e-19
1.27065000e+01 4.730002073604517e-19
1.27226250e+01 4.727003656774761e-19
1.27387500e+01 4.724010934944685e-19
1.27548750e+01 4.721023890109225e-19
1.27710000e+01 4.718042504342914e-19
1.27871250e+01 4.715066759799423e-19
1.28032500e+01 4.712096638711120e-19
1.28193750e+01 4.709132123388614e-19
1.28355000e+01 4.706173196220323e-19
1.28516250e+01 4.703219839672027e-19
1.28677500e+01 4.700272036286435e-19
1.28838750e+01 4.697329768682755e-19
1.29000000e+01 4.694393019556255e-19
1.29161250e+01 4.691461771677843e-19
1.29322500e+01 4.688536007893637e-19
1.29483750e+01 4.685615711124551e-19
1.29645000e+01 4.682700864365866e-19
1.29806250e+01 4.679791450686823e-19
1.29967500e+01 4.676887453230206e-19
1.30128750e+01 4.673988855211932e-19
1.30290000e+01 4.671095639920642e-19
1.30451250e+01 4.668207790717302e-19
1.30612500e+01 4.665325291034794e-19
1.30773750e+01 4.662448124377521e-19
1.30935000e+01 4.659576274321010e-19
1.31096250e+01 4.656709724511518e-19
1.31257500e+01 4.653848458665641e-19
1.31418750e+01 4.650992460569923e-19
1.31580000e+01 4.648141714080477e-19
1.31741250e+01 4.645296203122591e-19
1.31902500e+01 4.642455911690357e-19
1.32063750e+01 4.639620823846290e-19
1.32225000e+01 4.636790923720949e-19
1.32386250e+01 4.633966195512567e-19
1.32547500e+01 4.631146623486683e-19
1.32708750e+01 4.628332191975767e-19
1.32870000e+01 4.625522885378861e-19
1.33031250e+01 4.622718688161210e-19
1.33192500e+01 4.619919584853908e-19
1.33353750e+01 4.617125560053531e-19
1.33515000e+01 4.614336598421789e-19
1.33676250e+01 4.611552684685171e-19
1.33837500e+01 4.608773803634588e-19
1.33998750e+01 4.605999940125028e-19
1.34160000e+01 4.603231079075211e-19
1.34321250e+01 4.600467205467243e-19
1.34482500e+01 4.597708304346272e-19
1.34643750e+01 4.594954360820150e-19
1.34805000e+01 4.592205360059096e-19
1.34966250e+01 4.589461287295361e-19
1.35127500e+01 4.586722127822890e-19
1.35288750e+01 4.583987866996997e-19
1.35450000e+01 4.581258490234035e-19
1.35611250e+01 4.578533983011063e-19
1.35772500e+01 4.575814330865533e-19
1.35933750e+01 4.573099519394957e-19
1.36095000e+01 4.570389534256590e-19
1.36256250e+01 4.567684361167116e-19
1.36417500e+01 4.564983985902324e-19
1.36578750e+01 4.562288394296802e-19
1.36740000e+01 4.559597572243618e-19
1.36901250e+01 4.556911505694015e-19
1.37062500e+01 4.554230180657099e-19
1.37223750e+01 4.551553583199536e-19
1.37385000e+01 4.548881699445247e-19
1.37546250e+01 4.546214515575105e-19
1.37707500e+01 4.543552017826634e-19
1.37868750e+01 4.540894192493715e-19
1.38030000e+01 4.538241025926284e-19
1.38191250e+01 4.535592504530044e-19
1.38352500e+01 4.532948614766164e-19
1.38513750e+01 4.530309343150996e-19
1.38675000e+01 4.527674676255782e-19
1.38836250e+01 4.525044600706370e-19
1.38997500e+01 4.522419103182926e-19
1.39158750e+01 4.519798170419653e-19
1.39320000e+01 4.517181789204506e-19
1.39481250e+01 4.514569946378917e-19
1.39642500e+01 4.511962628837513e-19
1.39803750e+01 4.509359823527842e-19
1.39965000e+01 4.506761517450099e-19
1.40126250e+01 4.504167697656851e-19
1.40287500e+01 4.501578351252767e-19
1.40448750e+01 4.498993465394351e-19
1.40610000e+01 4.496413027289671e-19
1.40771250e+01 4.493837024198096e-19
1.40932500e+01 4.491265443430029e-19
1.41093750e+01 4.488698272346645e-19
1.41255000e+01 4.486135498359636e-19
1.41416250e+01 4.483577108930940e-19
1.41577500e+01 4.481023091572495e-19
1.41738750e+01 4.478473433845974e-19
1.41900000e+01 4.475928123362541e-19
1.42061250e+01 4.473387147782585e-19
1.42222500e+01 4.470850494815481e-19
1.42383750e+01 4.468318152219329e-19
1.42545000e+01 4.465790107800719e-19
1.42706250e+01 4.463266349414472e-19
1.42867500e+01 4.460746864963400e-19
1.43028750e+01 4.458231642398066e-19
1.43190000e+01 4.455720669716536e-19
1.43351250e+01 4.453213934964142e-19
1.43512500e+01 4.450711426233242e-19
1.43673750e+01 4.448213131662980e-19
1.43835000e+01 4.445719039439058e-19
1.43996250e+01 4.443229137793487e-19
1.44157500e+01 4.440743415004371e-19
1.44318750e+01 4.438261859395663e-19
1.44480000e+01 4.435784459336937e-19
1.44641250e+01 4.433311203243162e-19
1.44802500e+01 4.430842079574472e-19
1.44963750e+01 4.428377076835942e-19
1.45125000e+01 4.425916183577361e-19
1.45286250e+01 4.423459388393009e-19
1.45447500e+01 4.421006679921438e-19
1.45608750e+01 4.418558046845243e-19
1.45770000e+01 4.416113477890857e-19
1.45931250e+01 4.413672961828318e-19
1.46092500e+01 4.411236487471061e-19
1.46253750e+01 4.408804043675700e-19
1.46415000e+01 4.406375619341814e-19
1.46576250e+01 4.403951203411736e-19
1.46737500e+01 4.401530784870340e-19
1.46898750e+01 4.399114352744831e-19
1.47060000e+01 4.396701896104534e-19
1.47221250e+01 4.394293404060691e-19
1.47382500e+01 4.391888865766252e-19
1.47543750e+01 4.389488270415667e-19
1.47705000e+01 4.387091607244686e-19
1.47866250e+01 4.384698865530159e-19
1.48027500e+01 4.382310034589823e-19
1.48188750e+01 4.379925103782118e-19
1.48350000e+01 4.377544062505973e-19
1.48511250e+01 4.375166900200615e-19
1.48672500e+01 4.372793606345377e-19
1.48833750e+01 4.370424170459487e-19
1.48995000e+01 4.368058582101895e-19
1.49156250e+01 4.365696830871060e-19
1.49317500e+01 4.363338906404770e-19
1.49478750e+01 4.360984798379945e-19
1.49640000e+01 4.358634496512452e-19
1.49801250e+01 4.356287990556914e-19
1.49962500e+01 4.353945270306519e-19
1.50123750e+01 4.351606325592840e-19
1.50285000e+01 4.349271146285647e-19
1.50446250e+01 4.346939722292719e-19
1.50607500e+01 4.344612043559664e-19
1.50768750e+01 4.342288100069740e-19
1.50930000e+01 4.339967881843668e-19
1.51091250e+01 4.337651378939455e-19
1.51252500e+01 4.335338581452218e-19
1.51413750e+01 4.333029479514001e-19
1.51575000e+01 4.330724063293597e-19
1.51736250e+01 4.328422322996381e-19
1.51897500e+01 4.326124248864125e-19
1.52058750e+01 4.323829831174830e-19
1.52220000e+01 4.321539060242556e-19
1.52381250e+01 4.319251926417240e-19
1.52542500e+01 4.316968420084537e-19
1.52703750e+01 4.314688531665641e-19
1.52865000e+01 4.312412251617122e-19
1.53026250e+01 4.310139570430758e-19
1.53187500e+01 4.307870478633363e-19
1.53348750e+01 4.305604966786625e-19
1.53510000e+01 4.303343025486945e-19
1.53671250e+01 4.301084645365264e-19
1.53832500e+01 4.298829817086908e-19
1.53993750e+01 4.296578531351422e-19
1.54155000e+01 4.294330778892408e-19
1.54316250e+01 4.292086550477367e-19
1.54477500e+01 4.289845836907543e-19
1.54638750e+01 4.287608629017756e-19
1.54800000e+01 4.285374917676252e-19
1.54961250e+01 4.283144693784543e-19
1.55122500e+01 4.280917948277253e-19
1.55283750e+01 4.278694672121961e-19
1.55445000e+01 4.276474856319050e-19
1.55606250e+01 4.274258491901552e-19
1.55767500e+01 4.272045569934997e-19
1.55928750e+01 4.269836081517260e-19
1.56090000e+01 4.267630017778413e-19
1.56251250e+01 4.265427369880574e-19
1.56412500e+01 4.263228129017757e-19
1.56573750e+01 4.261032286415726e-19
1.56735000e+01 4.258839833331851e-19
1.56896250e+01 4.256650761054953e-19
1.57057500e+01 4.254465060905169e-19
1.57218750e+01 4.252282724233800e-19
1.57380000e+01 4.250103742423168e-19
1.57541250e+01 4.247928106886479e-19
1.57702500e+01 4.245755809067674e-19
1.57863750e+01 4.243586840441290e-19
1.58025000e+01 4.241421192512322e-19
1.58186250e+01 4.239258856816079e-19
1.58347500e+01 4.237099824918050e-19
1.58508750e+01 4.234944088413758e-19
1.58670000e+01 4.232791638928633e-19
1.58831250e+01 4.230642468117866e-19
1.58992500e+01 4.228496567666280e-19
1.59153750e+01 4.226353929288189e-19
1.59315000e+01 4.224214544727270e-19
1.59476250e+01 4.222078405756423e-19
1.59637500e+01 4.219945504177641e-19
1.59798750e+01 4.217815831821880e-19
1.59960000e+01 4.215689380548925e-19
1.60121250e+01 4.213566142247258e-19
1.60282500e+01 4.211446108833932e-19
1.60443750e+01 4.209329272254439e-19
1.60605000e+01 4.207215624482581e-19
1.60766250e+01 4.205105157520345e-19
1.60927500e+01 4.202997863397773e-19
1.61088750e+01 4.200893734172837e-19
1.61250000e+01 4.198792761931314e-19
1.61411250e+01 4.196694938786658e-19
1.61572500e+01 4.194600256879881e-19
1.61733750e+01 4.192508708379421e-19
1.61895000e+01 4.190420285481029e-19
1.62056250e+01 4.188334980407639e-19
1.62217500e+01 4.186252785409251e-19
1.62378750e+01 4.184173692762807e-19
1.62540000e+01 4.182097694772068e-19
1.62701250e+01 4.180024783767508e-19
1.62862500e+01 4.177954952106175e-19
1.63023750e+01 4.175888192171588e-19
1.63185000e+01 4.173824496373614e-19
1.63346250e+01 4.171763857148349e-19
1.63507500e+01 4.169706266958006e-19
1.63668750e+01 4.167651718290794e-19
1.63830000e+01 4.165600203660808e-19
1.63991250e+01 4.163551715607912e-19
1.64152500e+01 4.161506246697622e-19
1.64313750e+01 4.159463789521000e-19
1.64475000e+01 4.157424336694535e-19
1.64636250e+01 4.155387880860032e-19
1.64797500e+01 4.153354414684503e-19
1.64958750e+01 4.151323930860054e-19
1.65120000e+01 4.149296422103776e-19
1.65281250e+01 4.147271881157633e-19
1.65442500e+01 4.145250300788356e-19
1.65603750e+01 4.143231673787333e-19
1.65765000e+01 4.141215992970497e-19
1.65926250e+01 4.139203251178229e-19
1.66087500e+01 4.137193441275241e-19
1.66248750e+01 4.135186556150471e-19
1.66410000e+01 4.133182588716986e-19
1.66571250e+01 4.131181531911866e-19
1.66732500e+01 4.129183378696106e-19
1.66893750e+01 4.127188122054509e-19
1.67055000e+01 4.125195754995584e-19
1.67216250e+01 4.123206270551444e-19
1.67377500e+01 4.121219661777701e-19
1.67538750e+01 4.119235921753369e-19
1.67700000e+01 4.117255043580753e-19
1.67861250e+01 4.115277020385360e-19
1.68022500e+01 4.113301845315793e-19
1.68183750e+01 4.111329511543648e-19
1.68345000e+01 4.109360012263425e-19
1.68506250e+01 4.107393340692415e-19
1.68667500e+01 4.105429490070617e-19
1.68828750e+01 4.103468453660630e-19
1.68990000e+01 4.101510224747559e-19
1.69151250e+01 4.099554796638921e-19
1.69312500e+01 4.097602162664543e-19
1.69473750e+01 4.095652316176473e-19
1.69635000e+01 4.093705250548881e-19
1.69796250e+01 4.091760959177965e-19
1.69957500e+01 4.089819435481859e-19
1.70118750e+01 4.087880672900536e-19
1.70280000e+01 4.085944664895716e-19
1.70441250e+01 4.084011404950777e-19
1.70602500e+01 4.082080886570656e-19
1.70763750e+01 4.080153103281766e-19
1.70925000e+01 4.078228048631895e-19
1.71086250e+01 4.076305716190125e-19
1.71247500e+01 4.074386099546735e-19
1.71408750e+01 4.072469192313112e-19
1.71570000e+01 4.070554988121666e-19
1.71731250e+01 4.068643480625737e-19
1.71892500e+01 4.066734663499506e-19
1.72053750e+01 4.064828530437912e-19
1.72215000e+01 4.062925075156561e-19
1.72376250e+01 4.061024291391638e-19
1.72537500e+01 4.059126172899823e-19
1.72698750e+01 4.057230713458204e-19
1.72860000e+01 4.055337906864189e-19
1.73021250e+01 4.053447746935425e-19
1.73182500e+01 4.051560227509711e-19
1.73343750e+01 4.049675342444912e-19
1.73505000e+01 4.047793085618880e-19
1.73666250e+01 4.045913450929362e-19
1.73827500e+01 4.044036432293926e-19
1.73988750e+01 4.042162023649875e-19
1.74150000e+01 4.040290218954161e-19
1.74311250e+01 4.038421012183308e-19
1.74472500e+01 4.036554397333331e-19
1.74633750e+01 4.034690368419648e-19
1.74795000e+01 4.032828919477010e-19
1.74956250e+01 4.030970044559410e-19
1.75117500e+01 4.029113737740013e-19
1.75278750e+01 4.027259993111069e-19
1.75440000e+01 4.025408804783837e-19
1.75601250e+01 4.023560166888510e-19
1.75762500e+01 4.021714073574129e-19
1.75923750e+01 4.019870519008512e-19
1.76085000e+01 4.018029497378173e-19
1.76246250e+01 4.016191002888247e-19
1.76407500e+01 4.014355029762414e-19
1.76568750e+01 4.012521572242817e-19
1.76730000e+01 4.010690624589994e-19
1.76891250e+01 4.008862181082801e-19
1.77052500e+01 4.007036236018328e-19
1.77213750e+01 4.005212783711838e-19
1.77375000e+01 4.003391818496682e-19
1.77536250e+01 4.001573334724232e-19
1.77697500e+01 3.999757326763803e-19
1.77858750e+01 3.997943789002578e-19
1.78020000e+01 3.996132715845544e-19
1.78181250e+01 3.994324101715409e-19
1.78342500e+01 3.992517941052538e-19
1.78503750e+01 3.990714228314876e-19
1.78665000e+01 3.988912957977877e-19
1.78826250e+01 3.987114124534440e-19
1.78987500e+01 3.985317722494826e-19
1.79148750e+01 3.983523746386598e-19
1.79310000e+01 3.981732190754547e-19
1.79471250e+01 3.979943050160621e-19
1.79632500e+01 3.978156319183859e-19
1.79793750e+01 3.976371992420320e-19
1.79955000e+01 3.974590064483014e-19
1.80116250e+01 3.972810530001835e-19
1.80277500e+01 3.971033383623491e-19
1.80438750e+01 3.969258620011440e-19
1.80600000e+01 3.967486233845818e-19
1.80761250e+01 3.965716219823375e-19
1.80922500e+01 3.963948572657411e-19
1.81083750e+01 3.962183287077701e-19
1.81245000e+01 3.960420357830440e-19
1.81406250e+01 3.958659779678168e-19
1.81567500e+01 3.956901547399708e-19
1.81728750e+01 3.955145655790105e-19
1.81890000e+01 3.953392099660557e-19
1.82051250e+01 3.951640873838347e-19
1.82212500e+01 3.949891973166789e-19
1.82373750e+01 3.948145392505154e-19
1.82535000e+01 3.946401126728614e-19
1.82696250e+01 3.944659170728173e-19
1.82857500e+01 3.942919519410610e-19
1.83018750e+01 3.941182167698413e-19
1.83180000e+01 3.939447110529713e-19
1.83341250e+01 3.937714342858233e-19
1.83502500e+01 3.935983859653214e-19
1.83663750e+01 3.934255655899361e-19
1.83825000e+01 3.932529726596782e-19
1.83986250e+01 3.930806066760923e-19
1.84147500e+01 3.929084671422512e-19
1.84308750e+01 3.927365535627494e-19
1.84470000e+01 3.925648654436979e-19
1.84631250e+01 3.923934022927170e-19
1.84792500e+01 3.922221636189319e-19
1.84953750e+01 3.920511489329654e-19
1.85115000e+01 3.918803577469328e-19
1.85276250e+01 3.917097895744361e-19
1.85437500e+01 3.915394439305577e-19
1.85598750e+01 3.913693203318551e-19
1.85760000e+01 3.911994182963546e-19
1.85921250e+01 3.910297373435461e-19
1.86082500e+01 3.908602769943772e-19
1.86243750e+01 3.906910367712474e-19
1.86405000e+01 3.905220161980025e-19
1.86566250e+01 3.903532147999290e-19
1.86727500e+01 3.901846321037487e-19
1.86888750e+01 3.900162676376129e-19
1.87050000e+01 3.898481209310965e-19
1.87211250e+01 3.896801915151934e-19
1.87372500e+01 3.895124789223101e-19
1.87533750e+01 3.893449826862607e-19
1.87695000e+01 3.891777023422617e-19
1.87856250e+01 3.890106374269256e-19
1.88017500e+01 3.888437874782567e-19
1.88178750e+01 3.886771520356448e-19
1.88340000e+01 3.885107306398607e-19
1.88501250e+01 3.883445228330501e-19
1.88662500e+01 3.881785281587286e-19
1.88823750e+01 3.880127461617767e-19
1.88985000e+01 3.878471763884341e-19
1.89146250e+01 3.876818183862951e-19
1.89307500e+01 3.875166717043025e-19
1.89468750e+01 3.873517358927435e-19
1.89630000e+01 3.871870105032434e-19
1.89791250e+01 3.870224950887618e-19
1.89952500e+01 3.868581892035862e-19
1.90113750e+01 3.866940924033280e-19
1.90275000e+01 3.865302042449166e-19
1.90436250e+01 3.863665242865949e-19
1.90597500e+01 3.862030520879143e-19
1.90758750e+01 3.860397872097294e-19
1.90920000e+01 3.858767292141933e-19
1.91081250e+01 3.857138776647526e-19
1.91242500e+01 3.855512321261422e-19
1.91403750e+01 3.853887921643814e-19
1.91565000e+01 3.852265573467675e-19
1.91726250e+01 3.850645272418724e-19
1.91887500e+01 3.849027014195368e-19
1.92048750e+01 3.847410794508660e-19
1.92210000e+01 3.845796609082248e-19
1.92371250e+01 3.844184453652329e-19
1.92532500e+01 3.842574323967602e-19
1.92693750e+01 3.840966215789217e-19
1.92855000e+01 3.839360124890735e-19
1.93016250e+01 3.837756047058075e-19
1.93177500e+01 3.836153978089472e-19
1.93338750e+01 3.834553913795428e-19
1.93500000e+01 3.832955849998665e-19
1.93661250e+01 3.831359782534087e-19
1.93822500e+01 3.829765707248722e-19
1.93983750e+01 3.828173620001684e-19
1.94145000e+01 3.826583516664133e-19
1.94306250e+01 3.824995393119217e-19
1.94467500e+01 3.823409245262037e-19
1.94628750e+01 3.821825068999600e-19
1.94790000e+01 3.820242860250774e-19
1.94951250e+01 3.818662614946243e-19
1.95112500e+01 3.817084329028468e-19
1.95273750e+01 3.815507998451632e-19
1.95435000e+01 3.813933619181613e-19
1.95596250e+01 3.812361187195924e-19
1.95757500e+01 3.810790698483682e-19
1.95918750e+01 3.809222149045557e-19
1.96080000e+01 3.807655534893736e-19
1.96241250e+01 3.806090852051875e-19
1.96402500e+01 3.804528096555057e-19
1.96563750e+01 3.802967264449755e-19
1.96725000e+01 3.801408351793785e-19
1.96886250e+01 3.799851354656264e-19
1.97047500e+01 3.798296269117572e-19
1.97208750e+01 3.796743091269308e-19
1.97370000e+01 3.795191817214249e-19
1.97531250e+01 3.793642443066309e-19
1.97692500e+01 3.792094964950499e-19
1.97853750e+01 3.790549379002886e-19
1.98015000e+01 3.789005681370549e-19
1.98176250e+01 3.787463868211547e-19
1.98337500e+01 3.785923935694867e-19
1.98498750e+01 3.784385880000397e-19
1.98660000e+01 3.782849697318876e-19
1.98821250e+01 3.781315383851860e-19
1.98982500e+01 3.779782935811679e-19
1.99143750e+01 3.778252349421401e-19
1.99305000e+01 3.776723620914790e-19
1.99466250e+01 3.775196746536270e-19
1.99627500e+01 3.773671722540883e-19
1.99788750e+01 3.772148545194254e-19
1.99950000e+01 3.770627210772550e-19
2.00111250e+01 3.769107715562441e-19
2.00272500e+01 3.767590055861065e-19
2.00433750e+01 3.766074227975988e-19
2.00595000e+01 3.764560228225167e-19
2.00756250e+01 3.763048052936912e-19
2.00917500e+01 3.761537698449849e-19
2.01078750e+01 3.760029161112882e-19
2.01240000e+01 3.758522437285157e-19
2.01401250e+01 3.757017523336025e-19
2.01562500e+01 3.755514415645004e-19
2.01723750e+01 3.754013110601744e-19
2.01885000e+01 3.752513604605989e-19
2.02046250e+01 3.751015894067542e-19
2.02207500e+01 3.749519975406229e-19
2.02368750e+01 3.748025845051862e-19
2.02530000e+01 3.746533499444205e-19
2.02691250e+01 3.745042935032934e-19
2.02852500e+01 3.743554148277607e-19
2.03013750e+01 3.742067135647628e-19
2.03175000e+01 3.740581893622205e-19
2.03336250e+01 3.739098418690326e-19
2.03497500e+01 3.737616707350714e-19
2.03658750e+01 3.736136756111798e-19
2.03820000e+01 3.734658561491679e-19
2.03981250e+01 3.733182120018090e-19
2.04142500e+01 3.731707428228368e-19
2.04303750e+01 3.730234482669417e-19
2.04465000e+01 3.728763279897672e-19
2.04626250e+01 3.727293816479070e-19
2.04787500e+01 3.725826088989015e-19
2.04948750e+01 3.724360094012338e-19
2.05110000e+01 3.722895828143275e-19
2.05271250e+01 3.721433287985423e-19
2.05432500e+01 3.719972470151715e-19
2.05593750e+01 3.718513371264382e-19
2.05755000e+01 3.717055987954920e-19
2.05916250e+01 3.715600316864065e-19
2.06077500e+01 3.714146354641748e-19
2.06238750e+01 3.712694097947073e-19
2.06400000e+01 3.711243543448281e-19
2.06561250e+01 3.709794687822717e-19
2.06722500e+01 3.708347527756799e-19
2.06883750e+01 3.706902059945986e-19
2.07045000e+01 3.705458281094748e-19
2.07206250e+01 3.704016187916529e-19
2.07367500e+01 3.702575777133726e-19
2.07528750e+01 3.701137045477645e-19
2.07690000e+01 3.699699989688478e-19
2.07851250e+01 3.698264606515273e-19
2.08012500e+01 3.696830892715895e-19
2.08173750e+01 3.695398845057004e-19
2.08335000e+01 3.693968460314020e-19
2.08496250e+01 3.692539735271093e-19
2.08657500e+01 3.691112666721072e-19
2.08818750e+01 3.689687251465477e-19
2.08980000e+01 3.688263486314467e-19
2.09141250e+01 3.686841368086812e-19
2.09302500e+01 3.685420893609858e-19
2.09463750e+01 3.684002059719504e-19
2.09625000e+01 3.682584863260169e-19
2.09786250e+01 3.681169301084763e-19
2.09947500e+01 3.679755370054656e-19
2.10108750e+01 3.678343067039652e-19
2.10270000e+01 3.676932388917958e-19
2.10431250e+01 3.675523332576154e-19
2.10592500e+01 3.674115894909167e-19
2.10753750e+01 3.672710072820240e-19
2.10915000e+01 3.671305863220903e-19
2.11076250e+01 3.669903263030947e-19
2.11237500e+01 3.668502269178392e-19
2.11398750e+01 3.667102878599465e-19
2.11560000e+01 3.665705088238565e-19
2.11721250e+01 3.664308895048236e-19
2.11882500e+01 3.662914295989143e-19
2.12043750e+01 3.661521288030042e-19
2.12205000e+01 3.660129868147753e-19
2.12366250e+01 3.658740033327130e-19
2.12527500e+01 3.657351780561037e-19
2.12688750e+01 3.655965106850316e-19
2.12850000e+01 3.654580009203768e-19
2.13011250e+01 3.653196484638116e-19
2.13172500e+01 3.651814530177985e-19
2.13333750e+01 3.650434142855872e-19
2.13495000e+01 3.649055319712121e-19
2.13656250e+01 3.647678057794895e-19
2.13817500e+01 3.646302354160148e-19
2.13978750e+01 3.644928205871605e-19
2.14140000e+01 3.643555610000727e-19
2.14301250e+01 3.642184563626689e-19
2.14462500e+01 3.640815063836358e-19
2.14623750e+01 3.639447107724257e-19
2.14785000e+01 3.638080692392550e-19
2.14946250e+01 3.636715814951008e-19
2.15107500e+01 3.635352472516988e-19
2.15268750e+01 3.633990662215405e-19
2.15430000e+01 3.632630381178709e-19
2.15591250e+01 3.631271626546856e-19
2.15752500e+01 3.629914395467285e-19
2.15913750e+01 3.628558685094894e-19
2.16075000e+01 3.627204492592015e-19
2.16236250e+01 3.625851815128384e-19
2.16397500e+01 3.624500649881121e-19
2.16558750e+01 3.623150994034706e-19
2.16720000e+01 3.621802844780951e-19
2.16881250e+01 3.620456199318976e-19
2.17042500e+01 3.619111054855188e-19
2.17203750e+01 3.617767408603252e-19
2.17365000e+01 3.616425257784069e-19
2.17526250e+01 3.615084599625753e-19
2.17687500e+01 3.613745431363605e-19
2.17848750e+01 3.612407750240089e-19
2.18010000e+01 3.611071553504811e-19
2.18171250e+01 3.609736838414492e-19
2.18332500e+01 3.608403602232943e-19
2.18493750e+01 3.607071842231048e-19
2.18655000e+01 3.605741555686734e-19
2.18816250e+01 3.604412739884952e-19
2.18977500e+01 3.603085392117650e-19
2.19138750e+01 3.601759509683753e-19
2.19300000e+01 3.600435089889137e-19
2.19461250e+01 3.599112130046609e-19
2.19622500e+01 3.597790627475882e-19
2.19783750e+01 3.596470579503553e-19
2.19945000e+01 3.595151983463081e-19
2.20106250e+01 3.593834836694763e-19
2.20267500e+01 3.592519136545711e-19
2.20428750e+01 3.591204880369831e-19
2.20590000e+01 3.589892065527802e-19
2.20751250e+01 3.588580689387049e-19
2.20912500e+01 3.587270749321727e-19
2.21073750e+01 3.585962242712693e-19
2.21235000e+01 3.584655166947488e-19
2.21396250e+01 3.583349519420312e-19
2.21557500e+01 3.582045297532009e-19
2.21718750e+01 3.580742498690033e-19
2.21880000e+01 3.579441120308439e-19
2.22041250e+01 3.578141159807856e-19
2.22202500e+01 3.576842614615461e-19
2.22363750e+01 3.575545482164967e-19
2.22525000e+01 3.574249759896595e-19
2.22686250e+01 3.572955445257053e-19
2.22847500e+01 3.571662535699521e-19
2.23008750e+01 3.570371028683621e-19
2.23170000e+01 3.569080921675402e-19
2.23331250e+01 3.567792212147319e-19
2.23492500e+01 3.566504897578209e-19
2.23653750e+01 3.565218975453272e-19
2.23815000e+01 3.563934443264054e-19
2.23976250e+01 3.562651298508417e-19
2.24137500e+01 3.561369538690530e-19
2.24298750e+01 3.560089161320841e-19
2.24460000e+01 3.558810163916058e-19
2.24621250e+01 3.557532543999129e-19
2.24782500e+01 3.556256299099226e-19
2.24943750e+01 3.554981426751717e-19
2.25105000e+01 3.553707924498153e-19
2.25266250e+01 3.552435789886245e-19
2.25427500e+01 3.551165020469842e-19
2.25588750e+01 3.549895613808921e-19
2.25750000e+01 3.548627567469549e-19
2.25911250e+01 3.547360879023886e-19
2.26072500e+01 3.546095546050146e-19
2.26233750e+01 3.544831566132590e-19
2.26395000e+01 3.543568936861500e-19
2.26556250e+01 3.542307655833162e-19
2.26717500e+01 3.541047720649847e-19
2.26878750e+01 3.539789128919795e-19
2.27040000e+01 3.538531878257186e-19
2.27201250e+01 3.537275966282131e-19
2.27362500e+01 3.536021390620651e-19
2.27523750e+01 3.534768148904655e-19
2.27685000e+01 3.533516238771922e-19
2.27846250e+01 3.532265657866085e-19
2.28007500e+01 3.531016403836609e-19
2.28168750e+01 3.529768474338777e-19
2.28330000e+01 3.528521867033665e-19
2.28491250e+01 3.527276579588130e-19
2.28652500e+01 3.526032609674786e-19
2.28813750e+01 3.524789954971992e-19
2.28975000e+01 3.523548613163827e-19
2.29136250e+01 3.522308581940078e-19
2.29297500e+01 3.521069858996217e-19
2.29458750e+01 3.519832442033387e-19
2.29620000e+01 3.518596328758382e-19
2.29781250e+01 3.517361516883627e-19
2.29942500e+01 3.516128004127166e-19
2.30103750e+01 3.514895788212640e-19
2.30265000e+01 3.513664866869267e-19
2.30426250e+01 3.512435237831833e-19
2.30587500e+01 3.511206898840666e-19
2.30748750e+01 3.509979847641623e-19
2.30910000e+01 3.508754081986070e-19
2.31071250e+01 3.507529599630867e-19
2.31232500e+01 3.506306398338349e-19
2.31393750e+01 3.505084475876313e-19
2.31555000e+01 3.503863830017992e-19
2.31716250e+01 3.502644458542048e-19
2.31877500e+01 3.501426359232549e-19
2.32038750e+01 3.500209529878954e-19
2.32200000e+01 3.498993968276095e-19
2.32361250e+01 3.497779672224161e-19
2.32522500e+01 3.496566639528683e-19
2.32683750e+01 3.495354868000513e-19
2.32845000e+01 3.494144355455811e-19
2.33006250e+01 3.492935099716030e-19
2.33167500e+01 3.491727098607893e-19
2.33328750e+01 3.490520349963382e-19
2.33490000e+01 3.489314851619723e-19
2.33651250e+01 3.488110601419364e-19
2.33812500e+01 3.486907597209962e-19
2.33973750e+01 3.485705836844367e-19
2.34135000e+01 3.484505318180605e-19
2.34296250e+01 3.483306039081866e-19
2.34457500e+01 3.482107997416479e-19
2.34618750e+01 3.480911191057904e-19
2.34780000e+01 3.479715617884717e-19
2.34941250e+01 3.478521275780586e-19
2.35102500e+01 3.477328162634263e-19
2.35263750e+01 3.476136276339564e-19
2.35425000e+01 3.474945614795356e-19
2.35586250e+01 3.473756175905540e-19
2.35747500e+01 3.472567957579037e-19
2.35908750e+01 3.471380957729769e-19
2.36070000e+01 3.470195174276650e-19
2.36231250e+01 3.469010605143561e-19
2.36392500e+01 3.467827248259345e-19
2.36553750e+01 3.466645101557787e-19
2.36715000e+01 3.465464162977596e-19
2.36876250e+01 3.464284430462397e-19
2.37037500e+01 3.463105901960709e-19
2.37198750e+01 3.461928575425935e-19
2.37360000e+01 3.460752448816343e-19
2.37521250e+01 3.459577520095054e-19
2.37682500e+01 3.458403787230027e-19
2.37843750e+01 3.457231248194044e-19
2.38005000e+01 3.456059900964694e-19
2.38166250e+01 3.454889743524359e-19
2.38327500e+01 3.453720773860200e-19
2.38488750e+01 3.452552989964142e-19
2.38650000e+01 3.451386389832861e-19
2.38811250e+01 3.450220971467766e-19
2.38972500e+01 3.449056732874987e-19
2.39133750e+01 3.447893672065362e-19
2.39295000e+01 3.446731787054422e-19
2.39456250e+01 3.445571075862372e-19
2.39617500e+01 3.444411536514086e-19
2.39778750e+01 3.443253167039083e-19
2.39940000e+01 3.442095965471520e-19
2.40101250e+01 3.440939929850177e-19
2.40262500e+01 3.439785058218437e-19
2.40423750e+01 3.438631348624281e-19
2.40585000e+01 3.437478799120270e-19
2.40746250e+01 3.436327407763529e-19
2.40907500e+01 3.435177172615736e-19
2.41068750e+01 3.434028091743106e-19
2.41230000e+01 3.432880163216383e-19
2.41391250e+01 3.431733385110820e-19
2.41552500e+01 3.430587755506166e-19
2.41713750e+01 3.429443272486658e-19
2.41875000e+01 3.428299934141001e-19
2.42036250e+01 3.427157738562360e-19
2.42197500e+01 3.426016683848341e-19
2.42358750e+01 3.424876768100984e-19
2.42520000e+01 3.423737989426743e-19
2.42681250e+01 3.422600345936480e-19
2.42842500e+01 3.421463835745446e-19
2.43003750e+01 3.420328456973270e-19
2.43165000e+01 3.419194207743947e-19
2.43326250e+01 3.418061086185823e-19
2.43487500e+01 3.416929090431584e-19
2.43648750e+01 3.415798218618241e-19
2.43810000e+01 3.414668468887119e-19
2.43971250e+01 3.413539839383842e-19
2.44132500e+01 3.412412328258325e-19
2.44293750e+01 3.411285933664753e-19
2.44455000e+01 3.410160653761577e-19
2.44616250e+01 3.409036486711495e-19
2.44777500e+01 3.407913430681443e-19
2.44938750e+01 3.406791483842583e-19
2.45100000e+01 3.405670644370286e-19
2.45261250e+01 3.404550910444124e-19
2.45422500e+01 3.403432280247855e-19
2.45583750e+01 3.402314751969412e-19
2.45745000e+01 3.401198323800889e-19
2.45906250e+01 3.400082993938534e-19
2.46067500e+01 3.398968760582730e-19
2.46228750e+01 3.397855621937983e-19
2.46390000e+01 3.396743576212916e-19
2.46551250e+01 3.395632621620253e-19
2.46712500e+01 3.394522756376807e-19
2.46873750e+01 3.393413978703466e-19
2.47035000e+01 3.392306286825186e-19
2.47196250e+01 3.391199678970973e-19
2.47357500e+01 3.390094153373880e-19
2.47518750e+01 3.388989708270983e-19
2.47680000e+01 3.387886341903380e-19
2.47841250e+01 3.386784052516174e-19
2.48002500e+01 3.385682838358460e-19
2.48163750e+01 3.384582697683321e-19
2.48325000e+01 3.383483628747804e-19
2.48486250e+01 3.382385629812922e-19
2.48647500e+01 3.381288699143630e-19
2.48808750e+01 3.380192835008821e-19
2.48970000e+01 3.379098035681316e-19
2.49131250e+01 3.378004299437846e-19
2.49292500e+01 3.376911624559045e-19
2.49453750e+01 3.375820009329438e-19
2.49615000e+01 3.374729452037427e-19
2.49776250e+01 3.373639950975285e-19
2.49937500e+01 3.372551504439140e-19
2.50098750e+01 3.371464110728966e-19
2.50260000e+01 3.370377768148572e-19
2.50421250e+01 3.369292475005590e-19
2.50582500e+01 3.368208229611464e-19
2.50743750e+01 3.367125030281438e-19
2.50905000e+01 3.366042875334550e-19
2.51066250e+01 3.364961763093613e-19
2.51227500e+01 3.363881691885211e-19
2.51388750e+01 3.362802660039684e-19
2.51550000e+01 3.361724665891120e-19
2.51711250e+01 3.360647707777342e-19
2.51872500e+01 3.359571784039899e-19
2.52033750e+01 3.358496893024051e-19
2.52195000e+01 3.357423033078766e-19
2.52356250e+01 3.356350202556703e-19
2.52517500e+01 3.355278399814204e-19
2.52678750e+01 3.354207623211281e-19
2.52840000e+01 3.353137871111611e-19
2.53001250e+01 3.352069141882517e-19
2.53162500e+01 3.351001433894965e-19
2.53323750e+01 3.349934745523551e-19
2.53485000e+01 3.348869075146491e-19
2.53646250e+01 3.347804421145608e-19
2.53807500e+01 3.346740781906326e-19
2.53968750e+01 3.345678155817655e-19
2.54130000e+01 3.344616541272186e-19
2.54291250e+01 3.343555936666076e-19
2.54452500e+01 3.342496340399041e-19
2.54613750e+01 3.341437750874345e-19
2.54775000e+01 3.340380166498789e-19
2.54936250e+01 3.339323585682701e-19
2.55097500e+01 3.338268006839927e-19
2.55258750e+01 3.337213428387821e-19
2.55420000e+01 3.336159848747235e-19
2.55581250e+01 3.335107266342508e-19
2.55742500e+01 3.334055679601455e-19
2.55903750e+01 3.333005086955362e-19
2.56065000e+01 3.331955486838970e-19
2.56226250e+01 3.330906877690471e-19
2.56387500e+01 3.329859257951495e-19
2.56548750e+01 3.328812626067098e-19
2.56710000e+01 3.327766980485759e-19
2.56871250e+01 3.326722319659362e-19
2.57032500e+01 3.325678642043197e-19
2.57193750e+01 3.324635946095937e-19
2.57355000e+01 3.323594230279641e-19
2.57516250e+01 3.322553493059736e-19
2.57677500e+01 3.321513732905013e-19
2.57838750e+01 3.320474948287613e-19
2.58000000e+01 3.319437137683021e-19
2.58161250e+01 3.318400299570055e-19
2.58322500e+01 3.317364432430857e-19
2.58483750e+01 3.316329534750883e-19
2.58645000e+01 3.315295605018895e-19
2.58806250e+01 3.314262641726951e-19
2.58967500e+01 3.313230643370397e-19
2.59128750e+01 3.312199608447853e-19
2.59290000e+01 3.311169535461211e-19
2.59451250e+01 3.310140422915621e-19
2.59612500e+01 3.309112269319483e-19
2.59773750e+01 3.308085073184439e-19
2.59935000e+01 3.307058833025361e-19
2.60096250e+01 3.306033547360346e-19
2.60257500e+01 3.305009214710705e-19
2.60418750e+01 3.303985833600954e-19
2.60580000e+01 3.302963402558802e-19
2.60741250e+01 3.301941920115150e-19
2.60902500e+01 3.300921384804076e-19
2.61063750e+01 3.299901795162825e-19
2.61225000e+01 3.298883149731806e-19
2.61386250e+01 3.297865447054578e-19
2.61547500e+01 3.296848685677845e-19
2.61708750e+01 3.295832864151442e-19
2.61870000e+01 3.294817981028335e-19
2.62031250e+01 3.293804034864602e-19
2.62192500e+01 3.292791024219434e-19
2.62353750e+01 3.291778947655119e-19
2.62515000e+01 3.290767803737037e-19
2.62676250e+01 3.289757591033651e-19
2.62837500e+01 3.288748308116500e-19
2.62998750e+01 3.287739953560185e-19
2.63160000e+01 3.286732525942368e-19
2.63321250e+01 3.285726023843758e-19
2.63482500e+01 3.284720445848106e-19
2.63643750e+01 3.283715790542194e-19
2.63805000e+01 3.282712056515827e-19
2.63966250e+01 3.281709242361829e-19
2.64127500e+01 3.280707346676028e-19
2.64288750e+01 3.279706368057251e-19
2.64450000e+01 3.278706305107319e-19
2.64611250e+01 3.277707156431030e-19
2.64772500e+01 3.276708920636163e-19
2.64933750e+01 3.275711596333458e-19
2.65095000e+01 3.274715182136617e-19
2.65256250e+01 3.273719676662288e-19
2.65417500e+01 3.272725078530063e-19
2.65578750e+01 3.271731386362469e-19
2.65740000e+01 3.270738598784958e-19
2.65901250e+01 3.269746714425900e-19
2.66062500e+01 3.268755731916573e-19
2.66223750e+01 3.267765649891161e-19
2.66385000e+01 3.266776466986737e-19
2.66546250e+01 3.265788181843267e-19
2.66707500e+01 3.264800793103588e-19
2.66868750e+01 3.263814299413412e-19
2.67030000e+01 3.262828699421315e-19
2.67191250e+01 3.261843991778723e-19
2.67352500e+01 3.260860175139913e-19
2.67513750e+01 3.259877248162002e-19
2.67675000e+01 3.258895209504935e-19
2.67836250e+01 3.257914057831485e-19
2.67997500e+01 3.256933791807239e-19
2.68158750e+01 3.255954410100595e-19
2.68320000e+01 3.254975911382750e-19
2.68481250e+01 3.253998294327697e-19
2.68642500e+01 3.253021557612214e-19
2.68803750e+01 3.252045699915855e-19
2.68965000e+01 3.251070719920951e-19
2.69126250e+01 3.250096616312593e-19
2.69287500e+01 3.249123387778626e-19
2.69448750e+01 3.248151033009649e-19
2.69610000e+01 3.247179550698998e-19
2.69771250e+01 3.246208939542746e-19
2.69932500e+01 3.245239198239691e-19
2.70093750e+01 3.244270325491351e-19
2.70255000e+01 3.243302320001956e-19
2.70416250e+01 3.242335180478440e-19
2.70577500e+01 3.241368905630434e-19
2.70738750e+01 3.240403494170263e-19
2.70900000e+01 3.239438944812930e-19
2.71061250e+01 3.238475256276117e-19
2.71222500e+01 3.237512427280176e-19
2.71383750e+01 3.236550456548115e-19
2.71545000e+01 3.235589342805603e-19
2.71706250e+01 3.234629084780952e-19
2.71867500e+01 3.233669681205115e-19
2.72028750e+01 3.232711130811681e-19
2.72190000e+01 3.231753432336862e-19
2.72351250e+01 3.230796584519490e-19
2.72512500e+01 3.229840586101011e-19
2.72673750e+01 3.228885435825474e-19
2.72835000e+01 3.227931132439529e-19
2.72996250e+01 3.226977674692413e-19
2.73157500e+01 3.226025061335954e-19
2.73318750e+01 3.225073291124553e-19
2.73480000e+01 3.224122362815181e-19
2.73641250e+01 3.223172275167379e-19
2.73802500e+01 3.222223026943238e-19
2.73963750e+01 3.221274616907406e-19
2.74125000e+01 3.220327043827070e-19
2.74286250e+01 3.219380306471956e-19
2.74447500e+01 3.218434403614321e-19
2.74608750e+01 3.217489334028944e-19
2.74770000e+01 3.216545096493121e-19
2.74931250e+01 3.215601689786660e-19
2.75092500e+01 3.214659112691871e-19
2.75253750e+01 3.213717363993564e-19
2.75415000e+01 3.212776442479034e-19
2.75576250e+01 3.211836346938066e-19
2.75737500e+01 3.210897076162918e-19
2.75898750e+01 3.209958628948321e-19
2.76060000e+01 3.209021004091470e-19
2.76221250e+01 3.208084200392019e-19
2.76382500e+01 3.207148216652071e-19
2.76543750e+01 3.206213051676175e-19
2.76705000e+01 3.205278704271321e-19
2.76866250e+01 3.204345173246928e-19
2.77027500e+01 3.203412457414843e-19
2.77188750e+01 3.202480555589330e-19
2.77350000e+01 3.201549466587070e-19
2.77511250e+01 3.200619189227147e-19
2.77672500e+01 3.199689722331047e-19
2.77833750e+01 3.198761064722653e-19
2.77995000e+01 3.197833215228232e-19
2.78156250e+01 3.196906172676435e-19
2.78317500e+01 3.195979935898287e-19
2.78478750e+01 3.195054503727186e-19
2.78640000e+01 3.194129874998888e-19
2.78801250e+01 3.193206048551511e-19
2.78962500e+01 3.192283023225521e-19
2.79123750e+01 3.191360797863729e-19
2.79285000e+01 3.190439371311287e-19
2.79446250e+01 3.189518742415678e-19
2.79607500e+01 3.188598910026711e-19
2.79768750e+01 3.187679872996516e-19
2.79930000e+01 3.186761630179540e-19
2.80091250e+01 3.185844180432535e-19
2.80252500e+01 3.184927522614558e-19
2.80413750e+01 3.184011655586961e-19
2.80575000e+01 3.183096578213390e-19
2.80736250e+01 3.182182289359770e-19
2.80897500e+01 3.181268787894311e-19
2.81058750e+01 3.180356072687491e-19
2.81220000e+01 3.179444142612059e-19
2.81381250e+01 3.178532996543024e-19
2.81542500e+01 3.177622633357649e-19
2.81703750e+01 3.176713051935448e-19
2.81865000e+01 3.175804251158180e-19
2.82026250e+01 3.174896229909839e-19
2.82187500e+01 3.173988987076653e-19
2.82348750e+01 3.173082521547079e-19
2.82510000e+01 3.172176832211790e-19
2.82671250e+01 3.171271917963678e-19
2.82832500e+01 3.170367777697843e-19
2.82993750e+01 3.169464410311589e-19
2.83155000e+01 3.168561814704419e-19
2.83316250e+01 3.167659989778025e-19
2.83477500e+01 3.166758934436292e-19
2.83638750e+01 3.165858647585281e-19
2.83800000e+01 3.164959128133231e-19
2.83961250e+01 3.164060374990551e-19
2.84122500e+01 3.163162387069815e-19
2.84283750e+01 3.162265163285755e-19
2.84445000e+01 3.161368702555258e-19
2.84606250e+01 3.160473003797358e-19
2.84767500e+01 3.159578065933232e-19
2.84928750e+01 3.158683887886194e-19
2.85090000e+01 3.157790468581692e-19
2.85251250e+01 3.156897806947296e-19
2.85412500e+01 3.156005901912700e-19
2.85573750e+01 3.155114752409712e-19
2.85735000e+01 3.154224357372253e-19
2.85896250e+01 3.153334715736345e-19
2.86057500e+01 3.152445826440112e-19
2.86218750e+01 3.151557688423771e-19
2.86380000e+01 3.150670300629628e-19
2.86541250e+01 3.149783662002073e-19
2.86702500e+01 3.148897771487574e-19
2.86863750e+01 3.148012628034673e-19
2.87025000e+01 3.147128230593976e-19
2.87186250e+01 3.146244578118156e-19
2.87347500e+01 3.145361669561942e-19
2.87508750e+01 3.144479503882115e-19
2.87670000e+01 3.143598080037502e-19
2.87831250e+01 3.142717396988972e-19
2.87992500e+01 3.141837453699432e-19
2.88153750e+01 3.140958249133819e-19
2.88315000e+01 3.140079782259098e-19
2.88476250e+01 3.139202052044254e-19
2.88637500e+01 3.138325057460289e-19
2.88798750e+01 3.137448797480215e-19
2.88960000e+01 3.136573271079051e-19
2.89121250e+01 3.135698477233818e-19
2.89282500e+01 3.134824414923532e-19
2.89443750e+01 3.133951083129199e-19
2.89605000e+01 3.133078480833814e-19
2.89766250e+01 3.132206607022348e-19
2.89927500e+01 3.131335460681756e-19
2.90088750e+01 3.130465040800956e-19
2.90250000e+01 3.129595346370836e-19
2.90411250e+01 3.128726376384248e-19
2.90572500e+01 3.127858129835995e-19
2.90733750e+01 3.126990605722835e-19
2.90895000e+01 3.126123803043473e-19
2.91056250e+01 3.125257720798553e-19
2.91217500e+01 3.124392357990658e-19
2.91378750e+01 3.123527713624305e-19
2.91540000e+01 3.122663786705934e-19
2.91701250e+01 3.121800576243911e-19
2.91862500e+01 3.120938081248518e-19
2.92023750e+01 3.120076300731950e-19
2.92185000e+01 3.119215233708314e-19
2.92346250e+01 3.118354879193614e-19
2.92507500e+01 3.117495236205758e-19
2.92668750e+01 3.116636303764547e-19
2.92830000e+01 3.115778080891670e-19
2.92991250e+01 3.114920566610700e-19
2.93152500e+01 3.114063759947095e-19
2.93313750e+01 3.113207659928183e-19
2.93475000e+01 3.112352265583164e-19
2.93636250e+01 3.111497575943107e-19
2.93797500e+01 3.110643590040939e-19
2.93958750e+01 3.109790306911447e-19
2.94120000e+01 3.108937725591267e-19
2.94281250e+01 3.108085845118886e-19
2.94442500e+01 3.107234664534632e-19
2.94603750e+01 3.106384182880673e-19
2.94765000e+01 3.105534399201011e-19
2.94926250e+01 3.104685312541477e-19
2.95087500e+01 3.103836921949727e-19
2.95248750e+01 3.102989226475239e-19
2.95410000e+01 3.102142225169307e-19
2.95571250e+01 3.101295917085036e-19
2.95732500e+01 3.100450301277337e-19
2.95893750e+01 3.099605376802926e-19
2.96055000e+01 3.098761142720318e-19
2.96216250e+01 3.097917598089819e-19
2.96377500e+01 3.097074741973528e-19
2.96538750e+01 3.096232573435328e-19
2.96700000e+01 3.095391091540881e-19
2.96861250e+01 3.094550295357629e-19
2.97022500e+01 3.093710183954782e-19
2.97183750e+01 3.092870756403323e-19
2.97345000e+01 3.092032011775994e-19
2.97506250e+01 3.091193949147299e-19
2.97667500e+01 3.090356567593496e-19
2.97828750e+01 3.089519866192593e-19
2.97990000e+01 3.088683844024346e-19
2.98151250e+01 3.087848500170252e-19
2.98312500e+01 3.087013833713547e-19
2.98473750e+01 3.086179843739198e-19
2.98635000e+01 3.085346529333907e-19
2.98796250e+01 3.084513889586094e-19
2.98957500e+01 3.083681923585908e-19
2.99118750e+01 3.082850630425207e-19
2.99280000e+01 3.082020009197568e-19
2.99441250e+01 3.081190058998274e-19
2.99602500e+01 3.080360778924312e-19
2.99763750e+01 3.079532168074371e-19
2.99925000e+01 3.078704225548835e-19
3.00086250e+01 3.077876950449781e-19
3.00247500e+01 3.077050341880973e-19
3.00408750e+01 3.076224398947860e-19
3.00570000e+01 3.075399120757570e-19
3.00731250e+01 3.074574506418908e-19
3.00892500e+01 3.073750555042349e-19
3.01053750e+01 3.072927265740038e-19
3.01215000e+01 3.072104637625782e-19
3.01376250e+01 3.071282669815050e-19
3.01537500e+01 3.070461361424962e-19
3.01698750e+01 3.069640711574296e-19
3.01860000e+01 3.068820719383474e-19
3.02021250e+01 3.068001383974563e-19
3.02182500e+01 3.067182704471268e-19
3.02343750e+01 3.066364679998933e-19
3.02505000e+01 3.065547309684531e-19
3.02666250e+01 3.064730592656667e-19
3.02827500e+01 3.063914528045566e-19
3.02988750e+01 3.063099114983077e-19
3.03150000e+01 3.062284352602661e-19
3.03311250e+01 3.061470240039398e-19
3.03472500e+01 3.060656776429969e-19
3.03633750e+01 3.059843960912668e-19
3.03795000e+01 3.059031792627382e-19
3.03956250e+01 3.058220270715601e-19
3.04117500e+01 3.057409394320408e-19
3.04278750e+01 3.056599162586472e-19
3.04440000e+01 3.055789574660051e-19
3.04601250e+01 3.054980629688984e-19
3.04762500e+01 3.054172326822689e-19
3.04923750e+01 3.053364665212157e-19
3.05085000e+01 3.052557644009952e-19
3.05246250e+01 3.051751262370203e-19
3.05407500e+01 3.050945519448603e-19
3.05568750e+01 3.050140414402404e-19
3.05730000e+01 3.049335946390416e-19
3.05891250e+01 3.048532114572998e-19
3.06052500e+01 3.047728918112062e-19
3.06213750e+01 3.046926356171060e-19
3.06375000e+01 3.046124427914989e-19
3.06536250e+01 3.045323132510381e-19
3.06697500e+01 3.044522469125303e-19
3.06858750e+01 3.043722436929352e-19
3.07020000e+01 3.042923035093653e-19
3.07181250e+01 3.042124262790852e-19
3.07342500e+01 3.041326119195116e-19
3.07503750e+01 3.040528603482126e-19
3.07665000e+01 3.039731714829079e-19
3.07826250e+01 3.038935452414677e-19
3.07987500e+01 3.038139815419128e-19
3.08148750e+01 3.037344803024143e-19
3.08310000e+01 3.036550414412929e-19
3.08471250e+01 3.035756648770192e-19
3.08632500e+01 3.034963505282124e-19
3.08793750e+01 3.034170983136406e-19
3.08955000e+01 3.033379081522203e-19
3.09116250e+01 3.032587799630165e-19
3.09277500e+01 3.031797136652412e-19
3.09438750e+01 3.031007091782541e-19
3.09600000e+01 3.030217664215621e-19
3.09761250e+01 3.029428853148184e-19
3.09922500e+01 3.028640657778229e-19
3.10083750e+01 3.027853077305212e-19
3.10245000e+01 3.027066110930048e-19
3.10406250e+01 3.026279757855101e-19
3.10567500e+01 3.025494017284190e-19
3.10728750e+01 3.024708888422577e-19
3.10890000e+01 3.023924370476967e-19
3.11051250e+01 3.023140462655505e-19
3.11212500e+01 3.022357164167774e-19
3.11373750e+01 3.021574474224786e-19
3.11535000e+01 3.020792392038986e-19
3.11696250e+01 3.020010916824243e-19
3.11857500e+01 3.019230047795851e-19
3.12018750e+01 3.018449784170522e-19
3.12180000e+01 3.017670125166382e-19
3.12341250e+01 3.016891070002976e-19
3.12502500e+01 3.016112617901254e-19
3.12663750e+01 3.015334768083572e-19
3.12825000e+01 3.014557519773693e-19
3.12986250e+01 3.013780872196776e-19
3.13147500e+01 3.013004824579379e-19
3.13308750e+01 3.012229376149453e-19
3.13470000e+01 3.011454526136337e-19
3.13631250e+01 3.010680273770762e-19
3.13792500e+01 3.009906618284836e-19
3.13953750e+01 3.009133558912053e-19
3.14115000e+01 3.008361094887283e-19
3.14276250e+01 3.007589225446769e-19
3.14437500e+01 3.006817949828126e-19
3.14598750e+01 3.006047267270335e-19
3.14760000e+01 3.005277177013746e-19
3.14921250e+01 3.004507678300066e-19
3.15082500e+01 3.003738770372363e-19
3.15243750e+01 3.002970452475059e-19
3.15405000e+01 3.002202723853928e-19
3.15566250e+01 3.001435583756096e-19
3.15727500e+01 3.000669031430032e-19
3.15888750e+01 2.999903066125547e-19
3.16050000e+01 2.999137687093796e-19
3.16211250e+01 2.998372893587266e-19
3.16372500e+01 2.997608684859781e-19
3.16533750e+01 2.996845060166494e-19
3.16695000e+01 2.996082018763886e-19
3.16856250e+01 2.995319559909762e-19
3.17017500e+01 2.994557682863250e-19
3.17178750e+01 2.993796386884795e-19
3.17340000e+01 2.993035671236157e-19
3.17501250e+01 2.992275535180409e-19
3.17662500e+01 2.991515977981935e-19
3.17823750e+01 2.990756998906424e-19
3.17985000e+01 2.989998597220867e-19
3.18146250e+01 2.989240772193559e-19
3.18307500e+01 2.988483523094089e-19
3.18468750e+01 2.987726849193343e-19
3.18630000e+01 2.986970749763498e-19
3.18791250e+01 2.986215224078018e-19
3.18952500e+01 2.985460271411654e-19
3.19113750e+01 2.984705891040442e-19
3.19275000e+01 2.983952082241694e-19
3.19436250e+01 2.983198844294002e-19
3.19597500e+01 2.982446176477231e-19
3.19758750e+01 2.981694078072515e-19
3.19920000e+01 2.980942548362261e-19
3.20081250e+01 2.980191586630137e-19
3.20242500e+01 2.979441192161077e-19
3.20403750e+01 2.978691364241272e-19
3.20565000e+01 2.977942102158173e-19
3.20726250e+01 2.977193405200480e-19
3.20887500e+01 2.976445272658149e-19
3.21048750e+01 2.975697703822382e-19
3.21210000e+01 2.974950697985628e-19
3.21371250e+01 2.974204254441578e-19
3.21532500e+01 2.973458372485161e-19
3.21693750e+01 2.972713051412546e-19
3.21855000e+01 2.971968290521136e-19
3.22016250e+01 2.971224089109563e-19
3.22177500e+01 2.970480446477691e-19
3.22338750e+01 2.969737361926607e-19
3.22500000e+01 2.968994834758625e-19
3.22661250e+01 2.968252864277276e-19
3.22822500e+01 2.967511449787309e-19
3.22983750e+01 2.966770590594691e-19
3.23145000e+01 2.966030286006597e-19
3.23306250e+01 2.965290535331417e-19
3.23467500e+01 2.964551337878742e-19
3.23628750e+01 2.963812692959372e-19
3.23790000e+01 2.963074599885304e-19
3.23951250e+01 2.962337057969738e-19
3.24112500e+01 2.961600066527067e-19
3.24273750e+01 2.960863624872880e-19
3.24435000e+01 2.960127732323955e-19
3.24596250e+01 2.959392388198256e-19
3.24757500e+01 2.958657591814938e-19
3.24918750e+01 2.957923342494334e-19
3.25080000e+01 2.957189639557958e-19
3.25241250e+01 2.956456482328503e-19
3.25402500e+01 2.955723870129836e-19
3.25563750e+01 2.954991802286997e-19
3.25725000e+01 2.954260278126193e-19
3.25886250e+01 2.953529296974802e-19
3.26047500e+01 2.952798858161363e-19
3.26208750e+01 2.952068961015578e-19
3.26370000e+01 2.951339604868309e-19
3.26531250e+01 2.950610789051574e-19
3.26692500e+01 2.949882512898545e-19
3.26853750e+01 2.949154775743547e-19
3.27015000e+01 2.948427576922051e-19
3.27176250e+01 2.947700915770676e-19
3.27337500e+01 2.946974791627188e-19
3.27498750e+01 2.946249203830488e-19
3.27660000e+01 2.945524151720621e-19
3.27821250e+01 2.944799634638767e-19
3.27982500e+01 2.944075651927238e-19
3.28143750e+01 2.943352202929480e-19
3.28305000e+01 2.942629286990066e-19
3.28466250e+01 2.941906903454696e-19
3.28627500e+01 2.941185051670193e-19
3.28788750e+01 2.940463730984504e-19
3.28950000e+01 2.939742940746690e-19
3.29111250e+01 2.939022680306933e-19
3.29272500e+01 2.938302949016526e-19
3.29433750e+01 2.937583746227875e-19
3.29595000e+01 2.936865071294496e-19
3.29756250e+01 2.936146923571008e-19
3.29917500e+01 2.935429302413139e-19
3.30078750e+01 2.934712207177714e-19
3.30240000e+01 2.933995637222659e-19
3.30401250e+01 2.933279591907000e-19
3.30562500e+01 2.932564070590852e-19
3.30723750e+01 2.931849072635426e-19
3.30885000e+01 2.931134597403022e-19
3.31046250e+01 2.930420644257027e-19
3.31207500e+01 2.929707212561912e-19
3.31368750e+01 2.928994301683232e-19
3.31530000e+01 2.928281910987620e-19
3.31691250e+01 2.927570039842791e-19
3.31852500e+01 2.926858687617530e-19
3.32013750e+01 2.926147853681700e-19
3.32175000e+01 2.925437537406231e-19
3.32336250e+01 2.924727738163124e-19
3.32497500e+01 2.924018455325445e-19
3.32658750e+01 2.923309688267323e-19
3.32820000e+01 2.922601436363950e-19
3.32981250e+01 2.921893698991577e-19
3.33142500e+01 2.921186475527510e-19
3.33303750e+01 2.920479765350112e-19
3.33465000e+01 2.919773567838796e-19
3.33626250e+01 2.919067882374027e-19
3.33787500e+01 2.918362708337315e-19
3.33948750e+01 2.917658045111219e-19
3.34110000e+01 2.916953892079337e-19
3.34271250e+01 2.916250248626312e-19
3.34432500e+01 2.915547114137821e-19
3.34593750e+01 2.914844488000582e-19
3.34755000e+01 2.914142369602342e-19
3.34916250e+01 2.913440758331887e-19
3.35077500e+01 2.912739653579026e-19
3.35238750e+01 2.912039054734597e-19
3.35400000e+01 2.911338961190465e-19
3.35561250e+01 2.910639372339516e-19
3.35722500e+01 2.909940287575658e-19
3.35883750e+01 2.909241706293818e-19
3.36045000e+01 2.908543627889936e-19
3.36206250e+01 2.907846051760971e-19
3.36367500e+01 2.907148977304890e-19
3.36528750e+01 2.906452403920671e-19
3.36690000e+01 2.905756331008301e-19
3.36851250e+01 2.905060757968771e-19
3.37012500e+01 2.904365684204074e-19
3.37173750e+01 2.903671109117206e-19
3.37335000e+01 2.902977032112163e-19
3.37496250e+01 2.902283452593935e-19
3.37657500e+01 2.901590369968507e-19
3.37818750e+01 2.900897783642860e-19
3.37980000e+01 2.900205693024960e-19
3.38141250e+01 2.899514097523765e-19
3.38302500e+01 2.898822996549219e-19
3.38463750e+01 2.898132389512247e-19
3.38625000e+01 2.897442275824760e-19
3.38786250e+01 2.896752654899647e-19
3.38947500e+01 2.896063526150774e-19
3.39108750e+01 2.895374888992982e-19
3.39270000e+01 2.894686742842088e-19
3.39431250e+01 2.893999087114879e-19
3.39592500e+01 2.893311921229112e-19
3.39753750e+01 2.892625244603509e-19
3.39915000e+01 2.891939056657760e-19
3.40076250e+01 2.891253356812518e-19
3.40237500e+01 2.890568144489396e-19
3.40398750e+01 2.889883419110965e-19
3.40560000e+01 2.889199180100756e-19
3.40721250e+01 2.888515426883254e-19
3.40882500e+01 2.887832158883893e-19
3.41043750e+01 2.887149375529065e-19
3.41205000e+01 2.886467076246105e-19
3.41366250e+01 2.885785260463298e-19
3.41527500e+01 2.885103927609872e-19
3.41688750e+01 2.884423077116000e-19
3.41850000e+01 2.883742708412794e-19
3.42011250e+01 2.883062820932306e-19
3.42172500e+01 2.882383414107524e-19
3.42333750e+01 2.881704487372371e-19
3.42495000e+01 2.881026040161704e-19
3.42656250e+01 2.880348071911309e-19
3.42817500e+01 2.879670582057904e-19
3.42978750e+01 2.878993570039130e-19
3.43140000e+01 2.878317035293557e-19
3.43301250e+01 2.877640977260674e-19
3.43462500e+01 2.876965395380896e-19
3.43623750e+01 2.876290289095552e-19
3.43785000e+01 2.875615657846893e-19
3.43946250e+01 2.874941501078082e-19
3.44107500e+01 2.874267818233197e-19
3.44268750e+01 2.873594608757225e-19
3.44430000e+01 2.872921872096068e-19
3.44591250e+01 2.872249607696529e-19
3.44752500e+01 2.871577815006322e-19
3.44913750e+01 2.870906493474061e-19
3.45075000e+01 2.870235642549264e-19
3.45236250e+01 2.869565261682348e-19
3.45397500e+01 2.868895350324630e-19
3.45558750e+01 2.868225907928322e-19
3.45720000e+01 2.867556933946528e-19
3.45881250e+01 2.866888427833248e-19
3.46042500e+01 2.866220389043372e-19
3.46203750e+01 2.865552817032677e-19
3.46365000e+01 2.864885711257828e-19
3.46526250e+01 2.864219071176375e-19
3.46687500e+01 2.863552896246752e-19
3.46848750e+01 2.862887185928272e-19
3.47010000e+01 2.862221939681129e-19
3.47171250e+01 2.861557156966395e-19
3.47332500e+01 2.860892837246018e-19
3.47493750e+01 2.860228979982817e-19
3.47655000e+01 2.859565584640487e-19
3.47816250e+01 2.858902650683592e-19
3.47977500e+01 2.858240177577564e-19
3.48138750e+01 2.857578164788701e-19
3.48300000e+01 2.856916611784169e-19
3.48461250e+01 2.856255518031991e-19
3.48622500e+01 2.855594883001059e-19
3.48783750e+01 2.854934706161118e-19
3.48945000e+01 2.854274986982776e-19
3.49106250e+01 2.853615724937492e-19
3.49267500e+01 2.852956919497583e-19
3.49428750e+01 2.852298570136216e-19
3.49590000e+01 2.851640676327411e-19
3.49751250e+01 2.850983237546034e-19
3.49912500e+01 2.850326253267798e-19
3.50073750e+01 2.849669722969267e-19
3.50235000e+01 2.849013646127840e-19
3.50396250e+01 2.848358022221764e-19
3.50557500e+01 2.847702850730125e-19
3.50718750e+01 2.847048131132847e-19
3.50880000e+01 2.846393862910686e-19
3.51041250e+01 2.845740045545243e-19
3.51202500e+01 2.845086678518942e-19
3.51363750e+01 2.844433761315045e-19
3.51525000e+01 2.843781293417640e-19
3.51686250e+01 2.843129274311646e-19
3.51847500e+01 2.842477703482805e-19
3.52008750e+01 2.841826580417686e-19
3.52170000e+01 2.841175904603681e-19
3.52331250e+01 2.840525675529002e-19
3.52492500e+01 2.839875892682681e-19
3.52653750e+01 2.839226555554567e-19
3.52815000e+01 2.838577663635328e-19
3.52976250e+01 2.837929216416442e-19
3.53137500e+01 2.837281213390203e-19
3.53298750e+01 2.836633654049716e-19
3.53460000e+01 2.835986537888895e-19
3.53621250e+01 2.835339864402461e-19
3.53782500e+01 2.834693633085941e-19
3.53943750e+01 2.834047843435670e-19
3.54105000e+01 2.833402494948779e-19
3.54266250e+01 2.832757587123207e-19
3.54427500e+01 2.832113119457689e-19
3.54588750e+01 2.831469091451760e-19
3.54750000e+01 2.830825502605749e-19
3.54911250e+01 2.830182352420780e-19
3.55072500e+01 2.829539640398771e-19
3.55233750e+01 2.828897366042432e-19
3.55395000e+01 2.828255528855263e-19
3.55556250e+01 2.827614128341548e-19
3.55717500e+01 2.826973164006363e-19
3.55878750e+01 2.826332635355565e-19
3.56040000e+01 2.825692541895799e-19
3.56201250e+01 2.825052883134486e-19
3.56362500e+01 2.824413658579831e-19
3.56523750e+01 2.823774867740817e-19
3.56685000e+01 2.823136510127202e-19
3.56846250e+01 2.822498585249523e-19
3.57007500e+01 2.821861092619089e-19
3.57168750e+01 2.821224031747979e-19
3.57330000e+01 2.820587402149047e-19
3.57491250e+01 2.819951203335914e-19
3.57652500e+01 2.819315434822967e-19
3.57813750e+01 2.818680096125362e-19
3.57975000e+01 2.818045186759019e-19
3.58136250e+01 2.817410706240618e-19
3.58297500e+01 2.816776654087604e-19
3.58458750e+01 2.816143029818180e-19
3.58620000e+01 2.815509832951308e-19
3.58781250e+01 2.814877063006705e-19
3.58942500e+01 2.814244719504846e-19
3.59103750e+01 2.813612801966959e-19
3.59265000e+01 2.812981309915022e-19
3.59426250e+01 2.812350242871766e-19
3.59587500e+01 2.811719600360671e-19
3.59748750e+01 2.811089381905964e-19
3.59910000e+01 2.810459587032616e-19
3.60071250e+01 2.809830215266348e-19
3.60232500e+01 2.809201266133619e-19
3.60393750e+01 2.808572739161632e-19
3.60555000e+01 2.807944633878332e-19
3.60716250e+01 2.807316949812396e-19
3.60877500e+01 2.806689686493247e-19
3.61038750e+01 2.806062843451036e-19
3.61200000e+01 2.805436420216654e-19
3.61361250e+01 2.804810416321720e-19
3.61522500e+01 2.804184831298590e-19
3.61683750e+01 2.803559664680343e-19
3.61845000e+01 2.802934916000791e-19
3.62006250e+01 2.802310584794471e-19
3.62167500e+01 2.801686670596648e-19
3.62328750e+01 2.801063172943306e-19
3.62490000e+01 2.800440091371157e-19
3.62651250e+01 2.799817425417630e-19
3.62812500e+01 2.799195174620876e-19
3.62973750e+01 2.798573338519763e-19
3.63135000e+01 2.797951916653876e-19
3.63296250e+01 2.797330908563517e-19
3.63457500e+01 2.796710313789698e-19
3.63618750e+01 2.796090131874148e-19
3.63780000e+01 2.795470362359302e-19
3.63941250e+01 2.794851004788312e-19
3.64102500e+01 2.794232058705029e-19
3.64263750e+01 2.793613523654020e-19
3.64425000e+01 2.792995399180549e-19
3.64586250e+01 2.792377684830590e-19
3.64747500e+01 2.791760380150817e-19
3.64908750e+01 2.791143484688607e-19
3.65070000e+01 2.790526997992035e-19
3.65231250e+01 2.789910919609873e-19
3.65392500e+01 2.789295249091595e-19
3.65553750e+01 2.788679985987365e-19
3.65715000e+01 2.788065129848046e-19
3.65876250e+01 2.787450680225190e-19
3.66037500e+01 2.786836636671045e-19
3.66198750e+01 2.786222998738543e-19
3.66360000e+01 2.785609765981311e-19
3.66521250e+01 2.784996937953659e-19
3.66682500e+01 2.784384514210586e-19
3.66843750e+01 2.783772494307774e-19
3.67005000e+01 2.783160877801588e-19
3.67166250e+01 2.782549664249076e-19
3.67327500e+01 2.781938853207967e-19
3.67488750e+01 2.781328444236668e-19
3.67650000e+01 2.780718436894264e-19
3.67811250e+01 2.780108830740520e-19
3.67972500e+01 2.779499625335869e-19
3.68133750e+01 2.778890820241427e-19
3.68295000e+01 2.778282415018976e-19
3.68456250e+01 2.777674409230972e-19
3.68617500e+01 2.777066802440539e-19
3.68778750e+01 2.776459594211473e-19
3.68940000e+01 2.775852784108234e-19
3.69101250e+01 2.775246371695949e-19
3.69262500e+01 2.774640356540411e-19
3.69423750e+01 2.774034738208077e-19
3.69585000e+01 2.773429516266063e-19
3.69746250e+01 2.772824690282147e-19
3.69907500e+01 2.772220259824769e-19
3.70068750e+01 2.771616224463023e-19
3.70230000e+01 2.771012583766664e-19
3.70391250e+01 2.770409337306100e-19
3.70552500e+01 2.769806484652394e-19
3.70713750e+01 2.769204025377263e-19
3.70875000e+01 2.768601959053074e-19
3.71036250e+01 2.768000285252847e-19
3.71197500e+01 2.767399003550248e-19
3.71358750e+01 2.766798113519596e-19
3.71520000e+01 2.766197614735851e-19
3.71681250e+01 2.765597506774621e-19
3.71842500e+01 2.764997789212160e-19
3.72003750e+01 2.764398461625362e-19
3.72165000e+01 2.763799523591764e-19
3.72326250e+01 2.763200974689544e-19
3.72487500e+01 2.762602814497518e-19
3.72648750e+01 2.762005042595141e-19
3.72810000e+01 2.761407658562502e-19
3.72971250e+01 2.760810661980332e-19
3.73132500e+01 2.760214052429988e-19
3.73293750e+01 2.759617829493466e-19
3.73455000e+01 2.759021992753390e-19
3.73616250e+01 2.758426541793018e-19
3.73777500e+01 2.757831476196235e-19
3.73938750e+01 2.757236795547554e-19
3.74100000e+01 2.756642499432116e-19
3.74261250e+01 2.756048587435687e-19
3.74422500e+01 2.755455059144657e-19
3.74583750e+01 2.754861914146042e-19
3.74745000e+01 2.754269152027476e-19
3.74906250e+01 2.753676772377217e-19
3.75067500e+01 2.753084774784139e-19
3.75228750e+01 2.752493158837739e-19
3.75390000e+01 2.751901924128130e-19
3.75551250e+01 2.751311070246037e-19
3.75712500e+01 2.750720596782805e-19
3.75873750e+01 2.750130503330389e-19
3.76035000e+01 2.749540789481360e-19
3.76196250e+01 2.748951454828897e-19
3.76357500e+01 2.748362498966792e-19
3.76518750e+01 2.747773921489443e-19
3.76680000e+01 2.747185721991857e-19
3.76841250e+01 2.746597900069649e-19
3.77002500e+01 2.746010455319037e-19
3.77163750e+01 2.745423387336847e-19
3.77325000e+01 2.744836695720502e-19
3.77486250e+01 2.744250380068033e-19
3.77647500e+01 2.743664439978068e-19
3.77808750e+01 2.743078875049837e-19
3.77970000e+01 2.742493684883168e-19
3.78131250e+01 2.741908869078485e-19
3.78292500e+01 2.741324427236808e-19
3.78453750e+01 2.740740358959755e-19
3.78615000e+01 2.740156663849534e-19
3.78776250e+01 2.739573341508949e-19
3.78937500e+01 2.738990391541395e-19
3.79098750e+01 2.738407813550854e-19
3.79260000e+01 2.737825607141904e-19
3.79421250e+01 2.737243771919705e-19
3.79582500e+01 2.736662307490007e-19
3.79743750e+01 2.736081213459146e-19
3.79905000e+01 2.735500489434043e-19
3.80066250e+01 2.734920135022199e-19
3.80227500e+01 2.734340149831706e-19
3.80388750e+01 2.733760533471229e-19
3.80550000e+01 2.733181285550017e-19
3.80711250e+01 2.732602405677899e-19
3.80872500e+01 2.732023893465281e-19
3.81033750e+01 2.731445748523148e-19
3.81195000e+01 2.730867970463056e-19
3.81356250e+01 2.730290558897143e-19
3.81517500e+01 2.729713513438115e-19
3.81678750e+01 2.729136833699254e-19
3.81840000e+01 2.728560519294412e-19
3.82001250e+01 2.727984569838013e-19
3.82162500e+01 2.727408984945049e-19
3.82323750e+01 2.726833764231082e-19
3.82485000e+01 2.726258907312239e-19
3.82646250e+01 2.725684413805215e-19
3.82807500e+01 2.725110283327270e-19
3.82968750e+01 2.724536515496229e-19
3.83130000e+01 2.723963109930477e-19
3.83291250e+01 2.723390066248965e-19
3.83452500e+01 2.722817384071200e-19
3.83613750e+01 2.722245063017254e-19
3.83775000e+01 2.721673102707755e-19
3.83936250e+01 2.721101502763887e-19
3.84097500e+01 2.720530262807396e-19
3.84258750e+01 2.719959382460579e-19
3.84420000e+01 2.719388861346287e-19
3.84581250e+01 2.718818699087930e-19
3.84742500e+01 2.718248895309465e-19
3.84903750e+01 2.717679449635403e-19
3.85065000e+01 2.717110361690805e-19
3.85226250e+01 2.716541631101280e-19
3.85387500e+01 2.715973257492987e-19
3.85548750e+01 2.715405240492633e-19
3.85710000e+01 2.714837579727468e-19
3.85871250e+01 2.714270274825292e-19
3.86032500e+01 2.713703325414444e-19
3.86193750e+01 2.713136731123810e-19
3.86355000e+01 2.712570491582816e-19
3.86516250e+01 2.712004606421431e-19
3.86677500e+01 2.711439075270163e-19
3.86838750e+01 2.710873897760059e-19
3.87000000e+01 2.710309073522704e-19
3.87161250e+01 2.709744602190221e-19
-----------------------------
