Energy (eV)          EEDF (eV^-(3/2))     First Anisotropy
2.82272727272727e-03 1.45724674479836e+01 1.50909732437641e-02
8.46818181818182e-03 1.41218533700393e+01 2.46169597194940e-02
1.41136363636364e-02 1.36851733117120e+01 3.17054644353497e-02
1.97590909090909e-02 1.32619964022824e+01 3.66315576110986e-02
2.54045454545455e-02 1.28519050913849e+01 4.03759720707953e-02
3.10500000000000e-02 1.24544947439217e+01 4.33240305436420e-02
3.66954545454545e-02 1.20693732342447e+01 4.56823074407156e-02
4.23409090909091e-02 1.16961605643488e+01 4.75797099418818e-02
4.79863636363636e-02 1.13344884847939e+01 4.91043772578038e-02
5.36318181818182e-02 1.09840001348102e+01 5.03203816077674e-02
5.92772727272727e-02 1.06443496872407e+01 5.12763897128565e-02
6.49227272727273e-02 1.03152020098616e+01 5.20106026613381e-02
7.05681818181818e-02 9.99623233287866e+00 5.25537794309566e-02
7.62136363636364e-02 9.68712592882877e+00 5.29311914518362e-02
8.18590909090909e-02 9.38757780306589e+00 5.31639429855445e-02
8.75045454545455e-02 9.09729239141823e+00 5.32698956376420e-02
9.31500000000000e-02 8.81598326983480e+00 5.32643355081544e-02
9.87954545454545e-02 8.54337287060265e+00 5.31604671341025e-02
1.04440909090909e-01 8.27919220908808e+00 5.29697871808712e-02
1.10086363636364e-01 8.02318061995653e+00 5.27023730563575e-02
1.15731818181818e-01 7.77508549477679e+00 5.23671089235258e-02
1.21377272727273e-01 7.53466204015191e+00 5.19718659530141e-02
1.27022727272727e-01 7.30167302877773e+00 5.15236478085822e-02
1.32668181818182e-01 7.07588857069897e+00 5.10287090425332e-02
1.38313636363636e-01 6.85708588612050e+00 5.04926535330065e-02
1.43959090909091e-01 6.64504908120758e+00 4.99205158724000e-02
1.49604545454545e-01 6.43956894073922e+00 4.93168300541899e-02
1.55250000000000e-01 6.24044271642935e+00 4.86856877034197e-02
1.60895454545455e-01 6.04747393173398e+00 4.80307876982781e-02
1.66540909090909e-01 5.86047218347886e+00 4.73554788936403e-02
1.72186363636364e-01 5.67925295818021e+00 4.66627969840792e-02
1.77831818181818e-01 5.50363744608256e+00 4.59554966277345e-02
1.83477272727273e-01 5.33345236836656e+00 4.52360794543171e-02
1.89122727272727e-01 5.16852980277636e+00 4.45068187636257e-02
1.94768181818182e-01 5.00870702040766e+00 4.37697810601552e-02
2.00413636363636e-01 4.85382632499150e+00 4.30268455492515e-02
2.06059090909091e-01 4.70373489520246e+00 4.22797210796139e-02
2.11704545454545e-01 4.55828463660148e+00 4.15299614192680e-02
2.17350000000000e-01 4.41733203294848e+00 4.07789789364553e-02
2.22995454545455e-01 4.28073800700157e+00 4.00280568315762e-02
2.28640909090909e-01 4.14836778102753e+00 3.92783601948766e-02
2.34286363636364e-01 4.02009074594482e+00 3.85309459420679e-02
2.39931818181818e-01 3.89578033044788e+00 3.77867718452855e-02
2.45577272727273e-01 3.77531387800757e+00 3.70467046818671e-02
2.51222727272727e-01 3.65857252406539e+00 3.63115277005174e-02
2.56868181818182e-01 3.54544108005534e+00 3.55819472650285e-02
2.62513636363636e-01 3.43580791967130e+00 3.48585991764582e-02
2.68159090909091e-01 3.32956486760743e+00 3.41420542064468e-02
2.73804545454545e-01 3.22660709428674e+00 3.34328232625187e-02
2.79450000000000e-01 3.12683301104066e+00 3.27313621260084e-02
2.85095454545455e-01 3.03014417118194e+00 3.20380757700368e-02
2.90740909090909e-01 2.93644517162707e+00 3.13533223552250e-02
2.96386363636364e-01 2.84564355993677e+00 3.06774168782261e-02
3.02031818181818e-01 2.75764974198024e+00 3.00106345574587e-02
3.07677272727273e-01 2.67237689458777e+00 2.93532139294817e-02
3.13322727272727e-01 2.58974087888181e+00 2.87053597446286e-02
3.18968181818182e-01 2.50966015799324e+00 2.80672455439478e-02
3.24613636363636e-01 2.43205571656740e+00 2.74390162078916e-02
3.30259090909091e-01 2.35685098216423e+00 2.68207901587795e-02
3.35904545454545e-01 2.28397175053912e+00 2.62126614647991e-02
3.41550000000000e-01 2.21334611163262e+00 2.56147017910012e-02
3.47195454545455e-01 2.14490437937045e+00 2.50269621885462e-02
3.52840909090909e-01 2.07857902218787e+00 2.44494747713564e-02
3.58486363636364e-01 2.01430459707771e+00 2.38822542542185e-02
3.64131818181818e-01 1.95201768436957e+00 2.33252993963455e-02
3.69777272727273e-01 1.89165682577060e+00 2.27785943257266e-02
3.75422727272727e-01 1.83316246313738e+00 2.22421097935678e-02
3.81068181818182e-01 1.77647688014293e+00 2.17158042767218e-02
3.86713636363636e-01 1.72154414530411e+00 2.11996251099004e-02
3.92359090909091e-01 1.66831005641824e+00 2.06935094373089e-02
3.98004545454545e-01 1.61672208757638e+00 2.01973851395970e-02
4.03650000000000e-01 1.56672933686478e+00 1.97111716967624e-02
4.09295454545455e-01 1.51828247658924e+00 1.92347809782239e-02
4.14940909090909e-01 1.47133370417515e+00 1.87681179885705e-02
4.20586363636364e-01 1.42583669540934e+00 1.83110815496817e-02
4.26231818181818e-01 1.38174655834217e+00 1.78635649451491e-02
4.31877272727273e-01 1.33901978936467e+00 1.74254565089709e-02
4.37522727272727e-01 1.29761422992856e+00 1.69966401885366e-02
4.43168181818182e-01 1.25748902521061e+00 1.65769960265453e-02
4.48813636363636e-01 1.21860458378689e+00 1.61664006792621e-02
4.54459090909091e-01 1.18092253833959e+00 1.57647278318371e-02
4.60104545454545e-01 1.14440570810095e+00 1.53718486116257e-02
4.65750000000000e-01 1.10901806187951e+00 1.49876319724148e-02
4.71395454545455e-01 1.07472468278290e+00 1.46119450428788e-02
4.77040909090909e-01 1.04149173350286e+00 1.42446534568750e-02
4.82686363636364e-01 1.00928642317886e+00 1.38856216521475e-02
4.88331818181818e-01 9.78076974803593e-01 1.35347131535854e-02
4.93977272727273e-01 9.47832594097907e-01 1.31917908285410e-02
4.99622727272727e-01 9.18523438906840e-01 1.28567171332642e-02
5.05268181818182e-01 8.90120589916530e-01 1.25293543132974e-02
5.10913636363636e-01 8.62596022110804e-01 1.22095646349472e-02
5.16559090909091e-01 8.35922576977263e-01 1.18972105551168e-02
5.22204545454545e-01 8.10073935896831e-01 1.15921548958994e-02
5.27850000000000e-01 7.85024593996412e-01 1.12942610055024e-02
5.33495454545455e-01 7.60749835154368e-01 1.10033929007589e-02
5.39140909090909e-01 7.37225707449347e-01 1.07194154024677e-02
5.44786363636364e-01 7.14428999683758e-01 1.04421942543830e-02
5.50431818181818e-01 6.92337218331153e-01 1.01715962362085e-02
5.56077272727273e-01 6.70928565485673e-01 9.90748926206428e-03
5.61722727272727e-01 6.50181917216361e-01 9.64974247679715e-03
5.67368181818182e-01 6.30076802826106e-01 9.39822632515551e-03
5.73013636363636e-01 6.10593384647779e-01 9.15281264503196e-03
5.78659090909091e-01 5.91712438381198e-01 8.91337472269334e-03
5.84304545454545e-01 5.73415334242290e-01 8.67978735413874e-03
5.89950000000000e-01 5.55684018468255e-01 8.45192690007127e-03
5.95595454545455e-01 5.38500995612082e-01 8.22967133118640e-03
6.01240909090909e-01 5.21849311176149e-01 8.01290027109611e-03
6.06886363636364e-01 5.05712534982603e-01 7.80149503064064e-03
6.12531818181818e-01 4.90074744866454e-01 7.59533864034959e-03
6.18177272727273e-01 4.74920511056525e-01 7.39431587524313e-03
6.23822727272727e-01 4.60234880863332e-01 7.19831328012274e-03
6.29468181818182e-01 4.46003363990137e-01 7.00721917849634e-03
6.35113636363636e-01 4.32211918231941e-01 6.82092369940227e-03
6.40759090909091e-01 4.18846935563169e-01 6.63931878034962e-03
6.46404545454546e-01 4.05895228785768e-01 6.46229817593661e-03
6.52050000000000e-01 3.93344018445340e-01 6.28975746364145e-03
6.57695454545455e-01 3.81180920290815e-01 6.12159404451156e-03
6.63340909090909e-01 3.69393932988570e-01 5.95770714357625e-03
6.68986363636364e-01 3.57971426344393e-01 5.79799780573057e-03
6.74631818181818e-01 3.46902129766884e-01 5.64236889155647e-03
6.80277272727273e-01 3.36175121205408e-01 5.49072506912597e-03
6.85922727272727e-01 3.25779816317036e-01 5.34297280720526e-03
6.91568181818182e-01 3.15705958064687e-01 5.19902035844582e-03
6.97213636363636e-01 3.05943606594327e-01 5.05877775562750e-03
7.02859090909091e-01 2.96483129390679e-01 4.92215679270706e-03
7.08504545454545e-01 2.87315191821240e-01 4.78907101058309e-03
7.14150000000000e-01 2.78430747879331e-01 4.65943568178444e-03
7.19795454545455e-01 2.69821031303034e-01 4.53316779251692e-03
7.25440909090909e-01 2.61477546882678e-01 4.41018602527808e-03
7.31086363636364e-01 2.53392062119780e-01 4.29041073914038e-03
7.36731818181818e-01 2.45556599064512e-01 4.17376395067848e-03
7.42377272727273e-01 2.37963426481843e-01 4.06016931284197e-03
7.48022727272727e-01 2.30605052186652e-01 3.94955209540229e-03
7.53668181818182e-01 2.23474215678245e-01 3.84183915921898e-03
7.59313636363636e-01 2.16563880975006e-01 3.73695893992421e-03
7.64959090909091e-01 2.09867229648214e-01 3.63484142185621e-03
7.70604545454545e-01 2.03377654125743e-01 3.53541811571458e-03
7.76250000000000e-01 1.97088751142173e-01 3.43862203598205e-03
7.81895454545455e-01 1.90994315449716e-01 3.34438767703617e-03
7.87540909090909e-01 1.85088333667613e-01 3.25265099009969e-03
7.93186363636364e-01 1.79364978375542e-01 3.16334935904816e-03
7.98831818181818e-01 1.73818602337943e-01 3.07642157706992e-03
8.04477272727273e-01 1.68443732956665e-01 2.99180782233329e-03
8.10122727272727e-01 1.63235066847342e-01 2.90944963510415e-03
8.15768181818182e-01 1.58187464624217e-01 2.82928989102907e-03
8.21413636363636e-01 1.53295945828186e-01 2.75127278117352e-03
8.27059090909091e-01 1.48555683997039e-01 2.67534378576427e-03
8.32704545454545e-01 1.43962001923753e-01 2.60144965078628e-03
8.38350000000000e-01 1.39510367021724e-01 2.52953836472729e-03
8.43995454545455e-01 1.35196386871483e-01 2.45955913472831e-03
8.49640909090909e-01 1.31015804868413e-01 2.39146236358645e-03
8.55286363636364e-01 1.26964496040348e-01 2.32519962625339e-03
8.60931818181818e-01 1.23038462960553e-01 2.26072364717308e-03
8.66577272727273e-01 1.19233831819733e-01 2.19798827719419e-03
8.72222727272727e-01 1.15546848588105e-01 2.13694847171005e-03
8.77868181818182e-01 1.11973875322904e-01 2.07756026641425e-03
8.83513636363636e-01 1.08511386578229e-01 2.01978075788408e-03
8.89159090909091e-01 1.05155965916260e-01 1.96356808008125e-03
8.94804545454545e-01 1.01904302549785e-01 1.90888138300369e-03
9.00450000000000e-01 9.87531880624424e-02 1.85568081163244e-03
9.06095454545455e-01 9.56995132554939e-02 1.80392748466203e-03
9.11740909090909e-01 9.27402650679388e-02 1.75358347399126e-03
9.17386363636364e-01 8.98725236151172e-02 1.70461178404394e-03
9.23031818181818e-01 8.70934592965119e-02 1.65697633182784e-03
9.28677272727273e-01 8.44003300145145e-02 1.61064192686398e-03
9.34322727272727e-01 8.17904784584737e-02 1.56557425210724e-03
9.39968181818182e-01 7.92613294903935e-02 1.52173984338487e-03
9.45613636363636e-01 7.68103876036491e-02 1.47910607227786e-03
9.51259090909091e-01 7.44352344539152e-02 1.43764112634639e-03
9.56904545454546e-01 7.21335264819283e-02 1.39731399095802e-03
9.62550000000000e-01 6.99029925924934e-02 1.35809443144301e-03
9.68195454545455e-01 6.77414319218800e-02 1.31995297522336e-03
9.73840909090909e-01 6.56467116582582e-02 1.28286089457844e-03
9.79486363636364e-01 6.36167649449306e-02 1.24679018940663e-03
9.85131818181818e-01 6.16495888335781e-02 1.21171357059985e-03
9.90777272727273e-01 5.97432423150658e-02 1.17760444343365e-03
9.96422727272727e-01 5.78958443974027e-02 1.14443689173580e-03
1.00206818181818e+00 5.61055722548523e-02 1.11218566131891e-03
1.00771363636364e+00 5.43706594276295e-02 1.08082614423744e-03
1.01335909090909e+00 5.26893940859284e-02 1.05033436685918e-03
1.01900454545455e+00 5.10601173126430e-02 1.02068696967145e-03
1.02465000000000e+00 4.94812215156889e-02 9.91861195688950e-04
1.03029545454545e+00 4.79511487868803e-02 9.63834876137112e-04
1.03594090909091e+00 4.64683894177053e-02 9.36586415305535e-04
1.04158636363636e+00 4.50314803586177e-02 9.10094777797478e-04
1.04723181818182e+00 4.36390038247148e-02 8.84339474022465e-04
1.05287727272727e+00 4.22895858492913e-02 8.59300547941942e-04
1.05852272727273e+00 4.09818949739818e-02 8.34958561883038e-04
1.06416818181818e+00 3.97146409008713e-02 8.11294590013535e-04
1.06981363636364e+00 3.84865732214007e-02 7.88290197329485e-04
1.07545909090909e+00 3.72964802122221e-02 7.65927432883866e-04
1.08110454545455e+00 3.61431876002280e-02 7.44188817155511e-04
1.08675000000000e+00 3.50255574418717e-02 7.23057329640316e-04
1.09239545454545e+00 3.39424869637259e-02 7.02516398244997e-04
1.09804090909091e+00 3.28929075097184e-02 6.82549887432713e-04
1.10368636363636e+00 3.18757834525952e-02 6.63142088063461e-04
1.10933181818182e+00 3.08901112049622e-02 6.44277706074879e-04
1.11497727272727e+00 2.99349181973106e-02 6.25941852756519e-04
1.12062272727273e+00 2.90092619490025e-02 6.08120033052385e-04
1.12626818181818e+00 2.81122291155179e-02 5.90798139862770e-04
1.13191363636364e+00 2.72429345886094e-02 5.73962438421462e-04
1.13755909090909e+00 2.64005206427916e-02 5.57599560508274e-04
1.14320454545455e+00 2.55841560626890e-02 5.41696494668699e-04
1.14885000000000e+00 2.47930353482881e-02 5.26240576623042e-04
1.15449545454545e+00 2.40263778956310e-02 5.11219480950829e-04
1.16014090909091e+00 2.32834272502554e-02 4.96621211950537e-04
1.16578636363636e+00 2.25634503379692e-02 4.82434095698210e-04
1.17143181818182e+00 2.18657367635602e-02 4.68646771339883e-04
1.17707727272727e+00 2.11895980885880e-02 4.55248183511094e-04
1.18272272727273e+00 2.05343671726203e-02 4.42227573428165e-04
1.18836818181818e+00 1.98993974996821e-02 4.29574474140505e-04
1.19401363636364e+00 1.92840625412357e-02 4.17278698972844e-04
1.19965909090909e+00 1.86877551512891e-02 4.05330336769836e-04
1.20530454545455e+00 1.81098869496541e-02 3.93719744415232e-04
1.21095000000000e+00 1.75498877584480e-02 3.82437539506270e-04
1.21659545454545e+00 1.70072050230380e-02 3.71474593930388e-04
1.22224090909091e+00 1.64813032827243e-02 3.60822026896630e-04
1.22788636363636e+00 1.59716636270665e-02 3.50471198815382e-04
1.23353181818182e+00 1.54777831986769e-02 3.40413704671354e-04
1.23917727272727e+00 1.49991746827647e-02 3.30641368194054e-04
1.24482272727273e+00 1.45353658400930e-02 3.21146235132207e-04
1.25046818181818e+00 1.40858990307480e-02 3.11920569417658e-04
1.25611363636364e+00 1.36503307631848e-02 3.02956844649555e-04
1.26175909090909e+00 1.32282312655858e-02 2.94247740289319e-04
1.26740454545455e+00 1.28191840499149e-02 2.85786135992578e-04
1.27305000000000e+00 1.24227855124478e-02 2.77565106064822e-04
1.27869545454545e+00 1.20386445244557e-02 2.69577914555664e-04
1.28434090909091e+00 1.16663820569758e-02 2.61818009992385e-04
1.28998636363636e+00 1.13056307964976e-02 2.54279020713854e-04
1.29563181818182e+00 1.09560347925038e-02 2.46954749869205e-04
1.30127727272727e+00 1.06172490966305e-02 2.39839170980892e-04
1.30692272727273e+00 1.02889394315978e-02 2.32926422902509e-04
1.31256818181818e+00 9.97078185445748e-03 2.26210806785370e-04
1.31821363636364e+00 9.66246243735884e-03 2.19686779825053e-04
1.32385909090909e+00 9.36367696383446e-03 2.13348952274128e-04
1.32950454545455e+00 9.07413062060991e-03 2.07192083179649e-04
1.33515000000000e+00 8.79353771445528e-03 2.01211076217428e-04
1.34079545454545e+00 8.52162138281551e-03 1.95400975978386e-04
1.34644090909091e+00 8.25811332784916e-03 1.89756964016276e-04
1.35208636363636e+00 8.00275354472914e-03 1.84274355320361e-04
1.35773181818182e+00 7.75529007182619e-03 1.78948594566365e-04
1.36337727272727e+00 7.51547873560038e-03 1.73775252766890e-04
1.36902272727273e+00 7.28308291594985e-03 1.68750023512623e-04
1.37466818181818e+00 7.05787330806358e-03 1.63868720611460e-04
1.38031363636364e+00 6.83962769643505e-03 1.59127273509316e-04
1.38595909090909e+00 6.62813073968414e-03 1.54521724977982e-04
1.39160454545455e+00 6.42317375265839e-03 1.50048227929036e-04
1.39725000000000e+00 6.22455450575901e-03 1.45703042302425e-04
1.40289545454545e+00 6.03207702034542e-03 1.41482532275139e-04
1.40854090909091e+00 5.84555138024559e-03 1.37383163312049e-04
1.41418636363636e+00 5.66479353965114e-03 1.33401499517657e-04
1.41983181818182e+00 5.48962514607265e-03 1.29534200841188e-04
1.42547727272727e+00 5.31987335996239e-03 1.25778020564525e-04
1.43112272727273e+00 5.15537068842011e-03 1.22129802513235e-04
1.43676818181818e+00 4.99595481676439e-03 1.18586479241296e-04
1.44241363636364e+00 4.84146844855753e-03 1.15145068686009e-04
1.44805909090909e+00 4.69175915316619e-03 1.11802672397953e-04
1.45370454545455e+00 4.54667921168580e-03 1.08556473171419e-04
1.45935000000000e+00 4.40608547473335e-03 1.05403732731798e-04
1.46499545454545e+00 4.26983921777635e-03 1.02341789649676e-04
1.47064090909091e+00 4.13780600756214e-03 9.93680571505939e-05
1.47628636363636e+00 4.00985556627709e-03 9.64800211379227e-05
1.48193181818182e+00 3.88586164608815e-03 9.36752381187934e-05
1.48757727272727e+00 3.76570190159303e-03 9.09513333303479e-05
1.49322272727273e+00 3.64925777198160e-03 8.83059986784708e-05
1.49886818181818e+00 3.53641436190680e-03 8.57369913553178e-05
1.50451363636364e+00 3.42706032823936e-03 8.32421314008017e-05
1.51015909090909e+00 3.32108777208199e-03 8.08193003593550e-05
1.51580454545455e+00 3.21839212981341e-03 7.84664395250036e-05
1.52145000000000e+00 3.11887207232290e-03 7.61815482295307e-05
1.52709545454545e+00 3.02242940270355e-03 7.39626822912479e-05
1.53274090909091e+00 2.92896896160773e-03 7.18079523948419e-05
1.53838636363636e+00 2.83839853118366e-03 6.97155226221947e-05
1.54403181818182e+00 2.75062874618014e-03 6.76836089191836e-05
1.54967727272727e+00 2.66557300374520e-03 6.57104777043838e-05
1.55532272727273e+00 2.58314737993108e-03 6.37944443507088e-05
1.56096818181818e+00 2.50327054542933e-03 6.19338721406370e-05
1.56661363636364e+00 2.42586368540560e-03 6.01271704917949e-05
1.57225909090909e+00 2.35085042300867e-03 5.83727939448122e-05
1.57790454545455e+00 2.27815674231526e-03 5.66692408682339e-05
1.58355000000000e+00 2.20771091693531e-03 5.50150521958101e-05
1.58919545454545e+00 2.13944343765848e-03 5.34088102775802e-05
1.59484090909091e+00 2.07328694539698e-03 5.18491376854903e-05
1.60048636363636e+00 2.00917616324670e-03 5.03346961259769e-05
1.60613181818182e+00 1.94704783350430e-03 4.88641853103221e-05
1.61177727272727e+00 1.88684065387341e-03 4.74363419255583e-05
1.61742272727273e+00 1.82849521830858e-03 4.60499385192293e-05
1.62306818181818e+00 1.77195395740783e-03 4.47037827148074e-05
1.62871363636364e+00 1.71716108166477e-03 4.33967159225715e-05
1.63435909090909e+00 1.66406252728961e-03 4.21276125814028e-05
1.64000454545455e+00 1.61260590171095e-03 4.08953792059649e-05
1.64565000000000e+00 1.56274043299462e-03 3.96989534580771e-05
1.65129545454545e+00 1.51441691867022e-03 3.85373032987348e-05
1.65694090909091e+00 1.46758767822349e-03 3.74094261101740e-05
1.66258636363636e+00 1.42220650504477e-03 3.63143478937418e-05
1.66823181818182e+00 1.37822862180829e-03 3.52511224399566e-05
1.67387727272727e+00 1.33561063535189e-03 3.42188305698251e-05
1.67952272727273e+00 1.29431049476786e-03 3.32165793177403e-05
1.68516818181818e+00 1.25428744923576e-03 3.22435013453950e-05
1.69081363636364e+00 1.21550200785138e-03 3.12987540065480e-05
1.69645909090909e+00 1.17791590125335e-03 3.03815187818350e-05
1.70210454545455e+00 1.14149204307623e-03 2.94910005796225e-05
1.70775000000000e+00 1.10619449411746e-03 2.86264270548520e-05
1.71339545454545e+00 1.07198842614179e-03 2.77870479850494e-05
1.71904090909091e+00 1.03884008822593e-03 2.69721346266345e-05
1.72468636363636e+00 1.00671677277081e-03 2.61809791249651e-05
1.73033181818182e+00 9.75586783891691e-04 2.54128939060984e-05
1.73597727272727e+00 9.45419405503511e-04 2.46672111190593e-05
1.74162272727273e+00 9.16184871632137e-04 2.39432820384827e-05
1.74726818181818e+00 8.87854336583284e-04 2.32404766287557e-05
1.75291363636364e+00 8.60399846506196e-04 2.25581828663776e-05
1.75855909090909e+00 8.33794312215935e-04 2.18958063204061e-05
1.76420454545455e+00 8.08011481927493e-04 2.12527696406404e-05
1.76985000000000e+00 7.83025915872152e-04 2.06285120591263e-05
1.77549545454545e+00 7.58812960694557e-04 2.00224889321894e-05
1.78114090909091e+00 7.35348725611954e-04 1.94341712695424e-05
1.78678636363636e+00 7.12610058372783e-04 1.88630453014864e-05
1.79243181818182e+00 6.90574522865041e-04 1.83086120341219e-05
1.79807727272727e+00 6.69220376541121e-04 1.77703868403651e-05
1.80372272727273e+00 6.48526549387251e-04 1.72478990240804e-05
1.80936818181818e+00 6.28472622818722e-04 1.67406914971805e-05
1.81501363636364e+00 6.09038809550391e-04 1.62483202891850e-05
1.82065909090909e+00 5.90205934348992e-04 1.57703542368935e-05
1.82630454545455e+00 5.71955414745835e-04 1.53063746104692e-05
1.83195000000000e+00 5.54269243056318e-04 1.48559747493572e-05
1.83759545454545e+00 5.37129968268838e-04 1.44187597269415e-05
1.84324090909091e+00 5.20520679157329e-04 1.39943460067392e-05
1.84888636363636e+00 5.04424987274639e-04 1.35823611256084e-05
1.85453181818182e+00 4.88827011091672e-04 1.31824433691113e-05
1.86017727272727e+00 4.73711360027859e-04 1.27942414722667e-05
1.86582272727273e+00 4.59063119554507e-04 1.24174143020590e-05
1.87146818181818e+00 4.44867836263161e-04 1.20516306190115e-05
1.87711363636364e+00 4.31111503616358e-04 1.16965687225940e-05
1.88275909090909e+00 4.17780548316583e-04 1.13519162223979e-05
1.88840454545455e+00 4.04861816662237e-04 1.10173697654644e-05
1.89405000000000e+00 3.92342561811763e-04 1.06926347708472e-05
1.89969545454545e+00 3.80210430971598e-04 1.03774251845586e-05
1.90534090909091e+00 3.68453453434592e-04 1.00714632289924e-05
1.91098636363636e+00 3.57060028549197e-04 9.77447917150591e-06
1.91663181818182e+00 3.46018914485111e-04 9.48621108788354e-06
1.92227727272727e+00 3.35319216936063e-04 9.20640464380813e-06
1.92792272727273e+00 3.24950378568483e-04 8.93481286395219e-06
1.93356818181818e+00 3.14902168457008e-04 8.67119595643234e-06
1.93921363636364e+00 3.05164671997780e-04 8.41532105667389e-06
1.94485909090909e+00 2.95728281255341e-04 8.16696205914267e-06
1.95050454545455e+00 2.86583685310332e-04 7.92589941882563e-06
1.95615000000000e+00 2.77721861238838e-04 7.69191995802278e-06
1.96179545454545e+00 2.69134065048604e-04 7.46481668759515e-06
1.96744090909091e+00 2.60811823206858e-04 7.24438862462352e-06
1.97308636363636e+00 2.52746924129160e-04 7.03044062365434e-06
1.97873181818182e+00 2.44931410222350e-04 6.82278320462226e-06
1.98437727272727e+00 2.37357569892333e-04 6.62123239354365e-06
1.99002272727273e+00 2.30017930070841e-04 6.42560955481005e-06
1.99566818181818e+00 2.22905248740594e-04 6.23574126226687e-06
2.00131363636364e+00 2.16012507795164e-04 6.05145911435405e-06
2.00695909090909e+00 2.09332906203131e-04 5.87259961066559e-06
2.01260454545455e+00 2.02859853179425e-04 5.69900400762811e-06
2.01825000000000e+00 1.96586961796360e-04 5.53051817806939e-06
2.02389545454545e+00 1.90508042571303e-04 5.36699248104144e-06
2.02954090909091e+00 1.84617097466203e-04 5.20828162932008e-06
2.03518636363636e+00 1.78908313866195e-04 5.05424456654304e-06
2.04083181818182e+00 1.73376058944007e-04 4.90474434219811e-06
2.04647727272727e+00 1.68014874005660e-04 4.75964799567112e-06
2.05212272727273e+00 1.62819469197571e-04 4.61882643459430e-06
2.05776818181818e+00 1.57784718217626e-04 4.48215434037831e-06
2.06341363636364e+00 1.52905653260861e-04 4.34951003489817e-06
2.06905909090909e+00 1.48177460178786e-04 4.22077539013075e-06
2.07470454545455e+00 1.43595473648189e-04 4.09583572337313e-06
2.08035000000000e+00 1.39155172646252e-04 3.97457969530397e-06
2.08599545454545e+00 1.34852175913880e-04 3.85689921532002e-06
2.09164090909091e+00 1.30682237705983e-04 3.74268934537627e-06
2.09728636363636e+00 1.26641243531371e-04 3.63184821066386e-06
2.10293181818182e+00 1.22725206161469e-04 3.52427690890515e-06
2.10857727272727e+00 1.18930261629915e-04 3.41987942607590e-06
2.11422272727273e+00 1.15252665484002e-04 3.31856254826115e-06
2.11986818181818e+00 1.11688789042331e-04 3.22023579257139e-06
2.12551363636364e+00 1.08235115817004e-04 3.12481131106993e-06
2.13115909090909e+00 1.04888238085855e-04 3.03220382475025e-06
2.13680454545455e+00 1.01644853474341e-04 2.94233054755244e-06
2.14245000000000e+00 9.85017617509621e-05 2.85511111245388e-06
2.14809545454545e+00 9.54558616175108e-05 2.77046750272153e-06
2.15374090909091e+00 9.25041476993820e-05 2.68832398220659e-06
2.15938636363636e+00 8.96437075314850e-05 2.60860703049096e-06
2.16503181818182e+00 8.68717187315914e-05 2.53124527714904e-06
2.17067727272727e+00 8.41854461699783e-05 2.45616944057001e-06
2.17632272727273e+00 8.15822393146861e-05 2.38331226415822e-06
2.18196818181818e+00 7.90595295834509e-05 2.31260846590301e-06
2.18761363636364e+00 7.66148278110733e-05 2.24399466918956e-06
2.19325909090909e+00 7.42457218222120e-05 2.17740935464237e-06
2.19890454545455e+00 7.19498740129767e-05 2.11279280508516e-06
2.20455000000000e+00 6.97250190814649e-05 2.05008705201135e-06
2.21019545454545e+00 6.75689617567682e-05 1.98923582571741e-06
2.21584090909091e+00 6.54795746675383e-05 1.93018450482765e-06
2.22148636363636e+00 6.34547962094194e-05 1.87288006926176e-06
2.22713181818182e+00 6.14926285432506e-05 1.81727105264106e-06
2.23277727272727e+00 5.95911355924847e-05 1.76330749793086e-06
2.23842272727273e+00 5.77484411631437e-05 1.71094091130524e-06
2.24406818181818e+00 5.59627270700178e-05 1.66012422539317e-06
2.24971363636364e+00 5.42322313438902e-05 1.61081174948066e-06
2.25535909090909e+00 5.25552465128613e-05 1.56295913443981e-06
2.26100454545455e+00 5.09301178912152e-05 1.51652333289921e-06
2.26665000000000e+00 4.93552419722450e-05 1.47146256051298e-06
2.27229545454545e+00 4.78290648214139e-05 1.42773625982922e-06
2.27794090909091e+00 4.63500805669359e-05 1.38530506377523e-06
2.28358636363636e+00 4.49168298908745e-05 1.34413076158590e-06
2.28923181818182e+00 4.35278986115331e-05 1.30417626437928e-06
2.29487727272727e+00 4.21819162665208e-05 1.26540557302861e-06
2.30052272727273e+00 4.08775547813698e-05 1.22778374482989e-06
2.30616818181818e+00 3.96135271435891e-05 1.19127686675427e-06
2.31181363636364e+00 3.83885861336125e-05 1.15585201962726e-06
2.31745909090909e+00 3.72015231078477e-05 1.12147725262327e-06
2.32310454545455e+00 3.60511667879417e-05 1.08812155446943e-06
2.32875000000000e+00 3.49363821226496e-05 1.05575482544742e-06
2.33439545454545e+00 3.38560691508921e-05 1.02434785124020e-06
2.34004090909091e+00 3.28091619328534e-05 9.93872276540017e-07
2.34568636363636e+00 3.17946274823322e-05 9.64300580390398e-07
2.35133181818182e+00 3.08114647628593e-05 9.35606051308936e-07
2.35697727272727e+00 2.98587036851179e-05 9.07762764039891e-07
2.36262272727273e+00 2.89354041641259e-05 8.80745555490879e-07
2.36826818181818e+00 2.80406551809486e-05 8.54530005293380e-07
2.37391363636364e+00 2.71735738843765e-05 8.29092410049447e-07
2.37955909090909e+00 2.63333047292460e-05 8.04409764806371e-07
2.38520454545455e+00 2.55190186197510e-05 7.80459742255125e-07
2.39085000000000e+00 2.47299121034857e-05 7.57220672507729e-07
2.39649545454545e+00 2.39652065669667e-05 7.34671524183996e-07
2.40214090909091e+00 2.32241474787025e-05 7.12791885351761e-07
2.40778636363636e+00 2.25060036337438e-05 6.91561945697889e-07
2.41343181818182e+00 2.18100664427986e-05 6.70962478564980e-07
2.41907727272727e+00 2.11356492228219e-05 6.50974824144926e-07
2.42472272727273e+00 2.04820865293747e-05 6.31580872120117e-07
2.43036818181818e+00 1.98487334926480e-05 6.12763047552318e-07
2.43601363636364e+00 1.92349651815684e-05 5.94504292376589e-07
2.44165909090909e+00 1.86401759936838e-05 5.76788051961455e-07
2.44730454545455e+00 1.80637790489778e-05 5.59598260094143e-07
2.45295000000000e+00 1.75052056191502e-05 5.42919324385349e-07
2.45859545454545e+00 1.69639045583731e-05 5.26736112603432e-07
2.46424090909091e+00 1.64393417672908e-05 5.11033938920295e-07
2.46988636363636e+00 1.59309996584664e-05 4.95798551030898e-07
2.47553181818182e+00 1.54383766529886e-05 4.81016117192159e-07
2.48117727272727e+00 1.49609866784942e-05 4.66673214082943e-07
2.48682272727273e+00 1.44983586963992e-05 4.52756814290374e-07
2.49246818181818e+00 1.40500362320297e-05 4.39254276077992e-07
2.49811363636364e+00 1.36155769244942e-05 4.26153330093542e-07
2.50375909090909e+00 1.31945520946957e-05 4.13442069629016e-07
2.50940454545455e+00 1.27865463163916e-05 4.01108939790707e-07
2.51505000000000e+00 1.23911570120607e-05 3.89142726972949e-07
2.52069545454545e+00 1.20079940501020e-05 3.77532548991635e-07
2.52634090909091e+00 1.16366793652875e-05 3.66267845165850e-07
2.53198636363636e+00 1.12768465805070e-05 3.55338367019647e-07
2.53763181818182e+00 1.09281406503119e-05 3.44734168936649e-07
2.54327727272727e+00 1.05902175057100e-05 3.34445599397574e-07
2.54892272727273e+00 1.02627437193951e-05 3.24463291965100e-07
2.55456818181818e+00 9.94539617323553e-06 3.14778157872367e-07
2.56021363636364e+00 9.63786173964400e-06 3.05381376479871e-07
2.56585909090909e+00 9.33983697571526e-06 2.96264388223746e-07
2.57150454545455e+00 9.05102781970113e-06 2.87418886809514e-07
2.57715000000000e+00 8.77114930484350e-06 2.78836811625467e-07
2.58279545454545e+00 8.49992527434496e-06 2.70510340624460e-07
2.58844090909091e+00 8.23708811261185e-06 2.62431883176253e-07
2.59408636363636e+00 7.98237847759361e-06 2.54594073360109e-07
2.59973181818182e+00 7.73554504837675e-06 2.46989763230844e-07
2.60537727272727e+00 7.49634427383442e-06 2.39612016498659e-07
2.61102272727273e+00 7.26454013557667e-06 2.32454102038333e-07
2.61666818181818e+00 7.03990391264071e-06 2.25509488525724e-07
2.62231363636364e+00 6.82221395594259e-06 2.18771837589100e-07
2.62795909090909e+00 6.61125547171934e-06 2.12234998708327e-07
2.63360454545455e+00 6.40682030674604e-06 2.05893003591635e-07
2.63925000000000e+00 6.20870674570425e-06 1.99740060711100e-07
2.64489545454545e+00 6.01671930948674e-06 1.93770550170652e-07
2.65054090909091e+00 5.83066856489428e-06 1.87979018558295e-07
2.65618636363636e+00 5.65037093523053e-06 1.82360174110871e-07
2.66183181818182e+00 5.47564852157717e-06 1.76908881864753e-07
2.66747727272727e+00 5.30632892492993e-06 1.71620159100294e-07
2.67312272727273e+00 5.14224507834768e-06 1.66489170671104e-07
2.67876818181818e+00 4.98323508042735e-06 1.61511225126009e-07
2.68441363636364e+00 4.82914203564593e-06 1.56681769795954e-07
2.69005909090909e+00 4.67981390103376e-06 1.51996387107455e-07
2.69570454545455e+00 4.53510333418578e-06 1.47450790534264e-07
2.70135000000000e+00 4.39486754978272e-06 1.43040820663649e-07
2.70699545454545e+00 4.25896817686336e-06 1.38762441498757e-07
2.71264090909091e+00 4.12727112407545e-06 1.34611736753258e-07
2.71828636363636e+00 3.99964644564474e-06 1.30584906367911e-07
2.72393181818182e+00 3.87596821482445e-06 1.26678263020406e-07
2.72957727272727e+00 3.75611439803107e-06 1.22888228843776e-07
2.73522272727273e+00 3.63996673599370e-06 1.19211332067151e-07
2.74086818181818e+00 3.52741062590547e-06 1.15644204214017e-07
2.74651363636364e+00 3.41833500840722e-06 1.12183576578941e-07
2.75215909090909e+00 3.31263225903059e-06 1.08826277565240e-07
2.75780454545455e+00 3.21019808064347e-06 1.05569229772069e-07
2.76345000000000e+00 3.11093140185726e-06 1.02409447164189e-07
2.76909545454545e+00 3.01473427602571e-06 9.93440324093687e-08
2.77474090909091e+00 2.92151178583357e-06 9.63701742127283e-08
2.78038636363636e+00 2.83117194844946e-06 9.34851448086332e-08
2.78603181818182e+00 2.74362562591994e-06 9.06862974500864e-08
2.79167727272727e+00 2.65878643610135e-06 8.79710640461971e-08
2.79732272727273e+00 2.57657066850606e-06 8.53369527473533e-08
2.80296818181818e+00 2.49689720090106e-06 8.27815459225912e-08
2.80861363636364e+00 2.41968741930770e-06 8.03024976338498e-08
2.81425909090909e+00 2.34486514114301e-06 7.78975317146962e-08
2.81990454545455e+00 2.27235653910793e-06 7.55644396754571e-08
2.82555000000000e+00 2.20209006925375e-06 7.33010786679725e-08
2.83119545454545e+00 2.13399639950774e-06 7.11053695693678e-08
2.83684090909091e+00 2.06800834211655e-06 6.89752950653223e-08
2.84248636363636e+00 2.00406078652661e-06 6.69088978452040e-08
2.84813181818182e+00 1.94209063593821e-06 6.49042787969887e-08
2.85377727272727e+00 1.88203674427539e-06 6.29595953073097e-08
2.85942272727273e+00 1.82383985660056e-06 6.10730595263377e-08
2.86506818181818e+00 1.76744255009078e-06 5.92429369086233e-08
2.87071363636364e+00 1.71278917740837e-06 5.74675444030414e-08
2.87635909090909e+00 1.65982581228528e-06 5.57452490672387e-08
2.88200454545455e+00 1.60850019566134e-06 5.40744665618031e-08
2.88765000000000e+00 1.55876168475177e-06 5.24536596873967e-08
2.89329545454545e+00 1.51056120246708e-06 5.08813370063952e-08
2.89894090909091e+00 1.46385118957978e-06 4.93560514653237e-08
2.90458636363636e+00 1.41858555722596e-06 4.78763990967180e-08
2.91023181818182e+00 1.37471964198259e-06 4.64410177219082e-08
2.91587727272727e+00 1.33221016126306e-06 4.50485857284553e-08
2.92152272727273e+00 1.29101517112798e-06 4.36978208239567e-08
2.92716818181818e+00 1.25109402451335e-06 4.23874789840728e-08
2.93281363636364e+00 1.21240733114470e-06 4.11163531557694e-08
2.93845909090909e+00 1.17491691901124e-06 3.98832722587345e-08
2.94410454545455e+00 1.13858579624936e-06 3.86871001034522e-08
2.94975000000000e+00 1.10337811508032e-06 3.75267343402151e-08
2.95539545454545e+00 1.06925913601598e-06 3.64011054681438e-08
2.96104090909091e+00 1.03619519399089e-06 3.53091758455641e-08
2.96668636363636e+00 1.00415366474882e-06 3.42499387567802e-08
2.97233181818182e+00 9.73102933035776e-07 3.32224174802459e-08
2.97797727272727e+00 9.43012361034342e-07 3.22256644097437e-08
2.98362272727273e+00 9.13852258492232e-07 3.12587601597170e-08
2.98926818181818e+00 8.85593853159557e-07 3.03208128073156e-08
2.99491363636364e+00 8.58209262413480e-07 2.94109569636433e-08
3.00055909090909e+00 8.31671465982516e-07 2.85283530544970e-08
3.00620454545455e+00 8.05954278972169e-07 2.76721865433429e-08
3.01185000000000e+00 7.81032326331620e-07 2.68416671765643e-08
3.01749545454545e+00 7.56881017522747e-07 2.60360282713158e-08
3.02314090909091e+00 7.33476522540574e-07 2.52545260048913e-08
3.02878636363636e+00 7.10795748125540e-07 2.44964387441380e-08
3.03443181818182e+00 6.88816315243165e-07 2.37610663763745e-08
3.04007727272727e+00 6.67516536745551e-07 2.30477296779482e-08
3.04572272727273e+00 6.46875396221471e-07 2.23557696721834e-08
3.05136818181818e+00 6.26872527074114e-07 2.16845470835838e-08
3.05701363636364e+00 6.07488192435217e-07 2.10334416728347e-08
3.06265909090909e+00 5.88703265854424e-07 2.04018517190190e-08
3.06830454545455e+00 5.70499212209830e-07 1.97891934617968e-08
3.07395000000000e+00 5.52858069629738e-07 1.91949005596062e-08
3.07959545454545e+00 5.35762431566187e-07 1.86184235781205e-08
3.08524090909091e+00 5.19195429816828e-07 1.80592294801564e-08
3.09088636363636e+00 5.03140717690577e-07 1.75168011440198e-08
3.09653181818182e+00 4.87582454062679e-07 1.69906368832739e-08
3.10217727272727e+00 4.72505287565936e-07 1.64802499932337e-08
3.10782272727273e+00 4.57894341616088e-07 1.59851682903715e-08
3.11346818181818e+00 4.43735199604516e-07 1.55049337195018e-08
3.11911363636364e+00 4.30013890680204e-07 1.50391018777626e-08
3.12475909090909e+00 4.16716876078277e-07 1.45872416420656e-08
3.13040454545455e+00 4.03831035610497e-07 1.41489347687934e-08
3.13605000000000e+00 3.91343654865516e-07 1.37237755050168e-08
3.14169545454545e+00 3.79242412522377e-07 1.33113702211975e-08
3.14734090909091e+00 3.67515368329704e-07 1.29113370451827e-08
3.15298636363636e+00 3.56150951192073e-07 1.25233055163934e-08
3.15863181818182e+00 3.45137947880726e-07 1.21469162412664e-08
3.16427727272727e+00 3.34465491845738e-07 1.17818205676758e-08
3.16992272727273e+00 3.24123052613742e-07 1.14276802546268e-08
3.17556818181818e+00 3.14100425308292e-07 1.10841671896883e-08
3.18121363636364e+00 3.04387720585445e-07 1.07509630483331e-08
3.18685909090909e+00 2.94975354954774e-07 1.04277590260172e-08
3.19250454545455e+00 2.85854041218673e-07 1.01142555510198e-08
3.19815000000000e+00 2.77014779409972e-07 9.81016200556178e-09
3.20379545454545e+00 2.68448847813674e-07 9.51519646218173e-09
3.20944090909091e+00 2.60147794456075e-07 9.22908542121025e-09
3.21508636363636e+00 2.52103428673456e-07 8.95156356258395e-09
3.22073181818182e+00 2.44307813119144e-07 8.68237349871835e-09
3.22637727272727e+00 2.36753255845836e-07 8.42126554085962e-09
3.23202272727273e+00 2.29432302799080e-07 8.16799746229042e-09
3.23766818181818e+00 2.22337730400430e-07 7.92233429516351e-09
3.24331363636364e+00 2.15462538423221e-07 7.68404808677111e-09
3.24895909090909e+00 2.08799943140177e-07 7.45291770695754e-09
3.25460454545455e+00 2.02343370557237e-07 7.22872864219347e-09
3.26025000000000e+00 1.96086449997326e-07 7.01127279559718e-09
3.26589545454545e+00 1.90023007746365e-07 6.80034829779079e-09
3.27154090909091e+00 1.84147061027521e-07 6.59575931866113e-09
3.27718636363636e+00 1.78452812034290e-07 6.39731588930403e-09
3.28283181818182e+00 1.72934642271461e-07 6.20483372483745e-09
3.28847727272727e+00 1.67587106951695e-07 6.01813405678577e-09
3.29412272727273e+00 1.62404929680883e-07 5.83704346337724e-09
3.29976818181818e+00 1.57382997208918e-07 5.66139372353323e-09
3.30541363636364e+00 1.52516354386729e-07 5.49102164252673e-09
3.31105909090909e+00 1.47800199315048e-07 5.32576891360730e-09
3.31670454545455e+00 1.43229878555902e-07 5.16548197037765e-09
3.32235000000000e+00 1.38800882589916e-07 5.01001184344030e-09
3.32799545454545e+00 1.34508841319514e-07 4.85921402473914e-09
3.33364090909091e+00 1.30349519802675e-07 4.71294833262956e-09
3.33928636363636e+00 1.26318814030072e-07 4.57107878418023e-09
3.34493181818182e+00 1.22412746918469e-07 4.43347346817285e-09
3.35057727272727e+00 1.18627464345100e-07 4.30000442489852e-09
3.35622272727273e+00 1.14959231384910e-07 4.17054752457382e-09
3.36186818181818e+00 1.11404428595421e-07 4.04498236245117e-09
3.36751363636364e+00 1.07959548447015e-07 3.92319213413941e-09
3.37315909090909e+00 1.04621191888462e-07 3.80506353622149e-09
3.37880454545455e+00 1.01386064958009e-07 3.69048666045929e-09
3.38445000000000e+00 9.82509755671700e-08 3.57935489106405e-09
3.39009545454545e+00 9.52128303182514e-08 3.47156480743090e-09
3.39574090909091e+00 9.22686314838830e-08 3.36701608745065e-09
3.40138636363636e+00 8.94154740184084e-08 3.26561141595732e-09
3.40703181818182e+00 8.66505427212383e-08 3.16725639372687e-09
3.41267727272727e+00 8.39711094302979e-08 3.07185945130299e-09
3.41832272727273e+00 8.13745303580188e-08 2.97933176191271e-09
3.42396818181818e+00 7.88582434619498e-08 2.88958716614718e-09
3.42961363636364e+00 7.64197659178868e-08 2.80254208281650e-09
3.43525909090909e+00 7.40566916884271e-08 2.71811543760060e-09
3.44090454545455e+00 7.17666891245590e-08 2.63622858725304e-09
3.44655000000000e+00 6.95474986886147e-08 2.55680524600468e-09
3.45219545454545e+00 6.73969307019595e-08 2.47977141584752e-09
3.45784090909091e+00 6.53128632065278e-08 2.40505531726998e-09
3.46348636363636e+00 6.32932398497128e-08 2.33258732363930e-09
3.46913181818182e+00 6.13360678760515e-08 2.26229989601423e-09
3.47477727272727e+00 5.94394161409566e-08 2.19412752138557e-09
3.48042272727273e+00 5.76014132246297e-08 2.12800665031892e-09
3.48606818181818e+00 5.58202455710976e-08 2.06387564289018e-09
3.49171363636364e+00 5.40941556995379e-08 2.00167470496020e-09
3.49735909090909e+00 5.24214404829363e-08 1.94134583697027e-09
3.50300454545455e+00 5.08004494506649e-08 1.88283277965405e-09
3.50865000000000e+00 4.92295831763653e-08 1.82608096132705e-09
3.51429545454545e+00 4.77072916839244e-08 1.77103744793196e-09
3.51994090909091e+00 4.62320729334742e-08 1.71765089343315e-09
3.52558636363636e+00 4.48024713244665e-08 1.66587149280109e-09
3.53123181818182e+00 4.34170762738172e-08 1.61565093532936e-09
3.53687727272727e+00 4.20745208101658e-08 1.56694236038579e-09
3.54252272727273e+00 4.07734802385567e-08 1.51970031277299e-09
3.54816818181818e+00 3.95126708233253e-08 1.47388070393449e-09
3.55381363636364e+00 3.82908485219654e-08 1.42944076640964e-09
3.55945909090909e+00 3.71068077665091e-08 1.38633901709917e-09
3.56510454545455e+00 3.59593802622068e-08 1.34453521839244e-09
3.57075000000000e+00 3.48474338461791e-08 1.30399034042574e-09
3.57639545454545e+00 3.37698713592740e-08 1.26466652529779e-09
3.58204090909091e+00 3.27256295741832e-08 1.22652705155305e-09
3.58768636363636e+00 3.17136781360191e-08 1.18953630050439e-09
3.59333181818182e+00 3.07330185556693e-08 1.15365972281030e-09
3.59897727272727e+00 2.97826832149057e-08 1.11886380678095e-09
3.60462272727273e+00 2.88617344210073e-08 1.08511604643011e-09
3.61026818181818e+00 2.79692634745568e-08 1.05238491364839e-09
3.61591363636364e+00 2.71043897731941e-08 1.02063982565778e-09
3.62155909090909e+00 2.62662599489020e-08 9.89851118667044e-10
3.62720454545455e+00 2.54540470177885e-08 9.59990020044074e-10
3.63285000000000e+00 2.46669495720384e-08 9.31028621299179e-10
3.63849545454545e+00 2.39041909814849e-08 9.02939852458246e-10
3.64414090909091e+00 2.31650186347421e-08 8.75697456639841e-10
3.64978636363636e+00 2.24487031894107e-08 8.49275965938510e-10
3.65543181818182e+00 2.17545378593980e-08 8.23650677501881e-10
3.66107727272727e+00 2.10818377107959e-08 7.98797630835374e-10
3.66672272727273e+00 2.04299389925769e-08 7.74693584942646e-10
3.67236818181818e+00 1.97981984768133e-08 7.51315998372148e-10
3.67801363636364e+00 1.91859928242594e-08 7.28643005965041e-10
3.68365909090909e+00 1.85927179736004e-08 7.06653399967795e-10
3.68930454545455e+00 1.80177885397193e-08 6.85326610116358e-10
3.69495000000000e+00 1.74606372416205e-08 6.64642684301398e-10
3.70059545454545e+00 1.69207143373495e-08 6.44582270220621e-10
3.70624090909091e+00 1.63974870867357e-08 6.25126597185424e-10
3.71188636363636e+00 1.58904392207318e-08 6.06257458855202e-10
3.71753181818182e+00 1.53990704368571e-08 5.87957196118198e-10
3.72317727272727e+00 1.49228959008602e-08 5.70208680844146e-10
3.72882272727273e+00 1.44614457728714e-08 5.52995299531530e-10
3.73446818181818e+00 1.40142647404308e-08 5.36300939004180e-10
3.74011363636364e+00 1.35809115694088e-08 5.20109969801709e-10
3.74575909090909e+00 1.31609586716324e-08 5.04407232642630e-10
3.75140454545455e+00 1.27539916790117e-08 4.89178024174227e-10
3.75705000000000e+00 1.23596090385277e-08 4.74408083138715e-10
3.76269545454545e+00 1.19774216123002e-08 4.60083577240374e-10
3.76834090909091e+00 1.16070522972260e-08 4.46191090128920e-10
3.77398636363636e+00 1.12481356494072e-08 4.32717609041662e-10
3.77963181818182e+00 1.09003175269406e-08 4.19650512555905e-10
3.78527727272727e+00 1.05632547372218e-08 4.06977558960513e-10
3.79092272727273e+00 1.02366147014773e-08 3.94686874560360e-10
3.79656818181818e+00 9.92007512425414e-09 3.82766943426189e-10
3.80221363636364e+00 9.61332367553527e-09 3.71206595531957e-10
3.80785909090909e+00 9.31605768464618e-09 3.59994997055540e-10
3.81350454545455e+00 9.02798383884431e-09 3.49121640184838e-10
3.81915000000000e+00 8.74881789658450e-09 3.38576333222007e-10
3.82479545454545e+00 8.47828440446733e-09 3.28349191185483e-10
3.83044090909091e+00 8.21611642795706e-09 3.18430626499194e-10
3.83608636363636e+00 7.96205528557060e-09 3.08811340149577e-10
3.84173181818182e+00 7.71585029598570e-09 2.99482312925183e-10
3.84737727272727e+00 7.47725852842053e-09 2.90434797096019e-10
3.85302272727273e+00 7.24604456513435e-09 2.81660308050604e-10
3.85866818181818e+00 7.02198026750147e-09 2.73150616952567e-10
3.86431363636364e+00 6.80484455099283e-09 2.64897742269620e-10
3.86995909090909e+00 6.59442316848273e-09 2.56893942825878e-10
3.87560454545455e+00 6.39050849692500e-09 2.49131710511184e-10
3.88125000000000e+00 6.19289933435599e-09 2.41603763203874e-10
3.88689545454545e+00 6.00140069956427e-09 2.34303038047092e-10
3.89254090909091e+00 5.81582364144940e-09 2.27222684790168e-10
3.89818636363636e+00 5.63598505089363e-09 2.20356059462251e-10
3.90383181818182e+00 5.46170748172439e-09 2.13696718107563e-10
3.90947727272727e+00 5.29281897404484e-09 2.07238410832923e-10
3.91512272727273e+00 5.12915288609379e-09 2.00975075829006e-10
3.92076818181818e+00 4.97054772867836e-09 1.94900834110819e-10
3.92641363636364e+00 4.81684700589242e-09 1.89009983469548e-10
3.93205909090909e+00 4.66789906171281e-09 1.83296993497199e-10
3.93770454545455e+00 4.52355692901846e-09 1.77756500373380e-10
3.94335000000000e+00 4.38367818587696e-09 1.72383301804890e-10
3.94899545454545e+00 4.24812481375984e-09 1.67172352216365e-10
3.95464090909091e+00 4.11676306257658e-09 1.62118757989344e-10
3.96028636363636e+00 3.98946331752583e-09 1.57217772937306e-10
3.96593181818182e+00 3.86609997234447e-09 1.52464793826519e-10
3.97157727272727e+00 3.74655130426878e-09 1.47855356118660e-10
3.97722272727273e+00 3.63069935499854e-09 1.43385129697377e-10
3.98286818181818e+00 3.51842981351195e-09 1.39049915102286e-10
3.98851363636364e+00 3.40963190331654e-09 1.34845639211327e-10
3.99415909090909e+00 3.30419827385040e-09 1.30768351678742e-10
3.99980454545455e+00 3.20202489362424e-09 1.26814221208096e-10
4.00545000000000e+00 3.10301094847882e-09 1.22979531934652e-10
4.01109545454545e+00 3.00705874123560e-09 1.19260679986046e-10
4.01674090909091e+00 2.91407359614699e-09 1.15654170078887e-10
4.02238636363636e+00 2.82396376465913e-09 1.12156612282915e-10
4.02803181818182e+00 2.73664033567811e-09 1.08764718819146e-10
4.03367727272727e+00 2.65201714707255e-09 1.05475301015508e-10
4.03932272727273e+00 2.57001070140173e-09 1.02285266252879e-10
4.04496818181818e+00 2.49054008297417e-09 9.91916152691537e-11
4.05061363636364e+00 2.41352687803710e-09 9.61914390774313e-11
4.05625909090909e+00 2.33889509789654e-09 9.32819164164619e-11
4.06190454545455e+00 2.26657110328753e-09 9.04603110867070e-11
4.06755000000000e+00 2.19648353234517e-09 8.77239693646414e-11
4.07319545454545e+00 2.12856322958138e-09 8.50703175436767e-11
4.07884090909091e+00 2.06274317824020e-09 8.24968595016616e-11
4.08448636363636e+00 1.99895843360041e-09 8.00011743873820e-11
4.09013181818182e+00 1.93714605944833e-09 7.75809143321878e-11
4.09577727272727e+00 1.87724506544276e-09 7.52338022734636e-11
4.10142272727273e+00 1.81919634745465e-09 7.29576297725421e-11
4.10706818181818e+00 1.76294262886251e-09 7.07502550852573e-11
4.11271363636364e+00 1.70842840405776e-09 6.86096009625354e-11
4.11835909090909e+00 1.65559988401963e-09 6.65336528259534e-11
4.12400454545455e+00 1.60440494278711e-09 6.45204568639839e-11
4.12965000000000e+00 1.55479306646622e-09 6.25681181842021e-11
4.13529545454545e+00 1.50671530296221e-09 6.06747990554255e-11
4.14094090909091e+00 1.46012421409069e-09 5.88387171694571e-11
4.14658636363636e+00 1.41497382837154e-09 5.70581439873383e-11
4.15223181818182e+00 1.37121959605496e-09 5.53314031041460e-11
4.15787727272727e+00 1.32881834479059e-09 5.36568686932100e-11
4.16352272727273e+00 1.28772823739112e-09 5.20329639472559e-11
4.16916818181818e+00 1.24790873028199e-09 5.04581596978393e-11
4.17481363636364e+00 1.20932053351117e-09 4.89309728458995e-11
4.18045909090909e+00 1.17192557222038e-09 4.74499650564939e-11
4.18610454545455e+00 1.13568694875980e-09 4.60137413985415e-11
4.19175000000000e+00 1.10056890658791e-09 4.46209490245889e-11
4.19739545454545e+00 1.06653679469367e-09 4.32702759144416e-11
4.20304090909091e+00 1.03355703369377e-09 4.19604496332338e-11
4.20868636363636e+00 1.00159708242170e-09 4.06902361495113e-11
4.21433181818182e+00 9.70625406088688e-10 3.94584386669624e-11
4.21997727272727e+00 9.40611444907713e-10 3.82638965125531e-11
4.22562272727273e+00 9.11525584192476e-10 3.71054840230832e-11
4.23126818181818e+00 8.83339124948618e-10 3.59821095575784e-11
4.23691363636364e+00 8.56024255566235e-10 3.48927143775125e-11
4.24255909090909e+00 8.29554024544622e-10 3.38362717131787e-11
4.24820454545455e+00 8.03902313678235e-10 3.28117857919373e-11
4.25385000000000e+00 7.79043812499820e-10 3.18182908950797e-11
4.25949545454545e+00 7.54953993099516e-10 3.08548504600453e-11
4.26514090909091e+00 7.31609086123639e-10 2.99205561932498e-11
4.27078636363636e+00 7.08986057127454e-10 2.90145272255331e-11
4.27643181818182e+00 6.87062584034924e-10 2.81359092776320e-11
4.28207727272727e+00 6.65817034931743e-10 2.72838738657102e-11
4.28772272727273e+00 6.45228446897120e-10 2.64576175061856e-11
4.29336818181818e+00 6.25276505188547e-10 2.56563610093790e-11
4.29901363636364e+00 6.05941523204083e-10 2.48793486806703e-11
4.30465909090909e+00 5.87204423173713e-10 2.41258476528323e-11
4.31030454545455e+00 5.69046717181139e-10 2.33951471919363e-11
4.31595000000000e+00 5.51450489071025e-10 2.26865580237129e-11
4.32159545454545e+00 5.34398376626669e-10 2.19994116921229e-11
4.32724090909091e+00 5.17873554578566e-10 2.13330599257097e-11
4.33288636363636e+00 5.01859717867566e-10 2.06868740342188e-11
4.33853181818182e+00 4.86341065687719e-10 2.00602443125698e-11
4.34417727272727e+00 4.71302285768794e-10 1.94525794732730e-11
4.34982272727273e+00 4.56728539390460e-10 1.88633060786404e-11
4.35546818181818e+00 4.42605446649434e-10 1.82918680356967e-11
4.36111363636364e+00 4.28919072275604e-10 1.77377260263560e-11
4.36675909090909e+00 4.15655911963126e-10 1.72003570300505e-11
4.37240454545455e+00 4.02802878938151e-10 1.66792538280359e-11
4.37805000000000e+00 3.90347291150262e-10 1.61739245223206e-11
4.38369545454545e+00 3.78276858658295e-10 1.56838920774651e-11
4.38934090909091e+00 3.66579671601454e-10 1.52086938680830e-11
4.39498636363636e+00 3.55244188353393e-10 1.47478812478343e-11
4.40063181818182e+00 3.44259224225555e-10 1.43010191238016e-11
4.40627727272727e+00 3.33613940342726e-10 1.38676855510669e-11
4.41192272727273e+00 3.23297833034015e-10 1.34474713273453e-11
4.41756818181818e+00 3.13300723405040e-10 1.30399796318819e-11
4.42321363636364e+00 3.03612747297735e-10 1.26448256190400e-11
4.42885909090909e+00 2.94224345613947e-10 1.22616360770526e-11
4.43450454545455e+00 2.85126254808385e-10 1.18900490740723e-11
4.44015000000000e+00 2.76309497820982e-10 1.15297136146719e-11
4.44579545454545e+00 2.67765375148874e-10 1.11802893125871e-11
4.45144090909091e+00 2.59485456330720e-10 1.08414460676258e-11
4.45708636363636e+00 2.51461571562441e-10 1.05128637578424e-11
4.46273181818182e+00 2.43685803699908e-10 1.01942319356454e-11
4.46837727272727e+00 2.36150480385318e-10 9.88524953825101e-12
4.47402272727273e+00 2.28848166536695e-10 9.58562459831780e-12
4.47966818181818e+00 2.21771656967130e-10 9.29507398583289e-12
4.48531363636364e+00 2.14913969277746e-10 9.01332311828229e-12
4.49095909090909e+00 2.08268337007645e-10 8.74010571675388e-12
4.49660454545455e+00 2.01828202905023e-10 8.47516355323813e-12
4.50225000000000e+00 1.95587212507887e-10 8.21824620539534e-12
4.50789545454546e+00 1.89539207824987e-10 7.96911082285645e-12
4.51354090909091e+00 1.83678221307283e-10 7.72752189656710e-12
4.51918636363636e+00 1.77998469913742e-10 7.49325103897105e-12
4.52483181818182e+00 1.72494349449773e-10 7.26607676706559e-12
4.53047727272727e+00 1.67160428994443e-10 7.04578429564357e-12
4.53612272727273e+00 1.61991445583542e-10 6.83216533076356e-12
4.54176818181818e+00 1.56982298985510e-10 6.62501788528467e-12
4.54741363636364e+00 1.52128046670657e-10 6.42414607219949e-12
4.55305909090909e+00 1.47423898961929e-10 6.22935993034784e-12
4.55870454545455e+00 1.42865214272346e-10 6.04047524403014e-12
4.56435000000000e+00 1.38447494560576e-10 5.85731336795436e-12
4.56999545454545e+00 1.34166380858428e-10 5.67970106037372e-12
4.57564090909091e+00 1.30017649003064e-10 5.50747031844357e-12
4.58128636363636e+00 1.25997205436878e-10 5.34045822127496e-12
4.58693181818182e+00 1.22101083199504e-10 5.17850677508295e-12
4.59257727272727e+00 1.18325437983496e-10 5.02146276556800e-12
4.59822272727273e+00 1.14666544370316e-10 4.86917761052815e-12
4.60386818181818e+00 1.11120792132733e-10 4.72150722805142e-12
4.60951363636364e+00 1.07684682673748e-10 4.57831188916481e-12
4.61515909090909e+00 1.04354825593771e-10 4.43945609331251e-12
4.62080454545455e+00 1.01127935319765e-10 4.30480843960648e-12
4.62645000000000e+00 9.80008278881118e-11 4.17424150188706e-12
4.63209545454545e+00 9.49704177790494e-11 4.04763170959976e-12
4.63774090909091e+00 9.20337148953762e-11 3.92485923028833e-12
4.64338636363636e+00 8.91878215896819e-11 3.80580785755361e-12
4.64903181818182e+00 8.64299298269682e-11 3.69036490053734e-12
4.65467727272727e+00 8.37573183929304e-11 3.57842107854261e-12
4.66032272727273e+00 8.11673502292989e-11 3.46987041586594e-12
4.66596818181818e+00 7.86574698166832e-11 3.36461014763137e-12
4.67161363636364e+00 7.62252006538292e-11 3.26254061474200e-12
4.67725909090909e+00 7.38681428274989e-11 3.16356517492798e-12
4.68290454545455e+00 7.15839706266294e-11 3.06759011086529e-12
4.68855000000000e+00 6.93704302648350e-11 2.97452454101533e-12
4.69419545454545e+00 6.72253376398708e-11 2.88428033459483e-12
4.69984090909091e+00 6.51465761947744e-11 2.79677202772141e-12
4.70548636363636e+00 6.31320948137853e-11 2.71191674344066e-12
4.71113181818182e+00 6.11799058136861e-11 2.62963411286243e-12
4.71677727272727e+00 5.92880829678666e-11 2.54984619994471e-12
4.72242272727273e+00 5.74547596199396e-11 2.47247742646062e-12
4.72806818181818e+00 5.56781268313145e-11 2.39745450473567e-12
4.73371363636364e+00 5.39564315968681e-11 2.32470636276509e-12
4.73935909090909e+00 5.22879751246455e-11 2.25416408068097e-12
4.74500454545455e+00 5.06711111471948e-11 2.18576082519040e-12
4.75065000000000e+00 4.91042443092678e-11 2.11943178595635e-12
4.75629545454545e+00 4.75858285819982e-11 2.05511411491137e-12
4.76194090909091e+00 4.61143657487499e-11 1.99274686642583e-12
4.76758636363636e+00 4.46884039158755e-11 1.93227094023242e-12
4.77323181818182e+00 4.33065360907373e-11 1.87362902515662e-12
4.77887727272727e+00 4.19673987831644e-11 1.81676554543725e-12
4.78452272727273e+00 4.06696706700351e-11 1.76162660720042e-12
4.79016818181818e+00 3.94120712841236e-11 1.70815995042114e-12
4.79581363636364e+00 3.81933597510475e-11 1.65631489554905e-12
4.80145909090909e+00 3.70123335714586e-11 1.60604229813819e-12
4.80710454545455e+00 3.58678274258263e-11 1.55729450207109e-12
4.81275000000000e+00 3.47587120330512e-11 1.51002529416991e-12
4.81839545454545e+00 3.36838930280405e-11 1.46418986089020e-12
4.82404090909091e+00 3.26423098898027e-11 1.41974474563510e-12
4.82968636363636e+00 3.16329348873807e-11 1.37664780802674e-12
4.83533181818182e+00 3.06547720731987e-11 1.33485818376269e-12
4.84097727272727e+00 2.97068562931897e-11 1.29433624631171e-12
4.84662272727273e+00 2.87882522414220e-11 1.25504356873439e-12
4.85226818181818e+00 2.78980535320598e-11 1.21694288937990e-12
4.85791363636364e+00 2.70353818053007e-11 1.17999807384605e-12
4.86355909090909e+00 2.61993858652833e-11 1.14417408258403e-12
4.86920454545455e+00 2.53892408341251e-11 1.10943693752986e-12
4.87485000000000e+00 2.46041473439100e-11 1.07575368972567e-12
4.88049545454545e+00 2.38433307422473e-11 1.04309238841997e-12
4.88614090909091e+00 2.31060403334464e-11 1.01142205061806e-12
4.89178636363636e+00 2.23915486324583e-11 9.80712632022032e-13
4.89743181818182e+00 2.16991506522443e-11 9.50934998395279e-13
4.90307727272727e+00 2.10281632031538e-11 9.22060898233005e-13
4.90872272727273e+00 2.03779242236736e-11 8.94062935532578e-13
4.91436818181818e+00 1.97477921235570e-11 8.66914545301874e-13
4.92001363636364e+00 1.91371451509538e-11 8.40589966450635e-13
4.92565909090909e+00 1.85453807821328e-11 8.15064218663057e-13
4.93130454545455e+00 1.79719151227170e-11 7.90313078596293e-13
4.93695000000000e+00 1.74161823356752e-11 7.66313056785552e-13
4.94259545454545e+00 1.68776340790226e-11 7.43041375599335e-13
4.94824090909091e+00 1.63557389686337e-11 7.20475947520895e-13
4.95388636363636e+00 1.58499820501880e-11 6.98595354416534e-13
4.95953181818182e+00 1.53598642946840e-11 6.77378827111429e-13
4.96517727272727e+00 1.48849021025440e-11 6.56806225892833e-13
4.97082272727273e+00 1.44246268298388e-11 6.36858021092008e-13
4.97646818181818e+00 1.39785843233497e-11 6.17515275600309e-13
4.98211363636364e+00 1.35463344725862e-11 5.98759625552309e-13
4.98775909090909e+00 1.31274507777698e-11 5.80573263817096e-13
4.99340454545455e+00 1.27215199260320e-11 5.62938923022884e-13
4.99905000000000e+00 1.23281413864791e-11 5.45839859085868e-13
5.00469545454545e+00 1.19469270122004e-11 5.29259835484759e-13
5.01034090909091e+00 1.15775006599836e-11 5.13183107771548e-13
5.01598636363636e+00 1.12194978165609e-11 4.97594408783025e-13
5.02163181818182e+00 1.08725652414744e-11 4.82478934074956e-13
5.02727727272727e+00 1.05363606160850e-11 4.67822328014802e-13
5.03292272727273e+00 1.02105522081775e-11 4.53610669935756e-13
5.03856818181818e+00 9.89481854287425e-12 4.39830461657115e-13
5.04421363636364e+00 9.58884808552712e-12 4.26468613720874e-13
5.04985909090909e+00 9.29233893589273e-12 4.13512433609176e-13
5.05550454545455e+00 9.00499852816815e-12 4.00949613638662e-13
5.06115000000000e+00 8.72654334432976e-12 3.88768219214659e-13
5.06679545454545e+00 8.45669863243719e-12 3.76956677614836e-13
5.07244090909091e+00 8.19519813742287e-12 3.65503766943839e-13
5.07808636363636e+00 7.94178383655147e-12 3.54398605585468e-13
5.08373181818182e+00 7.69620568659785e-12 3.43630641815983e-13
5.08937727272727e+00 7.45822137541724e-12 3.33189643885018e-13
5.09502272727273e+00 7.22759608451398e-12 3.23065690143829e-13
5.10066818181818e+00 7.00410225611077e-12 3.13249160138824e-13
5.10631363636364e+00 6.78751936868151e-12 3.03730724805855e-13
5.11195909090909e+00 6.57763372045780e-12 2.94501338061907e-13
5.11760454545455e+00 6.37423821711558e-12 2.85552228173153e-13
5.12325000000000e+00 6.17713216884314e-12 2.76874889379750e-13
5.12889545454545e+00 5.98612109095768e-12 2.68461073896577e-13
5.13454090909091e+00 5.80101651332705e-12 2.60302784037608e-13
5.14018636363636e+00 5.62163579312890e-12 2.52392264693603e-13
5.14583181818182e+00 5.44780193587402e-12 2.44721995926269e-13
5.15147727272727e+00 5.27934341956861e-12 2.37284685894475e-13
5.15712272727273e+00 5.11609402663300e-12 2.30073263816693e-13
5.16276818181818e+00 4.95789267903096e-12 2.23080873615457e-13
5.16841363636364e+00 4.80458327937876e-12 2.16300866931906e-13
5.17405909090909e+00 4.65601455768974e-12 2.09726797126147e-13
5.17970454545455e+00 4.51203992109951e-12 2.03352413122904e-13
5.18535000000000e+00 4.37251731020740e-12 1.97171653440292e-13
5.19099545454545e+00 4.23730905795343e-12 1.91178640485556e-13
5.19664090909091e+00 4.10628175470517e-12 1.85367674940132e-13
5.20228636363636e+00 3.97930611572912e-12 1.79733230395587e-13
5.20793181818182e+00 3.85625685449063e-12 1.74269948073744e-13
5.21357727272727e+00 3.73701255819628e-12 1.68972631782535e-13
5.21922272727273e+00 3.62145556880683e-12 1.63836242899460e-13
5.22486818181818e+00 3.50947186633993e-12 1.58855895836917e-13
5.23051363636364e+00 3.40095095639778e-12 1.54026853066240e-13
5.23615909090909e+00 3.29578576167813e-12 1.49344520837300e-13
5.24180454545455e+00 3.19387251560987e-12 1.44804444791036e-13
5.24745000000000e+00 3.09511066065532e-12 1.40402305702635e-13
5.25309545454545e+00 2.99940274842346e-12 1.36133915414246e-13
5.25874090909091e+00 2.90665434416320e-12 1.31995212832220e-13
5.26438636363636e+00 2.81677393295976e-12 1.27982260102474e-13
5.27003181818182e+00 2.72967283004207e-12 1.24091238846653e-13
5.27567727272727e+00 2.64526509269171e-12 1.20318446565677e-13
5.28132272727273e+00 2.56346743601057e-12 1.16660293064148e-13
5.28696818181818e+00 2.48419915032099e-12 1.13113297215279e-13
5.29261363636364e+00 2.40738202155141e-12 1.09674083416642e-13
5.29825909090909e+00 2.33294025443727e-12 1.06339378536694e-13
5.30390454545455e+00 2.26080039723638e-12 1.03106008787263e-13
5.30955000000000e+00 2.19089126973585e-12 9.99708966891861e-14
5.31519545454545e+00 2.12314389255227e-12 9.69310581725433e-14
5.32084090909091e+00 2.05749141952132e-12 9.39835997234584e-14
5.32648636363636e+00 1.99386907130362e-12 9.11257156573771e-14
5.33213181818182e+00 1.93221407189022e-12 8.83546854362175e-14
5.33777727272727e+00 1.87246558625178e-12 8.56678711043730e-14
5.34342272727273e+00 1.81456466070953e-12 8.30627147404256e-14
5.34906818181818e+00 1.75845416446996e-12 8.05367361494760e-14
5.35471363636364e+00 1.70407873326919e-12 7.80875303388634e-14
5.36035909090909e+00 1.65138471500728e-12 7.57127653401928e-14
5.36600454545455e+00 1.60032011646157e-12 7.34101799801541e-14
5.37165000000000e+00 1.55083455232213e-12 7.11775817177786e-14
5.37729545454545e+00 1.50287919515023e-12 6.90128445772601e-14
5.38294090909091e+00 1.45640672751635e-12 6.69139071143621e-14
5.38858636363636e+00 1.41137129500622e-12 6.48787704726342e-14
5.39423181818182e+00 1.36772846127243e-12 6.29054964712729e-14
5.39987727272727e+00 1.32543516390244e-12 6.09922057773697e-14
5.40552272727273e+00 1.28444967220653e-12 5.91370760899356e-14
5.41116818181818e+00 1.24473154583528e-12 5.73383404939647e-14
5.41681363636364e+00 1.20624159488778e-12 5.55942856627358e-14
5.42245909090909e+00 1.16894184142641e-12 5.39032503044826e-14
5.42810454545455e+00 1.13279548176045e-12 5.22636235736676e-14
5.43375000000000e+00 1.09776685036778e-12 5.06738435296274e-14
5.43939545454545e+00 1.06382138447538e-12 4.91323956630672e-14
5.44504090909091e+00 1.03092559017737e-12 4.76378114467787e-14
5.45068636363636e+00 9.99047009172545e-13 4.61886669501165e-14
5.45633181818182e+00 9.68154186945043e-13 4.47835814762885e-14
5.46197727272727e+00 9.38216641527552e-13 4.34212162595663e-14
5.46762272727273e+00 9.09204833619063e-13 4.21002731712923e-14
5.47326818181818e+00 8.81090137293684e-13 4.08194935460513e-14
5.47891363636364e+00 8.53844811762910e-13 3.95776569015069e-14
5.48455909090909e+00 8.27441974132198e-13 3.83735798306928e-14
5.49020454545455e+00 8.01855572705157e-13 3.72061148698370e-14
5.49585000000000e+00 7.77060361443430e-13 3.60741493999613e-14
5.50149545454545e+00 7.53031874896628e-13 3.49766045966552e-14
5.50714090909091e+00 7.29746404217040e-13 3.39124343973040e-14
5.51278636363636e+00 7.07180973616309e-13 3.28806245135876e-14
5.51843181818182e+00 6.85313317840302e-13 3.18801914604177e-14
5.52407727272727e+00 6.64121860059561e-13 3.09101816274187e-14
5.52972272727273e+00 6.43585690715446e-13 2.99696703569567e-14
5.53536818181818e+00 6.23684546787358e-13 2.90577611070962e-14
5.54101363636364e+00 6.04398791804444e-13 2.81735845400451e-14
5.54665909090909e+00 5.85709396560169e-13 2.73162977323099e-14
5.55230454545455e+00 5.67597920216891e-13 2.64850833679443e-14
5.55795000000000e+00 5.50046492225836e-13 2.56791489558757e-14
5.56359545454545e+00 5.33037794582385e-13 2.48977260814365e-14
5.56924090909091e+00 5.16555044846722e-13 2.41400696704669e-14
5.57488636363636e+00 5.00581979479747e-13 2.34054572855601e-14
5.58053181818182e+00 4.85102837897395e-13 2.26931884341463e-14
5.58617727272727e+00 4.70102346821376e-13 2.20025839067830e-14
5.59182272727273e+00 4.55565705304226e-13 2.13329851203066e-14
5.59746818181818e+00 4.41478570054293e-13 2.06837535210081e-14
5.60311363636364e+00 4.27827041286876e-13 2.00542699355954e-14
5.60875909090909e+00 4.14597649072216e-13 1.94439340080580e-14
5.61440454545455e+00 4.01777339961201e-13 1.88521636248520e-14
5.62005000000000e+00 3.89353464186420e-13 1.82783943572492e-14
5.62569545454545e+00 3.77313763102339e-13 1.77220789279705e-14
5.63134090909091e+00 3.65646357165526e-13 1.71826866868709e-14
5.63698636363636e+00 3.54339734139709e-13 1.66597031094443e-14
5.64263181818182e+00 3.43382737807740e-13 1.61526293038527e-14
5.64827727272727e+00 3.32764556894944e-13 1.56609815393998e-14
5.65392272727273e+00 3.22474714468284e-13 1.51842907786050e-14
5.65956818181818e+00 3.12503057549116e-13 1.47221022517025e-14
5.66521363636364e+00 3.02839747097815e-13 1.42739749945503e-14
5.67085909090909e+00 2.93475248349632e-13 1.38394814471727e-14
5.67650454545455e+00 2.84400321348280e-13 1.34182070442356e-14
5.68215000000000e+00 2.75606011885492e-13 1.30097498177564e-14
5.68779545454545e+00 2.67083642611096e-13 1.26137200170548e-14
5.69344090909091e+00 2.58824804524158e-13 1.22297397352177e-14
5.69908636363636e+00 2.50821348624436e-13 1.18574425517667e-14
5.70473181818182e+00 2.43065377921535e-13 1.14964731814582e-14
5.71037727272727e+00 2.35549239594762e-13 1.11464871383089e-14
5.71602272727273e+00 2.28265517488760e-13 1.08071504022814e-14
5.72166818181818e+00 2.21207024761217e-13 1.04781391159568e-14
5.72731363636364e+00 2.14366796793408e-13 1.01591392555655e-14
5.73295909090909e+00 2.07738084349044e-13 9.84984634481608e-15
5.73860454545455e+00 2.01314346873858e-13 9.54996516315606e-15
5.74425000000000e+00 1.95089246081699e-13 9.25920946275113e-15
5.74989545454546e+00 1.89056639662157e-13 8.97730169770579e-15
5.75554090909091e+00 1.83210575257126e-13 8.70397275796921e-15
5.76118636363636e+00 1.77545284551622e-13 8.43896171474446e-15
5.76683181818182e+00 1.72055177617046e-13 8.18201557030931e-15
5.77247727272727e+00 1.66734837361861e-13 7.93288901864665e-15
5.77812272727273e+00 1.61579014219223e-13 7.69134420803473e-15
5.78376818181818e+00 1.56582620942897e-13 7.45715052483527e-15
5.78941363636364e+00 1.51740727588918e-13 7.23008435931044e-15
5.79505909090909e+00 1.47048556672818e-13 7.00992890165121e-15
5.80070454545455e+00 1.42501478427015e-13 6.79647393416298e-15
5.80635000000000e+00 1.38095006260381e-13 6.58951562966427e-15
5.81199545454545e+00 1.33824792304454e-13 6.38885635857632e-15
5.81764090909091e+00 1.29686623149422e-13 6.19430449938145e-15
5.82328636363636e+00 1.25676415661556e-13 6.00567425724854e-15
5.82893181818182e+00 1.21790212978789e-13 5.82278548583064e-15
5.83457727272727e+00 1.18024180582854e-13 5.64546351673674e-15
5.84022272727273e+00 1.14374602538650e-13 5.47353899044521e-15
5.84586818181818e+00 1.10837877810676e-13 5.30684770220199e-15
5.85151363636364e+00 1.07410516710777e-13 5.14523043532375e-15
5.85715909090909e+00 1.04089137469987e-13 4.98853281582854e-15
5.86280454545455e+00 1.00870462881660e-13 4.83660516441491e-15
5.86845000000000e+00 9.77513170873030e-14 4.68930235286836e-15
5.87409545454545e+00 9.47286224241254e-14 4.54648366663806e-15
5.87974090909091e+00 9.17993964065464e-14 4.40801266983515e-15
5.88538636363636e+00 8.89607487657262e-14 4.27375707602905e-15
5.89103181818182e+00 8.62098786148316e-14 4.14358862132359e-15
5.89667727272727e+00 8.35440716688554e-14 4.01738294288162e-15
5.90232272727273e+00 8.09606975824574e-14 3.89501945850842e-15
5.90796818181818e+00 7.84572073426636e-14 3.77638125682781e-15
5.91361363636364e+00 7.60311307543705e-14 3.66135497863095e-15
5.91925909090909e+00 7.36800740135974e-14 3.54983071328177e-15
5.92490454545455e+00 7.14017173314574e-14 3.44170189329352e-15
5.93055000000000e+00 6.91938126588427e-14 3.33686519206001e-15
5.93619545454545e+00 6.70541814550899e-14 3.23522042596748e-15
5.94184090909091e+00 6.49807125511841e-14 3.13667045824605e-15
5.94748636363636e+00 6.29713600543078e-14 3.04112110693787e-15
5.95313181818182e+00 6.10241413411306e-14 2.94848105450305e-15
5.95877727272727e+00 5.91371350899661e-14 2.85866176129376e-15
5.96442272727273e+00 5.73084793962289e-14 2.77157737980437e-15
5.97006818181818e+00 5.55363699269307e-14 2.68714467641050e-15
5.97571363636364e+00 5.38190581407760e-14 2.60528294692059e-15
5.98135909090909e+00 5.21548495702972e-14 2.52591394275775e-15
5.98700454545455e+00 5.05421021400728e-14 2.44896179588088e-15
5.99265000000000e+00 4.89792245560329e-14 2.37435294595306e-15
5.99829545454545e+00 4.74646747260939e-14 2.30201607062009e-15
6.00394090909091e+00 4.59969582475214e-14 2.23188201703854e-15
6.00958636363636e+00 4.45746269237447e-14 2.16388373632627e-15
6.01523181818182e+00 4.31962773438076e-14 2.09795621918940e-15
6.02087727272727e+00 4.18605494895048e-14 2.03403643429533e-15
6.02652272727273e+00 4.05661254013156e-14 1.97206326721380e-15
6.03216818181818e+00 3.93117278721148e-14 1.91197746465252e-15
6.03781363636364e+00 3.80961191872544e-14 1.85372157435591e-15
6.04345909090909e+00 3.69180999085092e-14 1.79723989250906e-15
6.04910454545455e+00 3.57765076836901e-14 1.74247841027293e-15
6.05475000000000e+00 3.46702161064358e-14 1.68938476192069e-15
6.06039545454545e+00 3.35981335983170e-14 1.63790817518177e-15
6.06604090909091e+00 3.25592023380435e-14 1.58799942248325e-15
6.07168636363636e+00 3.15523972116450e-14 1.53961077426596e-15
6.07733181818182e+00 3.05767248068679e-14 1.49269595314522e-15
6.08297727272727e+00 2.96312224272868e-14 1.44721009002112e-15
6.08862272727273e+00 2.87149571479218e-14 1.40310968060408e-15
6.09426818181818e+00 2.78270248906172e-14 1.36035254568353e-15
6.09991363636364e+00 2.69665495321985e-14 1.31889778835678e-15
6.10555909090909e+00 2.61326820436445e-14 1.27870575655717e-15
6.11120454545455e+00 2.53245996475150e-14 1.23973800498373e-15
6.11685000000000e+00 2.45415050108000e-14 1.20195725817128e-15
6.12249545454545e+00 2.37826254536575e-14 1.16532737512798e-15
6.12814090909091e+00 2.30472121914017e-14 1.12981331461694e-15
6.13378636363636e+00 2.23345395914263e-14 1.09538110191065e-15
6.13943181818182e+00 2.16439044613405e-14 1.06199779615179e-15
6.14507727272727e+00 2.09746253511430e-14 1.02963145909789e-15
6.15072272727273e+00 2.03260418846963e-14 9.98251124169264e-16
6.15636818181818e+00 1.96975141052577e-14 9.67826768143443e-16
6.16201363636364e+00 1.90884218441812e-14 9.38329280718783e-16
6.16765909090909e+00 1.84981641115505e-14 9.09730437819874e-16
6.17330454545455e+00 1.79261584997938e-14 8.82002874490913e-16
6.17895000000000e+00 1.73718406123036e-14 8.55120058601400e-16
6.18459545454545e+00 1.68346635033706e-14 8.29056265664577e-16
6.19024090909091e+00 1.63140971415891e-14 8.03786554118006e-16
6.19588636363636e+00 1.58096278838961e-14 7.79286741649751e-16
6.20153181818182e+00 1.53207579716455e-14 7.55533381959579e-16
6.20717727272727e+00 1.48470050366765e-14 7.44006942279812e-16
