SPECIES: e / A
PROCESS: E + A -> E + A, Elastic
PARAM.:  m/M = 0.0000195921, complete set
COMMENT: [e + A(gnd) -> e + A(gnd), Elastic]
UPDATED: 2018-06-05 11:00:00
COLUMNS: Energy (eV) | Cross section (m2)
-----------------------------
0.00000000e+00 9.143982681054742e-18
1.13666667e-01 5.001010189194194e-18
2.27333333e-01 3.536248217562234e-18
3.41000000e-01 2.887334578951330e-18
4.54666667e-01 2.500505094597097e-18
5.68333333e-01 2.236519747841460e-18
6.82000000e-01 2.041653860330890e-18
7.95666667e-01 1.890204180672559e-18
9.09333333e-01 1.768124108781117e-18
1.02300000e+00 1.667003396398065e-18
1.13666667e+00 1.581458279956324e-18
1.25033333e+00 1.507861306391038e-18
1.36400000e+00 1.443667289475665e-18
1.47766667e+00 1.387030666635195e-18
1.59133333e+00 1.336576193980729e-18
1.70500000e+00 1.291255278464181e-18
1.81866667e+00 1.250252547298549e-18
1.93233333e+00 1.212923132049284e-18
2.04600000e+00 1.178749405854078e-18
2.15966667e+00 1.147310422648143e-18
2.27333333e+00 1.118259873920730e-18
2.38700000e+00 1.091309892534658e-18
2.50066667e+00 1.066218954837909e-18
2.61433333e+00 1.042782709293288e-18
2.72800000e+00 1.020826930165445e-18
2.84166667e+00 1.000202037838839e-18
2.95533333e+00 9.807787900914440e-19
3.06900000e+00 9.624448596504431e-19
3.18266667e+00 9.451020903362797e-19
3.29633333e+00 9.286642783092980e-19
3.41000000e+00 9.130553636449464e-19
3.52366667e+00 8.982079454692019e-19
3.63733333e+00 8.840620543905585e-19
3.75100000e+00 8.705641311454865e-19
3.86466667e+00 8.576661717300748e-19
3.97833333e+00 8.453250078676275e-19
4.09200000e+00 8.335016981990324e-19
4.20566667e+00 8.221610106072989e-19
4.31933333e+00 8.112709799805060e-19
4.43300000e+00 8.008025287560959e-19
4.54666667e+00 7.907291399781620e-19
4.66033333e+00 7.810265744897069e-19
4.77400000e+00 7.716726253872193e-19
4.88766667e+00 7.626469040709035e-19
5.00133333e+00 7.539306531955188e-19
5.11500000e+00 7.455065826138203e-19
5.22866667e+00 7.373587250453642e-19
5.34233333e+00 7.294723087276953e-19
5.45600000e+00 7.218336447378324e-19
5.56966667e+00 7.144300270277420e-19
5.68333333e+00 7.072496435124468e-19
5.79700000e+00 7.002814967949780e-19
5.91066667e+00 6.935153333175976e-19
6.02433333e+00 6.869415799008546e-19
6.13800000e+00 6.805512867769634e-19
6.25166667e+00 6.743360763463996e-19
6.36533333e+00 6.682880969903643e-19
6.47900000e+00 6.623999813599687e-19
6.59266667e+00 6.566648086382160e-19
6.70633333e+00 6.510760703351962e-19
6.82000000e+00 6.456276392320906e-19
6.93366667e+00 6.403137411370465e-19
7.04733333e+00 6.351289291569094e-19
7.16100000e+00 6.300680602241865e-19
7.27466667e+00 6.251262736492743e-19
7.38833333e+00 6.202989714946291e-19
7.50200000e+00 6.155818005907483e-19
7.61566667e+00 6.109706360340755e-19
7.72933333e+00 6.064615660246418e-19
7.84300000e+00 6.020508779167671e-19
7.95666667e+00 5.977350453697711e-19
8.07033333e+00 5.935107164976242e-19
8.18400000e+00 5.893747029270389e-19
8.29766667e+00 5.853239696828265e-19
8.41133333e+00 5.813556258276060e-19
8.52500000e+00 5.774669157902659e-19
8.63866667e+00 5.736552113240716e-19
8.75233333e+00 5.699180040410935e-19
8.86600000e+00 5.662528984747707e-19
8.97966667e+00 5.626576056270155e-19
9.09333333e+00 5.591299369603651e-19
9.20700000e+00 5.556677987993550e-19
9.32066667e+00 5.522691871085719e-19
9.43433333e+00 5.489321826178021e-19
9.54800000e+00 5.456549462673292e-19
9.66166667e+00 5.424357149488304e-19
9.77533333e+00 5.392727975194622e-19
9.88900000e+00 5.361645710686628e-19
1.00026667e+01 5.331094774189546e-19
1.01163333e+01 5.301060198436051e-19
1.02300000e+01 5.271527599854413e-19
1.03436667e+01 5.242483149624087e-19
1.04573333e+01 5.213913546466441e-19
1.05710000e+01 5.185805991049045e-19
1.06846667e+01 5.158148161891601e-19
1.07983333e+01 5.130928192670524e-19
1.09120000e+01 5.104134650827224e-19
1.10256667e+01 5.077756517392480e-19
1.11393333e+01 5.051783167946048e-19
1.12530000e+01 5.026204354636793e-19
1.13666667e+01 5.001010189194195e-19
1.14803333e+01 4.976191126867317e-19
1.15940000e+01 4.951737951231946e-19
1.17076667e+01 4.927641759810991e-19
1.18213333e+01 4.903893950457220e-19
1.19350000e+01 4.880486208450972e-19
1.20486667e+01 4.857410494268948e-19
1.21623333e+01 4.834659031983185e-19
1.22760000e+01 4.812224298252216e-19
1.23896667e+01 4.790099011869004e-19
1.25033333e+01 4.768276123832686e-19
1.26170000e+01 4.746748807913388e-19
1.27306667e+01 4.725510451681399e-19
1.28443333e+01 4.704554647973980e-19
1.29580000e+01 4.683875186774766e-19
1.30716667e+01 4.663466047482388e-19
1.31853333e+01 4.643321391546490e-19
1.32990000e+01 4.623435555450650e-19
1.34126667e+01 4.603803044023067e-19
1.35263333e+01 4.584418524057089e-19
1.36400000e+01 4.565276818224732e-19
1.37536667e+01 4.546372899267450e-19
1.38673333e+01 4.527701884449332e-19
1.39810000e+01 4.509259030258837e-19
1.40946667e+01 4.491039727346010e-19
1.42083333e+01 4.473039495682922e-19
1.43220000e+01 4.455253979935763e-19
1.44356667e+01 4.437678945037779e-19
1.45493333e+01 4.420310271952793e-19
1.46630000e+01 4.403143953619708e-19
1.47766667e+01 4.386176091068932e-19
1.48903333e+01 4.369402889702153e-19
1.50040000e+01 4.352820655727432e-19
1.51176667e+01 4.336425792741992e-19
1.52313333e+01 4.320214798455529e-19
1.53450000e+01 4.304184261547271e-19
1.54586667e+01 4.288330858650374e-19
1.55723333e+01 4.272651351457608e-19
1.56860000e+01 4.257142583942603e-19
1.57996667e+01 4.241801479691253e-19
1.59133333e+01 4.226625039338137e-19
1.60270000e+01 4.211610338103127e-19
1.61406667e+01 4.196754523423567e-19
1.62543333e+01 4.182054812677694e-19
1.63680000e+01 4.167508490995162e-19
1.64816667e+01 4.153112909150748e-19
1.65953333e+01 4.138865481537557e-19
1.67090000e+01 4.124763684216185e-19
1.68226667e+01 4.110805053036494e-19
1.69363333e+01 4.096987181828850e-19
1.70500000e+01 4.083307720661780e-19
1.71636667e+01 4.069764374163208e-19
1.72773333e+01 4.056354899902530e-19
1.73910000e+01 4.043077106830946e-19
1.75046667e+01 4.029928853777594e-19
1.76183333e+01 4.016908047999120e-19
1.77320000e+01 4.004012643780479e-19
1.78456667e+01 3.991240641084829e-19
1.79593333e+01 3.978590084250487e-19
1.80730000e+01 3.966059060733052e-19
1.81866667e+01 3.953645699890810e-19
1.83003333e+01 3.941348171811718e-19
1.84140000e+01 3.929164686180260e-19
1.85276667e+01 3.917093491182604e-19
1.86413333e+01 3.905132872448534e-19
1.87550000e+01 3.893281152028699e-19
1.88686667e+01 3.881536687405801e-19
1.89823333e+01 3.869897870538407e-19
1.90960000e+01 3.858363126936096e-19
1.92096667e+01 3.846930914764765e-19
1.93233333e+01 3.835599723980911e-19
1.94370000e+01 3.824368075493811e-19
1.95506667e+01 3.813234520354518e-19
1.96643333e+01 3.802197638970692e-19
1.97780000e+01 3.791256040346281e-19
1.98916667e+01 3.780408361345119e-19
2.00053333e+01 3.769653265977594e-19
2.01190000e+01 3.758989444709492e-19
2.02326667e+01 3.748415613792237e-19
2.03463333e+01 3.737930514613739e-19
2.04600000e+01 3.727532913069101e-19
2.05736667e+01 3.717221598950478e-19
2.06873333e+01 3.706995385355401e-19
2.08010000e+01 3.696853108112901e-19
2.09146667e+01 3.686793625226821e-19
2.10283333e+01 3.676815816335692e-19
2.11420000e+01 3.666918582188604e-19
2.12556667e+01 3.657100844136519e-19
2.13693333e+01 3.647361543638476e-19
2.14830000e+01 3.637699641782194e-19
2.15966667e+01 3.628114118818564e-19
2.17103333e+01 3.618603973709568e-19
2.18240000e+01 3.609168223689162e-19
2.19376667e+01 3.599805903836690e-19
2.20513333e+01 3.590516066662410e-19
2.21650000e+01 3.581297781704722e-19
2.22786667e+01 3.572150135138710e-19
2.23923333e+01 3.563072229395642e-19
2.25060000e+01 3.554063182793031e-19
2.26196667e+01 3.545122129174946e-19
2.27333333e+01 3.536248217562234e-19
2.28470000e+01 3.527440611812304e-19
2.29606667e+01 3.518698490288207e-19
2.30743333e+01 3.510021045536682e-19
2.31880000e+01 3.501407483974890e-19
2.33016667e+01 3.492857025585575e-19
2.34153333e+01 3.484368903620364e-19
2.35290000e+01 3.475942364310960e-19
2.36426667e+01 3.467576666587988e-19
2.37563333e+01 3.459271081807239e-19
2.38700000e+01 3.451024893483104e-19
2.39836667e+01 3.442837397028956e-19
2.40973333e+01 3.434707899504273e-19
2.42110000e+01 3.426635719368310e-19
2.43246667e+01 3.418620186240100e-19
2.44383333e+01 3.410660640664602e-19
2.45520000e+01 3.402756433884817e-19
2.46656667e+01 3.394906927619677e-19
2.47793333e+01 3.387111493847553e-19
2.48930000e+01 3.379369514595202e-19
2.50066667e+01 3.371680381731998e-19
2.51203333e+01 3.364043496769286e-19
2.52340000e+01 3.356458270664716e-19
2.53476667e+01 3.348924123631413e-19
2.54613333e+01 3.341440484951822e-19
2.55750000e+01 3.334006792796130e-19
2.56886667e+01 3.326622494045093e-19
2.58023333e+01 3.319287044117173e-19
2.59160000e+01 3.311999906799844e-19
2.60296667e+01 3.304760554084952e-19
2.61433333e+01 3.297568466008022e-19
2.62570000e+01 3.290423130491396e-19
2.63706667e+01 3.283324043191080e-19
2.64843333e+01 3.276270707347231e-19
2.65980000e+01 3.269262633638146e-19
2.67116667e+01 3.262299340037680e-19
2.68253333e+01 3.255380351675981e-19
2.69390000e+01 3.248505200703476e-19
2.70526667e+01 3.241673426157991e-19
2.71663333e+01 3.234884573834932e-19
2.72800000e+01 3.228138196160453e-19
2.73936667e+01 3.221433852067513e-19
2.75073333e+01 3.214771106874758e-19
2.76210000e+01 3.208149532168144e-19
2.77346667e+01 3.201568705685233e-19
2.78483333e+01 3.195028211202087e-19
2.79620000e+01 3.188527638422698e-19
2.80756667e+01 3.182066582870878e-19
2.81893333e+01 3.175644645784547e-19
2.83030000e+01 3.169261434012369e-19
2.84166667e+01 3.162916559912648e-19
2.85303333e+01 3.156609641254461e-19
2.86440000e+01 3.150340301120932e-19
2.87576667e+01 3.144108167814625e-19
2.88713333e+01 3.137912874764978e-19
2.89850000e+01 3.131754060437744e-19
2.90986667e+01 3.125631368246372e-19
2.92123333e+01 3.119544446465290e-19
2.93260000e+01 3.113492948145040e-19
2.94396667e+01 3.107476531029215e-19
2.95533333e+01 3.101494857473146e-19
2.96670000e+01 3.095547594364327e-19
2.97806667e+01 3.089634413044489e-19
2.98943333e+01 3.083754989233313e-19
3.00080000e+01 3.077909002953741e-19
3.01216667e+01 3.072096138458828e-19
3.02353333e+01 3.066316084160112e-19
3.03490000e+01 3.060568532557465e-19
3.04626667e+01 3.054853180170378e-19
3.05763333e+01 3.049169727470657e-19
3.06900000e+01 3.043517878816487e-19
3.08036667e+01 3.037897342387847e-19
3.09173333e+01 3.032307830123209e-19
3.10310000e+01 3.026749057657543e-19
3.11446667e+01 3.021220744261541e-19
3.12583333e+01 3.015722612782075e-19
3.13720000e+01 3.010254389583836e-19
3.14856667e+01 3.004815804492130e-19
3.15993333e+01 2.999406590736816e-19
3.17130000e+01 2.994026484897340e-19
3.18266667e+01 2.988675226848855e-19
3.19403333e+01 2.983352559709397e-19
3.20540000e+01 2.978058229788089e-19
3.21676667e+01 2.972791986534355e-19
3.22813333e+01 2.967553582488121e-19
3.23950000e+01 2.962342773230968e-19
3.25086667e+01 2.957159317338234e-19
3.26223333e+01 2.952002976332040e-19
3.27360000e+01 2.946873514635195e-19
3.28496667e+01 2.941770699525997e-19
3.29633333e+01 2.936694301093884e-19
3.30770000e+01 2.931644092195925e-19
3.31906667e+01 2.926619848414132e-19
3.33043333e+01 2.921621348013574e-19
3.34180000e+01 2.916648371901272e-19
3.35316667e+01 2.911700703585866e-19
3.36453333e+01 2.906778129138030e-19
3.37590000e+01 2.901880437151621e-19
3.38726667e+01 2.897007418705542e-19
3.39863333e+01 2.892158867326315e-19
3.41000000e+01 2.887334578951330e-19
3.42136667e+01 2.882534351892777e-19
-----------------------------
