SPECIES: e / A
PROCESS: E + A -> E + A, Elastic
PARAM.:  m/M = 0.0000195921, complete set
COMMENT: [e + A(gnd) -> e + A(gnd), Elastic]
UPDATED: 2018-06-05 11:00:00
COLUMNS: Energy (eV) | Cross section (m2)
-----------------------------
0.00000000e+00 5.525826908413630e-18
3.11250000e-01 3.022175088974731e-18
6.22500000e-01 2.137000499347090e-18
9.33750000e-01 1.744853601157742e-18
1.24500000e+00 1.511087544487366e-18
1.55625000e+00 1.351557787770795e-18
1.86750000e+00 1.233797813556407e-18
2.17875000e+00 1.142274814845949e-18
2.49000000e+00 1.068500249673545e-18
2.80125000e+00 1.007391696324910e-18
3.11250000e+00 9.556956768982176e-19
3.42375000e+00 9.112200746261936e-19
3.73500000e+00 8.724268005788711e-19
4.04625000e+00 8.382005574406414e-19
4.35750000e+00 8.077102675561784e-19
4.66875000e+00 7.803222525948035e-19
4.98000000e+00 7.555437722436828e-19
5.29125000e+00 7.329851241737217e-19
5.60250000e+00 7.123334997823633e-19
5.91375000e+00 6.933345159224683e-19
6.22500000e+00 6.757788938853973e-19
6.53625000e+00 6.594926718398384e-19
6.84750000e+00 6.443298939214934e-19
7.15875000e+00 6.301670678554538e-19
7.47000000e+00 6.168989067782036e-19
7.78125000e+00 6.044350177949461e-19
8.09250000e+00 5.926972981606218e-19
8.40375000e+00 5.816178670525807e-19
8.71500000e+00 5.711374074229743e-19
9.02625000e+00 5.612038251774245e-19
9.33750000e+00 5.517711563205476e-19
9.64875000e+00 5.427986696331020e-19
9.96000000e+00 5.342501248367724e-19
1.02712500e+01 5.260931553764238e-19
1.05825000e+01 5.182987518121022e-19
1.08937500e+01 5.108408269963054e-19
1.12050000e+01 5.036958481624552e-19
1.15162500e+01 4.968425240869238e-19
1.18275000e+01 4.902615378394696e-19
1.21387500e+01 4.839353174732487e-19
1.24500000e+01 4.778478384491088e-19
1.27612500e+01 4.719844527312165e-19
1.30725000e+01 4.663317404007842e-19
1.33837500e+01 4.608773803634588e-19
1.36950000e+01 4.556100373130968e-19
1.40062500e+01 4.505192625902650e-19
1.43175000e+01 4.455954069610346e-19
1.46287500e+01 4.408295436584479e-19
1.49400000e+01 4.362134002894356e-19
1.52512500e+01 4.317392984249616e-19
1.55625000e+01 4.274000998694180e-19
1.58737500e+01 4.231891587536895e-19
1.61850000e+01 4.191002787203207e-19
1.64962500e+01 4.151276745732485e-19
1.68075000e+01 4.112659378521357e-19
1.71187500e+01 4.075100058653201e-19
1.74300000e+01 4.038551337780892e-19
1.77412500e+01 4.002968694062959e-19
1.80525000e+01 3.968310304107866e-19
1.83637500e+01 3.934536836269947e-19
1.86750000e+01 3.901611262974018e-19
1.89862500e+01 3.869498690032469e-19
1.92975000e+01 3.838166201166029e-19
1.96087500e+01 3.807582716153162e-19
1.99200000e+01 3.777718861218414e-19
2.02312500e+01 3.748546850430982e-19
2.05425000e+01 3.720040377024972e-19
2.08537500e+01 3.692174513675102e-19
2.11650000e+01 3.664925620868608e-19
2.14762500e+01 3.638271262607835e-19
2.17875000e+01 3.612190128760315e-19
2.20987500e+01 3.586661963445588e-19
2.24100000e+01 3.561667498911817e-19
2.27212500e+01 3.537188394411705e-19
2.30325000e+01 3.513207179637044e-19
2.33437500e+01 3.489707202315485e-19
2.36550000e+01 3.466672579612341e-19
2.39662500e+01 3.444088153015180e-19
2.42775000e+01 3.421939446409988e-19
2.45887500e+01 3.400212627085500e-19
2.49000000e+01 3.378894469426986e-19
2.52112500e+01 3.357972321083035e-19
2.55225000e+01 3.337434071408647e-19
2.58337500e+01 3.317268122005880e-19
2.61450000e+01 3.297463359199192e-19
2.64562500e+01 3.278009128297132e-19
2.67675000e+01 3.258895209504935e-19
2.70787500e+01 3.240111795364338e-19
2.73900000e+01 3.221649469607467e-19
2.77012500e+01 3.203499187321247e-19
2.80125000e+01 3.185652256327392e-19
2.83237500e+01 3.168100319690925e-19
2.86350000e+01 3.150835339277269e-19
2.89462500e+01 3.133849580284421e-19
2.92575000e+01 3.117135596682597e-19
2.95687500e+01 3.100686217499099e-19
2.98800000e+01 3.084494533891018e-19
3.01912500e+01 3.068553886952847e-19
3.05025000e+01 3.052857856210129e-19
3.08137500e+01 3.037400248753979e-19
3.11250000e+01 3.022175088974731e-19
3.14362500e+01 3.007176608856040e-19
3.17475000e+01 2.992399238793642e-19
3.20587500e+01 2.977837598905580e-19
3.23700000e+01 2.963486490803109e-19
3.26812500e+01 2.949340889793680e-19
3.29925000e+01 2.935395937489463e-19
3.33037500e+01 2.921646934796697e-19
3.36150000e+01 2.908089335262904e-19
3.39262500e+01 2.894718738760569e-19
3.42375000e+01 2.881530885487376e-19
3.45487500e+01 2.868521650264386e-19
3.48600000e+01 2.855687037114872e-19
3.51712500e+01 2.843023174107584e-19
3.54825000e+01 2.830526308449377e-19
3.57937500e+01 2.818192801813035e-19
3.61050000e+01 2.806019125887123e-19
3.64162500e+01 2.794001858135471e-19
3.67275000e+01 2.782137677754744e-19
3.70387500e+01 2.770423361819236e-19
3.73500000e+01 2.758855781602738e-19
3.76612500e+01 2.747431899067937e-19
3.79725000e+01 2.736148763514421e-19
3.82837500e+01 2.725003508376861e-19
3.85950000e+01 2.713993348165510e-19
3.89062500e+01 2.703115575541589e-19
3.92175000e+01 2.692367558520594e-19
3.95287500e+01 2.681746737796950e-19
3.98400000e+01 2.671250624183862e-19
4.01512500e+01 2.660876796162525e-19
4.04625000e+01 2.650622897535222e-19
4.07737500e+01 2.640486635177156e-19
4.10850000e+01 2.630465776882119e-19
4.13962500e+01 2.620558149297434e-19
4.17075000e+01 2.610761635943808e-19
4.20187500e+01 2.601074175316012e-19
4.23300000e+01 2.591493759060511e-19
4.26412500e+01 2.582018430226395e-19
4.29525000e+01 2.572646281586142e-19
4.32637500e+01 2.563375454022948e-19
4.35750000e+01 2.554204134981527e-19
4.38862500e+01 2.545130556979448e-19
4.41975000e+01 2.536152996176232e-19
4.45087500e+01 2.527269770997588e-19
4.48200000e+01 2.518479240812276e-19
4.51312500e+01 2.509779804659258e-19
4.54425000e+01 2.501169900022873e-19
4.57537500e+01 2.492648001653918e-19
4.60650000e+01 2.484212620434619e-19
4.63762500e+01 2.475862302285571e-19
4.66875000e+01 2.467595627112814e-19
4.69987500e+01 2.459411207793338e-19
4.73100000e+01 2.451307689197348e-19
4.76212500e+01 2.443283747245739e-19
4.79325000e+01 2.435338088001285e-19
4.82437500e+01 2.427469446792133e-19
4.85550000e+01 2.419676587366243e-19
4.88662500e+01 2.411958301075502e-19
4.91775000e+01 2.404313406088282e-19
4.94887500e+01 2.396740746629284e-19
4.98000000e+01 2.389239192245544e-19
5.01112500e+01 2.381807637097565e-19
5.04225000e+01 2.374444999274545e-19
5.07337500e+01 2.367150220132743e-19
5.10450000e+01 2.359922263656083e-19
5.13562500e+01 2.352760115838085e-19
5.16675000e+01 2.345662784084321e-19
5.19787500e+01 2.338629296634569e-19
5.22900000e+01 2.331658702003921e-19
5.26012500e+01 2.324750068442101e-19
5.29125000e+01 2.317902483410306e-19
5.32237500e+01 2.311115053074894e-19
5.35350000e+01 2.304386901817294e-19
5.38462500e+01 2.297717171759508e-19
5.41575000e+01 2.291105022304642e-19
5.44687500e+01 2.284549629691897e-19
5.47800000e+01 2.278050186565484e-19
5.50912500e+01 2.271605901556953e-19
5.54025000e+01 2.265215998880448e-19
5.57137500e+01 2.258879717940418e-19
5.60250000e+01 2.252596312951325e-19
5.63362500e+01 2.246365052568927e-19
5.66475000e+01 2.240185219532722e-19
5.69587500e+01 2.234056110319150e-19
5.72700000e+01 2.227977034805173e-19
5.75812500e+01 2.221947315941877e-19
5.78925000e+01 2.215966289437730e-19
5.82037500e+01 2.210033303451178e-19
5.85150000e+01 2.204147718292239e-19
5.88262500e+01 2.198308906132795e-19
5.91375000e+01 2.192516250725279e-19
5.94487500e+01 2.186769147129480e-19
5.97600000e+01 2.181067001447178e-19
6.00712500e+01 2.175409230564348e-19
6.03825000e+01 2.169795261900697e-19
6.06937500e+01 2.164224533166251e-19
6.10050000e+01 2.158696492124808e-19
6.13162500e+01 2.153210596363980e-19
6.16275000e+01 2.147766313071644e-19
6.19387500e+01 2.142363118818582e-19
6.22500000e+01 2.137000499347090e-19
6.25612500e+01 2.131677949365396e-19
6.28725000e+01 2.126394972347672e-19
6.31837500e+01 2.121151080339477e-19
6.34950000e+01 2.115945793768447e-19
6.38062500e+01 2.110778641260073e-19
6.41175000e+01 2.105649159458402e-19
6.44287500e+01 2.100556892851513e-19
6.47400000e+01 2.095501393601603e-19
6.50512500e+01 2.090482221379563e-19
6.53625000e+01 2.085498943203877e-19
6.56737500e+01 2.080551133283741e-19
6.59850000e+01 2.075638372866242e-19
6.62962500e+01 2.070760250087502e-19
6.66075000e+01 2.065916359827636e-19
6.69187500e+01 2.061106303569441e-19
6.72300000e+01 2.056329689260678e-19
6.75412500e+01 2.051586131179850e-19
6.78525000e+01 2.046875249805369e-19
6.81637500e+01 2.042196671688018e-19
6.84750000e+01 2.037550029326600e-19
6.87862500e+01 2.032934961046687e-19
6.90975000e+01 2.028351110882373e-19
6.94087500e+01 2.023798128460958e-19
6.97200000e+01 2.019275668890446e-19
7.00312500e+01 2.014783392649821e-19
7.03425000e+01 2.010320965481975e-19
7.06537500e+01 2.005888058289248e-19
7.09650000e+01 2.001484347031479e-19
7.12762500e+01 1.997109512626518e-19
7.15875000e+01 1.992763240853113e-19
7.18987500e+01 1.988445222256115e-19
7.22100000e+01 1.984155152053933e-19
7.25212500e+01 1.979892730048173e-19
7.28325000e+01 1.975657660535406e-19
7.31437500e+01 1.971449652221002e-19
7.34550000e+01 1.967268418134974e-19
7.37662500e+01 1.963113675549778e-19
7.40775000e+01 1.958985145900014e-19
7.43887500e+01 1.954882554703978e-19
7.47000000e+01 1.950805631487009e-19
7.50112500e+01 1.946754109706594e-19
7.53225000e+01 1.942727726679173e-19
7.56337500e+01 1.938726223508602e-19
7.59450000e+01 1.934749345016235e-19
7.62562500e+01 1.930796839672564e-19
7.65675000e+01 1.926868459530411e-19
7.68787500e+01 1.922963960159587e-19
7.71900000e+01 1.919083100583014e-19
7.75012500e+01 1.915225643214259e-19
7.78125000e+01 1.911391353796435e-19
7.81237500e+01 1.907580001342455e-19
7.84350000e+01 1.903791358076581e-19
7.87462500e+01 1.900025199377247e-19
7.90575000e+01 1.896281303721126e-19
7.93687500e+01 1.892559452628399e-19
7.96800000e+01 1.888859430609207e-19
7.99912500e+01 1.885181025111240e-19
8.03025000e+01 1.881524026468456e-19
8.06137500e+01 1.877888227850885e-19
8.09250000e+01 1.874273425215491e-19
8.12362500e+01 1.870679417258082e-19
8.15475000e+01 1.867106005366216e-19
8.18587500e+01 1.863552993573108e-19
8.21700000e+01 1.860020188512486e-19
8.24812500e+01 1.856507399374389e-19
8.27925000e+01 1.853014437861885e-19
8.31037500e+01 1.849541118148669e-19
8.34150000e+01 1.846087256837551e-19
8.37262500e+01 1.842652672919770e-19
8.40375000e+01 1.839237187735159e-19
8.43487500e+01 1.835840624933104e-19
8.46600000e+01 1.832462810434304e-19
8.49712500e+01 1.829103572393295e-19
8.52825000e+01 1.825762741161728e-19
8.55937500e+01 1.822440149252387e-19
8.59050000e+01 1.819135631303917e-19
8.62162500e+01 1.815849024046260e-19
8.65275000e+01 1.812580166266772e-19
8.68387500e+01 1.809328898777006e-19
8.71500000e+01 1.806095064380157e-19
8.74612500e+01 1.802878507839134e-19
8.77725000e+01 1.799679075845262e-19
8.80837500e+01 1.796496616987589e-19
8.83950000e+01 1.793330981722794e-19
8.87062500e+01 1.790182022345667e-19
8.90175000e+01 1.787049592960167e-19
8.93287500e+01 1.783933549451028e-19
8.96400000e+01 1.780833749455908e-19
8.99512500e+01 1.777750052338077e-19
9.02625000e+01 1.774682319159610e-19
9.05737500e+01 1.771630412655099e-19
9.08850000e+01 1.768594197205852e-19
9.11962500e+01 1.765573538814586e-19
9.15075000e+01 1.762568305080582e-19
9.18187500e+01 1.759578365175313e-19
9.21300000e+01 1.756603589818522e-19
9.24412500e+01 1.753643851254746e-19
9.27525000e+01 1.750699023230265e-19
9.30637500e+01 1.747768980970488e-19
9.33750000e+01 1.744853601157742e-19
9.36862500e+01 1.741952761909479e-19
9.39975000e+01 1.739066342756866e-19
9.43087500e+01 1.736194224623781e-19
9.46200000e+01 1.733336289806171e-19
9.49312500e+01 1.730492421951797e-19
9.52425000e+01 1.727662506040340e-19
9.55537500e+01 1.724846428363856e-19
9.58650000e+01 1.722044076507590e-19
9.61762500e+01 1.719255339331126e-19
9.64875000e+01 1.716480106949875e-19
9.67987500e+01 1.713718270716888e-19
9.71100000e+01 1.710969723204994e-19
9.74212500e+01 1.708234358189244e-19
9.77325000e+01 1.705512070629672e-19
9.80437500e+01 1.702802756654351e-19
9.83550000e+01 1.700106313542750e-19
9.86662500e+01 1.697422639709370e-19
9.89775000e+01 1.694751634687675e-19
9.92887500e+01 1.692093199114294e-19
9.96000000e+01 1.689447234713493e-19
9.99112500e+01 1.686813644281919e-19
1.00222500e+02 1.684192331673596e-19
1.00533750e+02 1.681583201785192e-19
1.00845000e+02 1.678986160541517e-19
1.01156250e+02 1.676401114881283e-19
1.01467500e+02 1.673827972743091e-19
1.01778750e+02 1.671266643051669e-19
1.02090000e+02 1.668717035704324e-19
1.02401250e+02 1.666179061557634e-19
1.02712500e+02 1.663652632414357e-19
1.03023750e+02 1.661137661010556e-19
1.03335000e+02 1.658634061002940e-19
1.03646250e+02 1.656141746956413e-19
1.03957500e+02 1.653660634331830e-19
1.04268750e+02 1.651190639473951e-19
1.04580000e+02 1.648731679599596e-19
1.04891250e+02 1.646283672785990e-19
1.05202500e+02 1.643846537959300e-19
1.05513750e+02 1.641420194883358e-19
1.05825000e+02 1.639004564148566e-19
1.06136250e+02 1.636599567160979e-19
1.06447500e+02 1.634205126131565e-19
1.06758750e+02 1.631821164065641e-19
1.07070000e+02 1.629447604752467e-19
1.07381250e+02 1.627084372755021e-19
1.07692500e+02 1.624731393399923e-19
1.08003750e+02 1.622388592767527e-19
1.08315000e+02 1.620055897682169e-19
1.08626250e+02 1.617733235702563e-19
1.08937500e+02 1.615420535112357e-19
1.09248750e+02 1.613117724910829e-19
1.09560000e+02 1.610824734803734e-19
1.09871250e+02 1.608541495194288e-19
1.10182500e+02 1.606267937174302e-19
1.10493750e+02 1.604003992515440e-19
1.10805000e+02 1.601749593660624e-19
1.11116250e+02 1.599504673715564e-19
1.11427500e+02 1.597269166440425e-19
1.11738750e+02 1.595043006241614e-19
1.12050000e+02 1.592826128163696e-19
1.12361250e+02 1.590618467881437e-19
1.12672500e+02 1.588419961691963e-19
1.12983750e+02 1.586230546507038e-19
1.13295000e+02 1.584050159845462e-19
1.13606250e+02 1.581878739825582e-19
1.13917500e+02 1.579716225157913e-19
1.14228750e+02 1.577562555137875e-19
1.14540000e+02 1.575417669638635e-19
1.14851250e+02 1.573281509104055e-19
1.15162500e+02 1.571154014541749e-19
1.15473750e+02 1.569035127516239e-19
1.15785000e+02 1.566924790142211e-19
1.16096250e+02 1.564822945077878e-19
1.16407500e+02 1.562729535518435e-19
1.16718750e+02 1.560644505189607e-19
1.17030000e+02 1.558567798341299e-19
1.17341250e+02 1.556499359741333e-19
1.17652500e+02 1.554439134669281e-19
1.17963750e+02 1.552387068910381e-19
1.18275000e+02 1.550343108749549e-19
1.18586250e+02 1.548307200965470e-19
1.18897500e+02 1.546279292824778e-19
1.19208750e+02 1.544259332076323e-19
1.19520000e+02 1.542247266945509e-19
1.19831250e+02 1.540243046128728e-19
1.20142500e+02 1.538246618787861e-19
1.20453750e+02 1.536257934544863e-19
1.20765000e+02 1.534276943476424e-19
1.21076250e+02 1.532303596108704e-19
1.21387500e+02 1.530337843412147e-19
1.21698750e+02 1.528379636796358e-19
1.22010000e+02 1.526428928105064e-19
1.22321250e+02 1.524485669611140e-19
1.22632500e+02 1.522549814011700e-19
1.22943750e+02 1.520621314423264e-19
1.23255000e+02 1.518700124376989e-19
1.23566250e+02 1.516786197813966e-19
1.23877500e+02 1.514879489080581e-19
1.24188750e+02 1.512979952923941e-19
1.24500000e+02 1.511087544487365e-19
1.24811250e+02 1.509202219305935e-19
1.25122500e+02 1.507323933302105e-19
1.25433750e+02 1.505452642781375e-19
1.25745000e+02 1.503588304428020e-19
1.26056250e+02 1.501730875300883e-19
1.26367500e+02 1.499880312829216e-19
1.26678750e+02 1.498036574808583e-19
1.26990000e+02 1.496199619396821e-19
1.27301250e+02 1.494369405110047e-19
1.27612500e+02 1.492545890818724e-19
1.27923750e+02 1.490729035743784e-19
1.28235000e+02 1.488918799452790e-19
1.28546250e+02 1.487115141856163e-19
1.28857500e+02 1.485318023203449e-19
1.29168750e+02 1.483527404079642e-19
1.29480000e+02 1.481743245401554e-19
1.29791250e+02 1.479965508414228e-19
1.30102500e+02 1.478194154687406e-19
1.30413750e+02 1.476429146112038e-19
1.30725000e+02 1.474670444896840e-19
1.31036250e+02 1.472918013564892e-19
1.31347500e+02 1.471171814950289e-19
1.31658750e+02 1.469431812194826e-19
1.31970000e+02 1.467697968744732e-19
1.32281250e+02 1.465970248347443e-19
1.32592500e+02 1.464248615048423e-19
1.32903750e+02 1.462533033188017e-19
1.33215000e+02 1.460823467398349e-19
1.33526250e+02 1.459119882600261e-19
1.33837500e+02 1.457422244000291e-19
1.34148750e+02 1.455730517087684e-19
1.34460000e+02 1.454044667631452e-19
1.34771250e+02 1.452364661677457e-19
1.35082500e+02 1.450690465545546e-19
1.35393750e+02 1.449022045826709e-19
1.35705000e+02 1.447359369380285e-19
1.36016250e+02 1.445702403331190e-19
1.36327500e+02 1.444051115067195e-19
1.36638750e+02 1.442405472236222e-19
1.36950000e+02 1.440765442743688e-19
1.37261250e+02 1.439130994749872e-19
1.37572500e+02 1.437502096667322e-19
1.37883750e+02 1.435878717158289e-19
1.38195000e+02 1.434260825132193e-19
1.38506250e+02 1.432648389743128e-19
1.38817500e+02 1.431041380387387e-19
1.39128750e+02 1.429439766701021e-19
1.39440000e+02 1.427843518557436e-19
1.39751250e+02 1.426252606065006e-19
1.40062500e+02 1.424666999564727e-19
1.40373750e+02 1.423086669627890e-19
1.40685000e+02 1.421511587053792e-19
1.40996250e+02 1.419941722867466e-19
1.41307500e+02 1.418377048317444e-19
1.41618750e+02 1.416817534873545e-19
1.41930000e+02 1.415263154224688e-19
1.42241250e+02 1.413713878276739e-19
1.42552500e+02 1.412169679150372e-19
1.42863750e+02 1.410630529178965e-19
1.43175000e+02 1.409096400906517e-19
1.43486250e+02 1.407567267085594e-19
1.43797500e+02 1.406043100675291e-19
1.44108750e+02 1.404523874839227e-19
1.44420000e+02 1.403009562943561e-19
1.44731250e+02 1.401500138555030e-19
1.45042500e+02 1.399995575439009e-19
1.45353750e+02 1.398495847557600e-19
1.45665000e+02 1.397000929067736e-19
1.45976250e+02 1.395510794319310e-19
1.46287500e+02 1.394025417853331e-19
1.46598750e+02 1.392544774400094e-19
1.46910000e+02 1.391068838877372e-19
1.47221250e+02 1.389597586388639e-19
1.47532500e+02 1.388130992221296e-19
1.47843750e+02 1.386669031844937e-19
1.48155000e+02 1.385211680909618e-19
1.48466250e+02 1.383758915244161e-19
1.48777500e+02 1.382310710854465e-19
1.49088750e+02 1.380867043921840e-19
1.49400000e+02 1.379427890801369e-19
1.49711250e+02 1.377993228020274e-19
1.50022500e+02 1.376563032276312e-19
1.50333750e+02 1.375137280436186e-19
1.50645000e+02 1.373715949533969e-19
1.50956250e+02 1.372299016769554e-19
1.51267500e+02 1.370886459507119e-19
1.51578750e+02 1.369478255273603e-19
1.51890000e+02 1.368074381757210e-19
1.52201250e+02 1.366674816805921e-19
1.52512500e+02 1.365279538426025e-19
1.52823750e+02 1.363888524780671e-19
1.53135000e+02 1.362501754188430e-19
1.53446250e+02 1.361119205121876e-19
1.53757500e+02 1.359740856206182e-19
1.54068750e+02 1.358366686217733e-19
1.54380000e+02 1.356996674082755e-19
1.54691250e+02 1.355630798875952e-19
1.55002500e+02 1.354269039819170e-19
1.55313750e+02 1.352911376280065e-19
1.55625000e+02 1.351557787770795e-19
1.55936250e+02 1.350208253946713e-19
1.56247500e+02 1.348862754605094e-19
1.56558750e+02 1.347521269683853e-19
1.56870000e+02 1.346183779260297e-19
1.57181250e+02 1.344850263549881e-19
1.57492500e+02 1.343520702904973e-19
1.57803750e+02 1.342195077813648e-19
1.58115000e+02 1.340873368898475e-19
1.58426250e+02 1.339555556915336e-19
1.58737500e+02 1.338241622752242e-19
1.59048750e+02 1.336931547428174e-19
1.59360000e+02 1.335625312091931e-19
1.59671250e+02 1.334322898020986e-19
1.59982500e+02 1.333024286620365e-19
1.60293750e+02 1.331729459421526e-19
1.60605000e+02 1.330438398081262e-19
1.60916250e+02 1.329151084380606e-19
1.61227500e+02 1.327867500223749e-19
1.61538750e+02 1.326587627636977e-19
1.61850000e+02 1.325311448767611e-19
1.62161250e+02 1.324038945882960e-19
1.62472500e+02 1.322770101369289e-19
1.62783750e+02 1.321504897730791e-19
1.63095000e+02 1.320243317588578e-19
1.63406250e+02 1.318985343679677e-19
1.63717500e+02 1.317730958856036e-19
1.64028750e+02 1.316480146083544e-19
1.64340000e+02 1.315232888441059e-19
1.64651250e+02 1.313989169119448e-19
1.64962500e+02 1.312748971420633e-19
1.65273750e+02 1.311512278756649e-19
1.65585000e+02 1.310279074648717e-19
1.65896250e+02 1.309049342726316e-19
1.66207500e+02 1.307823066726274e-19
1.66518750e+02 1.306600230491862e-19
1.66830000e+02 1.305380817971904e-19
1.67141250e+02 1.304164813219886e-19
1.67452500e+02 1.302952200393087e-19
1.67763750e+02 1.301742963751705e-19
1.68075000e+02 1.300537087658006e-19
1.68386250e+02 1.299334556575468e-19
1.68697500e+02 1.298135355067947e-19
1.69008750e+02 1.296939467798837e-19
1.69320000e+02 1.295746879530255e-19
1.69631250e+02 1.294557575122218e-19
1.69942500e+02 1.293371539531838e-19
1.70253750e+02 1.292188757812526e-19
1.70565000e+02 1.291009215113197e-19
1.70876250e+02 1.289832896677489e-19
1.71187500e+02 1.288659787842987e-19
1.71498750e+02 1.287489874040453e-19
1.71810000e+02 1.286323140793071e-19
1.72121250e+02 1.285159573715691e-19
1.72432500e+02 1.283999158514085e-19
1.72743750e+02 1.282841880984209e-19
1.73055000e+02 1.281687727011474e-19
1.73366250e+02 1.280536682570022e-19
1.73677500e+02 1.279388733722010e-19
1.73988750e+02 1.278243866616901e-19
1.74300000e+02 1.277102067490764e-19
1.74611250e+02 1.275963322665575e-19
1.74922500e+02 1.274827618548536e-19
1.75233750e+02 1.273694941631384e-19
1.75545000e+02 1.272565278489724e-19
1.75856250e+02 1.271438615782356e-19
1.76167500e+02 1.270314940250616e-19
1.76478750e+02 1.269194238717721e-19
1.76790000e+02 1.268076498088116e-19
1.77101250e+02 1.266961705346837e-19
1.77412500e+02 1.265849847558869e-19
1.77723750e+02 1.264740911868520e-19
1.78035000e+02 1.263634885498794e-19
1.78346250e+02 1.262531755750774e-19
1.78657500e+02 1.261431510003009e-19
1.78968750e+02 1.260334135710908e-19
1.79280000e+02 1.259239620406138e-19
1.79591250e+02 1.258147951696032e-19
1.79902500e+02 1.257059117262994e-19
1.80213750e+02 1.255973104863923e-19
1.80525000e+02 1.254889902329629e-19
1.80836250e+02 1.253809497564261e-19
1.81147500e+02 1.252731878544742e-19
1.81458750e+02 1.251657033320205e-19
1.81770000e+02 1.250584950011436e-19
1.82081250e+02 1.249515616810327e-19
1.82392500e+02 1.248449021979324e-19
1.82703750e+02 1.247385153850887e-19
1.83015000e+02 1.246324000826959e-19
1.83326250e+02 1.245265551378427e-19
1.83637500e+02 1.244209794044603e-19
1.83948750e+02 1.243156717432698e-19
1.84260000e+02 1.242106310217310e-19
1.84571250e+02 1.241058561139906e-19
1.84882500e+02 1.240013459008324e-19
1.85193750e+02 1.238970992696262e-19
1.85505000e+02 1.237931151142786e-19
1.85816250e+02 1.236893923351835e-19
1.86127500e+02 1.235859298391734e-19
1.86438750e+02 1.234827265394709e-19
1.86750000e+02 1.233797813556407e-19
1.87061250e+02 1.232770932135423e-19
1.87372500e+02 1.231746610452828e-19
1.87683750e+02 1.230724837891701e-19
1.87995000e+02 1.229705603896669e-19
1.88306250e+02 1.228688897973450e-19
1.88617500e+02 1.227674709688395e-19
1.88928750e+02 1.226663028668044e-19
1.89240000e+02 1.225653844598674e-19
1.89551250e+02 1.224647147225863e-19
1.89862500e+02 1.223642926354048e-19
1.90173750e+02 1.222641171846096e-19
1.90485000e+02 1.221641873622870e-19
1.90796250e+02 1.220645021662803e-19
1.91107500e+02 1.219650606001479e-19
1.91418750e+02 1.218658616731215e-19
1.91730000e+02 1.217669044000643e-19
1.92041250e+02 1.216681878014298e-19
1.92352500e+02 1.215697109032218e-19
1.92663750e+02 1.214714727369532e-19
1.92975000e+02 1.213734723396067e-19
1.93286250e+02 1.212757087535945e-19
1.93597500e+02 1.211781810267195e-19
1.93908750e+02 1.210808882121363e-19
1.94220000e+02 1.209838293683122e-19
1.94531250e+02 1.208870035589892e-19
1.94842500e+02 1.207904098531464e-19
1.95153750e+02 1.206940473249617e-19
1.95465000e+02 1.205979150537751e-19
1.95776250e+02 1.205020121240514e-19
1.96087500e+02 1.204063376253438e-19
1.96398750e+02 1.203108906522577e-19
1.96710000e+02 1.202156703044141e-19
1.97021250e+02 1.201206756864149e-19
1.97332500e+02 1.200259059078065e-19
1.97643750e+02 1.199313600830457e-19
1.97955000e+02 1.198370373314642e-19
1.98266250e+02 1.197429367772345e-19
1.98577500e+02 1.196490575493357e-19
1.98888750e+02 1.195553987815196e-19
1.99200000e+02 1.194619596122772e-19
1.99511250e+02 1.193687391848054e-19
1.99822500e+02 1.192757366469737e-19
2.00133750e+02 1.191829511512922e-19
2.00445000e+02 1.190903818548783e-19
2.00756250e+02 1.189980279194251e-19
2.01067500e+02 1.189058885111696e-19
2.01378750e+02 1.188139628008604e-19
2.01690000e+02 1.187222499637272e-19
2.02001250e+02 1.186307491794492e-19
2.02312500e+02 1.185394596321243e-19
2.02623750e+02 1.184483805102389e-19
2.02935000e+02 1.183575110066372e-19
2.03246250e+02 1.182668503184911e-19
2.03557500e+02 1.181763976472712e-19
2.03868750e+02 1.180861521987161e-19
2.04180000e+02 1.179961131828041e-19
2.04491250e+02 1.179062798137235e-19
2.04802500e+02 1.178166513098441e-19
2.05113750e+02 1.177272268936886e-19
2.05425000e+02 1.176380057919042e-19
2.05736250e+02 1.175489872352348e-19
2.06047500e+02 1.174601704584925e-19
2.06358750e+02 1.173715547005306e-19
2.06670000e+02 1.172831392042160e-19
2.06981250e+02 1.171949232164021e-19
2.07292500e+02 1.171069059879015e-19
2.07603750e+02 1.170190867734597e-19
2.07915000e+02 1.169314648317285e-19
2.08226250e+02 1.168440394252395e-19
2.08537500e+02 1.167568098203782e-19
2.08848750e+02 1.166697752873585e-19
2.09160000e+02 1.165829351001960e-19
2.09471250e+02 1.164962885366840e-19
2.09782500e+02 1.164098348783669e-19
2.10093750e+02 1.163235734105161e-19
2.10405000e+02 1.162375034221050e-19
2.10716250e+02 1.161516242057841e-19
2.11027500e+02 1.160659350578567e-19
2.11338750e+02 1.159804352782549e-19
2.11650000e+02 1.158951241705153e-19
2.11961250e+02 1.158100010417553e-19
2.12272500e+02 1.157250652026497e-19
2.12583750e+02 1.156403159674065e-19
2.12895000e+02 1.155557526537447e-19
2.13206250e+02 1.154713745828703e-19
2.13517500e+02 1.153871810794540e-19
2.13828750e+02 1.153031714716083e-19
2.14140000e+02 1.152193450908647e-19
2.14451250e+02 1.151357012721520e-19
2.14762500e+02 1.150522393537736e-19
2.15073750e+02 1.149689586773856e-19
2.15385000e+02 1.148858585879754e-19
2.15696250e+02 1.148029384338393e-19
2.16007500e+02 1.147201975665619e-19
2.16318750e+02 1.146376353409940e-19
2.16630000e+02 1.145552511152321e-19
2.16941250e+02 1.144730442505971e-19
2.17252500e+02 1.143910141116138e-19
2.17563750e+02 1.143091600659896e-19
2.17875000e+02 1.142274814845949e-19
2.18186250e+02 1.141459777414422e-19
2.18497500e+02 1.140646482136663e-19
2.18808750e+02 1.139834922815039e-19
2.19120000e+02 1.139025093282742e-19
2.19431250e+02 1.138216987403589e-19
2.19742500e+02 1.137410599071829e-19
2.20053750e+02 1.136605922211948e-19
2.20365000e+02 1.135802950778476e-19
2.20676250e+02 1.135001678755798e-19
2.20987500e+02 1.134202100157964e-19
2.21298750e+02 1.133404209028500e-19
2.21610000e+02 1.132607999440224e-19
2.21921250e+02 1.131813465495059e-19
2.22232500e+02 1.131020601323852e-19
2.22543750e+02 1.130229401086186e-19
2.22855000e+02 1.129439858970209e-19
2.23166250e+02 1.128651969192445e-19
2.23477500e+02 1.127865725997622e-19
2.23788750e+02 1.127081123658493e-19
2.24100000e+02 1.126298156475662e-19
2.24411250e+02 1.125516818777410e-19
2.24722500e+02 1.124737104919521e-19
2.25033750e+02 1.123959009285112e-19
2.25345000e+02 1.123182526284463e-19
2.25656250e+02 1.122407650354849e-19
2.25967500e+02 1.121634375960370e-19
2.26278750e+02 1.120862697591788e-19
2.26590000e+02 1.120092609766361e-19
2.26901250e+02 1.119324107027678e-19
2.27212500e+02 1.118557183945499e-19
2.27523750e+02 1.117791835115593e-19
2.27835000e+02 1.117028055159575e-19
2.28146250e+02 1.116265838724754e-19
2.28457500e+02 1.115505180483968e-19
2.28768750e+02 1.114746075135433e-19
2.29080000e+02 1.113988517402586e-19
2.29391250e+02 1.113232502033931e-19
2.29702500e+02 1.112478023802883e-19
2.30013750e+02 1.111725077507621e-19
2.30325000e+02 1.110973657970938e-19
2.30636250e+02 1.110223760040086e-19
2.30947500e+02 1.109475378586631e-19
2.31258750e+02 1.108728508506307e-19
2.31570000e+02 1.107983144718865e-19
2.31881250e+02 1.107239282167934e-19
2.32192500e+02 1.106496915820872e-19
2.32503750e+02 1.105756040668627e-19
2.32815000e+02 1.105016651725589e-19
2.33126250e+02 1.104278744029458e-19
2.33437500e+02 1.103542312641095e-19
2.33748750e+02 1.102807352644390e-19
2.34060000e+02 1.102073859146120e-19
2.34371250e+02 1.101341827275813e-19
2.34682500e+02 1.100611252185616e-19
2.34993750e+02 1.099882129050153e-19
2.35305000e+02 1.099154453066397e-19
2.35616250e+02 1.098428219453536e-19
2.35927500e+02 1.097703423452839e-19
2.36238750e+02 1.096980060327526e-19
2.36550000e+02 1.096258125362639e-19
2.36861250e+02 1.095537613864913e-19
2.37172500e+02 1.094818521162646e-19
2.37483750e+02 1.094100842605574e-19
2.37795000e+02 1.093384573564740e-19
2.38106250e+02 1.092669709432377e-19
2.38417500e+02 1.091956245621776e-19
2.38728750e+02 1.091244177567166e-19
2.39040000e+02 1.090533500723589e-19
2.39351250e+02 1.089824210566780e-19
2.39662500e+02 1.089116302593048e-19
2.39973750e+02 1.088409772319149e-19
2.40285000e+02 1.087704615282174e-19
2.40596250e+02 1.087000827039428e-19
2.40907500e+02 1.086298403168312e-19
2.41218750e+02 1.085597339266204e-19
2.41530000e+02 1.084897630950348e-19
2.41841250e+02 1.084199273857738e-19
2.42152500e+02 1.083502263644997e-19
2.42463750e+02 1.082806595988275e-19
2.42775000e+02 1.082112266583126e-19
2.43086250e+02 1.081419271144401e-19
2.43397500e+02 1.080727605406137e-19
2.43708750e+02 1.080037265121446e-19
2.44020000e+02 1.079348246062404e-19
2.44331250e+02 1.078660544019945e-19
2.44642500e+02 1.077974154803752e-19
2.44953750e+02 1.077289074242147e-19
2.45265000e+02 1.076605298181990e-19
2.45576250e+02 1.075922822488567e-19
2.45887500e+02 1.075241643045491e-19
2.46198750e+02 1.074561755754594e-19
2.46510000e+02 1.073883156535822e-19
2.46821250e+02 1.073205841327139e-19
2.47132500e+02 1.072529806084416e-19
2.47443750e+02 1.071855046781336e-19
2.47755000e+02 1.071181559409291e-19
2.48066250e+02 1.070509339977283e-19
2.48377500e+02 1.069838384511822e-19
2.48688750e+02 1.069168689056831e-19
2.49000000e+02 1.068500249673545e-19
2.49311250e+02 1.067833062440416e-19
-----------------------------
